12:39:07.621;4.53;34.17;19.71;7.98;10.65;7.80;4.62;0.00;0.00;0.00;0.07;0.06;0.07;60.16;14.52;68.21;77.71;35.46;79.61;4.69;0.81;0.70;0.19;0.40;50.87;6.90;43.02;19.33;4.30;0.02;0.06;0.70;0.81;0.01;27.05;10.65;37.62;45.29;3.24;12.98;4.11;9.01;0.55;1.60;4.90;3.37;4.94;0.69
12:39:09.936;3.06;19.73;12.81;4.86;6.54;5.28;3.10;0.00;0.00;0.00;0.04;0.04;0.04;5.05;8.61;1.73;27.19;19.98;14.76;1.81;0.48;0.16;0.08;0.24;16.79;4.36;4.12;9.75;2.78;0.00;0.01;0.53;0.63;0.00;32.56;22.45;90.21;48.84;5.02;11.43;3.69;8.14;0.94;2.62;9.06;5.26;7.29;1.18
12:39:12.266;2.84;17.80;11.81;4.43;5.96;4.90;2.87;0.00;0.00;0.00;0.03;0.03;0.04;3.21;7.82;0.88;22.42;17.99;10.83;1.41;0.42;0.11;0.06;0.21;13.67;4.00;2.67;8.59;2.56;0.00;0.01;0.50;0.60;0.00;28.20;12.59;45.79;46.06;3.57;8.70;2.92;6.53;0.24;0.72;1.83;1.65;2.65;0.29
12:39:14.581;2.80;17.44;11.62;4.35;5.85;4.83;2.83;0.00;0.00;0.00;0.03;0.03;0.03;2.88;7.65;0.75;21.42;17.54;10.07;1.26;0.39;0.09;0.06;0.20;12.98;3.91;2.39;8.31;2.51;0.00;0.01;0.50;0.60;0.00;30.66;17.62;67.91;47.66;4.35;11.85;3.80;8.38;0.39;1.16;3.30;2.53;3.85;0.49
12:39:16.883;2.78;17.29;11.54;4.32;5.81;4.80;2.81;0.00;0.00;0.00;0.03;0.03;0.03;2.74;7.56;0.70;20.97;17.34;9.73;1.15;0.37;0.08;0.05;0.19;12.76;3.89;2.31;8.23;2.49;0.00;0.00;0.50;0.59;0.00;16.46;1.44;3.61;36.98;1.00;7.37;2.54;5.71;0.21;0.65;1.61;1.50;2.45;0.26
12:39:19.194;2.76;17.14;11.46;4.28;5.76;4.77;2.79;0.00;0.00;0.00;0.03;0.03;0.03;2.63;7.50;0.66;20.62;17.18;9.48;1.08;0.36;0.07;0.05;0.18;12.72;3.88;2.29;8.21;2.49;0.00;0.00;0.50;0.59;0.00;30.67;17.64;68.00;47.67;4.36;9.90;3.26;7.25;0.71;2.01;6.51;4.14;5.92;0.88
12:39:21.496;2.76;17.11;11.45;4.28;5.75;4.76;2.79;0.00;0.00;0.00;0.03;0.03;0.03;2.56;7.46;0.63;20.39;17.08;9.30;1.02;0.35;0.07;0.05;0.18;12.48;3.85;2.20;8.12;2.47;0.00;0.00;0.50;0.59;0.00;31.37;19.34;75.72;48.11;4.60;11.67;3.75;8.27;0.26;0.78;2.00;1.76;2.81;0.32
12:39:23.814;2.74;16.94;11.36;4.24;5.71;4.73;2.77;0.00;0.00;0.00;0.03;0.03;0.03;2.55;7.45;0.63;20.35;17.06;9.27;0.97;0.34;0.06;0.05;0.17;12.51;3.86;2.21;8.13;2.47;0.00;0.00;0.50;0.59;0.00;25.24;8.06;27.13;44.03;2.75;7.55;2.59;5.83;0.18;0.56;1.34;1.32;2.19;0.22
12:39:26.144;2.73;16.87;11.32;4.22;5.68;4.72;2.76;0.00;0.00;0.00;0.03;0.03;0.03;2.55;7.45;0.63;20.34;17.05;9.26;0.93;0.33;0.06;0.04;0.17;12.22;3.82;2.11;8.01;2.45;0.00;0.00;0.50;0.59;0.00;18.32;2.22;5.98;38.63;1.29;7.29;2.51;5.66;0.22;0.69;1.71;1.57;2.55;0.28
12:39:28.437;2.73;16.85;11.32;4.22;5.68;4.71;2.76;0.00;0.00;0.00;0.03;0.03;0.03;2.50;7.42;0.61;20.17;16.98;9.14;0.89;0.32;0.05;0.04;0.16;12.16;3.81;2.08;7.99;2.45;0.00;0.00;0.49;0.59;0.00;20.04;3.19;9.14;40.08;1.59;8.52;2.87;6.42;0.35;1.05;2.90;2.30;3.55;0.44
12:39:30.755;2.72;16.77;11.27;4.20;5.65;4.70;2.75;0.00;0.00;0.00;0.03;0.03;0.03;2.47;7.40;0.60;20.06;16.92;9.06;0.87;0.32;0.05;0.04;0.16;12.22;3.82;2.11;8.01;2.45;0.00;0.00;0.50;0.59;0.00;19.36;2.78;7.77;39.52;1.47;7.10;2.46;5.54;0.31;0.92;2.47;2.05;3.21;0.38
12:39:33.082;2.72;16.79;11.28;4.21;5.66;4.70;2.75;0.00;0.00;0.00;0.03;0.03;0.03;2.41;7.37;0.58;19.87;16.84;8.93;0.84;0.31;0.05;0.04;0.16;12.24;3.82;2.11;8.02;2.45;0.00;0.00;0.50;0.59;0.00;19.20;2.68;7.46;39.38;1.44;7.85;2.68;6.01;0.29;0.86;2.28;1.93;3.05;0.35
12:39:35.405;2.71;16.72;11.24;4.19;5.64;4.69;2.74;0.00;0.00;0.00;0.03;0.03;0.03;2.38;7.34;0.56;19.75;16.78;8.84;0.81;0.31;0.05;0.04;0.16;12.24;3.82;2.11;8.02;2.45;0.00;0.00;0.50;0.59;0.00;22.01;4.65;14.22;41.64;1.99;11.07;3.59;7.93;0.38;1.13;3.20;2.47;3.78;0.48
12:39:37.708;2.70;16.63;11.20;4.17;5.61;4.67;2.73;0.00;0.00;0.00;0.03;0.03;0.03;2.33;7.31;0.55;19.57;16.70;8.71;0.79;0.30;0.04;0.04;0.15;12.16;3.81;2.09;7.99;2.45;0.00;0.00;0.50;0.59;0.00;10.42;0.23;0.42;30.69;0.34;9.73;3.22;7.15;0.17;0.52;1.20;1.22;2.04;0.20
12:39:40.036;2.70;16.61;11.19;4.16;5.61;4.66;2.73;0.00;0.00;0.00;0.03;0.03;0.03;2.30;7.29;0.54;19.46;16.65;8.63;0.77;0.30;0.04;0.04;0.15;12.08;3.80;2.05;7.95;2.44;0.00;0.00;0.50;0.59;0.00;19.30;2.74;7.66;39.47;1.46;10.34;3.39;7.51;0.16;0.51;1.19;1.20;2.02;0.20
12:39:42.330;2.70;16.60;11.18;4.16;5.60;4.66;2.73;0.00;0.00;0.00;0.03;0.03;0.03;2.27;7.27;0.53;19.35;16.60;8.56;0.76;0.29;0.04;0.04;0.15;12.21;3.82;2.10;8.01;2.45;0.00;0.00;0.49;0.59;0.00;13.69;0.69;1.51;34.31;0.65;8.64;2.90;6.49;0.21;0.64;1.58;1.48;2.42;0.26
12:39:44.643;2.69;16.49;11.12;4.14;5.57;4.64;2.72;0.00;0.00;0.00;0.03;0.03;0.03;2.26;7.27;0.52;19.33;16.59;8.54;0.74;0.29;0.04;0.04;0.15;12.08;3.80;2.06;7.96;2.44;0.00;0.00;0.49;0.59;0.00;18.07;2.10;5.61;38.42;1.25;10.96;3.56;7.86;0.40;1.18;3.37;2.57;3.91;0.50
12:39:46.966;2.69;16.46;11.11;4.13;5.56;4.64;2.71;0.00;0.00;0.00;0.02;0.03;0.03;2.24;7.25;0.52;19.25;16.55;8.48;0.72;0.29;0.04;0.03;0.15;12.13;3.81;2.07;7.98;2.44;0.00;0.00;0.49;0.59;0.00;23.79;6.35;20.52;42.98;2.39;10.68;3.48;7.71;0.16;0.49;1.13;1.16;1.96;0.19
12:39:49.283;2.68;16.42;11.09;4.12;5.55;4.63;2.71;0.00;0.00;0.00;0.02;0.03;0.03;2.21;7.23;0.51;19.16;16.50;8.42;0.71;0.28;0.04;0.03;0.15;12.00;3.79;2.03;7.92;2.43;0.00;0.00;0.49;0.59;0.00;15.35;1.09;2.59;35.94;0.85;9.97;3.28;7.29;0.19;0.59;1.41;1.36;2.25;0.23
12:39:51.580;2.67;16.37;11.06;4.11;5.54;4.62;2.70;0.00;0.00;0.00;0.02;0.03;0.03;2.17;7.20;0.49;18.98;16.42;8.30;0.70;0.28;0.04;0.03;0.14;11.90;3.78;1.99;7.88;2.43;0.00;0.00;0.49;0.59;0.00;20.32;3.37;9.76;40.30;1.65;10.79;3.51;7.77;0.35;1.04;2.87;2.28;3.53;0.43
12:39:53.898;2.67;16.32;11.04;4.10;5.52;4.61;2.70;0.00;0.00;0.00;0.02;0.03;0.03;2.14;7.18;0.48;18.87;16.37;8.22;0.69;0.28;0.04;0.03;0.14;11.80;3.76;1.96;7.84;2.42;0.00;0.00;0.49;0.59;0.00;17.71;1.94;5.10;38.11;1.19;10.69;3.48;7.71;0.51;1.49;4.50;3.17;4.69;0.64
12:39:56.216;2.66;16.28;11.01;4.09;5.51;4.60;2.69;0.00;0.00;0.00;0.02;0.03;0.03;2.11;7.16;0.47;18.77;16.32;8.15;0.68;0.28;0.03;0.03;0.14;11.71;3.75;1.93;7.80;2.41;0.00;0.00;0.49;0.59;0.00;24.42;7.06;23.23;43.44;2.54;11.18;3.62;7.99;0.59;1.71;5.32;3.57;5.21;0.74
12:39:58.523;2.66;16.27;11.01;4.09;5.50;4.60;2.69;0.00;0.00;0.00;0.02;0.03;0.03;2.08;7.14;0.46;18.68;16.28;8.08;0.67;0.28;0.03;0.03;0.14;11.77;3.76;1.94;7.83;2.42;0.00;0.00;0.49;0.59;0.00;10.65;0.25;0.46;30.97;0.36;13.96;4.37;9.56;0.49;1.41;4.21;3.02;4.50;0.60
12:40:00.862;2.65;16.15;10.94;4.06;5.47;4.57;2.68;0.00;0.00;0.00;0.02;0.03;0.03;2.06;7.12;0.46;18.58;16.23;8.02;0.66;0.27;0.03;0.03;0.14;11.71;3.75;1.92;7.80;2.41;0.00;0.00;0.49;0.59;0.00;12.86;0.54;1.13;33.44;0.56;9.13;3.05;6.79;0.26;0.80;2.08;1.81;2.88;0.33
12:40:03.149;2.65;16.13;10.93;4.06;5.46;4.57;2.67;0.00;0.00;0.00;0.02;0.03;0.03;2.05;7.12;0.45;18.56;16.22;8.00;0.66;0.27;0.03;0.03;0.14;11.91;3.78;2.00;7.89;2.43;0.00;0.00;0.49;0.59;0.00;12.93;0.55;1.16;33.52;0.56;11.28;3.65;8.05;0.33;0.97;2.64;2.15;3.35;0.40
12:40:05.468;2.65;16.12;10.93;4.05;5.46;4.57;2.67;0.00;0.00;0.00;0.02;0.03;0.03;2.03;7.11;0.45;18.48;16.19;7.95;0.65;0.27;0.03;0.03;0.14;11.74;3.76;1.93;7.81;2.41;0.00;0.00;0.49;0.59;0.00;18.80;2.47;6.76;39.05;1.37;12.13;3.88;8.53;0.39;1.15;3.26;2.50;3.82;0.48
12:40:07.799;2.65;16.12;10.93;4.05;5.46;4.57;2.67;0.00;0.00;0.00;0.02;0.03;0.03;2.01;7.09;0.44;18.39;16.14;7.89;0.64;0.27;0.03;0.03;0.14;11.63;3.74;1.90;7.77;2.40;0.00;0.00;0.49;0.59;0.00;12.42;0.46;0.95;32.97;0.51;8.32;2.81;6.30;0.17;0.54;1.28;1.27;2.12;0.21
12:40:10.093;2.64;16.05;10.89;4.04;5.44;4.55;2.66;0.00;0.00;0.00;0.02;0.03;0.03;2.01;7.08;0.44;18.38;16.13;7.87;0.63;0.27;0.03;0.03;0.14;11.68;3.75;1.91;7.79;2.41;0.00;0.00;0.49;0.59;0.00;13.00;0.56;1.19;33.59;0.57;10.76;3.50;7.75;0.19;0.60;1.45;1.39;2.29;0.24
12:40:12.399;2.69;16.53;11.14;4.15;5.58;4.65;2.72;0.00;0.00;0.00;0.02;0.03;0.03;2.29;7.29;0.53;19.45;16.64;8.62;1.02;0.35;0.06;0.05;0.18;12.05;3.80;2.05;7.94;2.44;0.00;0.00;0.49;0.59;0.00;18.19;2.16;5.78;38.52;1.27;14.01;4.38;9.59;0.39;1.15;3.26;2.51;3.83;0.48
12:40:14.732;2.77;17.22;11.51;4.30;5.79;4.79;2.80;0.00;0.00;0.00;0.03;0.03;0.03;3.02;7.72;0.80;21.84;17.73;10.39;2.00;0.51;0.19;0.09;0.26;12.96;3.91;2.39;8.31;2.51;0.00;0.00;0.50;0.59;0.00;24.68;7.36;24.40;43.63;2.61;12.87;4.08;8.95;0.53;1.53;4.64;3.24;4.78;0.66
12:40:17.032;2.85;17.91;11.87;4.46;5.99;4.92;2.88;0.00;0.00;0.00;0.04;0.04;0.04;3.89;8.14;1.17;24.32;18.80;12.34;3.09;0.64;0.37;0.13;0.32;13.88;4.03;2.76;8.67;2.58;0.00;0.01;0.50;0.60;0.00;17.97;2.05;5.45;38.33;1.23;10.26;3.36;7.46;0.47;1.36;4.02;2.92;4.36;0.58
12:40:19.369;2.91;18.40;12.12;4.57;6.14;5.02;2.94;0.00;0.00;0.00;0.04;0.04;0.05;4.66;8.46;1.53;26.28;19.62;13.98;3.74;0.72;0.49;0.15;0.36;14.59;4.11;3.06;8.94;2.63;0.00;0.01;0.50;0.60;0.00;29.93;16.01;60.67;47.20;4.11;8.51;2.87;6.42;0.36;1.06;2.94;2.32;3.58;0.44
12:40:21.673;2.94;18.68;12.27;4.63;6.22;5.07;2.97;0.00;0.00;0.00;0.05;0.05;0.05;5.36;8.72;1.89;27.88;20.26;15.37;3.93;0.74;0.53;0.16;0.37;15.09;4.17;3.29;9.13;2.66;0.00;0.01;0.51;0.60;0.00;31.42;19.46;76.30;48.14;4.62;10.98;3.56;7.88;0.62;1.77;5.55;3.69;5.35;0.77
12:40:23.973;2.98;19.00;12.43;4.70;6.32;5.14;3.01;0.00;0.00;0.00;0.05;0.05;0.06;5.95;8.91;2.20;29.13;20.75;16.49;3.84;0.73;0.51;0.16;0.36;15.56;4.22;3.51;9.30;2.70;0.00;0.01;0.51;0.61;0.00;32.18;21.42;85.36;48.61;4.88;8.69;2.92;6.52;0.24;0.72;1.82;1.64;2.65;0.29
12:40:26.298;3.00;19.21;12.54;4.75;6.38;5.17;3.04;0.00;0.00;0.00;0.05;0.05;0.06;6.30;9.02;2.40;29.85;21.03;17.15;3.61;0.70;0.47;0.15;0.35;15.65;4.23;3.56;9.33;2.70;0.00;0.01;0.51;0.61;0.00;42.39;64.91;313.46;54.40;9.38;12.28;3.92;8.62;0.47;1.36;4.02;2.92;4.36;0.58
12:40:28.616;3.01;19.34;12.61;4.78;6.42;5.20;3.05;0.00;0.00;0.00;0.06;0.05;0.06;6.68;9.13;2.61;30.60;21.32;17.84;3.37;0.68;0.42;0.14;0.34;15.58;4.22;3.52;9.31;2.70;0.00;0.01;0.51;0.61;0.00;27.88;12.02;43.35;45.85;3.48;12.72;4.04;8.87;0.88;2.47;8.45;5.00;6.97;1.11
12:40:30.925;3.03;19.46;12.67;4.80;6.45;5.22;3.06;0.00;0.00;0.00;0.06;0.05;0.06;6.88;9.19;2.73;31.00;21.47;18.22;3.14;0.65;0.38;0.13;0.33;15.66;4.23;3.56;9.34;2.70;0.00;0.01;0.51;0.61;0.00;19.40;2.80;7.84;39.55;1.48;9.98;3.29;7.30;0.96;2.67;9.28;5.35;7.40;1.20
12:40:33.249;3.04;19.53;12.71;4.82;6.48;5.24;3.07;0.00;0.00;0.00;0.06;0.05;0.06;7.06;9.24;2.84;31.32;21.59;18.52;2.93;0.63;0.34;0.12;0.31;15.67;4.23;3.57;9.34;2.70;0.00;0.01;0.51;0.61;0.00;22.83;5.38;16.88;42.26;2.17;8.13;2.76;6.19;0.24;0.73;1.86;1.67;2.68;0.30
12:40:35.572;3.04;19.59;12.74;4.83;6.49;5.25;3.08;0.00;0.00;0.00;0.06;0.05;0.06;7.16;9.26;2.90;31.51;21.66;18.70;2.76;0.61;0.31;0.12;0.30;15.67;4.23;3.57;9.34;2.70;0.00;0.01;0.51;0.61;0.00;19.12;2.64;7.31;39.31;1.42;8.63;2.90;6.49;0.27;0.82;2.12;1.84;2.92;0.33
12:40:37.853;3.05;19.70;12.79;4.86;6.53;5.27;3.09;0.00;0.00;0.00;0.06;0.05;0.06;7.31;9.31;2.99;31.80;21.77;18.98;2.62;0.59;0.28;0.11;0.30;15.58;4.22;3.52;9.31;2.70;0.00;0.01;0.52;0.61;0.00;16.89;1.60;4.07;37.37;1.06;7.69;2.63;5.92;0.17;0.53;1.24;1.25;2.08;0.21
12:40:40.186;3.07;19.82;12.85;4.88;6.56;5.29;3.11;0.00;0.00;0.00;0.05;0.05;0.06;7.41;9.33;3.05;31.98;21.84;19.16;2.50;0.57;0.26;0.11;0.29;15.66;4.23;3.56;9.34;2.70;0.00;0.01;0.52;0.61;0.00;32.33;21.81;87.20;48.70;4.94;9.54;3.16;7.04;0.18;0.56;1.33;1.31;2.17;0.22
12:40:42.487;3.07;19.84;12.86;4.89;6.57;5.30;3.11;0.00;0.00;0.00;0.05;0.05;0.06;7.43;9.34;3.06;32.02;21.85;19.19;2.38;0.56;0.24;0.10;0.28;15.58;4.22;3.52;9.31;2.70;0.00;0.01;0.52;0.62;0.00;32.09;21.18;84.28;48.56;4.85;11.01;3.57;7.89;0.31;0.92;2.47;2.05;3.21;0.38
12:40:44.800;3.08;19.89;12.89;4.90;6.58;5.31;3.11;0.00;0.00;0.00;0.05;0.05;0.06;7.58;9.38;3.15;32.28;21.95;19.44;2.29;0.55;0.23;0.10;0.27;15.47;4.21;3.47;9.27;2.69;0.00;0.01;0.52;0.62;0.00;31.48;19.60;76.94;48.18;4.64;10.74;3.50;7.74;0.25;0.77;1.98;1.74;2.79;0.31
12:40:47.109;3.08;19.95;12.92;4.91;6.60;5.32;3.12;0.00;0.00;0.00;0.05;0.05;0.06;7.68;9.40;3.21;32.46;22.01;19.62;2.23;0.54;0.22;0.10;0.27;15.45;4.21;3.46;9.26;2.69;0.00;0.01;0.52;0.62;0.00;33.61;25.50;104.74;49.48;5.41;12.21;3.90;8.58;0.32;0.96;2.60;2.12;3.31;0.40
12:40:49.458;3.08;19.92;12.90;4.90;6.59;5.31;3.12;0.00;0.00;0.00;0.05;0.05;0.06;7.77;9.43;3.27;32.63;22.07;19.78;2.16;0.53;0.21;0.09;0.27;15.63;4.23;3.55;9.33;2.70;0.00;0.01;0.52;0.62;0.00;19.63;2.93;8.29;39.74;1.52;8.64;2.91;6.50;0.16;0.50;1.16;1.19;1.99;0.20
12:40:51.766;3.08;19.96;12.92;4.91;6.60;5.32;3.12;0.00;0.00;0.00;0.05;0.05;0.06;7.79;9.43;3.28;32.66;22.09;19.81;2.10;0.52;0.20;0.09;0.26;15.57;4.22;3.52;9.31;2.70;0.00;0.01;0.52;0.62;0.00;18.69;2.41;6.57;38.95;1.35;8.38;2.83;6.34;0.16;0.50;1.16;1.19;2.00;0.20
12:40:54.084;3.09;20.06;12.97;4.94;6.63;5.34;3.13;0.00;0.00;0.00;0.05;0.05;0.06;7.79;9.43;3.28;32.67;22.09;19.82;2.06;0.51;0.19;0.09;0.26;15.66;4.23;3.56;9.34;2.70;0.00;0.01;0.52;0.62;0.00;26.07;9.18;31.60;44.61;2.97;9.47;3.14;6.99;0.28;0.84;2.20;1.88;2.98;0.34
12:40:56.400;3.09;20.03;12.96;4.93;6.62;5.33;3.13;0.00;0.00;0.00;0.05;0.05;0.06;7.79;9.43;3.28;32.67;22.09;19.82;2.02;0.51;0.19;0.09;0.26;15.49;4.21;3.48;9.27;2.69;0.00;0.01;0.52;0.62;0.00;27.20;10.89;38.63;45.39;3.28;10.48;3.43;7.59;0.41;1.20;3.42;2.60;3.94;0.50
12:40:58.689;3.10;20.13;13.01;4.95;6.65;5.35;3.14;0.00;0.00;0.00;0.05;0.05;0.06;7.86;9.45;3.33;32.80;22.14;19.94;1.98;0.50;0.18;0.09;0.25;15.55;4.22;3.50;9.29;2.69;0.00;0.01;0.52;0.62;0.00;30.03;16.21;61.56;47.26;4.15;12.51;3.98;8.75;0.50;1.46;4.37;3.10;4.60;0.62
12:41:01.024;3.10;20.10;12.99;4.94;6.64;5.34;3.14;0.00;0.00;0.00;0.05;0.05;0.06;7.88;9.45;3.34;32.82;22.15;19.97;1.96;0.50;0.18;0.09;0.25;15.65;4.23;3.55;9.33;2.70;0.00;0.01;0.52;0.62;0.00;31.38;19.34;75.74;48.11;4.60;12.81;4.06;8.92;1.05;2.91;10.33;5.78;7.91;1.32
12:41:03.325;3.10;20.14;13.01;4.95;6.65;5.35;3.14;0.00;0.00;0.00;0.05;0.05;0.06;7.88;9.45;3.34;32.83;22.15;19.97;1.92;0.49;0.18;0.08;0.25;15.67;4.23;3.56;9.34;2.70;0.00;0.01;0.52;0.62;0.00;23.03;5.57;17.60;42.41;2.21;8.78;2.95;6.58;0.20;0.61;1.47;1.41;2.31;0.24
12:41:05.634;3.10;20.15;13.02;4.96;6.66;5.35;3.14;0.00;0.00;0.00;0.05;0.05;0.05;8.03;9.49;3.43;33.09;22.24;20.23;1.90;0.49;0.17;0.08;0.25;15.67;4.23;3.57;9.34;2.70;0.00;0.01;0.52;0.62;0.00;24.87;7.60;25.30;43.76;2.65;7.16;2.48;5.58;0.13;0.40;0.88;0.97;1.67;0.15
12:41:07.961;3.10;20.15;13.02;4.96;6.66;5.35;3.14;0.00;0.00;0.00;0.05;0.05;0.05;8.14;9.52;3.50;33.27;22.31;20.41;1.89;0.49;0.17;0.08;0.25;15.58;4.22;3.52;9.31;2.70;0.00;0.01;0.52;0.62;0.00;15.89;1.25;3.05;36.45;0.92;7.06;2.45;5.52;0.14;0.44;0.99;1.06;1.80;0.17
12:41:10.270;3.10;20.15;13.02;4.96;6.66;5.35;3.14;0.00;0.00;0.00;0.05;0.05;0.05;7.93;9.47;3.37;32.92;22.18;20.06;1.86;0.49;0.17;0.08;0.25;15.56;4.22;3.51;9.30;2.70;0.00;0.01;0.52;0.62;0.00;16.14;1.33;3.29;36.69;0.95;7.98;2.72;6.09;0.16;0.50;1.14;1.17;1.97;0.19
12:41:12.598;3.10;20.15;13.02;4.96;6.66;5.35;3.14;0.00;0.00;0.00;0.05;0.05;0.05;8.04;9.49;3.44;33.10;22.25;20.25;1.85;0.48;0.16;0.08;0.24;15.56;4.22;3.51;9.30;2.70;0.00;0.01;0.52;0.62;0.00;14.14;0.78;1.76;34.76;0.70;7.77;2.65;5.96;0.14;0.46;1.03;1.09;1.85;0.18
12:41:14.892;3.10;20.15;13.02;4.96;6.66;5.35;3.14;0.00;0.00;0.00;0.05;0.05;0.05;8.21;9.54;3.55;33.40;22.36;20.54;1.83;0.48;0.16;0.08;0.24;15.47;4.21;3.47;9.27;2.69;0.00;0.01;0.52;0.62;0.00;13.95;0.74;1.65;34.57;0.68;7.82;2.67;5.99;0.12;0.38;0.83;0.93;1.61;0.15
12:41:17.214;3.11;20.20;13.04;4.97;6.67;5.36;3.15;0.00;0.00;0.00;0.05;0.05;0.05;8.17;9.53;3.53;33.33;22.34;20.47;1.82;0.48;0.16;0.08;0.24;15.63;4.23;3.55;9.33;2.70;0.00;0.01;0.52;0.62;0.00;15.14;1.03;2.43;35.75;0.82;7.25;2.50;5.64;0.14;0.43;0.97;1.04;1.78;0.17
12:41:19.512;3.10;20.16;13.02;4.96;6.66;5.36;3.14;0.00;0.00;0.00;0.05;0.05;0.05;8.24;9.54;3.57;33.45;22.38;20.59;1.81;0.48;0.16;0.08;0.24;15.39;4.20;3.43;9.24;2.68;0.00;0.01;0.52;0.62;0.00;13.13;0.58;1.24;33.73;0.59;7.05;2.44;5.52;0.15;0.48;1.11;1.14;1.93;0.19
12:41:21.847;3.11;20.25;13.07;4.98;6.69;5.37;3.15;0.00;0.00;0.00;0.05;0.05;0.05;8.18;9.53;3.53;33.34;22.34;20.48;1.80;0.48;0.16;0.08;0.24;15.53;4.22;3.50;9.29;2.69;0.00;0.01;0.53;0.62;0.00;19.24;2.71;7.54;39.42;1.45;7.98;2.72;6.10;0.37;1.10;3.10;2.41;3.70;0.46
12:41:24.139;3.11;20.22;13.05;4.97;6.68;5.37;3.15;0.00;0.00;0.00;0.05;0.05;0.05;8.24;9.54;3.57;33.45;22.38;20.59;1.79;0.48;0.16;0.08;0.24;15.37;4.20;3.42;9.23;2.68;0.00;0.01;0.53;0.62;0.00;13.79;0.71;1.56;34.41;0.66;8.38;2.83;6.34;0.16;0.49;1.13;1.16;1.96;0.19
12:41:26.457;3.12;20.26;13.08;4.98;6.69;5.38;3.16;0.00;0.00;0.00;0.05;0.05;0.05;8.18;9.53;3.53;33.34;22.34;20.48;1.79;0.47;0.16;0.08;0.24;15.52;4.22;3.49;9.29;2.69;0.00;0.01;0.53;0.62;0.00;15.12;1.03;2.41;35.72;0.82;8.26;2.80;6.27;0.17;0.53;1.23;1.24;2.07;0.21
12:41:28.788;3.13;20.37;13.13;5.00;6.72;5.40;3.17;0.00;0.00;0.00;0.05;0.05;0.05;8.24;9.54;3.57;33.45;22.38;20.59;1.77;0.47;0.15;0.08;0.24;15.55;4.22;3.51;9.30;2.70;0.00;0.01;0.53;0.62;0.00;16.72;1.54;3.88;37.22;1.04;6.83;2.38;5.37;0.17;0.52;1.21;1.22;2.04;0.20
12:41:31.079;3.12;20.29;13.09;4.99;6.70;5.38;3.16;0.00;0.00;0.00;0.05;0.05;0.05;8.25;9.55;3.58;33.47;22.39;20.61;1.75;0.47;0.15;0.08;0.24;15.56;4.22;3.51;9.30;2.70;0.00;0.01;0.53;0.63;0.00;14.96;0.98;2.30;35.57;0.80;7.36;2.54;5.71;0.39;1.16;3.30;2.53;3.85;0.49
12:41:33.407;3.11;20.23;13.06;4.97;6.68;5.37;3.15;0.00;0.00;0.00;0.05;0.05;0.05;8.26;9.55;3.58;33.48;22.39;20.61;1.75;0.47;0.15;0.08;0.24;15.56;4.22;3.51;9.30;2.70;0.00;0.01;0.53;0.62;0.00;25.38;8.24;27.82;44.12;2.78;9.51;3.15;7.02;0.31;0.92;2.46;2.04;3.20;0.38
12:41:35.735;3.12;20.26;13.08;4.98;6.69;5.38;3.16;0.00;0.00;0.00;0.05;0.05;0.05;8.26;9.55;3.58;33.48;22.39;20.62;1.75;0.47;0.15;0.08;0.24;15.38;4.20;3.42;9.23;2.68;0.00;0.01;0.53;0.63;0.00;21.11;3.93;11.69;40.94;1.80;11.40;3.68;8.12;0.49;1.42;4.22;3.02;4.50;0.60
12:41:38.021;3.13;20.37;13.13;5.00;6.72;5.40;3.17;0.00;0.00;0.00;0.05;0.05;0.05;8.26;9.55;3.58;33.48;22.39;20.62;1.75;0.47;0.15;0.08;0.24;15.62;4.23;3.54;9.32;2.70;0.00;0.01;0.53;0.63;0.00;18.73;2.43;6.64;38.99;1.36;8.81;2.95;6.60;0.15;0.47;1.08;1.12;1.90;0.18
12:41:40.355;3.13;20.39;13.14;5.01;6.73;5.40;3.17;0.00;0.00;0.00;0.05;0.05;0.05;8.26;9.55;3.58;33.48;22.39;20.62;1.74;0.47;0.15;0.08;0.24;15.57;4.22;3.52;9.30;2.70;0.00;0.01;0.53;0.63;0.00;14.55;0.88;2.02;35.17;0.75;8.51;2.87;6.42;0.15;0.47;1.08;1.13;1.91;0.19
12:41:42.651;3.13;20.34;13.12;5.00;6.71;5.39;3.16;0.00;0.00;0.00;0.05;0.05;0.05;8.26;9.55;3.58;33.48;22.39;20.62;1.74;0.47;0.15;0.08;0.24;15.56;4.22;3.51;9.30;2.70;0.00;0.01;0.53;0.63;0.00;15.46;1.12;2.68;36.05;0.86;7.35;2.53;5.70;0.13;0.43;0.95;1.02;1.75;0.17
12:41:44.991;3.13;20.38;13.14;5.01;6.73;5.40;3.17;0.00;0.00;0.00;0.05;0.05;0.05;8.18;9.53;3.53;33.35;22.34;20.49;1.74;0.47;0.15;0.08;0.24;15.56;4.22;3.51;9.30;2.70;0.00;0.01;0.53;0.63;0.00;14.01;0.76;1.69;34.63;0.68;6.87;2.39;5.40;0.21;0.64;1.57;1.47;2.41;0.26
12:41:47.286;3.13;20.34;13.12;5.00;6.71;5.39;3.16;0.00;0.00;0.00;0.05;0.05;0.05;8.24;9.54;3.57;33.45;22.38;20.59;1.73;0.47;0.15;0.08;0.24;15.65;4.23;3.56;9.33;2.70;0.00;0.01;0.53;0.63;0.00;17.44;1.82;4.74;37.87;1.15;9.59;3.17;7.06;0.33;0.99;2.69;2.18;3.39;0.41
12:41:49.605;3.14;20.43;13.16;5.02;6.74;5.41;3.18;0.00;0.00;0.00;0.05;0.05;0.05;8.33;9.57;3.63;33.61;22.44;20.74;1.72;0.46;0.15;0.08;0.24;15.49;4.21;3.48;9.27;2.69;0.00;0.01;0.53;0.63;0.00;15.98;1.28;3.14;36.54;0.93;8.60;2.90;6.47;0.17;0.53;1.25;1.25;2.09;0.21
12:41:51.908;3.13;20.40;13.15;5.01;6.73;5.40;3.17;0.00;0.00;0.00;0.05;0.05;0.05;8.27;9.55;3.59;33.51;22.40;20.64;1.72;0.46;0.15;0.08;0.23;15.64;4.23;3.55;9.33;2.70;0.00;0.01;0.53;0.63;0.00;12.00;0.40;0.81;32.51;0.47;7.78;2.66;5.97;0.18;0.56;1.32;1.30;2.16;0.22
12:41:54.232;3.13;20.40;13.14;5.01;6.73;5.40;3.17;0.00;0.00;0.00;0.05;0.05;0.05;8.26;9.55;3.58;33.49;22.39;20.62;1.72;0.46;0.15;0.08;0.23;15.48;4.21;3.47;9.27;2.69;0.00;0.01;0.53;0.63;0.00;17.31;1.77;4.58;37.75;1.13;6.92;2.41;5.43;0.14;0.44;0.97;1.04;1.78;0.17
12:41:56.556;3.13;20.34;13.12;5.00;6.71;5.39;3.17;0.00;0.00;0.00;0.05;0.05;0.05;8.26;9.55;3.58;33.48;22.39;20.62;1.72;0.46;0.15;0.08;0.23;15.45;4.21;3.46;9.26;2.69;0.00;0.01;0.53;0.63;0.00;13.68;0.69;1.51;34.30;0.65;6.77;2.36;5.34;0.22;0.68;1.69;1.55;2.52;0.27
12:41:58.856;3.12;20.33;13.11;5.00;6.71;5.39;3.16;0.00;0.00;0.00;0.05;0.05;0.05;8.33;9.57;3.63;33.61;22.44;20.75;1.71;0.46;0.15;0.08;0.23;15.45;4.21;3.46;9.26;2.69;0.00;0.01;0.53;0.63;0.00;16.76;1.55;3.93;37.26;1.04;8.44;2.85;6.37;0.37;1.10;3.09;2.41;3.70;0.46
12:42:01.158;3.14;20.43;13.16;5.02;6.74;5.41;3.17;0.00;0.00;0.00;0.05;0.05;0.05;8.35;9.57;3.64;33.64;22.45;20.77;1.71;0.46;0.15;0.08;0.23;15.54;4.22;3.50;9.29;2.69;0.00;0.01;0.53;0.63;0.00;13.63;0.68;1.48;34.25;0.64;7.72;2.64;5.93;0.15;0.47;1.07;1.11;1.89;0.18
12:42:03.484;3.13;20.40;13.15;5.01;6.73;5.40;3.17;0.00;0.00;0.00;0.05;0.05;0.05;8.28;9.55;3.59;33.51;22.40;20.65;1.70;0.46;0.15;0.08;0.23;15.65;4.23;3.55;9.33;2.70;0.00;0.01;0.53;0.63;0.00;15.06;1.01;2.37;35.67;0.81;8.21;2.78;6.23;0.14;0.44;0.99;1.05;1.80;0.17
12:42:05.784;3.13;20.35;13.12;5.00;6.72;5.39;3.17;0.00;0.00;0.00;0.05;0.05;0.05;8.26;9.55;3.58;33.49;22.39;20.62;1.69;0.46;0.14;0.08;0.23;15.49;4.21;3.48;9.27;2.69;0.00;0.01;0.53;0.63;0.00;14.16;0.79;1.77;34.78;0.70;7.15;2.47;5.58;0.16;0.51;1.19;1.20;2.02;0.20
12:42:08.134;3.13;20.38;13.14;5.01;6.73;5.40;3.17;0.00;0.00;0.00;0.05;0.05;0.05;8.26;9.55;3.58;33.48;22.39;20.62;1.68;0.46;0.14;0.07;0.23;15.54;4.22;3.50;9.29;2.69;0.00;0.01;0.53;0.63;0.00;13.86;0.72;1.60;34.48;0.67;7.01;2.43;5.49;0.13;0.42;0.93;1.01;1.73;0.16
12:42:10.435;3.11;20.24;13.07;4.98;6.69;5.37;3.15;0.00;0.00;0.00;0.05;0.05;0.05;8.18;9.53;3.53;33.35;22.34;20.49;1.66;0.46;0.14;0.07;0.23;15.37;4.20;3.42;9.23;2.68;0.00;0.01;0.53;0.63;0.00;27.13;10.77;38.13;45.34;3.26;8.00;2.72;6.11;0.14;0.44;0.98;1.05;1.79;0.17
12:42:12.745;3.11;20.17;13.03;4.96;6.66;5.36;3.14;0.00;0.00;0.00;0.05;0.05;0.05;7.94;9.47;3.38;32.93;22.19;20.08;1.55;0.44;0.13;0.07;0.22;15.25;4.19;3.36;9.18;2.67;0.00;0.01;0.53;0.63;0.00;18.31;2.22;5.97;38.63;1.29;11.18;3.62;7.99;0.31;0.94;2.54;2.09;3.27;0.39
12:42:15.063;3.09;20.05;12.97;4.94;6.63;5.34;3.13;0.00;0.00;0.00;0.04;0.04;0.05;7.61;9.38;3.17;32.33;21.97;19.50;1.44;0.42;0.11;0.07;0.21;15.04;4.16;3.27;9.11;2.66;0.00;0.01;0.53;0.62;0.00;11.98;0.40;0.81;32.49;0.47;11.48;3.70;8.16;0.38;1.12;3.16;2.45;3.75;0.47
12:42:17.389;3.08;19.89;12.89;4.90;6.58;5.30;3.11;0.00;0.00;0.00;0.04;0.04;0.05;7.33;9.31;3.00;31.84;21.78;19.02;1.35;0.41;0.10;0.06;0.21;14.74;4.13;3.13;8.99;2.64;0.00;0.01;0.53;0.62;0.00;13.38;0.63;1.36;33.98;0.61;8.98;3.00;6.70;0.52;1.52;4.60;3.22;4.75;0.65
12:42:19.688;3.07;19.85;12.87;4.89;6.57;5.30;3.11;0.00;0.00;0.00;0.04;0.04;0.04;7.01;9.22;2.81;31.24;21.56;18.45;1.27;0.39;0.09;0.06;0.20;14.94;4.15;3.22;9.07;2.65;0.00;0.01;0.52;0.62;0.00;9.52;0.16;0.27;29.59;0.27;7.94;2.70;6.07;0.17;0.54;1.27;1.27;2.11;0.21
12:42:22.008;3.06;19.75;12.82;4.87;6.54;5.28;3.10;0.00;0.00;0.00;0.04;0.04;0.04;6.64;9.12;2.59;30.52;21.28;17.77;1.20;0.38;0.08;0.06;0.19;14.80;4.13;3.16;9.02;2.64;0.00;0.01;0.52;0.62;0.00;14.28;0.82;1.85;34.90;0.71;7.63;2.61;5.88;0.14;0.44;0.99;1.06;1.81;0.17
12:42:24.311;3.05;19.64;12.76;4.84;6.51;5.26;3.08;0.00;0.00;0.00;0.04;0.04;0.04;6.50;9.08;2.51;30.25;21.18;17.52;1.15;0.37;0.08;0.05;0.19;14.52;4.10;3.03;8.91;2.62;0.00;0.01;0.52;0.62;0.00;13.24;0.60;1.29;33.85;0.60;8.90;2.98;6.65;0.15;0.48;1.11;1.15;1.94;0.19
12:42:26.624;3.03;19.52;12.70;4.82;6.47;5.23;3.07;0.00;0.00;0.00;0.04;0.04;0.04;6.24;9.00;2.36;29.73;20.98;17.03;1.10;0.36;0.07;0.05;0.18;14.37;4.08;2.97;8.86;2.61;0.00;0.01;0.52;0.62;0.00;13.80;0.71;1.57;34.42;0.66;10.59;3.46;7.65;0.55;1.60;4.89;3.36;4.94;0.69
12:42:28.934;3.02;19.40;12.64;4.79;6.44;5.21;3.06;0.00;0.00;0.00;0.04;0.04;0.04;6.19;8.98;2.33;29.62;20.94;16.94;1.07;0.36;0.07;0.05;0.18;14.17;4.06;2.88;8.78;2.60;0.00;0.01;0.52;0.62;0.00;19.93;3.12;8.90;39.98;1.57;10.53;3.44;7.62;0.47;1.36;4.01;2.91;4.36;0.58
12:42:31.252;3.02;19.43;12.65;4.80;6.44;5.22;3.06;0.00;0.00;0.00;0.04;0.04;0.04;6.00;8.93;2.23;29.25;20.80;16.60;1.03;0.35;0.07;0.05;0.18;14.13;4.06;2.87;8.76;2.60;0.00;0.01;0.52;0.62;0.00;13.98;0.75;1.67;34.60;0.68;8.11;2.75;6.17;0.15;0.47;1.07;1.12;1.90;0.18
12:42:33.559;3.01;19.29;12.58;4.77;6.40;5.19;3.04;0.00;0.00;0.00;0.04;0.04;0.04;5.70;8.83;2.06;28.60;20.54;16.01;1.00;0.34;0.06;0.05;0.17;14.21;4.07;2.90;8.79;2.60;0.00;0.01;0.52;0.62;0.00;8.32;0.09;0.14;28.00;0.20;7.96;2.71;6.08;0.12;0.38;0.82;0.92;1.60;0.14
12:42:35.870;3.00;19.22;12.55;4.75;6.38;5.18;3.04;0.00;0.00;0.00;0.04;0.04;0.04;5.53;8.77;1.98;28.25;20.41;15.70;0.97;0.34;0.06;0.05;0.17;14.14;4.06;2.87;8.77;2.60;0.00;0.01;0.52;0.62;0.00;11.49;0.34;0.66;31.94;0.43;10.04;3.30;7.33;0.41;1.20;3.43;2.60;3.95;0.50
12:42:38.193;2.99;19.16;12.51;4.74;6.37;5.17;3.03;0.00;0.00;0.00;0.03;0.04;0.04;5.40;8.73;1.91;27.96;20.29;15.44;0.94;0.33;0.06;0.04;0.17;13.96;4.04;2.79;8.70;2.58;0.00;0.01;0.52;0.62;0.00;16.91;1.61;4.10;37.39;1.07;11.09;3.59;7.94;0.36;1.06;2.95;2.33;3.59;0.44
12:42:40.501;2.98;19.05;12.46;4.71;6.33;5.15;3.02;0.00;0.00;0.00;0.03;0.04;0.04;5.22;8.67;1.81;27.57;20.14;15.10;0.92;0.33;0.06;0.04;0.17;14.09;4.05;2.85;8.75;2.59;0.00;0.01;0.52;0.62;0.00;11.51;0.34;0.67;31.96;0.43;7.65;2.62;5.89;0.15;0.49;1.11;1.15;1.94;0.19
12:42:42.829;2.97;18.99;12.43;4.70;6.32;5.13;3.01;0.00;0.00;0.00;0.03;0.04;0.04;5.19;8.66;1.80;27.49;20.10;15.03;0.90;0.32;0.05;0.04;0.17;13.95;4.03;2.79;8.69;2.58;0.00;0.01;0.52;0.61;0.00;19.72;2.98;8.46;39.81;1.53;10.26;3.36;7.46;0.33;0.99;2.72;2.20;3.41;0.41
12:42:45.142;2.97;18.93;12.40;4.68;6.30;5.12;3.00;0.00;0.00;0.00;0.03;0.04;0.04;4.99;8.59;1.70;27.04;19.92;14.64;0.88;0.32;0.05;0.04;0.16;13.67;4.00;2.67;8.59;2.56;0.00;0.01;0.52;0.61;0.00;15.04;1.01;2.36;35.65;0.81;8.58;2.89;6.46;0.37;1.09;3.06;2.39;3.67;0.46
12:42:47.456;2.95;18.78;12.32;4.65;6.25;5.09;2.99;0.00;0.00;0.00;0.03;0.04;0.04;4.91;8.55;1.65;26.85;19.85;14.47;0.86;0.32;0.05;0.04;0.16;13.70;4.00;2.68;8.60;2.56;0.00;0.01;0.52;0.61;0.00;16.41;1.43;3.56;36.94;0.99;10.98;3.56;7.88;0.40;1.17;3.34;2.55;3.88;0.49
12:42:49.780;2.95;18.75;12.31;4.65;6.25;5.09;2.98;0.00;0.00;0.00;0.03;0.04;0.04;4.75;8.50;1.58;26.49;19.70;14.16;0.85;0.31;0.05;0.04;0.16;13.70;4.00;2.68;8.60;2.56;0.00;0.01;0.52;0.61;0.00;12.23;0.44;0.89;32.77;0.50;8.45;2.85;6.38;0.15;0.46;1.05;1.10;1.87;0.18
12:42:52.062;2.94;18.70;12.28;4.63;6.23;5.08;2.98;0.00;0.00;0.00;0.03;0.04;0.04;4.63;8.45;1.52;26.21;19.59;13.92;0.83;0.31;0.05;0.04;0.16;13.71;4.00;2.69;8.60;2.56;0.00;0.01;0.51;0.61;0.00;10.71;0.26;0.47;31.03;0.36;7.46;2.56;5.77;0.21;0.64;1.56;1.47;2.40;0.25
12:42:54.393;2.94;18.65;12.25;4.62;6.21;5.07;2.97;0.00;0.00;0.00;0.03;0.04;0.04;4.61;8.44;1.51;26.15;19.56;13.87;0.82;0.31;0.05;0.04;0.16;13.62;3.99;2.65;8.57;2.56;0.00;0.01;0.51;0.61;0.00;11.85;0.38;0.76;32.34;0.46;11.42;3.68;8.13;0.48;1.39;4.13;2.97;4.44;0.59
12:42:56.709;2.93;18.64;12.25;4.62;6.21;5.06;2.97;0.00;0.00;0.00;0.03;0.04;0.04;4.48;8.39;1.44;25.83;19.43;13.60;0.81;0.30;0.05;0.04;0.16;13.61;3.99;2.64;8.56;2.56;0.00;0.01;0.51;0.61;0.00;15.67;1.19;2.86;36.25;0.89;8.18;2.77;6.21;0.26;0.79;2.05;1.79;2.85;0.32
12:42:59.001;2.92;18.50;12.18;4.59;6.17;5.04;2.95;0.00;0.00;0.00;0.03;0.04;0.04;4.41;8.37;1.41;25.66;19.36;13.46;0.80;0.30;0.04;0.04;0.16;13.44;3.97;2.58;8.50;2.54;0.00;0.01;0.51;0.61;0.00;15.21;1.05;2.49;35.82;0.83;10.05;3.31;7.34;0.39;1.16;3.28;2.52;3.84;0.49
12:43:01.335;2.91;18.43;12.14;4.57;6.15;5.02;2.95;0.00;0.00;0.00;0.03;0.03;0.04;4.36;8.34;1.39;25.53;19.31;13.34;0.78;0.30;0.04;0.04;0.15;13.49;3.98;2.60;8.52;2.55;0.00;0.01;0.51;0.61;0.00;17.20;1.72;4.45;37.66;1.11;8.17;2.77;6.21;0.14;0.43;0.96;1.03;1.76;0.17
12:43:03.636;2.91;18.37;12.11;4.56;6.13;5.01;2.94;0.00;0.00;0.00;0.03;0.03;0.04;4.30;8.32;1.36;25.40;19.25;13.23;0.77;0.30;0.04;0.04;0.15;13.34;3.96;2.53;8.46;2.54;0.00;0.01;0.51;0.61;0.00;19.60;2.92;8.23;39.72;1.51;10.90;3.54;7.83;0.36;1.06;2.95;2.33;3.59;0.44
12:43:05.945;2.91;18.40;12.13;4.57;6.14;5.02;2.94;0.00;0.00;0.00;0.03;0.03;0.04;4.17;8.27;1.30;25.07;19.12;12.96;0.76;0.30;0.04;0.04;0.15;13.31;3.96;2.52;8.44;2.53;0.00;0.01;0.51;0.61;0.00;29.28;14.64;54.62;46.77;3.90;10.43;3.41;7.56;0.44;1.30;3.78;2.79;4.20;0.55
12:43:08.268;2.91;18.41;12.13;4.57;6.14;5.02;2.94;0.00;0.00;0.00;0.03;0.03;0.04;4.11;8.24;1.27;24.91;19.05;12.83;0.75;0.29;0.04;0.04;0.15;13.30;3.96;2.52;8.44;2.53;0.00;0.01;0.51;0.61;0.00;13.91;0.73;1.63;34.53;0.67;8.03;2.73;6.12;0.17;0.53;1.23;1.23;2.07;0.21
12:43:10.583;2.89;18.24;12.04;4.53;6.09;4.99;2.92;0.00;0.00;0.00;0.03;0.03;0.04;4.06;8.22;1.25;24.77;18.99;12.72;0.74;0.29;0.04;0.04;0.15;13.22;3.95;2.49;8.41;2.53;0.00;0.01;0.51;0.61;0.00;13.55;0.66;1.44;34.16;0.63;7.48;2.57;5.78;0.31;0.92;2.46;2.05;3.20;0.38
12:43:12.918;2.88;18.16;12.00;4.51;6.07;4.97;2.91;0.00;0.00;0.00;0.03;0.03;0.04;3.97;8.18;1.21;24.55;18.90;12.53;0.73;0.29;0.04;0.04;0.15;13.13;3.93;2.45;8.37;2.52;0.00;0.01;0.51;0.61;0.00;20.12;3.24;9.30;40.14;1.61;9.51;3.15;7.01;0.46;1.34;3.93;2.87;4.30;0.57
12:43:15.208;2.87;18.10;11.97;4.50;6.05;4.96;2.91;0.00;0.00;0.00;0.03;0.03;0.04;3.88;8.14;1.17;24.31;18.80;12.34;0.73;0.29;0.04;0.04;0.15;13.11;3.93;2.44;8.37;2.52;0.00;0.01;0.51;0.61;0.00;16.82;1.58;4.00;37.31;1.05;12.29;3.92;8.62;0.52;1.49;4.51;3.17;4.69;0.64
12:43:17.517;2.87;18.09;11.96;4.50;6.05;4.96;2.91;0.00;0.00;0.00;0.03;0.03;0.03;3.86;8.13;1.16;24.26;18.78;12.30;0.72;0.29;0.04;0.03;0.15;13.10;3.93;2.44;8.36;2.52;0.00;0.01;0.51;0.61;0.00;16.20;1.35;3.35;36.74;0.96;9.16;3.06;6.81;0.16;0.49;1.12;1.15;1.94;0.19
12:43:19.851;2.87;18.09;11.96;4.50;6.05;4.96;2.91;0.00;0.00;0.00;0.03;0.03;0.03;3.86;8.13;1.16;24.25;18.77;12.29;0.71;0.28;0.04;0.03;0.15;13.10;3.93;2.44;8.36;2.52;0.00;0.01;0.51;0.61;0.00;15.51;1.14;2.73;36.10;0.87;10.22;3.35;7.44;0.55;1.58;4.85;3.34;4.91;0.68
12:43:22.142;2.87;18.09;11.96;4.50;6.05;4.96;2.91;0.00;0.00;0.00;0.03;0.03;0.03;3.68;8.05;1.08;23.77;18.57;11.90;0.71;0.28;0.04;0.03;0.15;13.10;3.93;2.44;8.36;2.52;0.00;0.01;0.51;0.60;0.00;9.27;0.14;0.24;29.26;0.26;13.16;4.16;9.12;0.45;1.31;3.83;2.82;4.23;0.56
12:43:24.460;2.86;17.96;11.89;4.47;6.01;4.93;2.89;0.00;0.00;0.00;0.03;0.03;0.03;3.65;8.04;1.06;23.68;18.53;11.82;0.70;0.28;0.04;0.03;0.14;13.10;3.93;2.44;8.36;2.52;0.00;0.01;0.51;0.61;0.00;15.06;1.01;2.37;35.67;0.81;8.20;2.78;6.23;0.19;0.60;1.45;1.39;2.29;0.24
12:43:26.795;2.85;17.89;11.86;4.45;5.99;4.92;2.88;0.00;0.00;0.00;0.03;0.03;0.03;3.64;8.03;1.06;23.66;18.52;11.81;0.69;0.28;0.04;0.03;0.14;13.02;3.92;2.41;8.33;2.51;0.00;0.01;0.51;0.60;0.00;22.85;5.40;16.97;42.28;2.17;9.82;3.24;7.20;0.64;1.82;5.78;3.80;5.49;0.79
12:43:29.082;2.85;17.88;11.85;4.45;5.99;4.92;2.88;0.00;0.00;0.00;0.03;0.03;0.03;3.57;8.00;1.03;23.46;18.44;11.65;0.69;0.28;0.04;0.03;0.14;12.85;3.90;2.34;8.26;2.50;0.00;0.01;0.51;0.60;0.00;16.45;1.44;3.60;36.98;1.00;10.88;3.54;7.82;0.21;0.64;1.58;1.48;2.42;0.26
12:43:31.418;2.84;17.83;11.83;4.44;5.97;4.91;2.88;0.00;0.00;0.00;0.03;0.03;0.03;3.49;7.96;1.00;23.24;18.34;11.47;0.68;0.28;0.03;0.03;0.14;13.05;3.92;2.42;8.34;2.52;0.00;0.01;0.51;0.60;0.00;22.81;5.37;16.84;42.25;2.16;11.04;3.58;7.91;0.39;1.14;3.24;2.49;3.81;0.48
12:43:33.717;2.84;17.82;11.82;4.44;5.97;4.91;2.87;0.00;0.00;0.00;0.03;0.03;0.03;3.47;7.95;0.99;23.19;18.32;11.44;0.68;0.28;0.03;0.03;0.14;12.78;3.89;2.32;8.24;2.49;0.00;0.01;0.51;0.60;0.00;24.70;7.38;24.48;43.64;2.61;11.75;3.77;8.32;0.45;1.32;3.88;2.84;4.27;0.56
12:43:36.052;2.83;17.74;11.78;4.42;5.94;4.89;2.86;0.00;0.00;0.00;0.03;0.03;0.03;3.44;7.94;0.98;23.09;18.28;11.36;0.67;0.27;0.03;0.03;0.14;12.96;3.91;2.38;8.31;2.51;0.00;0.01;0.51;0.60;0.00;13.95;0.74;1.65;34.57;0.68;9.53;3.16;7.03;0.24;0.74;1.89;1.69;2.71;0.30
12:43:38.355;2.83;17.68;11.75;4.40;5.93;4.88;2.86;0.00;0.00;0.00;0.03;0.03;0.03;3.43;7.93;0.97;23.07;18.27;11.34;0.67;0.27;0.03;0.03;0.14;12.68;3.88;2.28;8.20;2.49;0.00;0.01;0.51;0.60;0.00;11.51;0.34;0.67;31.96;0.43;8.16;2.77;6.20;0.31;0.94;2.52;2.08;3.25;0.39
12:43:40.663;2.82;17.62;11.72;4.39;5.91;4.87;2.85;0.00;0.00;0.00;0.03;0.03;0.03;3.33;7.89;0.93;22.79;18.15;11.12;0.66;0.27;0.03;0.03;0.14;12.86;3.90;2.35;8.27;2.50;0.00;0.01;0.51;0.60;0.00;7.60;0.06;0.09;26.99;0.16;10.54;3.44;7.62;0.26;0.78;2.00;1.76;2.81;0.32
12:43:42.977;2.81;17.57;11.69;4.38;5.89;4.86;2.84;0.00;0.00;0.00;0.03;0.03;0.03;3.28;7.86;0.91;22.64;18.08;11.01;0.66;0.27;0.03;0.03;0.14;12.82;3.90;2.33;8.25;2.50;0.00;0.01;0.51;0.60;0.00;13.61;0.67;1.47;34.23;0.64;11.09;3.59;7.94;0.37;1.10;3.08;2.41;3.69;0.46
12:43:45.313;2.81;17.56;11.69;4.38;5.89;4.85;2.84;0.00;0.00;0.00;0.03;0.03;0.03;3.24;7.84;0.89;22.52;18.03;10.91;0.66;0.27;0.03;0.03;0.14;12.73;3.88;2.30;8.22;2.49;0.00;0.01;0.51;0.60;0.00;11.28;0.32;0.61;31.70;0.41;9.69;3.20;7.12;0.11;0.36;0.77;0.88;1.54;0.14
12:43:47.628;2.81;17.56;11.69;4.38;5.89;4.85;2.84;0.00;0.00;0.00;0.03;0.03;0.03;3.23;7.84;0.89;22.50;18.02;10.89;0.65;0.27;0.03;0.03;0.14;12.64;3.87;2.26;8.18;2.48;0.00;0.01;0.50;0.60;0.00;11.22;0.31;0.59;31.63;0.40;9.27;3.09;6.87;0.11;0.36;0.76;0.87;1.52;0.14
12:43:49.939;2.80;17.43;11.62;4.35;5.85;4.83;2.83;0.00;0.00;0.00;0.03;0.03;0.03;3.20;7.82;0.88;22.40;17.98;10.82;0.65;0.27;0.03;0.03;0.14;12.70;3.88;2.28;8.20;2.49;0.00;0.01;0.50;0.60;0.00;13.45;0.64;1.39;34.05;0.62;7.24;2.50;5.63;0.15;0.48;1.11;1.14;1.93;0.19
12:43:52.254;2.79;17.37;11.59;4.34;5.83;4.82;2.82;0.00;0.00;0.00;0.03;0.03;0.03;3.20;7.82;0.87;22.38;17.97;10.81;0.64;0.27;0.03;0.03;0.14;12.71;3.88;2.29;8.21;2.49;0.00;0.01;0.50;0.60;0.00;14.48;0.86;1.97;35.10;0.74;9.28;3.09;6.88;0.28;0.85;2.25;1.91;3.03;0.35
12:43:54.556;2.79;17.36;11.58;4.33;5.83;4.81;2.82;0.00;0.00;0.00;0.03;0.03;0.03;3.13;7.78;0.85;22.20;17.89;10.66;0.65;0.27;0.03;0.03;0.14;12.71;3.88;2.29;8.21;2.49;0.00;0.01;0.50;0.60;0.00;16.86;1.59;4.04;37.34;1.06;9.21;3.07;6.84;0.33;0.98;2.67;2.17;3.37;0.41
12:43:56.866;2.79;17.35;11.58;4.33;5.83;4.81;2.82;0.00;0.00;0.00;0.03;0.03;0.03;3.09;7.76;0.83;22.08;17.83;10.57;0.64;0.27;0.03;0.03;0.14;12.63;3.87;2.26;8.18;2.48;0.00;0.01;0.50;0.60;0.00;12.98;0.56;1.18;33.57;0.57;9.96;3.28;7.28;0.12;0.39;0.84;0.94;1.63;0.15
12:43:59.173;2.79;17.35;11.58;4.33;5.83;4.81;2.82;0.00;0.00;0.00;0.03;0.03;0.03;3.05;7.74;0.82;21.96;17.78;10.48;0.63;0.27;0.03;0.03;0.14;12.62;3.87;2.25;8.17;2.48;0.00;0.01;0.50;0.60;0.00;18.21;2.17;5.82;38.54;1.27;9.65;3.19;7.10;0.23;0.69;1.72;1.58;2.56;0.28
12:44:01.494;2.78;17.31;11.56;4.32;5.82;4.80;2.81;0.00;0.00;0.00;0.03;0.03;0.03;3.02;7.72;0.80;21.85;17.73;10.40;0.64;0.27;0.03;0.03;0.14;12.62;3.87;2.25;8.17;2.48;0.00;0.01;0.50;0.60;0.00;21.53;4.25;12.80;41.26;1.89;10.55;3.44;7.63;0.21;0.66;1.62;1.51;2.46;0.26
12:44:03.814;2.78;17.26;11.53;4.31;5.80;4.80;2.81;0.00;0.00;0.00;0.03;0.03;0.03;3.04;7.73;0.81;21.92;17.76;10.45;0.63;0.27;0.03;0.03;0.14;12.62;3.87;2.25;8.17;2.48;0.00;0.01;0.50;0.60;0.00;14.71;0.92;2.12;35.33;0.77;12.48;3.97;8.73;0.39;1.15;3.25;2.50;3.82;0.48
12:44:06.118;2.78;17.25;11.53;4.31;5.80;4.79;2.81;0.00;0.00;0.00;0.03;0.03;0.03;2.99;7.70;0.79;21.75;17.69;10.32;0.63;0.27;0.03;0.03;0.14;12.62;3.87;2.25;8.17;2.48;0.00;0.01;0.50;0.60;0.00;16.45;1.44;3.59;36.97;1.00;9.78;3.23;7.18;0.32;0.96;2.60;2.12;3.31;0.40
12:44:08.434;2.76;17.13;11.46;4.28;5.76;4.77;2.79;0.00;0.00;0.00;0.03;0.03;0.03;2.98;7.70;0.79;21.72;17.68;10.30;0.62;0.26;0.03;0.03;0.14;12.62;3.87;2.25;8.17;2.48;0.00;0.01;0.50;0.60;0.00;10.27;0.22;0.39;30.51;0.33;7.47;2.57;5.78;0.14;0.44;0.99;1.05;1.80;0.17
12:44:10.759;2.76;17.10;11.45;4.28;5.75;4.76;2.79;0.00;0.00;0.00;0.03;0.03;0.03;2.95;7.68;0.78;21.63;17.64;10.23;0.62;0.26;0.03;0.03;0.14;12.54;3.86;2.22;8.14;2.48;0.00;0.01;0.50;0.60;0.00;14.65;0.90;2.08;35.26;0.76;8.48;2.86;6.40;0.23;0.70;1.76;1.60;2.59;0.28
12:44:13.058;2.76;17.14;11.47;4.28;5.77;4.77;2.79;0.00;0.00;0.00;0.03;0.03;0.03;2.88;7.65;0.75;21.44;17.55;10.08;0.62;0.26;0.03;0.03;0.14;12.52;3.86;2.22;8.13;2.48;0.00;0.01;0.50;0.60;0.00;13.32;0.62;1.33;33.93;0.61;11.17;3.61;7.99;0.27;0.83;2.17;1.87;2.96;0.34
12:44:15.360;2.76;17.11;11.45;4.28;5.76;4.76;2.79;0.00;0.00;0.00;0.03;0.03;0.03;2.87;7.64;0.75;21.40;17.53;10.05;0.62;0.26;0.03;0.03;0.14;12.60;3.87;2.25;8.16;2.48;0.00;0.01;0.50;0.60;0.00;12.28;0.44;0.91;32.82;0.50;7.92;2.70;6.05;0.15;0.48;1.09;1.13;1.92;0.19
12:44:17.700;2.76;17.10;11.45;4.27;5.75;4.76;2.79;0.00;0.00;0.00;0.03;0.03;0.03;2.87;7.64;0.75;21.39;17.53;10.05;0.62;0.26;0.03;0.03;0.13;12.61;3.87;2.25;8.17;2.48;0.00;0.01;0.50;0.60;0.00;9.88;0.19;0.32;30.03;0.30;7.41;2.55;5.74;0.11;0.36;0.78;0.89;1.55;0.14
12:44:20.006;2.75;16.98;11.38;4.25;5.72;4.74;2.77;0.00;0.00;0.00;0.03;0.03;0.03;2.87;7.64;0.75;21.39;17.53;10.04;0.62;0.26;0.03;0.03;0.14;12.54;3.86;2.22;8.14;2.48;0.00;0.00;0.50;0.60;0.00;16.16;1.34;3.31;36.70;0.96;9.32;3.10;6.90;0.22;0.69;1.72;1.57;2.55;0.28
12:44:22.308;2.75;16.99;11.39;4.25;5.72;4.74;2.78;0.00;0.00;0.00;0.03;0.03;0.03;2.87;7.64;0.75;21.39;17.53;10.04;0.61;0.26;0.03;0.03;0.13;12.37;3.84;2.16;8.07;2.46;0.00;0.00;0.50;0.60;0.00;11.19;0.31;0.59;31.60;0.40;9.76;3.22;7.17;0.31;0.94;2.52;2.08;3.25;0.39
12:44:24.638;2.76;17.08;11.43;4.27;5.75;4.76;2.79;0.00;0.00;0.00;0.03;0.03;0.03;2.84;7.62;0.74;21.30;17.49;9.98;0.61;0.26;0.03;0.03;0.13;12.49;3.85;2.21;8.12;2.47;0.00;0.00;0.50;0.60;0.00;10.91;0.28;0.52;31.28;0.38;8.61;2.90;6.48;0.13;0.43;0.95;1.02;1.75;0.16
12:44:26.950;2.74;16.97;11.38;4.25;5.72;4.74;2.77;0.00;0.00;0.00;0.03;0.03;0.03;2.73;7.56;0.69;20.94;17.33;9.71;0.61;0.26;0.03;0.03;0.13;12.29;3.83;2.13;8.04;2.46;0.00;0.00;0.50;0.60;0.00;14.37;0.84;1.90;34.99;0.72;10.55;3.44;7.63;0.21;0.66;1.63;1.51;2.47;0.26
12:44:29.262;2.74;16.91;11.35;4.23;5.70;4.73;2.77;0.00;0.00;0.00;0.03;0.03;0.03;2.81;7.61;0.72;21.21;17.45;9.91;0.61;0.26;0.03;0.03;0.13;12.55;3.86;2.23;8.14;2.48;0.00;0.00;0.50;0.60;0.00;13.55;0.66;1.44;34.16;0.63;9.17;3.06;6.81;0.14;0.45;1.03;1.08;1.85;0.18
12:44:31.574;2.73;16.86;11.32;4.22;5.68;4.72;2.76;0.00;0.00;0.00;0.03;0.03;0.03;2.73;7.56;0.69;20.93;17.32;9.70;0.61;0.26;0.03;0.03;0.13;12.53;3.86;2.22;8.13;2.48;0.00;0.00;0.50;0.60;0.00;15.09;1.02;2.39;35.69;0.81;9.17;3.06;6.82;0.26;0.78;2.01;1.76;2.82;0.32
12:44:33.901;2.73;16.85;11.31;4.22;5.68;4.71;2.76;0.00;0.00;0.00;0.03;0.03;0.03;2.71;7.55;0.68;20.87;17.29;9.66;0.61;0.26;0.03;0.03;0.13;12.37;3.84;2.16;8.07;2.46;0.00;0.00;0.50;0.60;0.00;11.53;0.34;0.67;31.98;0.43;8.30;2.81;6.29;0.27;0.81;2.11;1.83;2.90;0.33
12:44:36.196;2.73;16.85;11.31;4.22;5.68;4.71;2.76;0.00;0.00;0.00;0.03;0.03;0.03;2.70;7.55;0.68;20.86;17.29;9.65;0.60;0.26;0.03;0.03;0.13;12.41;3.84;2.18;8.09;2.47;0.00;0.00;0.50;0.60;0.00;6.02;0.03;0.03;24.54;0.09;7.67;2.63;5.90;0.11;0.35;0.74;0.86;1.51;0.13
12:44:38.508;2.73;16.85;11.31;4.22;5.68;4.71;2.76;0.00;0.00;0.00;0.03;0.03;0.03;2.68;7.53;0.67;20.77;17.25;9.58;0.60;0.26;0.03;0.03;0.13;12.42;3.84;2.18;8.09;2.47;0.00;0.00;0.50;0.60;0.00;10.55;0.24;0.44;30.85;0.35;11.65;3.75;8.26;0.33;0.99;2.70;2.18;3.39;0.41
12:44:40.818;2.72;16.77;11.27;4.20;5.65;4.70;2.75;0.00;0.00;0.00;0.03;0.03;0.03;2.70;7.54;0.68;20.84;17.28;9.63;0.60;0.26;0.03;0.03;0.13;12.27;3.83;2.13;8.03;2.46;0.00;0.00;0.50;0.59;0.00;13.00;0.56;1.18;33.59;0.57;11.95;3.83;8.43;0.32;0.95;2.56;2.10;3.28;0.39
12:44:43.137;2.72;16.75;11.26;4.20;5.65;4.69;2.75;0.00;0.00;0.00;0.03;0.03;0.03;2.70;7.54;0.68;20.85;17.29;9.64;0.60;0.26;0.03;0.03;0.13;12.32;3.83;2.14;8.05;2.46;0.00;0.00;0.50;0.59;0.00;8.37;0.09;0.15;28.07;0.20;8.63;2.90;6.49;0.22;0.68;1.69;1.55;2.52;0.27
12:44:45.455;2.70;16.63;11.20;4.17;5.61;4.67;2.73;0.00;0.00;0.00;0.03;0.03;0.03;2.65;7.51;0.66;20.69;17.21;9.52;0.59;0.26;0.03;0.03;0.13;12.33;3.83;2.15;8.06;2.46;0.00;0.00;0.50;0.59;0.00;12.97;0.55;1.17;33.56;0.57;7.22;2.49;5.62;0.23;0.69;1.74;1.59;2.57;0.28
12:44:47.787;2.70;16.61;11.19;4.16;5.61;4.66;2.73;0.00;0.00;0.00;0.03;0.03;0.03;2.59;7.48;0.64;20.49;17.12;9.37;0.59;0.26;0.03;0.03;0.13;12.26;3.82;2.12;8.03;2.45;0.00;0.00;0.50;0.59;0.00;12.59;0.49;1.02;33.16;0.53;10.99;3.57;7.88;0.35;1.04;2.87;2.28;3.53;0.43
12:44:50.093;2.71;16.64;11.20;4.17;5.62;4.67;2.73;0.00;0.00;0.00;0.03;0.03;0.03;2.58;7.47;0.64;20.45;17.10;9.34;0.59;0.26;0.03;0.03;0.13;12.17;3.81;2.09;7.99;2.45;0.00;0.00;0.50;0.59;0.00;9.14;0.14;0.22;29.10;0.25;12.02;3.85;8.48;0.27;0.81;2.11;1.83;2.91;0.33
12:44:52.389;2.70;16.61;11.19;4.16;5.61;4.67;2.73;0.00;0.00;0.00;0.03;0.03;0.03;2.60;7.48;0.65;20.52;17.14;9.40;0.59;0.26;0.03;0.03;0.13;12.22;3.82;2.11;8.01;2.45;0.00;0.00;0.50;0.59;0.00;10.48;0.23;0.43;30.76;0.34;7.37;2.54;5.71;0.12;0.39;0.86;0.95;1.65;0.15
12:44:54.704;2.70;16.60;11.18;4.16;5.60;4.66;2.73;0.00;0.00;0.00;0.03;0.03;0.03;2.56;7.46;0.63;20.37;17.07;9.29;0.58;0.25;0.03;0.03;0.13;12.16;3.81;2.09;7.99;2.45;0.00;0.00;0.50;0.59;0.00;9.71;0.17;0.30;29.83;0.29;7.86;2.68;6.02;0.14;0.43;0.97;1.04;1.78;0.17
12:44:57.029;2.70;16.60;11.18;4.16;5.60;4.66;2.73;0.00;0.00;0.00;0.03;0.03;0.03;2.55;7.45;0.63;20.34;17.05;9.27;0.58;0.25;0.03;0.03;0.13;12.22;3.82;2.11;8.01;2.45;0.00;0.00;0.50;0.59;0.00;19.68;2.96;8.38;39.78;1.52;10.68;3.48;7.70;0.36;1.08;3.01;2.36;3.63;0.45
12:44:59.343;2.70;16.60;11.18;4.16;5.60;4.66;2.73;0.00;0.00;0.00;0.02;0.03;0.03;2.50;7.42;0.61;20.17;16.98;9.14;0.58;0.25;0.03;0.03;0.13;12.31;3.83;2.14;8.05;2.46;0.00;0.00;0.50;0.59;0.00;12.19;0.43;0.87;32.72;0.49;9.05;3.02;6.74;0.28;0.86;2.26;1.92;3.04;0.35
12:45:01.663;2.69;16.52;11.14;4.14;5.58;4.65;2.72;0.00;0.00;0.00;0.02;0.03;0.03;2.51;7.43;0.61;20.22;17.00;9.18;0.58;0.25;0.03;0.03;0.13;12.18;3.81;2.09;7.99;2.45;0.00;0.00;0.50;0.59;0.00;8.75;0.11;0.18;28.59;0.22;10.89;3.54;7.83;0.30;0.91;2.43;2.03;3.18;0.37
12:45:03.982;2.70;16.55;11.15;4.15;5.59;4.65;2.72;0.00;0.00;0.00;0.02;0.03;0.03;2.49;7.42;0.61;20.15;16.97;9.13;0.58;0.25;0.03;0.03;0.13;12.15;3.81;2.08;7.98;2.45;0.00;0.00;0.50;0.59;0.00;11.64;0.36;0.70;32.11;0.44;8.91;2.98;6.66;0.30;0.91;2.45;2.04;3.19;0.38
12:45:06.265;2.70;16.55;11.16;4.15;5.59;4.65;2.72;0.00;0.00;0.00;0.02;0.03;0.03;2.44;7.38;0.59;19.97;16.88;9.00;0.58;0.25;0.03;0.03;0.13;12.22;3.82;2.11;8.01;2.45;0.00;0.00;0.50;0.59;0.00;13.00;0.56;1.18;33.59;0.57;9.50;3.15;7.01;0.10;0.34;0.71;0.83;1.46;0.13
