4.54;34.21;19.73;7.99;10.67;7.81;4.62;0.00;0.00;0.00;0.08;0.07;0.08;58.16;14.41;64.86;76.60;35.20;77.80;11.97;1.37;3.00;0.45;0.67;53.12;7.02;47.13;19.85;4.37;0.02;0.05;0.70;0.81;0.01;11.33;0.32;0.62;31.76;0.41;4.91;1.80;4.12;0.05;0.17;0.30;0.48;0.85;0.06;
3.07;19.86;12.87;4.89;6.58;5.30;3.11;0.00;0.00;0.00;0.04;0.04;0.04;5.03;8.60;1.72;27.14;19.96;14.72;5.15;0.86;0.81;0.20;0.43;17.64;4.48;4.58;10.05;2.83;0.00;0.01;0.53;0.63;0.00;14.37;0.84;1.90;34.99;0.72;6.45;2.26;5.12;0.41;1.20;3.43;2.60;3.95;0.50;
2.86;18.01;11.92;4.48;6.02;4.94;2.90;0.00;0.00;0.00;0.03;0.04;0.04;3.24;7.84;0.89;22.52;18.03;10.91;4.42;0.79;0.64;0.20;0.39;14.56;4.11;3.05;8.93;2.63;0.00;0.01;0.50;0.60;0.00;20.24;3.31;9.56;40.23;1.63;6.29;2.22;5.03;0.96;2.69;9.35;5.38;7.43;1.21;
2.84;17.67;11.74;4.40;5.92;4.87;2.86;0.00;0.00;0.00;0.03;0.04;0.04;2.97;7.70;0.79;21.71;17.67;10.29;4.29;0.77;0.61;0.17;0.39;13.93;4.03;2.78;8.69;2.58;0.00;0.00;0.50;0.60;0.00;14.91;0.97;2.26;35.52;0.79;5.35;1.93;4.42;0.71;2.01;6.53;4.15;5.93;0.88;
2.84;17.60;11.71;4.39;5.90;4.86;2.85;0.00;0.00;0.00;0.03;0.04;0.04;2.92;7.67;0.77;21.55;17.60;10.17;4.23;0.77;0.60;0.17;0.38;13.90;4.03;2.77;8.68;2.58;0.00;0.00;0.50;0.59;0.00;23.62;6.17;19.83;42.85;2.35;7.31;2.52;5.68;1.24;3.39;12.47;6.63;8.92;1.55;
2.81;17.58;11.70;4.38;5.90;4.86;2.85;0.00;0.00;0.00;0.03;0.04;0.04;2.91;7.67;0.76;21.52;17.59;10.14;4.19;0.76;0.59;0.17;0.38;13.81;4.02;2.73;8.64;2.58;0.00;0.00;0.50;0.59;0.00;25.63;8.58;29.16;44.30;2.85;7.47;2.58;5.78;1.00;2.77;9.71;5.53;7.61;1.25;
2.81;17.58;11.70;4.38;5.90;4.86;2.85;0.00;0.00;0.00;0.03;0.04;0.04;2.86;7.63;0.74;21.35;17.51;10.01;4.20;0.76;0.59;0.17;0.38;13.79;4.01;2.72;8.63;2.58;0.00;0.00;0.50;0.59;0.00;27.65;11.63;41.70;45.69;3.41;8.20;2.77;6.21;1.15;3.17;11.48;6.25;8.46;1.45;
2.81;17.58;11.70;4.38;5.90;4.86;2.85;0.00;0.00;0.00;0.03;0.04;0.04;2.79;7.60;0.72;21.15;17.42;9.86;4.20;0.76;0.58;0.17;0.38;13.60;3.99;2.64;8.56;2.56;0.00;0.00;0.50;0.59;0.00;23.63;6.20;19.86;42.86;2.35;5.34;1.93;4.41;1.08;2.98;10.67;5.92;8.07;1.35;
2.81;17.58;11.70;4.38;5.90;4.86;2.85;0.00;0.00;0.00;0.03;0.04;0.04;2.83;7.62;0.73;21.27;17.48;9.96;4.20;0.76;0.58;0.17;0.38;13.75;4.01;2.70;8.61;2.58;0.00;0.00;0.50;0.59;0.00;32.29;21.71;86.76;48.68;4.92;4.99;1.84;4.17;1.34;3.64;13.67;7.10;9.45;1.68;
2.81;17.54;11.68;4.37;5.89;4.85;2.84;0.00;0.00;0.00;0.03;0.04;0.04;2.76;7.58;0.71;21.05;17.38;9.79;4.20;0.76;0.58;0.17;0.38;13.78;4.01;2.71;8.63;2.58;0.00;0.00;0.50;0.59;0.00;19.30;2.74;7.64;39.46;1.46;5.83;2.08;4.73;1.72;4.61;18.33;8.77;11.37;2.17;
2.81;17.53;11.67;4.37;5.88;4.85;2.84;0.00;0.00;0.00;0.03;0.04;0.04;2.78;7.59;0.71;21.10;17.39;9.84;4.20;0.76;0.58;0.17;0.38;13.87;4.02;2.75;8.67;2.58;0.00;0.00;0.50;0.59;0.00;9.68;0.17;0.30;29.79;0.29;4.58;1.69;3.89;0.33;0.98;2.67;2.16;3.36;0.40;
2.80;17.49;11.65;4.36;5.87;4.84;2.84;0.00;0.00;0.00;0.03;0.04;0.04;2.75;7.58;0.70;21.01;17.36;9.76;4.12;0.76;0.58;0.17;0.38;13.71;4.01;2.69;8.60;2.56;0.00;0.00;0.50;0.59;0.00;9.05;0.13;0.21;28.97;0.24;3.13;1.22;2.86;0.08;0.29;0.55;0.69;1.25;0.10;
2.80;17.41;11.61;4.34;5.85;4.84;2.83;0.00;0.00;0.00;0.03;0.04;0.04;2.75;7.58;0.70;21.00;17.35;9.75;4.10;0.75;0.58;0.17;0.38;13.77;4.01;2.71;8.62;2.58;0.00;0.00;0.50;0.59;0.00;14.48;0.86;1.97;35.10;0.74;3.58;1.37;3.20;0.03;0.10;0.15;0.27;0.55;0.03;
2.79;17.36;11.58;4.33;5.83;4.81;2.84;0.00;0.00;0.00;0.03;0.04;0.04;2.75;7.58;0.70;20.99;17.35;9.75;4.10;0.75;0.58;0.17;0.38;13.78;4.01;2.72;8.63;2.58;0.00;0.00;0.50;0.59;0.00;18.16;2.14;5.74;38.49;1.26;4.95;1.81;4.15;0.03;0.10;0.16;0.29;0.58;0.04;
2.79;17.35;11.58;4.33;5.83;4.81;2.84;0.00;0.00;0.00;0.03;0.04;0.04;2.75;7.58;0.70;20.99;17.35;9.75;4.10;0.75;0.58;0.17;0.38;13.69;4.00;2.68;8.59;2.56;0.00;0.00;0.50;0.59;0.00;15.51;1.14;2.73;36.10;0.87;5.29;1.91;4.37;0.08;0.26;0.51;0.67;1.19;0.10;
2.79;17.34;11.58;4.33;5.83;4.81;2.84;0.00;0.00;0.00;0.03;0.04;0.04;2.75;7.58;0.70;20.99;17.35;9.75;4.10;0.75;0.58;0.17;0.38;13.50;3.98;2.60;8.52;2.55;0.00;0.00;0.50;0.59;0.00;18.13;2.13;5.70;38.47;1.26;6.33;2.23;5.05;0.52;1.50;4.53;3.20;4.70;0.64;
2.79;17.34;11.58;4.33;5.83;4.81;2.84;0.00;0.00;0.00;0.03;0.04;0.04;2.75;7.58;0.70;20.99;17.35;9.75;4.10;0.75;0.58;0.17;0.38;13.63;4.00;2.67;8.58;2.56;0.00;0.00;0.50;0.59;0.00;26.48;9.77;34.00;44.89;3.08;6.21;2.19;4.98;1.10;3.00;10.75;5.96;8.12;1.36;
2.79;17.34;11.58;4.33;5.83;4.81;2.84;0.00;0.00;0.00;0.03;0.04;0.04;2.75;7.58;0.70;20.99;17.35;9.75;4.10;0.75;0.58;0.17;0.38;13.75;4.01;2.70;8.62;2.58;0.00;0.00;0.50;0.59;0.00;26.20;9.37;32.37;44.70;3.00;8.45;2.85;6.38;1.26;3.45;12.74;6.74;9.03;1.58;
2.79;17.34;11.58;4.33;5.83;4.81;2.84;0.00;0.00;0.00;0.03;0.04;0.04;2.75;7.58;0.70;20.99;17.35;9.75;4.10;0.75;0.58;0.17;0.38;13.69;4.00;2.68;8.59;2.56;0.00;0.00;0.50;0.59;0.00;24.95;7.69;25.67;43.84;2.67;8.29;2.80;6.29;0.98;2.73;9.55;5.47;7.54;1.23;
2.79;17.34;11.58;4.33;5.83;4.81;2.84;0.00;0.00;0.00;0.03;0.04;0.04;2.75;7.58;0.70;20.99;17.35;9.75;4.08;0.75;0.56;0.17;0.38;13.76;4.01;2.71;8.62;2.58;0.00;0.00;0.50;0.59;0.00;24.20;6.78;22.15;43.26;2.48;6.77;2.36;5.34;0.56;1.62;4.97;3.40;4.99;0.70;
2.79;17.34;11.58;4.33;5.83;4.81;2.84;0.00;0.00;0.00;0.03;0.04;0.04;2.75;7.58;0.70;20.99;17.35;9.75;4.03;0.75;0.55;0.16;0.37;13.69;4.00;2.68;8.59;2.56;0.00;0.00;0.50;0.59;0.00;27.67;11.67;41.89;45.71;3.42;6.64;2.32;5.26;2.67;6.94;30.48;12.68;15.67;3.37;
2.79;17.34;11.58;4.33;5.83;4.81;2.84;0.00;0.00;0.00;0.03;0.04;0.04;2.75;7.58;0.70;20.99;17.35;9.75;4.03;0.75;0.55;0.16;0.37;13.76;4.01;2.71;8.62;2.58;0.00;0.00;0.50;0.59;0.00;40.47;53.87;251.87;53.38;8.40;5.78;2.07;4.70;1.31;3.56;13.30;6.95;9.29;1.64;
2.79;17.34;11.58;4.33;5.83;4.81;2.84;0.00;0.00;0.00;0.03;0.04;0.04;2.75;7.58;0.70;20.99;17.35;9.75;4.02;0.75;0.55;0.16;0.37;13.87;4.02;2.75;8.67;2.58;0.00;0.00;0.50;0.59;0.00;17.37;1.79;4.65;37.80;1.13;4.99;1.84;4.17;0.13;0.40;0.87;0.96;1.67;0.15;
2.79;17.34;11.58;4.33;5.83;4.81;2.84;0.00;0.00;0.00;0.03;0.04;0.04;2.75;7.58;0.70;20.99;17.35;9.75;4.02;0.75;0.55;0.16;0.37;13.53;3.98;2.61;8.53;2.55;0.00;0.00;0.50;0.59;0.00;29.08;14.25;52.93;46.64;3.84;6.13;2.17;4.93;0.38;1.13;3.20;2.46;3.77;0.47;
2.79;17.34;11.58;4.33;5.83;4.81;2.84;0.00;0.00;0.00;0.03;0.04;0.04;2.75;7.58;0.70;20.99;17.35;9.75;4.02;0.75;0.55;0.16;0.37;13.73;4.01;2.70;8.61;2.58;0.00;0.00;0.50;0.59;0.00;34.33;27.79;115.87;49.91;5.69;7.21;2.49;5.62;0.70;1.98;6.41;4.10;5.86;0.87;
2.79;17.34;11.58;4.33;5.83;4.81;2.84;0.00;0.00;0.00;0.03;0.04;0.04;2.75;7.58;0.70;20.99;17.35;9.75;4.02;0.75;0.55;0.16;0.37;13.68;4.00;2.68;8.59;2.56;0.00;0.00;0.50;0.59;0.00;33.78;26.03;107.32;49.58;5.48;6.20;2.19;4.96;1.90;5.06;20.58;9.54;12.22;2.40;
2.79;17.45;11.58;4.33;5.83;4.81;2.84;0.00;0.00;0.00;0.03;0.04;0.04;2.75;7.58;0.70;20.99;17.35;9.75;4.02;0.75;0.55;0.16;0.37;13.85;4.02;2.75;8.67;2.58;0.00;0.00;0.50;0.59;0.00;17.05;1.67;4.26;37.52;1.10;7.01;2.43;5.49;0.76;2.15;7.07;4.40;6.23;0.95;
2.79;17.54;11.58;4.33;5.83;4.81;2.84;0.00;0.00;0.00;0.03;0.04;0.04;2.75;7.58;0.70;20.99;17.35;9.75;4.02;0.75;0.55;0.16;0.37;13.80;4.02;2.72;8.63;2.58;0.00;0.00;0.50;0.59;0.00;20.06;3.20;9.20;40.10;1.60;3.24;1.26;2.95;0.04;0.13;0.22;0.36;0.70;0.05;
2.79;17.68;11.59;4.34;5.84;4.84;2.84;0.00;0.00;0.00;0.03;0.04;0.04;2.77;7.58;0.71;21.07;17.39;9.81;4.24;0.77;0.60;0.17;0.38;13.88;4.03;2.76;8.67;2.58;0.00;0.00;0.50;0.59;0.00;11.95;0.40;0.80;32.48;0.47;2.67;1.07;2.52;0.06;0.20;0.37;0.51;0.96;0.07;
2.81;18.10;11.68;4.37;5.88;4.85;2.84;0.00;0.00;0.00;0.03;0.04;0.04;2.88;7.65;0.75;21.42;17.54;10.07;4.64;0.81;0.69;0.19;0.40;14.07;4.05;2.84;8.74;2.59;0.00;0.00;0.50;0.59;0.00;27.74;11.78;42.34;45.75;3.45;6.25;2.21;5.00;0.16;0.49;1.12;1.16;1.95;0.19;
2.84;18.16;11.79;4.42;5.95;4.89;2.87;0.00;0.00;0.00;0.03;0.04;0.04;3.04;7.73;0.81;21.92;17.76;10.48;5.04;0.85;0.78;0.20;0.42;14.39;4.10;2.98;8.86;2.61;0.00;0.00;0.50;0.59;0.00;16.22;1.36;3.37;36.76;0.97;4.88;1.79;4.10;0.29;0.85;2.25;1.92;3.03;0.35;
2.84;18.10;11.84;4.43;5.97;4.90;2.87;0.00;0.00;0.00;0.03;0.04;0.04;3.10;7.77;0.84;22.10;17.85;10.59;5.36;0.88;0.86;0.21;0.45;14.55;4.11;3.05;8.92;2.63;0.00;0.00;0.50;0.59;0.00;12.29;0.48;0.91;32.83;0.50;4.60;1.70;3.91;0.34;1.00;2.75;2.21;3.43;0.42;
2.84;18.01;11.84;4.45;5.97;4.90;2.87;0.00;0.00;0.00;0.03;0.04;0.04;3.23;7.83;0.89;22.49;18.02;10.89;5.65;0.90;0.94;0.22;0.48;14.40;4.10;2.98;8.86;2.61;0.00;0.00;0.50;0.59;0.00;9.46;0.16;0.26;29.50;0.27;3.65;1.40;3.25;0.04;0.12;0.20;0.33;0.67;0.04;
2.86;18.04;11.92;4.48;6.03;4.94;2.90;0.00;0.00;0.00;0.03;0.04;0.04;3.26;7.85;0.90;22.58;18.05;10.95;5.91;0.92;1.00;0.23;0.46;14.65;4.12;3.10;8.96;2.63;0.00;0.00;0.50;0.59;0.00;14.12;0.78;1.75;34.74;0.70;2.93;1.16;2.72;0.02;0.08;0.13;0.24;0.49;0.03;
2.87;18.05;11.94;4.49;6.04;4.95;2.90;0.00;0.00;0.00;0.03;0.04;0.04;3.42;7.93;0.97;23.03;18.25;11.31;6.05;0.94;1.04;0.24;0.46;14.79;4.13;3.16;9.01;2.64;0.00;0.00;0.50;0.59;0.00;11.92;0.39;0.79;32.43;0.47;3.42;1.32;3.08;0.02;0.08;0.11;0.22;0.46;0.03;
2.87;18.06;11.95;4.49;6.04;4.95;2.90;0.00;0.00;0.00;0.03;0.04;0.04;3.48;7.94;0.98;23.12;18.29;11.38;6.26;0.96;1.10;0.24;0.47;14.92;4.15;3.21;9.06;2.65;0.00;0.00;0.50;0.59;0.00;18.84;2.48;6.84;39.07;1.38;3.60;1.38;3.21;0.02;0.07;0.11;0.21;0.45;0.02;
2.87;18.06;11.95;4.49;6.04;4.95;2.90;0.00;0.00;0.00;0.03;0.04;0.04;3.46;7.95;0.98;23.14;18.30;11.40;6.40;0.97;1.13;0.25;0.48;14.95;4.15;3.23;9.07;2.65;0.00;0.00;0.50;0.59;0.00;14.87;0.96;2.23;35.48;0.79;3.84;1.46;3.38;0.03;0.11;0.20;0.30;0.61;0.04;
2.87;18.06;11.95;4.49;6.04;4.95;2.90;0.00;0.00;0.00;0.03;0.04;0.04;3.46;7.95;0.98;23.14;18.30;11.40;6.49;0.97;1.16;0.25;0.48;14.95;4.15;3.23;9.07;2.65;0.00;0.00;0.50;0.59;0.00;8.21;0.10;0.14;27.85;0.19;3.35;1.30;3.03;0.05;0.15;0.27;0.41;0.79;0.06;
2.87;18.06;11.95;4.49;6.04;4.95;2.90;0.00;0.00;0.00;0.03;0.04;0.04;3.55;7.99;1.02;23.42;18.42;11.62;6.54;0.98;1.17;0.25;0.48;14.95;4.15;3.23;9.07;2.65;0.00;0.00;0.50;0.59;0.00;16.16;1.34;3.31;36.71;0.96;3.26;1.27;2.97;0.03;0.12;0.19;0.32;0.63;0.04;
2.88;18.14;11.99;4.51;6.06;4.97;2.91;0.00;0.00;0.00;0.03;0.04;0.04;3.64;8.03;1.06;23.65;18.52;11.81;6.65;0.99;1.20;0.26;0.49;14.95;4.15;3.23;9.07;2.65;0.00;0.00;0.50;0.59;0.00;24.54;7.19;23.74;43.52;2.58;4.87;1.78;4.10;0.10;0.29;0.59;0.72;1.30;0.11;
2.89;18.29;12.06;4.54;6.10;4.99;2.93;0.00;0.00;0.00;0.04;0.04;0.04;3.67;8.04;1.07;23.70;18.54;11.84;6.67;0.99;1.21;0.26;0.49;15.25;4.19;3.36;9.20;2.67;0.00;0.00;0.50;0.59;0.00;19.10;2.62;7.26;39.29;1.42;4.64;1.71;3.94;0.11;0.35;0.73;0.85;1.49;0.13;
2.89;18.27;12.05;4.54;6.10;4.99;2.93;0.00;0.00;0.00;0.03;0.04;0.04;3.67;8.04;1.07;23.71;18.54;11.85;6.78;1.00;1.24;0.26;0.49;15.11;4.17;3.30;9.13;2.67;0.00;0.00;0.50;0.59;0.00;15.41;1.11;2.65;36.00;0.86;5.07;1.85;4.23;0.07;0.24;0.46;0.60;1.11;0.10;
2.90;18.30;12.07;4.54;6.11;5.00;2.93;0.00;0.00;0.00;0.03;0.04;0.04;3.67;8.04;1.07;23.71;18.54;11.85;6.80;1.00;1.24;0.26;0.50;14.98;4.16;3.24;9.10;2.67;0.00;0.00;0.50;0.59;0.00;10.38;0.23;0.41;30.65;0.34;4.42;1.64;3.79;0.03;0.10;0.15;0.26;0.54;0.03;
2.90;18.31;12.08;4.55;6.11;5.00;2.93;0.00;0.00;0.00;0.04;0.04;0.04;3.67;8.04;1.07;23.71;18.55;11.85;6.90;1.01;1.29;0.27;0.50;15.14;4.17;3.32;9.15;2.67;0.00;0.00;0.50;0.59;0.00;13.29;0.61;1.31;33.89;0.60;2.74;1.10;2.58;0.04;0.14;0.24;0.38;0.74;0.05;
2.90;18.31;12.08;4.55;6.11;5.00;2.93;0.00;0.00;0.00;0.04;0.04;0.04;3.69;8.06;1.10;23.81;18.58;11.93;6.93;1.01;1.29;0.27;0.50;15.29;4.19;3.38;9.20;2.68;0.00;0.00;0.50;0.59;0.00;14.00;0.75;1.68;34.62;0.68;3.96;1.50;3.46;0.36;1.06;2.94;2.32;3.58;0.45;
2.90;18.31;12.08;4.55;6.11;5.00;2.93;0.00;0.00;0.00;0.04;0.04;0.04;3.77;8.10;1.12;24.01;18.67;12.10;6.93;1.01;1.29;0.27;0.50;15.31;4.19;3.39;9.21;2.68;0.00;0.00;0.50;0.59;0.00;27.05;10.65;37.60;45.29;3.24;5.60;2.01;4.58;0.73;2.06;6.74;4.24;6.05;0.91;
2.90;18.31;12.08;4.55;6.11;5.00;2.93;0.00;0.00;0.00;0.04;0.04;0.04;3.84;8.12;1.14;24.15;18.73;12.20;7.03;1.02;1.31;0.27;0.50;15.22;4.20;3.35;9.17;2.67;0.00;0.00;0.50;0.59;0.00;23.67;6.23;20.04;42.89;2.36;5.92;2.11;4.79;0.48;1.39;4.14;2.98;4.45;0.59;
2.90;18.31;12.08;4.55;6.11;5.00;2.93;0.00;0.00;0.00;0.04;0.04;0.04;3.87;8.14;1.16;24.27;18.78;12.30;7.06;1.02;1.32;0.27;0.51;15.50;4.21;3.48;9.29;2.69;0.00;0.00;0.50;0.59;0.00;25.22;8.03;27.01;44.01;2.74;6.92;2.40;5.43;0.17;0.54;1.29;1.27;2.12;0.21;
2.90;18.31;12.08;4.55;6.11;5.00;2.93;0.00;0.00;0.00;0.04;0.04;0.04;3.87;8.14;1.16;24.29;18.79;12.32;7.06;1.02;1.32;0.27;0.51;15.36;4.20;3.41;9.22;2.68;0.00;0.00;0.50;0.59;0.00;13.19;0.59;1.27;33.79;0.59;4.05;1.52;3.53;0.05;0.17;0.31;0.48;0.86;0.06;
2.90;18.35;12.10;4.56;6.13;5.01;2.94;0.00;0.00;0.00;0.04;0.04;0.04;3.88;8.14;1.17;24.30;18.79;12.32;7.10;1.02;1.33;0.27;0.51;15.33;4.19;3.40;9.21;2.68;0.00;0.00;0.50;0.59;0.00;15.49;1.13;2.71;36.08;0.87;4.00;1.51;3.49;0.02;0.10;0.13;0.24;0.50;0.03;
2.90;18.32;12.08;4.55;6.12;5.00;2.93;0.00;0.00;0.00;0.04;0.04;0.04;3.88;8.14;1.17;24.30;18.79;12.33;7.20;1.03;1.35;0.29;0.51;15.52;4.22;3.49;9.29;2.69;0.00;0.00;0.50;0.59;0.00;11.32;0.32;0.62;31.75;0.41;3.41;1.32;3.07;0.03;0.10;0.15;0.27;0.55;0.03;
2.90;18.31;12.08;4.55;6.12;5.00;2.93;0.00;0.00;0.00;0.04;0.04;0.04;3.88;8.14;1.17;24.30;18.79;12.33;7.19;1.03;1.36;0.29;0.51;15.36;4.20;3.42;9.23;2.68;0.00;0.00;0.50;0.59;0.00;12.20;0.43;0.87;32.71;0.49;3.37;1.30;3.04;0.03;0.10;0.16;0.29;0.58;0.03;
2.91;18.39;12.12;4.56;6.14;5.02;2.94;0.00;0.00;0.00;0.04;0.04;0.04;3.88;8.14;1.17;24.30;18.79;12.33;7.19;1.03;1.36;0.29;0.51;15.43;4.21;3.48;9.25;2.69;0.00;0.00;0.50;0.59;0.00;10.13;0.20;0.37;30.34;0.32;3.52;1.35;3.15;0.06;0.21;0.40;0.54;1.01;0.08;
2.92;18.49;12.17;4.59;6.17;5.04;2.95;0.00;0.00;0.00;0.04;0.04;0.04;3.88;8.14;1.17;24.30;18.79;12.33;7.30;1.04;1.39;0.29;0.51;15.54;4.22;3.50;9.29;2.69;0.00;0.00;0.50;0.59;0.00;19.08;2.62;7.24;39.29;1.42;4.51;1.67;3.85;0.23;0.71;1.79;1.62;2.62;0.29;
2.93;18.55;12.20;4.60;6.20;5.05;2.96;0.00;0.00;0.00;0.04;0.04;0.04;3.88;8.14;1.17;24.30;18.79;12.33;7.32;1.04;1.40;0.29;0.52;15.58;4.22;3.51;9.30;2.70;0.00;0.00;0.50;0.59;0.00;34.22;27.42;114.07;49.85;5.65;5.79;2.07;4.71;0.32;0.95;2.58;2.12;3.30;0.39;
2.93;18.56;12.21;4.60;6.19;5.05;2.96;0.00;0.00;0.00;0.04;0.04;0.04;3.95;8.17;1.20;24.49;18.87;12.48;7.33;1.04;1.40;0.29;0.52;15.58;4.22;3.52;9.30;2.70;0.00;0.00;0.50;0.59;0.00;29.54;15.19;57.03;46.95;3.99;8.06;2.74;6.14;0.39;1.16;3.29;2.52;3.84;0.49;
2.93;18.56;12.21;4.60;6.19;5.05;2.96;0.00;0.00;0.00;0.04;0.04;0.04;3.93;8.16;1.19;24.43;18.85;12.43;7.33;1.04;1.40;0.29;0.52;15.47;4.21;3.47;9.27;2.69;0.00;0.00;0.50;0.59;0.00;16.14;1.33;3.29;36.69;0.95;3.68;1.41;3.27;0.04;0.15;0.25;0.39;0.75;0.05;
2.93;18.56;12.21;4.60;6.19;5.05;2.96;0.00;0.00;0.00;0.04;0.04;0.04;3.99;8.19;1.22;24.61;18.92;12.58;7.37;1.05;1.41;0.29;0.52;15.55;4.22;3.51;9.30;2.70;0.00;0.00;0.50;0.59;0.00;23.95;6.53;21.20;43.10;2.43;5.49;1.98;4.51;0.41;1.21;3.47;2.62;3.98;0.51;
2.93;18.56;12.21;4.60;6.19;5.05;2.96;0.00;0.00;0.00;0.04;0.04;0.04;4.08;8.23;1.26;24.84;19.02;12.77;7.48;1.05;1.43;0.29;0.52;15.58;4.22;3.51;9.30;2.70;0.00;0.00;0.50;0.59;0.00;29.59;15.29;57.49;46.98;4.01;6.80;2.37;5.36;0.31;0.94;2.53;2.10;3.26;0.39;
2.93;18.56;12.21;4.60;6.19;5.05;2.96;0.00;0.00;0.00;0.04;0.04;0.04;4.10;8.24;1.27;24.88;19.04;12.80;7.46;1.05;1.45;0.29;0.52;15.47;4.21;3.47;9.27;2.69;0.00;0.00;0.50;0.59;0.00;9.01;0.13;0.21;28.93;0.24;3.21;1.25;2.93;0.25;0.77;1.97;1.74;2.78;0.31;
2.93;18.56;12.21;4.60;6.19;5.05;2.96;0.00;0.00;0.00;0.04;0.04;0.04;4.10;8.24;1.27;24.89;19.04;12.81;7.46;1.05;1.45;0.29;0.52;15.55;4.22;3.51;9.30;2.70;0.00;0.00;0.50;0.59;0.00;19.39;2.79;7.84;39.54;1.47;5.87;2.10;4.76;0.49;1.42;4.24;3.03;4.51;0.61;
2.93;18.56;12.21;4.60;6.19;5.05;2.96;0.00;0.00;0.00;0.04;0.04;0.04;4.10;8.24;1.27;24.89;19.04;12.81;7.49;1.06;1.48;0.29;0.52;15.58;4.22;3.51;9.30;2.70;0.00;0.00;0.50;0.59;0.00;16.51;1.46;3.67;37.03;1.01;4.17;1.56;3.61;0.07;0.24;0.48;0.62;1.14;0.10;
2.93;18.56;12.21;4.60;6.19;5.05;2.96;0.00;0.00;0.00;0.04;0.04;0.04;4.11;8.24;1.27;24.89;19.04;12.81;7.54;1.06;1.46;0.29;0.52;15.58;4.22;3.52;9.30;2.70;0.00;0.00;0.50;0.59;0.00;29.70;15.52;58.50;47.05;4.04;5.83;2.08;4.73;0.45;1.29;3.76;2.78;4.20;0.55;
2.93;18.56;12.21;4.60;6.19;5.05;2.96;0.00;0.00;0.00;0.04;0.04;0.04;4.11;8.24;1.27;24.89;19.04;12.81;7.59;1.06;1.48;0.29;0.53;15.58;4.22;3.52;9.30;2.70;0.00;0.00;0.50;0.59;0.00;13.85;0.72;1.60;34.47;0.67;3.58;1.37;3.19;0.05;0.15;0.27;0.41;0.79;0.06;
2.93;18.60;12.23;4.61;6.20;5.06;2.97;0.00;0.00;0.00;0.04;0.04;0.04;4.11;8.24;1.27;24.89;19.04;12.81;7.60;1.06;1.48;0.29;0.53;15.58;4.22;3.52;9.30;2.70;0.00;0.00;0.50;0.59;0.00;19.83;3.06;8.70;39.90;1.55;5.16;1.87;4.29;0.06;0.20;0.36;0.51;0.96;0.07;
2.93;18.58;12.21;4.61;6.19;5.05;2.96;0.00;0.00;0.00;0.04;0.04;0.04;4.11;8.24;1.27;24.89;19.04;12.81;7.60;1.06;1.48;0.29;0.53;15.58;4.22;3.52;9.30;2.70;0.00;0.00;0.50;0.59;0.00;29.84;15.77;59.62;47.13;4.08;5.81;2.07;4.72;0.22;0.67;1.64;1.53;2.48;0.27;
2.93;18.61;12.23;4.61;6.20;5.06;2.97;0.00;0.00;0.00;0.04;0.04;0.04;4.11;8.24;1.27;24.89;19.04;12.81;7.63;1.07;1.49;0.29;0.53;15.67;4.23;3.56;9.34;2.70;0.00;0.00;0.50;0.59;0.00;11.06;0.29;0.55;31.48;0.39;5.19;1.88;4.31;0.14;0.45;0.98;1.05;1.79;0.17;
2.93;18.61;12.23;4.61;6.20;5.06;2.97;0.00;0.00;0.00;0.04;0.04;0.04;4.11;8.24;1.27;24.89;19.04;12.81;7.68;1.07;1.50;0.29;0.53;15.49;4.21;3.48;9.27;2.69;0.00;0.00;0.50;0.59;0.00;8.25;0.10;0.14;27.91;0.20;3.49;1.34;3.13;0.06;0.19;0.35;0.50;0.94;0.07;
2.95;18.78;12.32;4.65;6.25;5.10;2.99;0.00;0.00;0.00;0.04;0.04;0.04;4.11;8.24;1.27;24.89;19.04;12.81;7.73;1.07;1.52;0.30;0.53;15.55;4.22;3.51;9.30;2.70;0.00;0.00;0.50;0.59;0.00;20.90;3.77;11.13;40.77;1.76;3.86;1.46;3.40;0.08;0.26;0.52;0.67;1.20;0.10;
2.95;18.81;12.34;4.67;6.26;5.10;2.99;0.00;0.00;0.00;0.04;0.04;0.04;4.11;8.24;1.27;24.89;19.04;12.81;7.74;1.08;1.52;0.30;0.53;15.67;4.23;3.56;9.34;2.70;0.00;0.00;0.50;0.59;0.00;7.67;0.07;0.10;27.10;0.16;2.97;1.17;2.75;0.24;0.74;1.88;1.68;2.70;0.30;
2.96;18.84;12.34;4.67;6.26;5.10;2.99;0.00;0.00;0.00;0.04;0.04;0.04;4.11;8.24;1.27;24.89;19.04;12.81;7.75;1.08;1.52;0.30;0.53;15.59;4.22;3.53;9.31;2.70;0.00;0.00;0.50;0.59;0.00;9.88;0.19;0.32;30.03;0.30;4.78;1.76;4.03;0.34;1.00;2.75;2.21;3.43;0.42;
2.96;18.84;12.34;4.67;6.27;5.10;2.99;0.00;0.00;0.00;0.04;0.04;0.04;4.14;8.26;1.29;24.99;19.08;12.89;7.75;1.08;1.52;0.30;0.53;15.58;4.22;3.52;9.31;2.70;0.00;0.00;0.50;0.59;0.00;10.47;0.23;0.43;30.76;0.34;4.20;1.58;3.62;0.52;1.51;4.56;3.20;4.72;0.65;
2.96;18.84;12.34;4.67;6.27;5.10;2.99;0.00;0.00;0.00;0.04;0.04;0.04;4.23;8.29;1.33;25.20;19.17;13.07;7.77;1.08;1.53;0.30;0.53;15.67;4.23;3.58;9.34;2.70;0.00;0.00;0.50;0.59;0.00;22.73;5.29;16.55;42.19;2.15;6.73;2.35;5.31;0.25;0.75;1.92;1.70;2.73;0.30;
2.96;18.84;12.34;4.67;6.27;5.10;2.99;0.00;0.00;0.00;0.04;0.04;0.04;4.32;8.33;1.37;25.45;19.27;13.27;7.87;1.08;1.56;0.30;0.54;15.59;4.22;3.53;9.31;2.70;0.00;0.00;0.50;0.59;0.00;39.46;48.65;223.49;52.83;7.91;5.96;2.12;4.84;0.11;0.34;0.73;0.84;1.48;0.13;
2.96;18.84;12.34;4.67;6.27;5.10;2.99;0.00;0.00;0.00;0.04;0.04;0.04;4.34;8.34;1.38;25.49;19.29;13.31;7.89;1.10;1.58;0.30;0.54;15.68;4.23;3.58;9.34;2.70;0.00;0.00;0.50;0.59;0.00;11.24;0.31;0.60;31.65;0.40;2.95;1.16;2.73;0.05;0.16;0.27;0.42;0.80;0.06;
2.96;18.84;12.34;4.67;6.27;5.10;2.99;0.00;0.00;0.00;0.04;0.04;0.04;4.35;8.34;1.38;25.50;19.30;13.32;7.89;1.10;1.58;0.30;0.54;15.59;4.22;3.53;9.31;2.70;0.00;0.00;0.50;0.59;0.00;10.99;0.29;0.54;31.36;0.38;4.19;1.58;3.63;0.04;0.15;0.26;0.40;0.78;0.05;
2.96;18.84;12.34;4.67;6.27;5.10;2.99;0.00;0.00;0.00;0.04;0.04;0.04;4.35;8.34;1.38;25.50;19.30;13.32;7.89;1.10;1.58;0.30;0.54;15.58;4.22;3.52;9.31;2.70;0.00;0.00;0.50;0.59;0.00;21.60;4.31;13.02;41.32;1.90;7.14;2.47;5.58;0.50;1.46;4.37;3.10;4.60;0.62;
2.96;18.84;12.34;4.67;6.27;5.10;2.99;0.00;0.00;0.00;0.04;0.04;0.04;4.35;8.34;1.38;25.50;19.30;13.32;7.89;1.10;1.58;0.30;0.54;15.47;4.21;3.47;9.27;2.69;0.00;0.00;0.50;0.59;0.00;37.04;37.70;165.73;51.48;6.81;5.69;2.04;4.64;0.10;0.33;0.69;0.81;1.43;0.12;
2.96;18.84;12.34;4.67;6.27;5.10;2.99;0.00;0.00;0.00;0.04;0.04;0.04;4.35;8.34;1.38;25.50;19.30;13.32;7.89;1.10;1.58;0.30;0.54;15.55;4.22;3.51;9.30;2.70;0.00;0.00;0.50;0.59;0.00;13.55;0.67;1.45;34.17;0.63;3.32;1.29;3.01;0.07;0.22;0.42;0.56;1.04;0.08;
2.96;18.84;12.34;4.67;6.27;5.10;2.99;0.00;0.00;0.00;0.04;0.04;0.04;4.35;8.34;1.38;25.50;19.30;13.32;7.94;1.10;1.58;0.30;0.54;15.58;4.22;3.51;9.30;2.70;0.00;0.00;0.50;0.59;0.00;12.65;0.50;1.04;33.22;0.54;4.06;1.53;3.53;0.05;0.20;0.33;0.48;0.90;0.07;
2.96;18.86;12.36;4.67;6.29;5.11;3.00;0.00;0.00;0.00;0.04;0.04;0.04;4.35;8.34;1.38;25.50;19.30;13.32;7.99;1.10;1.60;0.30;0.54;15.58;4.22;3.52;9.30;2.70;0.00;0.00;0.50;0.59;0.00;13.99;0.75;1.68;34.61;0.68;3.95;1.49;3.46;0.11;0.35;0.74;0.86;1.50;0.13;
2.96;18.83;12.34;4.67;6.27;5.10;2.99;0.00;0.00;0.00;0.04;0.04;0.04;4.35;8.34;1.38;25.50;19.30;13.32;7.91;1.10;1.58;0.30;0.54;15.58;4.22;3.52;9.30;2.70;0.00;0.00;0.50;0.59;0.00;14.17;0.79;1.78;34.79;0.70;4.67;1.72;3.95;0.10;0.29;0.56;0.70;1.26;0.10;
2.96;18.84;12.34;4.67;6.27;5.10;2.99;0.00;0.00;0.00;0.04;0.04;0.04;4.19;8.29;1.31;25.11;19.13;12.99;7.78;1.08;1.53;0.30;0.53;15.58;4.22;3.52;9.30;2.70;0.00;0.00;0.50;0.59;0.00;17.78;1.97;5.20;38.17;1.20;5.68;2.03;4.63;0.37;1.10;3.08;2.40;3.69;0.46;
2.96;18.84;12.34;4.67;6.27;5.10;2.99;0.00;0.00;0.00;0.04;0.04;0.04;4.12;8.25;1.29;24.94;19.06;12.85;7.53;1.06;1.46;0.29;0.52;15.58;4.22;3.52;9.30;2.70;0.00;0.00;0.50;0.59;0.00;13.54;0.67;1.45;34.16;0.63;3.86;1.46;3.40;0.06;0.19;0.34;0.48;0.92;0.07;
2.96;18.84;12.34;4.67;6.27;5.10;2.99;0.00;0.00;0.00;0.04;0.04;0.04;4.11;8.24;1.27;24.90;19.05;12.84;7.37;1.05;1.41;0.29;0.52;15.58;4.22;3.52;9.30;2.70;0.00;0.00;0.50;0.59;0.00;23.10;5.64;17.84;42.46;2.23;5.58;2.00;4.56;0.71;2.01;6.50;4.14;5.91;0.88;
2.96;18.84;12.34;4.67;6.27;5.10;2.99;0.00;0.00;0.00;0.04;0.04;0.04;4.11;8.24;1.27;24.90;19.04;12.84;7.23;1.03;1.37;0.29;0.51;15.27;4.19;3.37;9.19;2.68;0.00;0.00;0.50;0.59;0.00;7.72;0.07;0.10;27.16;0.17;2.94;1.16;2.73;0.16;0.50;1.15;1.17;1.98;0.19;
2.96;18.84;12.34;4.67;6.27;5.10;2.99;0.00;0.00;0.00;0.04;0.04;0.04;4.11;8.24;1.27;24.89;19.04;12.81;7.10;1.02;1.33;0.27;0.51;15.02;4.16;3.26;9.10;2.67;0.00;0.00;0.50;0.59;0.00;19.29;2.73;7.62;39.48;1.48;6.96;2.42;5.46;0.39;1.16;3.29;2.52;3.84;0.49;
2.96;18.84;12.34;4.67;6.27;5.10;2.99;0.00;0.00;0.00;0.04;0.04;0.04;4.11;8.24;1.27;24.89;19.04;12.81;6.96;1.01;1.29;0.27;0.50;15.06;4.16;3.29;9.12;2.67;0.00;0.00;0.50;0.59;0.00;9.99;0.19;0.34;30.17;0.31;4.77;1.75;4.02;0.07;0.24;0.46;0.60;1.11;0.10;
2.95;18.74;12.30;4.64;6.24;5.08;2.98;0.00;0.00;0.00;0.04;0.04;0.04;4.11;8.24;1.27;24.89;19.04;12.81;6.86;1.00;1.26;0.27;0.50;14.97;4.15;3.24;9.08;2.67;0.00;0.00;0.50;0.59;0.00;16.37;1.41;3.52;36.90;0.99;6.68;2.34;5.29;0.58;1.64;5.08;3.46;5.06;0.71;
2.94;18.68;12.27;4.63;6.22;5.07;2.97;0.00;0.00;0.00;0.04;0.04;0.04;4.03;8.21;1.23;24.70;18.96;12.67;6.81;1.00;1.25;0.26;0.50;15.05;4.16;3.27;9.11;2.67;0.00;0.00;0.50;0.59;0.00;7.13;0.05;0.07;26.30;0.14;3.76;1.43;3.32;0.49;1.43;4.29;3.05;4.54;0.61;
2.93;18.59;12.22;4.61;6.20;5.05;2.96;0.00;0.00;0.00;0.04;0.04;0.04;3.91;8.15;1.20;24.38;18.83;12.39;6.71;0.99;1.22;0.26;0.49;14.97;4.15;3.24;9.08;2.67;0.00;0.00;0.50;0.59;0.00;11.50;0.34;0.67;31.96;0.43;3.52;1.35;3.15;0.20;0.56;1.33;1.31;2.17;0.22;
2.93;18.58;12.21;4.60;6.19;5.05;2.96;0.00;0.00;0.00;0.04;0.04;0.04;3.88;8.14;1.17;24.31;18.80;12.34;6.59;0.98;1.20;0.26;0.49;14.96;4.15;3.23;9.08;2.65;0.00;0.00;0.50;0.59;0.00;30.77;17.89;69.10;47.73;4.39;4.48;1.67;3.84;0.05;0.16;0.29;0.42;0.84;0.06;
2.93;18.56;12.21;4.60;6.19;5.05;2.96;0.00;0.00;0.00;0.04;0.04;0.04;3.88;8.14;1.17;24.30;18.79;12.33;6.46;0.97;1.15;0.25;0.48;14.95;4.15;3.23;9.07;2.65;0.00;0.00;0.50;0.59;0.00;5.78;0.02;0.03;24.14;0.08;4.60;1.70;3.91;0.84;2.36;7.98;4.80;6.73;1.05;
2.93;18.56;12.21;4.60;6.19;5.05;2.96;0.00;0.00;0.00;0.04;0.04;0.04;3.88;8.14;1.17;24.30;18.79;12.33;6.38;0.97;1.13;0.25;0.48;14.95;4.15;3.23;9.07;2.65;0.00;0.00;0.50;0.59;0.00;14.00;0.75;1.68;34.62;0.68;3.26;1.27;2.97;0.03;0.11;0.20;0.30;0.61;0.04;
2.93;18.56;12.21;4.60;6.19;5.05;2.96;0.00;0.00;0.00;0.04;0.04;0.04;3.88;8.14;1.17;24.30;18.79;12.33;6.33;0.96;1.11;0.25;0.48;14.95;4.15;3.23;9.07;2.65;0.00;0.00;0.50;0.59;0.00;29.07;14.22;52.81;46.64;3.84;7.00;2.43;5.48;0.17;0.54;1.26;1.26;2.10;0.21;
2.93;18.56;12.21;4.60;6.19;5.05;2.96;0.00;0.00;0.00;0.04;0.04;0.04;3.88;8.14;1.17;24.30;18.79;12.33;6.23;0.95;1.10;0.24;0.47;14.76;4.13;3.14;9.00;2.64;0.00;0.00;0.50;0.59;0.00;24.33;6.96;22.83;43.38;2.52;7.19;2.48;5.60;0.61;1.76;5.51;3.67;5.32;0.76;
2.93;18.56;12.21;4.60;6.19;5.05;2.96;0.00;0.00;0.00;0.04;0.04;0.04;3.88;8.14;1.17;24.30;18.79;12.33;6.15;0.95;1.07;0.24;0.47;14.72;4.12;3.12;8.99;2.64;0.00;0.00;0.50;0.59;0.00;8.96;0.13;0.20;28.86;0.24;2.78;1.11;2.61;0.08;0.27;0.53;0.67;1.22;0.10;
2.93;18.56;12.21;4.60;6.19;5.05;2.96;0.00;0.00;0.00;0.04;0.04;0.04;3.88;8.14;1.17;24.30;18.79;12.33;6.10;0.94;1.05;0.24;0.47;14.71;4.12;3.12;8.98;2.64;0.00;0.00;0.50;0.59;0.00;18.83;2.48;6.84;39.07;1.37;5.96;2.12;4.84;0.16;0.49;1.12;1.16;1.95;0.19;
2.93;18.56;12.21;4.60;6.19;5.05;2.96;0.00;0.00;0.00;0.04;0.04;0.04;3.77;8.10;1.12;24.02;18.67;12.10;6.00;0.93;1.02;0.24;0.46;14.90;4.15;3.21;9.06;2.65;0.00;0.00;0.50;0.59;0.00;9.26;0.14;0.24;29.25;0.26;3.62;1.39;3.22;0.12;0.38;0.81;0.91;1.59;0.14;
2.92;18.52;12.19;4.59;6.20;5.04;2.96;0.00;0.00;0.00;0.04;0.04;0.04;3.72;8.07;1.10;23.87;18.61;11.98;5.98;0.93;1.02;0.23;0.46;14.75;4.13;3.14;9.00;2.64;0.00;0.00;0.50;0.59;0.00;20.74;3.67;10.75;40.64;1.73;5.63;2.02;4.60;0.33;1.00;2.73;2.20;3.42;0.41;
2.91;18.43;12.14;4.58;6.15;5.03;2.95;0.00;0.00;0.00;0.04;0.04;0.04;3.67;8.05;1.08;23.74;18.56;11.88;5.89;0.92;0.99;0.23;0.46;14.72;4.12;3.12;8.99;2.64;0.00;0.00;0.50;0.59;0.00;38.67;44.86;203.21;52.40;7.54;7.10;2.46;5.54;0.29;0.88;2.33;1.96;3.10;0.36;
2.91;18.46;12.15;4.58;6.16;5.03;2.95;0.00;0.00;0.00;0.04;0.04;0.04;3.67;8.04;1.07;23.72;18.55;11.86;5.83;0.92;0.98;0.23;0.46;14.62;4.11;3.08;8.95;2.63;0.00;0.00;0.50;0.59;0.00;19.91;3.10;8.86;39.97;1.58;5.41;1.95;4.46;0.15;0.47;1.06;1.11;1.88;0.20;
2.90;18.34;12.10;4.55;6.12;5.01;2.93;0.00;0.00;0.00;0.04;0.04;0.04;3.67;8.04;1.07;23.72;18.55;11.86;5.77;0.91;0.96;0.23;0.48;14.50;4.10;3.03;8.90;2.62;0.00;0.00;0.50;0.59;0.00;13.04;0.58;1.20;33.63;0.58;3.56;1.37;3.20;0.08;0.25;0.48;0.63;1.15;0.10;
2.90;18.32;12.08;4.55;6.12;5.00;2.93;0.00;0.00;0.00;0.04;0.04;0.04;3.67;8.04;1.07;23.71;18.55;11.85;5.67;0.90;0.94;0.22;0.48;14.58;4.11;3.06;8.93;2.63;0.00;0.00;0.50;0.59;0.00;16.58;1.48;3.72;37.08;1.02;5.13;1.87;4.27;0.15;0.47;1.06;1.11;1.88;0.20;
2.90;18.31;12.08;4.55;6.12;5.00;2.93;0.00;0.00;0.00;0.04;0.04;0.04;3.67;8.04;1.07;23.71;18.55;11.85;5.65;0.90;0.93;0.22;0.48;14.40;4.10;2.98;8.87;2.61;0.00;0.00;0.50;0.59;0.00;18.40;2.26;6.10;38.70;1.30;5.71;2.04;4.65;0.03;0.11;0.20;0.30;0.61;0.04;
2.90;18.31;12.08;4.55;6.11;5.00;2.93;0.00;0.00;0.00;0.04;0.04;0.04;3.67;8.04;1.07;23.71;18.55;11.85;5.56;0.89;0.91;0.22;0.45;14.37;4.08;2.97;8.85;2.61;0.00;0.00;0.50;0.59;0.00;25.00;7.76;25.93;43.86;2.69;5.10;1.86;4.25;0.10;0.29;0.59;0.73;1.30;0.11;
2.90;18.31;12.08;4.55;6.11;5.00;2.93;0.00;0.00;0.00;0.04;0.04;0.04;3.67;8.04;1.07;23.71;18.55;11.85;5.55;0.89;0.91;0.22;0.45;14.48;4.10;3.00;8.89;2.62;0.00;0.00;0.50;0.59;0.00;35.26;30.92;131.35;50.46;6.06;6.80;2.37;5.35;0.20;0.61;1.47;1.41;2.31;0.24;
2.90;18.31;12.08;4.55;6.11;5.00;2.93;0.00;0.00;0.00;0.04;0.04;0.04;3.67;8.04;1.07;23.71;18.55;11.85;5.46;0.89;0.89;0.22;0.45;14.38;4.08;2.97;8.86;2.61;0.00;0.00;0.50;0.59;0.00;33.23;24.36;99.27;49.25;5.27;5.36;1.94;4.42;0.34;1.02;2.81;2.25;3.48;0.42;
2.90;18.31;12.08;4.55;6.11;5.00;2.93;0.00;0.00;0.00;0.04;0.04;0.04;3.67;8.04;1.07;23.71;18.55;11.85;5.45;0.88;0.88;0.22;0.45;14.27;4.07;2.92;8.81;2.61;0.00;0.00;0.50;0.59;0.00;11.27;0.31;0.60;31.69;0.41;2.92;1.15;2.71;1.47;3.97;15.20;7.67;10.10;1.84;
2.90;18.31;12.08;4.55;6.11;5.00;2.93;0.00;0.00;0.00;0.04;0.04;0.04;3.59;8.01;1.04;23.53;18.47;11.71;5.42;0.88;0.88;0.21;0.45;14.53;4.10;3.04;8.91;2.62;0.00;0.00;0.50;0.59;0.00;10.08;0.20;0.36;30.29;0.31;3.63;1.39;3.23;1.43;3.87;14.74;7.49;9.91;1.79;
2.90;18.31;12.08;4.55;6.11;5.00;2.93;0.00;0.00;0.00;0.04;0.04;0.04;3.52;7.97;1.01;23.31;18.37;11.53;5.36;0.88;0.86;0.21;0.45;14.39;4.10;2.98;8.86;2.61;0.00;0.00;0.50;0.59;0.00;10.23;0.21;0.38;30.47;0.32;3.37;1.30;3.04;0.06;0.21;0.39;0.54;1.01;0.08;
2.90;18.31;12.08;4.55;6.11;5.00;2.93;0.00;0.00;0.00;0.04;0.04;0.04;3.47;7.95;0.99;23.20;18.31;11.43;5.34;0.87;0.86;0.21;0.43;14.46;4.10;3.01;8.89;2.62;0.00;0.00;0.50;0.59;0.00;21.67;4.36;13.19;41.37;1.91;5.30;1.92;4.38;0.05;0.16;0.29;0.42;0.81;0.06;
2.89;18.27;12.06;4.54;6.10;4.99;2.93;0.00;0.00;0.00;0.04;0.04;0.04;3.46;7.95;0.98;23.15;18.30;11.41;5.26;0.87;0.84;0.21;0.43;14.38;4.08;2.97;8.86;2.61;0.00;0.00;0.50;0.59;0.00;27.12;10.76;38.06;45.33;3.26;6.58;2.30;5.21;0.20;0.62;1.52;1.45;2.37;0.25;
2.89;18.26;12.05;4.54;6.10;4.99;2.93;0.00;0.00;0.00;0.04;0.04;0.04;3.46;7.95;0.98;23.15;18.30;11.40;5.24;0.87;0.83;0.21;0.43;14.36;4.08;2.96;8.85;2.61;0.00;0.00;0.50;0.59;0.00;36.50;35.54;154.61;51.17;6.58;6.96;2.42;5.46;0.39;1.16;3.29;2.52;3.84;0.49;
2.88;18.20;12.01;4.52;6.08;4.98;2.92;0.00;0.00;0.00;0.04;0.04;0.04;3.46;7.95;0.98;23.14;18.30;11.40;5.21;0.86;0.84;0.21;0.43;14.48;4.10;3.00;8.89;2.62;0.00;0.00;0.50;0.59;0.00;26.17;9.32;32.17;44.68;2.99;4.46;1.67;3.84;0.10;0.29;0.58;0.72;1.29;0.11;
2.88;18.13;11.98;4.51;6.06;4.97;2.91;0.00;0.00;0.00;0.03;0.04;0.04;3.46;7.95;0.98;23.14;18.30;11.40;5.16;0.86;0.81;0.21;0.43;14.38;4.08;2.97;8.86;2.61;0.00;0.00;0.50;0.59;0.00;13.72;0.69;1.53;34.33;0.65;3.30;1.29;2.99;0.03;0.11;0.17;0.30;0.60;0.04;
2.87;18.08;11.96;4.49;6.04;4.96;2.90;0.00;0.00;0.00;0.04;0.04;0.04;3.46;7.95;0.98;23.14;18.30;11.40;5.15;0.86;0.81;0.20;0.43;14.36;4.08;2.96;8.85;2.61;0.00;0.00;0.50;0.59;0.00;22.75;5.30;16.61;42.20;2.15;4.41;1.64;3.78;0.25;0.75;1.91;1.70;2.73;0.30;
2.87;18.07;11.95;4.49;6.04;4.95;2.90;0.00;0.00;0.00;0.04;0.04;0.04;3.46;7.95;0.98;23.14;18.30;11.40;5.07;0.85;0.79;0.20;0.42;14.36;4.08;2.96;8.85;2.61;0.00;0.00;0.50;0.59;0.00;27.74;11.79;42.37;45.76;3.45;5.54;1.99;4.54;0.51;1.49;4.50;3.16;4.68;0.64;
2.87;18.06;11.95;4.49;6.04;4.95;2.90;0.00;0.00;0.00;0.03;0.04;0.04;3.46;7.95;0.98;23.14;18.30;11.40;5.05;0.85;0.78;0.20;0.42;14.26;4.07;2.92;8.81;2.61;0.00;0.00;0.50;0.59;0.00;13.78;0.71;1.56;34.40;0.67;3.85;1.46;3.39;0.12;0.37;0.80;0.90;1.58;0.14;
2.87;18.06;11.95;4.49;6.04;4.95;2.90;0.00;0.00;0.00;0.03;0.04;0.04;3.46;7.95;0.98;23.14;18.30;11.40;5.05;0.85;0.78;0.20;0.42;14.34;4.08;2.95;8.84;2.61;0.00;0.00;0.50;0.59;0.00;13.43;0.64;1.38;34.04;0.62;3.25;1.26;2.95;0.10;0.34;0.70;0.84;1.48;0.13;
2.87;18.06;11.95;4.49;6.04;4.95;2.90;0.00;0.00;0.00;0.03;0.04;0.04;3.46;7.95;0.98;23.14;18.30;11.40;4.99;0.84;0.77;0.20;0.42;14.17;4.06;2.88;8.78;2.60;0.00;0.00;0.50;0.59;0.00;24.62;7.29;24.11;43.58;2.59;4.37;1.63;3.75;0.51;1.48;4.48;3.15;4.67;0.64;
2.87;18.06;11.95;4.49;6.04;4.95;2.90;0.00;0.00;0.00;0.03;0.04;0.04;3.43;7.93;0.97;23.05;18.26;11.33;4.96;0.84;0.76;0.20;0.42;14.23;4.07;2.90;8.80;2.60;0.00;0.00;0.50;0.59;0.00;31.87;20.60;81.56;48.42;4.77;3.84;1.46;3.38;0.04;0.15;0.25;0.39;0.76;0.05;
2.87;18.06;11.95;4.49;6.04;4.95;2.90;0.00;0.00;0.00;0.03;0.04;0.04;3.33;7.88;0.93;22.77;18.14;11.10;4.95;0.84;0.76;0.20;0.42;14.24;4.07;2.91;8.80;2.60;0.00;0.00;0.50;0.59;0.00;35.89;33.21;142.83;50.84;6.32;4.67;1.72;3.95;0.07;0.24;0.47;0.62;1.13;0.10;
2.87;18.06;11.95;4.49;6.04;4.95;2.90;0.00;0.00;0.00;0.03;0.04;0.04;3.29;7.86;0.91;22.62;18.07;10.99;4.88;0.83;0.74;0.20;0.41;14.24;4.07;2.91;8.80;2.60;0.00;0.00;0.50;0.59;0.00;31.53;19.73;77.51;48.21;4.65;7.36;2.54;5.71;0.60;1.71;5.34;3.58;5.22;0.74;
2.87;18.06;11.95;4.49;6.04;4.95;2.90;0.00;0.00;0.00;0.03;0.04;0.04;3.27;7.85;0.90;22.59;18.06;10.97;4.86;0.83;0.74;0.19;0.41;14.24;4.07;2.91;8.80;2.60;0.00;0.00;0.50;0.59;0.00;23.24;5.78;18.38;42.58;2.26;7.30;2.52;5.67;0.48;1.41;4.20;3.01;4.48;0.60;
2.87;18.06;11.95;4.49;6.04;4.95;2.90;0.00;0.00;0.00;0.03;0.04;0.04;3.26;7.85;0.90;22.59;18.06;10.96;4.86;0.83;0.74;0.19;0.41;14.24;4.07;2.91;8.80;2.60;0.00;0.00;0.50;0.59;0.00;22.17;4.78;14.70;41.76;2.02;7.05;2.45;5.51;0.62;1.77;5.58;3.70;5.37;0.77;
2.87;18.06;11.95;4.49;6.04;4.95;2.90;0.00;0.00;0.00;0.03;0.04;0.04;3.26;7.85;0.90;22.59;18.06;10.96;4.80;0.84;0.73;0.19;0.41;14.05;4.05;2.83;8.73;2.59;0.00;0.00;0.50;0.59;0.00;24.46;7.10;23.37;43.46;2.55;8.15;2.76;6.19;0.61;1.76;5.51;3.67;5.32;0.76;
2.87;18.03;11.93;4.48;6.03;4.95;2.90;0.00;0.00;0.00;0.03;0.04;0.04;3.26;7.85;0.90;22.59;18.06;10.96;4.78;0.84;0.72;0.19;0.41;14.20;4.06;2.90;8.79;2.60;0.00;0.00;0.50;0.59;0.00;33.64;25.61;105.29;49.50;5.43;6.10;2.16;4.90;0.34;1.00;2.74;2.21;3.43;0.42;
2.86;17.94;11.88;4.46;6.00;4.93;2.89;0.00;0.00;0.00;0.03;0.04;0.04;3.26;7.85;0.90;22.59;18.06;10.96;4.77;0.84;0.72;0.19;0.41;13.96;4.03;2.79;8.70;2.58;0.00;0.00;0.50;0.59;0.00;16.62;1.50;3.78;37.13;1.02;7.25;2.50;5.64;1.27;3.48;12.90;6.80;9.11;1.60;
2.85;17.92;11.88;4.46;6.00;4.93;2.89;0.00;0.00;0.00;0.03;0.04;0.04;3.26;7.85;0.90;22.59;18.06;10.96;4.76;0.84;0.71;0.19;0.41;14.10;4.05;2.85;8.75;2.59;0.00;0.00;0.50;0.59;0.00;10.31;0.22;0.40;30.56;0.33;4.79;1.76;4.04;0.24;0.74;1.89;1.69;2.71;0.30;
2.84;17.84;11.83;4.45;5.97;4.91;2.88;0.00;0.00;0.00;0.03;0.04;0.04;3.26;7.85;0.90;22.59;18.06;10.96;4.70;0.81;0.70;0.19;0.41;14.21;4.07;2.90;8.79;2.60;0.00;0.00;0.50;0.59;0.00;10.54;0.24;0.45;30.84;0.35;3.26;1.27;2.96;0.05;0.16;0.29;0.42;0.81;0.06;
2.84;17.84;11.84;4.45;5.97;4.91;2.87;0.00;0.00;0.00;0.03;0.04;0.04;3.26;7.85;0.90;22.59;18.06;10.96;4.68;0.81;0.70;0.19;0.40;14.05;4.05;2.83;8.73;2.59;0.00;0.00;0.50;0.59;0.00;18.08;2.11;5.62;38.43;1.25;3.84;1.46;3.38;0.06;0.19;0.35;0.49;0.93;0.07;
2.84;17.84;11.84;4.45;5.97;4.91;2.87;0.00;0.00;0.00;0.03;0.04;0.04;3.26;7.85;0.90;22.59;18.06;10.96;4.68;0.81;0.70;0.19;0.40;14.20;4.06;2.89;8.79;2.60;0.00;0.00;0.50;0.59;0.00;26.48;9.72;33.81;44.87;3.07;5.92;2.11;4.79;0.41;1.19;3.41;2.59;3.94;0.50;
2.84;17.84;11.84;4.45;5.97;4.91;2.87;0.00;0.00;0.00;0.03;0.04;0.04;3.26;7.85;0.90;22.59;18.06;10.96;4.61;0.81;0.68;0.19;0.40;13.87;4.02;2.75;8.67;2.58;0.00;0.00;0.50;0.59;0.00;16.42;1.43;3.58;36.95;0.99;5.24;1.90;4.34;0.19;0.60;1.48;1.39;2.29;0.24;
2.84;17.84;11.84;4.45;5.97;4.91;2.87;0.00;0.00;0.00;0.03;0.04;0.04;3.26;7.85;0.90;22.59;18.06;10.96;4.60;0.80;0.68;0.20;0.40;13.98;4.04;2.80;8.71;2.58;0.00;0.00;0.50;0.59;0.00;10.77;0.26;0.49;31.11;0.37;5.40;1.95;4.48;2.48;6.42;27.65;11.84;14.73;3.10;
2.84;17.84;11.84;4.45;5.97;4.91;2.87;0.00;0.00;0.00;0.03;0.04;0.04;3.26;7.85;0.90;22.59;18.06;10.96;4.59;0.80;0.68;0.20;0.40;14.10;4.05;2.85;8.75;2.59;0.00;0.00;0.50;0.59;0.00;21.69;4.38;13.29;41.39;1.92;7.97;2.71;6.10;0.49;1.43;4.27;3.05;4.54;0.61;
2.84;17.84;11.84;4.45;5.97;4.91;2.87;0.00;0.00;0.00;0.03;0.04;0.04;3.23;7.84;0.89;22.50;18.02;10.90;4.59;0.80;0.68;0.20;0.40;14.03;4.04;2.84;8.72;2.59;0.00;0.00;0.50;0.59;0.00;14.43;0.85;1.94;35.05;0.73;3.37;1.31;3.05;0.03;0.11;0.20;0.30;0.61;0.04;
2.84;17.84;11.84;4.45;5.97;4.91;2.87;0.00;0.00;0.00;0.03;0.04;0.04;3.20;7.84;0.88;22.39;17.97;10.81;4.52;0.80;0.67;0.20;0.40;13.83;4.02;2.74;8.65;2.58;0.00;0.00;0.50;0.59;0.00;28.76;13.64;50.26;46.45;3.74;6.48;2.29;5.15;0.21;0.64;1.58;1.48;2.42;0.26;
2.84;17.84;11.84;4.45;5.97;4.91;2.87;0.00;0.00;0.00;0.03;0.04;0.04;3.16;7.80;0.86;22.29;17.93;10.73;4.51;0.80;0.67;0.20;0.40;13.97;4.04;2.80;8.70;2.58;0.00;0.00;0.50;0.59;0.00;13.74;0.70;1.54;34.35;0.65;3.60;1.38;3.21;0.06;0.19;0.34;0.48;0.91;0.07;
2.84;17.84;11.84;4.45;5.97;4.91;2.87;0.00;0.00;0.00;0.03;0.04;0.04;3.10;7.76;0.84;22.10;17.84;10.58;4.51;0.80;0.67;0.20;0.40;13.91;4.03;2.77;8.68;2.58;0.00;0.00;0.50;0.59;0.00;31.77;20.33;80.31;48.36;4.74;4.20;1.58;3.62;0.04;0.13;0.22;0.36;0.70;0.05;
2.84;17.84;11.84;4.45;5.97;4.91;2.87;0.00;0.00;0.00;0.03;0.04;0.04;3.11;7.77;0.84;22.14;17.86;10.62;4.51;0.80;0.67;0.20;0.40;13.90;4.03;2.77;8.67;2.58;0.00;0.00;0.50;0.59;0.00;27.34;11.12;39.56;45.49;3.32;5.83;2.08;4.73;0.50;1.48;4.34;3.08;4.58;0.62;
2.84;17.84;11.84;4.45;5.97;4.91;2.87;0.00;0.00;0.00;0.03;0.04;0.04;3.10;7.76;0.83;22.06;17.83;10.56;4.47;0.79;0.65;0.20;0.39;13.71;4.01;2.69;8.60;2.58;0.00;0.00;0.50;0.59;0.00;15.20;1.04;2.46;35.78;0.83;3.58;1.37;3.19;0.11;0.36;0.76;0.87;1.53;0.14;
2.84;17.78;11.80;4.43;5.96;4.90;2.87;0.00;0.00;0.00;0.03;0.04;0.04;3.08;7.76;0.83;22.05;17.84;10.55;4.43;0.79;0.64;0.20;0.39;13.77;4.01;2.71;8.62;2.58;0.00;0.00;0.50;0.59;0.00;36.50;35.55;154.69;51.17;6.58;5.78;2.06;4.70;0.88;2.47;8.45;5.00;6.97;1.10;
2.83;17.70;11.76;4.41;5.93;4.88;2.86;0.00;0.00;0.00;0.03;0.04;0.04;3.08;7.76;0.83;22.04;17.84;10.54;4.43;0.79;0.64;0.20;0.39;13.87;4.02;2.75;8.67;2.58;0.00;0.00;0.50;0.59;0.00;14.36;0.83;1.90;34.98;0.72;3.03;1.19;2.79;0.07;0.24;0.47;0.61;1.13;0.10;
2.83;17.76;11.79;4.42;5.95;4.89;2.87;0.00;0.00;0.00;0.03;0.04;0.04;3.08;7.76;0.83;22.04;17.84;10.54;4.42;0.79;0.64;0.20;0.39;13.98;4.04;2.80;8.71;2.58;0.00;0.00;0.50;0.59;0.00;24.94;7.68;25.65;43.81;2.67;5.41;1.95;4.46;0.42;1.22;3.51;2.64;4.01;0.52;
2.83;17.69;11.76;4.41;5.93;4.88;2.86;0.00;0.00;0.00;0.03;0.04;0.04;3.08;7.76;0.83;22.04;17.84;10.54;4.42;0.79;0.64;0.20;0.39;13.91;4.03;2.77;8.68;2.58;0.00;0.00;0.50;0.59;0.00;9.69;0.17;0.30;29.79;0.29;3.42;1.32;3.08;0.06;0.19;0.34;0.49;0.92;0.07;
2.84;17.64;11.73;4.40;5.91;4.87;2.85;0.00;0.00;0.00;0.03;0.04;0.04;3.08;7.76;0.83;22.04;17.84;10.54;4.40;0.78;0.63;0.20;0.39;13.99;4.04;2.80;8.71;2.59;0.00;0.00;0.50;0.59;0.00;10.72;0.26;0.48;31.05;0.36;3.04;1.20;2.80;0.13;0.41;0.90;0.98;1.69;0.16;
2.84;17.59;11.70;4.39;5.90;4.86;2.85;0.00;0.00;0.00;0.03;0.04;0.04;3.08;7.76;0.83;22.04;17.84;10.54;4.37;0.78;0.63;0.20;0.39;13.84;4.02;2.73;8.64;2.58;0.00;0.00;0.50;0.59;0.00;13.79;0.71;1.58;34.41;0.67;2.86;1.13;2.67;0.04;0.15;0.26;0.40;0.78;0.05;
2.81;17.58;11.70;4.38;5.90;4.86;2.85;0.00;0.00;0.00;0.03;0.04;0.04;3.08;7.76;0.83;22.04;17.84;10.54;4.35;0.78;0.62;0.20;0.39;13.88;4.03;2.76;8.67;2.58;0.00;0.00;0.50;0.59;0.00;16.27;1.38;3.42;36.81;0.97;3.83;1.48;3.37;0.05;0.17;0.31;0.48;0.86;0.06;
2.81;17.58;11.70;4.38;5.90;4.86;2.85;0.00;0.00;0.00;0.03;0.04;0.04;3.08;7.76;0.83;22.04;17.84;10.54;4.34;0.78;0.62;0.20;0.39;13.80;4.02;2.73;8.64;2.58;0.00;0.00;0.50;0.59;0.00;23.10;5.64;17.84;42.46;2.23;5.27;1.91;4.36;0.61;1.75;5.49;3.67;5.31;0.76;
2.81;17.58;11.70;4.38;5.90;4.86;2.85;0.00;0.00;0.00;0.03;0.04;0.04;3.08;7.76;0.83;22.04;17.84;10.54;4.34;0.78;0.62;0.20;0.39;13.88;4.03;2.76;8.67;2.58;0.00;0.00;0.50;0.59;0.00;7.77;0.07;0.10;27.23;0.17;3.21;1.25;2.93;0.11;0.35;0.75;0.86;1.52;0.13;
2.81;17.58;11.70;4.38;5.90;4.86;2.85;0.00;0.00;0.00;0.03;0.04;0.04;3.08;7.76;0.83;22.04;17.84;10.54;4.29;0.77;0.61;0.17;0.39;13.80;4.02;2.72;8.64;2.58;0.00;0.00;0.50;0.59;0.00;11.63;0.36;0.70;32.10;0.45;3.00;1.20;2.77;0.10;0.29;0.56;0.70;1.26;0.10;
2.81;17.58;11.70;4.38;5.90;4.86;2.85;0.00;0.00;0.00;0.03;0.04;0.04;3.08;7.76;0.83;22.04;17.84;10.54;4.26;0.77;0.60;0.17;0.38;13.88;4.03;2.76;8.67;2.58;0.00;0.00;0.50;0.59;0.00;14.00;0.75;1.68;34.62;0.68;4.23;1.58;3.65;0.08;0.27;0.53;0.67;1.21;0.10;
2.81;17.58;11.70;4.38;5.90;4.86;2.85;0.00;0.00;0.00;0.03;0.04;0.04;3.08;7.76;0.83;22.04;17.84;10.54;4.26;0.77;0.60;0.17;0.38;13.89;4.03;2.76;8.67;2.58;0.00;0.00;0.50;0.59;0.00;11.32;0.32;0.62;31.75;0.41;3.50;1.35;3.13;0.05;0.17;0.29;0.45;0.84;0.06;
2.81;17.58;11.70;4.38;5.90;4.86;2.85;0.00;0.00;0.00;0.03;0.04;0.04;3.08;7.76;0.83;22.04;17.84;10.54;4.26;0.77;0.60;0.17;0.38;13.80;4.02;2.73;8.64;2.58;0.00;0.00;0.50;0.59;0.00;21.41;4.16;12.48;41.17;1.86;5.16;1.87;4.29;0.43;1.26;3.63;2.71;4.10;0.53;
2.81;17.58;11.70;4.38;5.90;4.86;2.85;0.00;0.00;0.00;0.03;0.04;0.04;3.08;7.76;0.83;22.04;17.84;10.54;4.26;0.77;0.60;0.17;0.38;13.79;4.01;2.72;8.63;2.58;0.00;0.00;0.50;0.59;0.00;10.90;0.29;0.52;31.27;0.38;3.31;1.29;3.00;0.04;0.13;0.21;0.34;0.67;0.04;
