4.61;34.97;20.07;8.15;10.87;7.93;4.70;0.00;0.00;0.00;0.08;0.07;0.08;58.40;14.42;65.27;76.74;35.22;78.02;12.68;1.42;3.28;0.46;0.69;54.06;7.07;48.93;20.06;4.40;0.02;0.05;0.70;0.81;0.01;26.85;10.33;36.29;45.15;3.18;12.04;3.85;8.48;3.73;9.51;45.03;16.84;20.04;4.74;
3.12;20.30;13.09;4.99;6.70;5.38;3.16;0.00;0.00;0.00;0.04;0.04;0.04;5.05;8.61;1.73;27.19;19.98;14.76;5.45;0.88;0.88;0.22;0.44;17.95;4.48;4.75;10.16;2.85;0.00;0.01;0.53;0.63;0.00;17.30;1.76;4.56;37.74;1.12;7.02;2.43;5.49;1.03;2.86;10.10;5.69;7.80;1.29;
2.90;18.32;12.08;4.55;6.12;5.00;2.93;0.00;0.00;0.00;0.04;0.04;0.04;3.25;7.85;0.90;22.56;18.05;10.94;4.68;0.81;0.70;0.19;0.40;14.73;4.13;3.13;8.99;2.64;0.00;0.01;0.50;0.60;0.00;30.44;17.11;65.61;47.52;4.28;7.35;2.53;5.71;6.29;15.49;82.64;26.16;29.40;8.04;
2.85;17.92;11.87;4.46;6.00;4.92;2.89;0.00;0.00;0.00;0.03;0.04;0.04;2.99;7.70;0.79;21.75;17.69;10.32;4.54;0.80;0.67;0.18;0.40;14.16;4.06;2.88;8.78;2.60;0.00;0.00;0.50;0.60;0.00;21.37;4.13;12.37;41.14;1.85;4.83;1.77;4.07;1.71;4.59;18.22;8.73;11.32;2.16;
2.84;17.84;11.83;4.44;5.97;4.91;2.88;0.00;0.00;0.00;0.03;0.04;0.04;2.93;7.68;0.77;21.59;17.62;10.20;4.52;0.80;0.66;0.18;0.40;14.06;4.05;2.83;8.73;2.59;0.00;0.00;0.50;0.60;0.00;23.66;6.21;19.99;42.88;2.36;5.50;1.98;4.51;0.50;1.45;4.35;3.09;4.59;0.62;
2.84;17.78;11.80;4.43;5.96;4.90;2.87;0.00;0.00;0.00;0.03;0.04;0.04;2.92;7.67;0.77;21.56;17.60;10.17;4.47;0.79;0.65;0.18;0.39;14.03;4.04;2.82;8.73;2.59;0.00;0.00;0.50;0.60;0.00;30.81;17.97;69.50;47.76;4.41;8.05;2.74;6.13;0.37;1.09;3.03;2.38;3.65;0.45;
2.84;17.77;11.80;4.43;5.95;4.90;2.87;0.00;0.00;0.00;0.03;0.04;0.04;2.92;7.67;0.77;21.55;17.60;10.17;4.45;0.79;0.64;0.18;0.39;13.88;4.03;2.76;8.67;2.58;0.00;0.00;0.50;0.59;0.00;32.88;23.35;94.48;49.04;5.14;9.09;3.04;6.77;0.82;2.31;7.77;4.71;6.61;1.03;
2.84;17.77;11.80;4.43;5.95;4.90;2.87;0.00;0.00;0.00;0.03;0.04;0.04;2.92;7.67;0.77;21.55;17.60;10.17;4.43;0.79;0.64;0.18;0.39;14.00;4.04;2.81;8.71;2.59;0.00;0.00;0.50;0.59;0.00;13.27;0.61;1.31;33.88;0.60;5.54;1.99;4.54;3.72;9.49;44.94;16.81;20.02;4.73;
2.84;17.77;11.80;4.43;5.95;4.90;2.87;0.00;0.00;0.00;0.03;0.04;0.04;2.92;7.67;0.77;21.55;17.60;10.17;4.43;0.79;0.64;0.18;0.39;13.87;4.02;2.75;8.66;2.58;0.00;0.00;0.50;0.59;0.00;20.36;3.40;9.84;40.33;1.65;5.19;1.88;4.31;0.75;2.12;6.99;4.36;6.19;0.94;
2.84;17.77;11.80;4.43;5.95;4.90;2.87;0.00;0.00;0.00;0.03;0.04;0.04;2.92;7.67;0.77;21.55;17.60;10.17;4.43;0.79;0.64;0.18;0.39;14.07;4.05;2.84;8.74;2.59;0.00;0.00;0.50;0.59;0.00;17.87;2.01;5.32;38.24;1.21;4.99;1.82;4.17;0.48;1.41;4.19;3.00;4.48;0.60;
2.84;17.77;11.80;4.43;5.95;4.90;2.87;0.00;0.00;0.00;0.03;0.04;0.04;2.92;7.67;0.77;21.55;17.60;10.17;4.43;0.79;0.64;0.18;0.39;13.88;4.03;2.76;8.67;2.58;0.00;0.00;0.50;0.59;0.00;14.44;0.85;1.94;35.06;0.73;4.21;1.58;3.64;0.79;2.24;7.46;4.57;6.45;0.99;
2.84;17.77;11.80;4.43;5.95;4.90;2.87;0.00;0.00;0.00;0.03;0.04;0.04;2.92;7.67;0.77;21.55;17.60;10.17;4.43;0.79;0.64;0.18;0.39;13.92;4.03;2.78;8.68;2.58;0.00;0.00;0.50;0.59;0.00;21.27;4.05;12.10;41.06;1.83;5.61;2.01;4.59;0.59;1.68;5.24;3.53;5.16;0.73;
2.84;17.77;11.80;4.43;5.95;4.90;2.87;0.00;0.00;0.00;0.03;0.04;0.04;2.92;7.67;0.77;21.55;17.60;10.17;4.43;0.79;0.64;0.18;0.39;13.85;4.02;2.75;8.66;2.58;0.00;0.00;0.50;0.59;0.00;31.97;20.86;82.77;48.48;4.81;7.80;2.66;5.98;1.67;4.49;17.71;8.55;11.12;2.10;
2.84;17.77;11.80;4.43;5.95;4.90;2.87;0.00;0.00;0.00;0.03;0.04;0.04;2.92;7.67;0.77;21.55;17.60;10.17;4.43;0.79;0.64;0.18;0.39;13.92;4.03;2.77;8.68;2.58;0.00;0.00;0.50;0.59;0.00;23.63;6.18;19.86;42.86;2.35;4.96;1.81;4.16;0.32;0.95;2.56;2.11;3.29;0.39;
2.84;17.77;11.80;4.43;5.95;4.90;2.87;0.00;0.00;0.00;0.03;0.04;0.04;2.85;7.63;0.74;21.32;17.50;9.99;4.43;0.79;0.64;0.18;0.39;13.78;4.01;2.71;8.63;2.57;0.00;0.00;0.50;0.59;0.00;29.54;15.18;57.00;46.94;3.99;7.29;2.52;5.67;1.16;3.20;11.62;6.30;8.53;1.46;
2.84;17.77;11.80;4.43;5.95;4.90;2.87;0.00;0.00;0.00;0.03;0.04;0.04;2.86;7.63;0.74;21.35;17.51;10.01;4.43;0.79;0.64;0.18;0.39;13.82;4.02;2.73;8.65;2.57;0.00;0.00;0.50;0.59;0.00;28.98;14.06;52.09;46.58;3.81;7.70;2.64;5.92;1.17;3.21;11.67;6.32;8.55;1.46;
2.84;17.77;11.80;4.43;5.95;4.90;2.87;0.00;0.00;0.00;0.03;0.04;0.04;2.79;7.59;0.71;21.12;17.41;9.85;4.38;0.78;0.63;0.18;0.39;13.68;4.00;2.68;8.59;2.56;0.00;0.00;0.50;0.59;0.00;31.01;18.45;71.64;47.88;4.47;6.75;2.35;5.32;1.39;3.79;14.35;7.34;9.74;1.75;
2.84;17.77;11.80;4.43;5.95;4.90;2.87;0.00;0.00;0.00;0.03;0.04;0.04;2.80;7.60;0.72;21.16;17.42;9.87;4.35;0.78;0.62;0.18;0.39;13.58;3.99;2.63;8.55;2.56;0.00;0.00;0.50;0.59;0.00;23.73;6.29;20.28;42.93;2.38;4.96;1.81;4.15;0.58;1.68;5.22;3.53;5.15;0.73;
2.84;17.77;11.80;4.43;5.95;4.90;2.87;0.00;0.00;0.00;0.03;0.04;0.04;2.78;7.59;0.71;21.09;17.39;9.82;4.35;0.78;0.62;0.18;0.39;13.63;4.00;2.66;8.57;2.56;0.00;0.00;0.50;0.59;0.00;31.58;19.86;78.14;48.24;4.67;4.18;1.57;3.62;0.41;1.21;3.47;2.62;3.98;0.51;
2.84;17.77;11.80;4.43;5.95;4.90;2.87;0.00;0.00;0.00;0.03;0.04;0.04;2.77;7.58;0.71;21.07;17.39;9.81;4.35;0.78;0.62;0.18;0.39;13.72;4.01;2.69;8.61;2.57;0.00;0.00;0.50;0.59;0.00;36.19;34.35;148.56;51.00;6.45;6.66;2.33;5.27;0.85;2.40;8.11;4.86;6.80;1.07;
2.84;17.77;11.80;4.43;5.95;4.90;2.87;0.00;0.00;0.00;0.03;0.04;0.04;2.77;7.58;0.71;21.07;17.38;9.80;4.35;0.78;0.62;0.18;0.39;13.66;4.00;2.67;8.58;2.56;0.00;0.00;0.50;0.59;0.00;27.68;11.68;41.91;45.71;3.42;8.88;2.98;6.64;4.77;11.96;59.89;20.71;24.00;6.07;
2.84;17.77;11.80;4.43;5.95;4.90;2.87;0.00;0.00;0.00;0.03;0.04;0.04;2.77;7.58;0.71;21.07;17.38;9.80;4.35;0.78;0.62;0.18;0.39;13.58;3.99;2.63;8.55;2.55;0.00;0.00;0.50;0.59;0.00;31.65;20.04;78.95;48.28;4.70;7.70;2.63;5.92;1.09;3.02;10.82;5.99;8.15;1.37;
2.84;17.77;11.80;4.43;5.95;4.90;2.87;0.00;0.00;0.00;0.03;0.04;0.04;2.77;7.58;0.71;21.07;17.38;9.80;4.35;0.78;0.62;0.18;0.39;13.56;3.99;2.62;8.54;2.55;0.00;0.00;0.50;0.59;0.00;21.02;3.86;11.45;40.86;1.78;4.00;1.51;3.49;0.71;2.02;6.58;4.17;5.95;0.89;
2.84;17.77;11.80;4.43;5.95;4.90;2.87;0.00;0.00;0.00;0.03;0.04;0.04;2.77;7.58;0.71;21.07;17.38;9.80;4.35;0.78;0.62;0.18;0.39;13.48;3.98;2.59;8.51;2.55;0.00;0.00;0.50;0.59;0.00;37.75;40.70;181.29;51.88;7.12;7.35;2.53;5.70;5.19;12.94;66.08;22.24;25.53;6.62;
2.84;17.77;11.80;4.43;5.95;4.90;2.87;0.00;0.00;0.00;0.03;0.04;0.04;2.77;7.58;0.71;21.07;17.38;9.80;4.35;0.78;0.62;0.18;0.39;13.54;3.98;2.62;8.54;2.55;0.00;0.00;0.50;0.59;0.00;28.45;13.05;47.74;46.23;3.65;5.26;1.91;4.36;1.81;4.83;19.42;9.15;11.79;2.28;
2.84;17.77;11.80;4.43;5.95;4.90;2.87;0.00;0.00;0.00;0.03;0.04;0.04;2.77;7.58;0.71;21.07;17.38;9.80;4.32;0.78;0.62;0.17;0.39;13.55;3.99;2.62;8.54;2.55;0.00;0.00;0.50;0.59;0.00;16.49;1.46;3.64;37.01;1.00;5.99;2.13;4.83;5.89;14.57;76.59;24.76;28.03;7.52;
2.84;17.77;11.80;4.43;5.95;4.90;2.87;0.00;0.00;0.00;0.03;0.04;0.04;2.77;7.58;0.71;21.07;17.38;9.80;4.33;0.78;0.62;0.18;0.39;13.55;3.99;2.62;8.54;2.55;0.00;0.00;0.50;0.59;0.00;19.73;2.99;8.48;39.82;1.53;4.18;1.57;3.62;0.37;1.09;3.06;2.39;3.67;0.46;
2.84;17.77;11.80;4.43;5.95;4.90;2.87;0.00;0.00;0.00;0.03;0.04;0.04;2.77;7.58;0.71;21.07;17.38;9.80;4.28;0.77;0.61;0.17;0.39;13.48;3.98;2.59;8.51;2.55;0.00;0.00;0.50;0.59;0.00;23.97;6.55;21.27;43.11;2.43;6.28;2.22;5.03;2.24;5.89;24.85;10.94;13.77;2.83;
2.85;17.93;11.88;4.46;6.00;4.93;2.89;0.00;0.00;0.00;0.04;0.04;0.04;2.77;7.58;0.71;21.07;17.38;9.80;4.61;0.81;0.68;0.19;0.40;13.92;4.03;2.77;8.68;2.58;0.00;0.00;0.50;0.59;0.00;20.23;3.31;9.56;40.23;1.63;6.52;2.29;5.18;1.07;2.96;10.53;5.87;8.01;1.34;
2.86;18.00;11.92;4.48;6.02;4.94;2.90;0.00;0.00;0.00;0.04;0.04;0.04;2.89;7.65;0.75;21.45;17.56;10.09;5.35;0.88;0.86;0.21;0.43;15.20;4.18;3.34;9.17;2.67;0.00;0.00;0.50;0.59;0.00;18.41;2.27;6.12;38.71;1.30;5.45;1.96;4.48;1.08;2.99;10.69;5.93;8.09;1.36;
2.88;18.14;11.99;4.51;6.06;4.97;2.91;0.00;0.00;0.00;0.04;0.04;0.04;3.04;7.73;0.81;21.92;17.77;10.45;6.20;0.95;1.08;0.24;0.47;16.24;4.30;3.84;9.55;2.74;0.00;0.00;0.50;0.59;0.00;26.79;10.25;35.94;45.11;3.16;4.06;1.53;3.54;0.29;0.88;2.35;1.97;3.11;0.36;
2.89;18.25;12.04;4.53;6.10;4.99;2.92;0.00;0.00;0.00;0.04;0.04;0.04;3.07;7.75;0.83;22.02;17.81;10.52;7.01;1.02;1.31;0.27;0.50;17.09;4.39;4.28;9.85;2.80;0.00;0.00;0.50;0.59;0.00;32.25;21.60;86.20;48.65;4.91;9.28;3.09;6.88;4.49;11.30;55.84;19.68;22.96;5.71;
2.89;18.27;12.06;4.54;6.10;4.99;2.93;0.00;0.00;0.00;0.04;0.04;0.04;3.21;7.83;0.88;22.44;17.99;10.85;7.66;1.07;1.50;0.29;0.53;17.83;4.47;4.68;10.12;2.84;0.00;0.00;0.50;0.59;0.00;50.58;132.02;720.88;58.45;14.23;9.80;3.24;7.19;1.96;5.20;21.29;9.78;12.49;2.47;
2.90;18.31;12.08;4.55;6.12;5.00;2.93;0.00;0.00;0.00;0.04;0.04;0.04;3.24;7.84;0.89;22.53;18.03;10.92;8.22;1.11;1.67;0.31;0.55;18.37;4.52;4.99;10.30;2.88;0.00;0.00;0.50;0.59;0.00;35.18;30.66;130.05;50.41;6.03;7.50;2.58;5.80;8.37;20.23;115.16;33.28;36.25;10.72;
2.92;18.49;12.17;4.59;6.17;5.04;2.95;0.00;0.00;0.00;0.04;0.04;0.04;3.25;7.84;0.90;22.54;18.04;10.93;8.61;1.14;1.80;0.33;0.56;18.48;4.53;5.05;10.34;2.88;0.00;0.00;0.50;0.59;0.00;23.66;6.21;19.98;42.88;2.36;7.96;2.71;6.08;5.99;14.80;78.11;25.11;28.38;7.65;
2.92;18.52;12.19;4.59;6.18;5.04;2.96;0.00;0.00;0.00;0.04;0.04;0.04;3.39;7.91;0.96;22.96;18.22;11.25;8.99;1.17;1.92;0.34;0.58;18.90;4.58;5.30;10.49;2.91;0.00;0.00;0.50;0.59;0.00;24.61;7.28;24.09;43.58;2.59;6.29;2.22;5.03;6.52;16.03;86.21;26.97;30.20;8.34;
2.92;18.53;12.19;4.60;6.18;5.04;2.96;0.00;0.00;0.00;0.04;0.04;0.04;3.42;7.93;0.97;23.04;18.26;11.32;9.29;1.19;2.02;0.35;0.59;19.09;4.59;5.41;10.55;2.92;0.00;0.00;0.50;0.59;0.00;28.09;12.40;44.98;45.99;3.54;5.47;1.97;4.50;0.68;1.94;6.25;4.02;5.77;0.85;
2.92;18.53;12.19;4.60;6.18;5.04;2.96;0.00;0.00;0.00;0.04;0.04;0.04;3.43;7.93;0.97;23.06;18.26;11.33;9.48;1.20;2.09;0.36;0.59;19.43;4.63;5.62;10.67;2.94;0.00;0.00;0.50;0.59;0.00;29.68;15.47;58.28;47.03;4.03;7.99;2.72;6.10;4.20;10.62;51.69;18.61;21.87;5.34;
2.92;18.53;12.19;4.60;6.18;5.04;2.96;0.00;0.00;0.00;0.04;0.04;0.04;3.43;7.93;0.97;23.06;18.27;11.34;9.66;1.22;2.15;0.36;0.60;19.50;4.63;5.66;10.69;2.95;0.00;0.00;0.50;0.59;0.00;17.01;1.65;4.21;37.48;1.08;4.93;1.80;4.13;0.74;2.10;6.88;4.31;6.13;0.93;
2.92;18.53;12.19;4.60;6.18;5.04;2.96;0.00;0.00;0.00;0.04;0.04;0.04;3.43;7.93;0.97;23.06;18.27;11.34;9.84;1.23;2.21;0.37;0.60;19.62;4.65;5.73;10.73;2.95;0.00;0.00;0.50;0.59;0.00;42.03;62.71;301.05;54.21;9.19;6.47;2.27;5.14;0.33;0.98;2.66;2.16;3.36;0.40;
2.92;18.53;12.19;4.60;6.18;5.04;2.96;0.00;0.00;0.00;0.04;0.04;0.04;3.43;7.93;0.97;23.06;18.27;11.34;10.02;1.24;2.27;0.37;0.61;19.65;4.65;5.75;10.74;2.95;0.00;0.00;0.50;0.59;0.00;21.30;4.07;12.19;41.09;1.84;5.28;1.91;4.37;0.52;1.50;4.54;3.19;4.71;0.64;
2.92;18.53;12.19;4.60;6.18;5.04;2.96;0.00;0.00;0.00;0.04;0.04;0.04;3.46;7.95;0.98;23.15;18.30;11.40;10.06;1.24;2.29;0.37;0.61;19.86;4.67;5.88;10.81;2.97;0.00;0.00;0.50;0.59;0.00;28.00;12.24;44.30;45.93;3.51;4.54;1.68;3.87;0.79;2.24;7.46;4.57;6.45;0.99;
2.94;18.66;12.26;4.62;6.22;5.07;2.97;0.00;0.00;0.00;0.04;0.04;0.04;3.46;7.95;0.99;23.16;18.31;11.42;10.21;1.25;2.34;0.38;0.62;19.80;4.66;5.84;10.79;2.96;0.00;0.00;0.50;0.59;0.00;22.87;5.42;17.02;42.29;2.18;4.58;1.69;3.90;0.51;1.48;4.45;3.14;4.65;0.63;
2.95;18.77;12.31;4.65;6.25;5.09;2.98;0.00;0.00;0.00;0.04;0.04;0.04;3.52;7.98;1.01;23.34;18.38;11.55;10.24;1.26;2.35;0.38;0.62;19.89;4.67;5.90;10.82;2.97;0.00;0.00;0.50;0.59;0.00;24.59;7.25;23.96;43.56;2.58;6.79;2.37;5.35;0.58;1.68;5.23;3.53;5.15;0.73;
2.95;18.79;12.32;4.65;6.26;5.09;2.99;0.00;0.00;0.00;0.04;0.04;0.04;3.60;8.01;1.04;23.54;18.47;11.71;10.40;1.27;2.41;0.39;0.62;20.23;4.71;6.12;10.94;2.99;0.00;0.00;0.50;0.60;0.00;34.99;29.98;126.64;50.30;5.95;7.81;2.67;5.99;5.10;12.75;64.84;21.94;25.23;6.51;
2.95;18.79;12.33;4.65;6.26;5.09;2.99;0.00;0.00;0.00;0.04;0.04;0.04;3.61;8.02;1.05;23.58;18.49;11.75;10.43;1.27;2.42;0.39;0.62;20.08;4.69;6.02;10.89;2.98;0.00;0.01;0.50;0.60;0.00;20.97;3.82;11.31;40.82;1.77;5.91;2.10;4.78;0.67;1.90;6.09;3.94;5.67;0.83;
2.95;18.79;12.33;4.65;6.26;5.09;2.99;0.00;0.00;0.00;0.04;0.04;0.04;3.62;8.02;1.05;23.59;18.49;11.75;10.59;1.28;2.48;0.39;0.63;19.84;4.67;5.87;10.81;2.97;0.00;0.01;0.50;0.60;0.00;21.52;4.24;12.77;41.25;1.88;6.43;2.26;5.12;0.32;0.95;2.56;2.10;3.28;0.39;
2.95;18.79;12.33;4.65;6.26;5.09;2.99;0.00;0.00;0.00;0.04;0.04;0.04;3.62;8.02;1.05;23.59;18.49;11.75;10.62;1.28;2.49;0.39;0.63;20.11;4.69;6.04;10.90;2.98;0.00;0.01;0.50;0.60;0.00;27.69;11.70;41.98;45.72;3.42;5.19;1.88;4.31;0.18;0.55;1.30;1.29;2.14;0.22;
2.95;18.79;12.33;4.65;6.26;5.09;2.99;0.00;0.00;0.00;0.04;0.04;0.04;3.62;8.02;1.05;23.59;18.49;11.76;10.63;1.28;2.49;0.39;0.63;20.27;4.71;6.14;10.95;2.99;0.00;0.01;0.50;0.60;0.00;27.02;10.61;37.43;45.27;3.23;7.02;2.43;5.49;1.05;2.90;10.31;5.78;7.91;1.31;
2.95;18.79;12.33;4.65;6.26;5.09;2.99;0.00;0.00;0.00;0.04;0.04;0.04;3.62;8.02;1.05;23.59;18.49;11.76;10.66;1.29;2.50;0.39;0.63;20.31;4.71;6.17;10.96;2.99;0.00;0.01;0.50;0.60;0.00;37.97;41.65;186.27;52.00;7.22;8.59;2.89;6.47;2.43;6.38;27.42;11.75;14.66;3.08;
2.95;18.79;12.33;4.65;6.26;5.09;2.99;0.00;0.00;0.00;0.04;0.04;0.04;3.62;8.02;1.05;23.59;18.49;11.76;10.76;1.29;2.54;0.40;0.63;20.20;4.70;6.10;10.93;2.99;0.00;0.01;0.50;0.60;0.00;36.97;37.42;164.25;51.44;6.78;9.46;3.14;6.99;8.81;21.22;122.25;34.75;37.64;11.30;
2.95;18.79;12.33;4.65;6.26;5.09;2.99;0.00;0.00;0.00;0.04;0.04;0.05;3.62;8.02;1.05;23.59;18.49;11.76;10.81;1.30;2.56;0.40;0.64;20.18;4.70;6.09;10.92;2.99;0.00;0.01;0.50;0.60;0.00;32.18;21.42;85.38;48.61;4.88;8.37;2.83;6.33;11.13;26.42;160.50;42.34;44.70;14.31;
2.95;18.79;12.33;4.65;6.26;5.09;2.99;0.00;0.00;0.00;0.04;0.04;0.05;3.62;8.02;1.05;23.59;18.49;11.76;10.82;1.30;2.56;0.40;0.64;20.29;4.71;6.15;10.96;2.99;0.00;0.01;0.50;0.60;0.00;36.17;34.28;148.20;50.99;6.44;7.06;2.45;5.52;32.56;72.04;558.80;104.68;98.21;42.36;
2.95;18.79;12.33;4.65;6.26;5.09;2.99;0.00;0.00;0.00;0.04;0.04;0.05;3.62;8.02;1.05;23.59;18.49;11.76;10.82;1.30;2.56;0.40;0.64;20.42;4.72;6.24;11.00;3.00;0.00;0.01;0.50;0.60;0.00;37.41;39.26;173.79;51.69;6.97;7.95;2.71;6.07;1.03;2.85;10.08;5.68;7.79;1.29;
2.95;18.79;12.33;4.65;6.26;5.09;2.99;0.00;0.00;0.00;0.04;0.04;0.05;3.65;8.04;1.06;23.68;18.53;11.82;10.82;1.30;2.56;0.40;0.64;20.44;4.73;6.25;11.01;3.00;0.00;0.00;0.50;0.60;0.00;50.63;132.61;724.67;58.48;14.27;7.93;2.70;6.06;2.71;7.06;31.08;12.87;15.86;3.43;
2.95;18.79;12.33;4.65;6.26;5.09;2.99;0.00;0.00;0.00;0.04;0.04;0.05;3.68;8.05;1.08;23.78;18.57;11.91;10.86;1.30;2.57;0.40;0.64;20.34;4.72;6.19;10.97;3.00;0.00;0.01;0.50;0.60;0.00;53.37;163.86;928.85;59.75;16.16;6.61;2.31;5.24;0.29;0.86;2.27;1.93;3.04;0.35;
2.95;18.79;12.33;4.65;6.26;5.09;2.99;0.00;0.00;0.00;0.04;0.04;0.05;3.79;8.10;1.13;24.06;18.69;12.13;10.96;1.30;2.61;0.40;0.64;20.43;4.72;6.24;11.00;3.00;0.00;0.01;0.50;0.60;0.00;46.07;90.71;464.14;56.27;11.41;6.50;2.28;5.17;2.05;5.42;22.40;10.15;12.90;2.58;
2.95;18.79;12.33;4.65;6.26;5.09;2.99;0.00;0.00;0.00;0.04;0.04;0.05;3.78;8.10;1.12;24.03;18.68;12.11;11.01;1.31;2.63;0.41;0.64;20.44;4.73;6.25;11.01;3.00;0.00;0.01;0.50;0.60;0.00;32.86;23.29;94.17;49.03;5.13;8.03;2.73;6.12;1.09;3.02;10.82;5.99;8.15;1.37;
2.96;18.84;12.35;4.66;6.27;5.10;2.99;0.00;0.00;0.00;0.04;0.04;0.05;3.81;8.11;1.13;24.11;18.71;12.17;11.02;1.31;2.64;0.41;0.64;20.45;4.73;6.26;11.01;3.00;0.00;0.01;0.50;0.60;0.00;26.48;9.77;33.99;44.89;3.08;9.87;3.25;7.23;1.13;3.11;11.22;6.14;8.34;1.41;
2.95;18.80;12.33;4.66;6.26;5.10;2.99;0.00;0.00;0.00;0.04;0.04;0.05;3.81;8.11;1.14;24.13;18.72;12.19;11.02;1.31;2.64;0.41;0.64;20.34;4.72;6.19;10.97;3.00;0.00;0.00;0.50;0.60;0.00;36.63;36.04;157.18;51.25;6.63;9.48;3.14;7.00;1.87;4.98;20.16;9.40;12.07;2.36;
2.96;18.84;12.35;4.66;6.27;5.10;2.99;0.00;0.00;0.00;0.04;0.04;0.05;3.81;8.11;1.14;24.13;18.72;12.19;11.02;1.31;2.64;0.41;0.64;20.43;4.72;6.24;11.00;3.00;0.00;0.01;0.50;0.60;0.00;29.20;14.48;53.94;46.72;3.88;8.88;2.98;6.64;12.11;28.58;176.99;45.46;47.54;15.58;
2.95;18.80;12.33;4.66;6.26;5.10;2.99;0.00;0.00;0.00;0.04;0.04;0.05;3.81;8.11;1.14;24.13;18.72;12.19;11.05;1.31;2.65;0.41;0.64;20.55;4.74;6.33;11.04;3.01;0.00;0.01;0.50;0.60;0.00;21.10;3.92;11.66;40.93;1.80;5.49;1.98;4.51;0.33;0.97;2.64;2.15;3.35;0.40;
2.96;18.84;12.35;4.66;6.27;5.10;2.99;0.00;0.00;0.00;0.04;0.04;0.05;3.81;8.11;1.14;24.13;18.72;12.19;11.16;1.32;2.69;0.41;0.65;20.80;4.76;6.49;11.12;3.02;0.00;0.01;0.50;0.60;0.00;20.93;3.80;11.22;40.79;1.77;5.00;1.83;4.18;0.36;1.08;3.02;2.37;3.64;0.45;
2.96;18.84;12.35;4.67;6.27;5.10;2.99;0.00;0.00;0.00;0.04;0.04;0.05;3.81;8.11;1.14;24.13;18.72;12.19;11.21;1.32;2.71;0.41;0.65;20.74;4.75;6.45;11.10;3.02;0.00;0.01;0.50;0.60;0.00;22.13;4.75;14.60;41.73;2.01;5.75;2.06;4.68;0.22;0.66;1.65;1.53;2.49;0.27;
2.97;18.93;12.40;4.69;6.30;5.12;3.00;0.00;0.00;0.00;0.04;0.04;0.05;3.81;8.11;1.14;24.13;18.72;12.19;11.22;1.32;2.71;0.41;0.65;20.61;4.74;6.37;11.06;3.01;0.00;0.01;0.50;0.60;0.00;21.97;4.61;14.09;41.60;1.98;5.93;2.11;4.80;0.43;1.27;3.67;2.73;4.12;0.54;
2.97;18.95;12.41;4.69;6.30;5.12;3.01;0.00;0.00;0.00;0.04;0.04;0.05;3.81;8.11;1.14;24.13;18.72;12.19;11.22;1.32;2.71;0.41;0.65;20.70;4.75;6.42;11.09;3.02;0.00;0.01;0.50;0.60;0.00;26.78;10.23;35.89;45.11;3.16;6.89;2.40;5.41;1.22;3.36;12.33;6.58;8.85;1.54;
2.98;19.04;12.45;4.71;6.33;5.14;3.02;0.00;0.00;0.00;0.04;0.04;0.05;3.81;8.11;1.14;24.13;18.72;12.19;11.22;1.32;2.71;0.41;0.65;20.83;4.76;6.50;11.13;3.02;0.00;0.01;0.50;0.60;0.00;40.07;51.72;240.14;53.16;8.20;8.35;2.82;6.32;11.12;26.39;160.29;42.30;44.66;14.30;
2.98;19.01;12.44;4.70;6.32;5.14;3.01;0.00;0.00;0.00;0.04;0.04;0.05;3.81;8.11;1.14;24.13;18.72;12.19;11.22;1.32;2.71;0.41;0.65;20.96;4.78;6.60;11.18;3.03;0.00;0.01;0.50;0.60;0.00;25.88;8.92;30.54;44.48;2.92;4.92;1.80;4.13;1.09;3.02;10.81;5.98;8.15;1.37;
2.98;19.05;12.46;4.71;6.33;5.14;3.02;0.00;0.00;0.00;0.04;0.04;0.05;3.81;8.11;1.14;24.13;18.72;12.19;11.26;1.32;2.72;0.41;0.65;20.77;4.76;6.47;11.11;3.02;0.00;0.01;0.51;0.60;0.00;22.51;5.08;15.80;42.02;2.10;4.42;1.64;3.79;0.88;2.47;8.42;4.99;6.96;1.10;
2.98;19.06;12.46;4.71;6.34;5.15;3.02;0.00;0.00;0.00;0.04;0.04;0.05;3.81;8.11;1.14;24.13;18.72;12.19;11.30;1.33;2.74;0.42;0.65;20.95;4.77;6.59;11.17;3.03;0.00;0.01;0.50;0.60;0.00;19.03;2.59;7.15;39.24;1.41;4.26;1.59;3.68;0.91;2.53;8.69;5.10;7.10;1.13;
2.98;19.06;12.46;4.71;6.34;5.15;3.02;0.00;0.00;0.00;0.04;0.04;0.05;3.81;8.11;1.14;24.13;18.72;12.19;11.40;1.33;2.78;0.42;0.66;20.99;4.78;6.61;11.19;3.03;0.00;0.01;0.50;0.60;0.00;29.94;16.01;60.68;47.20;4.12;6.51;2.28;5.17;8.05;19.52;110.14;32.22;35.25;10.32;
2.98;19.06;12.46;4.71;6.34;5.15;3.02;0.00;0.00;0.00;0.04;0.04;0.05;3.81;8.11;1.14;24.13;18.72;12.19;11.42;1.34;2.79;0.42;0.66;21.11;4.79;6.69;11.23;3.04;0.00;0.01;0.51;0.60;0.00;25.54;8.45;28.66;44.24;2.83;7.27;2.51;5.65;0.69;1.97;6.34;4.06;5.82;0.86;
2.98;19.06;12.46;4.71;6.34;5.15;3.02;0.00;0.00;0.00;0.04;0.04;0.05;3.81;8.11;1.14;24.13;18.72;12.19;11.43;1.34;2.79;0.42;0.66;21.02;4.78;6.63;11.20;3.03;0.00;0.01;0.50;0.60;0.00;16.84;1.58;4.02;37.33;1.06;6.89;2.40;5.42;0.44;1.29;3.75;2.77;4.17;0.55;
2.98;19.06;12.46;4.71;6.34;5.15;3.02;0.00;0.00;0.00;0.04;0.04;0.05;3.81;8.11;1.14;24.13;18.72;12.19;11.43;1.34;2.79;0.42;0.66;21.00;4.78;6.62;11.19;3.03;0.00;0.01;0.51;0.60;0.00;15.12;1.03;2.42;35.73;0.82;5.50;1.98;4.51;0.49;1.44;4.29;3.06;4.55;0.61;
2.98;19.06;12.46;4.71;6.34;5.15;3.02;0.00;0.00;0.00;0.04;0.04;0.05;3.81;8.11;1.14;24.13;18.72;12.19;11.43;1.34;2.79;0.42;0.66;20.89;4.77;6.54;11.15;3.03;0.00;0.01;0.51;0.60;0.00;23.73;6.29;20.27;42.93;2.37;6.98;2.42;5.47;1.23;3.38;12.43;6.62;8.90;1.55;
2.98;19.06;12.46;4.71;6.34;5.15;3.02;0.00;0.00;0.00;0.04;0.04;0.05;3.81;8.11;1.14;24.13;18.72;12.19;11.43;1.34;2.79;0.42;0.66;20.97;4.78;6.60;11.18;3.03;0.00;0.01;0.51;0.60;0.00;36.85;36.94;161.82;51.37;6.73;8.52;2.87;6.42;1.11;3.05;10.96;6.04;8.22;1.39;
2.98;19.06;12.46;4.71;6.34;5.15;3.02;0.00;0.00;0.00;0.04;0.04;0.05;3.81;8.11;1.14;24.13;18.72;12.19;11.43;1.34;2.79;0.42;0.66;20.99;4.78;6.61;11.19;3.03;0.00;0.01;0.51;0.60;0.00;16.38;1.41;3.52;36.91;0.99;5.30;1.92;4.38;0.46;1.34;3.94;2.88;4.31;0.57;
2.98;19.06;12.46;4.71;6.34;5.15;3.02;0.00;0.00;0.00;0.04;0.04;0.05;3.81;8.11;1.14;24.13;18.72;12.19;11.43;1.34;2.79;0.42;0.66;21.00;4.78;6.62;11.19;3.03;0.00;0.01;0.50;0.60;0.00;15.04;1.01;2.36;35.65;0.81;5.02;1.83;4.20;1.25;3.43;12.67;6.71;9.01;1.57;
2.98;19.06;12.46;4.71;6.34;5.15;3.02;0.00;0.00;0.00;0.04;0.04;0.05;3.81;8.11;1.14;24.13;18.72;12.19;11.43;1.34;2.79;0.42;0.66;21.00;4.78;6.62;11.19;3.03;0.00;0.01;0.50;0.60;0.00;16.82;1.58;4.00;37.32;1.05;6.54;2.29;5.19;0.62;1.77;5.57;3.69;5.36;0.77;
2.98;19.06;12.46;4.71;6.34;5.15;3.02;0.00;0.00;0.00;0.04;0.04;0.05;3.81;8.11;1.14;24.13;18.72;12.19;11.43;1.34;2.79;0.42;0.66;20.77;4.76;6.47;11.12;3.02;0.00;0.01;0.50;0.60;0.00;29.16;14.40;53.59;46.69;3.87;8.39;2.83;6.35;1.79;4.78;19.13;9.05;11.68;2.25;
2.98;19.06;12.46;4.71;6.34;5.15;3.02;0.00;0.00;0.00;0.04;0.04;0.05;3.81;8.11;1.14;24.13;18.72;12.19;11.26;1.33;2.73;0.41;0.65;20.73;4.75;6.44;11.10;3.02;0.00;0.01;0.50;0.60;0.00;24.50;7.15;23.56;43.49;2.56;5.11;1.86;4.26;0.42;1.24;3.58;2.68;4.05;0.52;
2.98;19.06;12.46;4.71;6.34;5.15;3.02;0.00;0.00;0.00;0.04;0.04;0.05;3.81;8.11;1.14;24.13;18.72;12.19;10.97;1.31;2.62;0.41;0.64;20.40;4.72;6.22;10.99;3.00;0.00;0.01;0.50;0.60;0.00;16.04;1.30;3.19;36.59;0.94;4.78;1.76;4.03;0.23;0.69;1.73;1.58;2.56;0.28;
2.98;19.06;12.46;4.71;6.34;5.15;3.02;0.00;0.00;0.00;0.04;0.04;0.05;3.81;8.11;1.14;24.13;18.72;12.19;10.54;1.28;2.46;0.39;0.63;19.90;4.67;5.91;10.83;2.97;0.00;0.01;0.50;0.60;0.00;13.95;0.74;1.66;34.57;0.68;5.55;2.00;4.55;0.80;2.24;7.48;4.58;6.46;0.99;
2.98;19.06;12.46;4.71;6.34;5.15;3.02;0.00;0.00;0.00;0.04;0.04;0.04;3.65;8.04;1.07;23.70;18.54;11.84;10.13;1.25;2.31;0.38;0.61;19.70;4.65;5.78;10.76;2.96;0.00;0.01;0.50;0.60;0.00;27.33;11.10;39.47;45.48;3.32;8.57;2.89;6.45;1.92;5.12;20.84;9.63;12.33;2.42;
2.98;19.06;12.46;4.71;6.34;5.15;3.02;0.00;0.00;0.00;0.04;0.04;0.04;3.62;8.03;1.05;23.61;18.50;11.77;9.73;1.22;2.17;0.36;0.60;19.25;4.61;5.51;10.60;2.93;0.00;0.01;0.50;0.60;0.00;16.74;1.55;3.91;37.24;1.04;7.84;2.68;6.01;0.88;2.47;8.43;4.99;6.96;1.10;
2.97;18.97;12.42;4.69;6.31;5.13;3.01;0.00;0.00;0.00;0.04;0.04;0.04;3.62;8.02;1.05;23.59;18.49;11.76;9.35;1.19;2.04;0.35;0.59;19.05;4.59;5.39;10.54;2.92;0.00;0.01;0.50;0.60;0.00;28.21;12.61;45.84;46.07;3.58;7.94;2.71;6.07;3.85;9.80;46.75;17.30;20.52;4.90;
2.98;19.00;12.43;4.70;6.32;5.13;3.01;0.00;0.00;0.00;0.04;0.04;0.04;3.62;8.02;1.05;23.59;18.49;11.76;9.09;1.18;1.96;0.34;0.58;19.02;4.59;5.37;10.53;2.92;0.00;0.01;0.50;0.60;0.00;26.44;9.72;33.77;44.87;3.07;8.87;2.97;6.63;4.88;12.23;61.59;21.13;24.42;6.22;
2.96;18.88;12.37;4.67;6.28;5.11;3.00;0.00;0.00;0.00;0.04;0.04;0.04;3.59;8.01;1.04;23.51;18.46;11.69;8.78;1.15;1.85;0.33;0.57;18.61;4.55;5.13;10.39;2.89;0.00;0.01;0.50;0.60;0.00;20.68;3.62;10.60;40.59;1.72;5.51;1.98;4.52;0.19;0.60;1.46;1.40;2.30;0.24;
2.95;18.81;12.34;4.66;6.26;5.10;2.99;0.00;0.00;0.00;0.04;0.04;0.04;3.46;7.95;0.98;23.15;18.30;11.41;8.52;1.13;1.77;0.32;0.56;18.33;4.52;4.97;10.29;2.88;0.00;0.01;0.50;0.60;0.00;25.78;8.78;29.99;44.41;2.89;7.82;2.67;6.00;0.33;0.99;2.69;2.18;3.39;0.41;
2.95;18.80;12.33;4.66;6.26;5.10;2.99;0.00;0.00;0.00;0.04;0.04;0.04;3.43;7.94;0.97;23.08;18.27;11.35;8.30;1.12;1.70;0.32;0.55;18.28;4.51;4.93;10.27;2.87;0.00;0.01;0.50;0.60;0.00;36.57;35.82;156.05;51.21;6.61;10.41;3.41;7.55;0.76;2.15;7.09;4.40;6.24;0.95;
2.95;18.79;12.33;4.65;6.26;5.10;2.99;0.00;0.00;0.00;0.04;0.04;0.04;3.43;7.93;0.97;23.07;18.27;11.34;8.14;1.11;1.65;0.31;0.55;17.97;4.48;4.76;10.17;2.85;0.00;0.00;0.50;0.60;0.00;15.71;1.20;2.90;36.29;0.90;4.67;1.72;3.96;1.60;4.31;16.86;8.26;10.78;2.02;
2.95;18.79;12.33;4.65;6.26;5.09;2.99;0.00;0.00;0.00;0.04;0.04;0.04;3.43;7.93;0.97;23.06;18.27;11.34;7.96;1.09;1.59;0.30;0.54;17.82;4.46;4.68;10.11;2.84;0.00;0.01;0.50;0.60;0.00;14.04;0.76;1.70;34.66;0.69;4.84;1.78;4.07;1.95;5.19;21.24;9.76;12.47;2.46;
2.95;18.79;12.33;4.65;6.26;5.09;2.99;0.00;0.00;0.00;0.04;0.04;0.04;3.43;7.93;0.97;23.06;18.27;11.34;7.72;1.07;1.52;0.30;0.53;17.79;4.46;4.66;10.10;2.84;0.00;0.01;0.50;0.60;0.00;21.02;3.86;11.45;40.86;1.78;6.14;2.17;4.93;3.23;8.30;38.04;14.90;18.02;4.09;
2.95;18.79;12.33;4.65;6.26;5.09;2.99;0.00;0.00;0.00;0.04;0.04;0.04;3.43;7.93;0.97;23.06;18.27;11.34;7.57;1.06;1.47;0.29;0.52;17.69;4.45;4.60;10.07;2.84;0.00;0.01;0.50;0.60;0.00;24.64;7.32;24.23;43.60;2.60;9.71;3.21;7.14;3.45;8.83;41.11;15.76;18.92;4.38;
2.95;18.79;12.33;4.65;6.26;5.09;2.99;0.00;0.00;0.00;0.04;0.04;0.04;3.37;7.90;0.95;22.90;18.19;11.21;7.43;1.05;1.43;0.29;0.52;17.48;4.43;4.49;9.99;2.82;0.00;0.01;0.50;0.60;0.00;22.14;4.76;14.61;41.73;2.02;5.52;1.98;4.53;0.23;0.70;1.76;1.60;2.59;0.28;
2.95;18.79;12.33;4.65;6.26;5.09;2.99;0.00;0.00;0.00;0.04;0.04;0.04;3.30;7.87;0.92;22.70;18.11;11.05;7.29;1.04;1.39;0.28;0.51;17.34;4.41;4.42;9.94;2.81;0.00;0.01;0.50;0.60;0.00;15.52;1.14;2.73;36.11;0.87;5.21;1.89;4.32;1.48;4.02;15.42;7.74;10.19;1.87;
2.95;18.79;12.33;4.65;6.26;5.09;2.99;0.00;0.00;0.00;0.04;0.04;0.04;3.26;7.85;0.90;22.58;18.05;10.96;7.16;1.03;1.35;0.28;0.51;17.32;4.41;4.40;9.93;2.81;0.00;0.00;0.50;0.60;0.00;24.27;6.89;22.56;43.33;2.51;6.27;2.21;5.02;1.48;4.02;15.43;7.74;10.20;1.87;
2.95;18.79;12.33;4.65;6.26;5.09;2.99;0.00;0.00;0.00;0.04;0.04;0.04;3.25;7.84;0.90;22.55;18.04;10.94;7.03;1.02;1.31;0.27;0.50;17.22;4.40;4.35;9.90;2.81;0.00;0.01;0.50;0.60;0.00;14.39;0.84;1.91;35.01;0.73;4.65;1.72;3.94;1.45;3.94;15.07;7.61;10.05;1.83;
2.95;18.79;12.33;4.65;6.26;5.09;2.99;0.00;0.00;0.00;0.04;0.04;0.04;3.25;7.84;0.90;22.55;18.04;10.93;6.90;1.01;1.27;0.27;0.50;17.11;4.39;4.29;9.86;2.80;0.00;0.01;0.50;0.60;0.00;16.77;1.56;3.94;37.26;1.04;5.06;1.84;4.22;1.54;4.16;16.11;7.99;10.48;1.94;
2.95;18.79;12.33;4.65;6.26;5.09;2.99;0.00;0.00;0.00;0.04;0.04;0.04;3.25;7.84;0.90;22.55;18.04;10.93;6.78;1.00;1.24;0.26;0.49;16.81;4.36;4.13;9.75;2.78;0.00;0.01;0.50;0.60;0.00;29.83;15.77;59.63;47.13;4.08;7.98;2.72;6.09;2.87;7.45;33.25;13.51;16.55;3.64;
2.95;18.75;12.30;4.65;6.24;5.09;2.98;0.00;0.00;0.00;0.04;0.04;0.04;3.25;7.84;0.90;22.55;18.04;10.93;6.75;1.00;1.23;0.26;0.49;16.75;4.35;4.10;9.73;2.78;0.00;0.01;0.50;0.60;0.00;33.46;25.05;102.58;49.39;5.35;7.23;2.50;5.63;4.70;11.80;58.93;20.47;23.75;5.99;
2.93;18.58;12.21;4.61;6.19;5.05;2.96;0.00;0.00;0.00;0.04;0.04;0.04;3.14;7.79;0.85;22.22;17.90;10.68;6.65;0.99;1.20;0.26;0.49;16.56;4.33;4.01;9.66;2.76;0.00;0.01;0.50;0.60;0.00;20.24;3.32;9.58;40.24;1.63;4.79;1.76;4.04;0.48;1.40;4.17;3.00;4.47;0.60;
2.92;18.54;12.20;4.60;6.18;5.05;2.96;0.00;0.00;0.00;0.04;0.04;0.04;3.09;7.76;0.83;22.08;17.84;10.57;6.53;0.98;1.17;0.25;0.48;16.61;4.34;4.03;9.68;2.77;0.00;0.00;0.50;0.60;0.00;23.69;6.24;20.10;42.90;2.36;5.20;1.89;4.32;0.85;2.37;8.02;4.82;6.75;1.06;
2.92;18.53;12.19;4.60;6.18;5.04;2.96;0.00;0.00;0.00;0.04;0.04;0.04;3.08;7.76;0.83;22.05;17.82;10.55;6.45;0.97;1.15;0.25;0.48;16.35;4.31;3.90;9.59;2.75;0.00;0.00;0.50;0.60;0.00;16.59;1.49;3.75;37.11;1.02;5.47;1.97;4.49;0.86;2.41;8.15;4.87;6.82;1.07;
2.92;18.53;12.19;4.60;6.18;5.04;2.96;0.00;0.00;0.00;0.04;0.04;0.04;3.08;7.76;0.83;22.05;17.82;10.54;6.40;0.97;1.13;0.25;0.48;16.30;4.30;3.88;9.57;2.75;0.00;0.00;0.50;0.60;0.00;13.94;0.74;1.65;34.56;0.68;5.09;1.85;4.24;2.26;5.94;25.10;11.02;13.86;2.85;
2.92;18.53;12.19;4.60;6.18;5.04;2.96;0.00;0.00;0.00;0.04;0.04;0.04;3.08;7.76;0.83;22.04;17.82;10.54;6.30;0.96;1.11;0.25;0.47;16.12;4.28;3.78;9.50;2.73;0.00;0.01;0.50;0.60;0.00;21.77;4.44;13.49;41.45;1.94;7.07;2.45;5.53;3.02;7.80;35.21;14.09;17.16;3.83;
2.92;18.53;12.19;4.60;6.18;5.04;2.96;0.00;0.00;0.00;0.04;0.04;0.04;3.08;7.76;0.83;22.04;17.82;10.54;6.19;0.95;1.08;0.24;0.47;16.08;4.28;3.77;9.49;2.73;0.00;0.00;0.50;0.60;0.00;28.61;13.34;48.99;46.33;3.70;7.92;2.70;6.06;1.58;4.26;16.61;8.17;10.68;1.99;
2.92;18.53;12.19;4.60;6.18;5.04;2.96;0.00;0.00;0.00;0.04;0.04;0.04;3.08;7.76;0.83;22.04;17.82;10.54;6.16;0.95;1.07;0.24;0.47;16.07;4.28;3.76;9.49;2.73;0.00;0.00;0.50;0.60;0.00;17.19;1.72;4.43;37.64;1.11;5.04;1.84;4.21;0.87;2.44;8.31;4.94;6.90;1.09;
2.92;18.53;12.19;4.60;6.18;5.04;2.96;0.00;0.00;0.00;0.04;0.04;0.04;3.08;7.76;0.83;22.04;17.82;10.54;6.07;0.94;1.04;0.24;0.47;15.90;4.26;3.68;9.42;2.72;0.00;0.00;0.50;0.60;0.00;20.33;3.38;9.78;40.31;1.65;6.73;2.35;5.31;0.76;2.16;7.13;4.42;6.27;0.95;
2.92;18.53;12.19;4.60;6.18;5.04;2.96;0.00;0.00;0.00;0.04;0.04;0.04;2.95;7.69;0.78;21.65;17.64;10.24;6.05;0.94;1.04;0.24;0.46;15.95;4.26;3.70;9.44;2.72;0.00;0.00;0.50;0.59;0.00;29.78;15.69;59.24;47.10;4.07;5.99;2.13;4.83;0.43;1.26;3.66;2.73;4.11;0.53;
2.92;18.53;12.19;4.60;6.18;5.04;2.96;0.00;0.00;0.00;0.04;0.04;0.04;2.98;7.70;0.79;21.73;17.68;10.30;5.96;0.93;1.01;0.23;0.46;15.88;4.26;3.66;9.42;2.72;0.00;0.00;0.50;0.59;0.00;20.58;3.55;10.35;40.51;1.70;4.32;1.61;3.72;0.22;0.68;1.68;1.55;2.52;0.27;
2.92;18.53;12.19;4.60;6.18;5.04;2.96;0.00;0.00;0.00;0.04;0.04;0.04;2.93;7.68;0.77;21.59;17.62;10.19;5.94;0.93;1.01;0.23;0.46;15.60;4.23;3.53;9.32;2.70;0.00;0.00;0.50;0.59;0.00;30.06;16.29;61.93;47.28;4.16;7.13;2.47;5.57;0.88;2.46;8.37;4.97;6.93;1.10;
2.92;18.53;12.19;4.60;6.18;5.04;2.96;0.00;0.00;0.00;0.04;0.04;0.04;2.92;7.67;0.77;21.56;17.60;10.17;5.85;0.92;0.99;0.23;0.46;15.47;4.21;3.47;9.27;2.69;0.00;0.00;0.50;0.59;0.00;20.78;3.69;10.85;40.67;1.74;7.87;2.68;6.02;0.61;1.76;5.51;3.67;5.33;0.76;
2.92;18.53;12.19;4.60;6.18;5.04;2.96;0.00;0.00;0.00;0.04;0.04;0.04;2.92;7.67;0.77;21.55;17.60;10.17;5.83;0.92;0.98;0.23;0.46;15.52;4.22;3.49;9.29;2.69;0.00;0.00;0.50;0.59;0.00;26.18;9.33;32.21;44.69;3.00;8.18;2.77;6.21;0.62;1.79;5.63;3.73;5.40;0.78;
2.92;18.49;12.17;4.59;6.17;5.04;2.95;0.00;0.00;0.00;0.04;0.04;0.04;2.92;7.67;0.77;21.55;17.60;10.17;5.75;0.91;0.96;0.23;0.45;15.45;4.21;3.46;9.26;2.69;0.00;0.00;0.50;0.60;0.00;44.97;82.26;413.86;55.72;10.78;9.52;3.16;7.02;3.12;8.03;36.52;14.47;17.56;3.95;
2.92;18.48;12.17;4.58;6.17;5.03;2.95;0.00;0.00;0.00;0.04;0.04;0.04;2.92;7.67;0.77;21.55;17.60;10.17;5.73;0.91;0.95;0.23;0.45;15.52;4.22;3.49;9.29;2.69;0.00;0.00;0.50;0.60;0.00;23.19;5.74;18.20;42.53;2.25;6.81;2.37;5.36;1.04;2.87;10.18;5.72;7.84;1.30;
2.91;18.44;12.14;4.58;6.15;5.03;2.95;0.00;0.00;0.00;0.04;0.04;0.04;2.92;7.67;0.77;21.55;17.60;10.17;5.64;0.90;0.93;0.22;0.45;15.45;4.21;3.46;9.26;2.69;0.00;0.01;0.50;0.60;0.00;30.45;17.15;65.77;47.53;4.28;7.46;2.57;5.77;1.77;4.75;18.99;9.00;11.63;2.24;
2.90;18.35;12.10;4.55;6.13;5.01;2.94;0.00;0.00;0.00;0.04;0.04;0.04;2.90;7.66;0.76;21.47;17.57;10.11;5.63;0.90;0.93;0.22;0.45;15.27;4.19;3.37;9.19;2.68;0.00;0.00;0.50;0.60;0.00;19.95;3.13;8.94;40.00;1.58;6.14;2.17;4.93;0.33;0.99;2.72;2.20;3.41;0.41;
2.90;18.29;12.07;4.54;6.11;5.00;2.93;0.00;0.00;0.00;0.04;0.04;0.04;2.89;7.65;0.75;21.46;17.56;10.10;5.54;0.89;0.91;0.22;0.44;14.99;4.16;3.24;9.09;2.66;0.00;0.00;0.50;0.59;0.00;25.68;8.63;29.41;44.33;2.86;9.40;3.12;6.95;1.34;3.64;13.66;7.09;9.44;1.68;
2.89;18.28;12.06;4.54;6.10;4.99;2.93;0.00;0.00;0.00;0.04;0.04;0.04;2.84;7.62;0.74;21.30;17.49;9.98;5.52;0.89;0.90;0.22;0.44;15.01;4.16;3.26;9.10;2.66;0.00;0.00;0.50;0.59;0.00;16.04;1.30;3.19;36.59;0.94;6.16;2.18;4.95;0.55;1.59;4.89;3.36;4.94;0.69;
2.89;18.27;12.06;4.54;6.10;4.99;2.93;0.00;0.00;0.00;0.04;0.04;0.04;2.78;7.59;0.71;21.11;17.41;9.84;5.49;0.89;0.89;0.22;0.44;15.02;4.16;3.26;9.10;2.66;0.00;0.00;0.50;0.59;0.00;37.19;38.32;168.89;51.56;6.88;7.14;2.47;5.57;3.25;8.37;38.41;15.00;18.13;4.13;
2.89;18.27;12.06;4.54;6.10;4.99;2.93;0.00;0.00;0.00;0.04;0.04;0.04;2.77;7.58;0.71;21.08;17.39;9.81;5.43;0.88;0.88;0.21;0.44;15.02;4.16;3.26;9.10;2.66;0.00;0.00;0.50;0.59;0.00;34.46;28.19;117.85;49.99;5.74;9.65;3.19;7.10;1.75;4.69;18.72;8.91;11.52;2.21;
2.89;18.27;12.06;4.54;6.10;4.99;2.93;0.00;0.00;0.00;0.04;0.04;0.04;2.77;7.58;0.71;21.07;17.39;9.81;5.42;0.88;0.88;0.21;0.44;14.94;4.15;3.22;9.07;2.65;0.00;0.00;0.49;0.59;0.00;18.48;2.30;6.24;38.77;1.32;7.77;2.65;5.96;0.84;2.37;8.00;4.81;6.74;1.05;
2.89;18.27;12.06;4.54;6.10;4.99;2.93;0.00;0.00;0.00;0.04;0.04;0.04;2.77;7.58;0.71;21.07;17.38;9.80;5.34;0.87;0.86;0.21;0.43;15.00;4.16;3.25;9.09;2.66;0.00;0.00;0.49;0.59;0.00;32.33;21.81;87.22;48.70;4.94;7.98;2.71;6.09;1.60;4.31;16.84;8.25;10.77;2.01;
2.89;18.27;12.06;4.54;6.10;4.99;2.93;0.00;0.00;0.00;0.04;0.04;0.04;2.77;7.58;0.71;21.07;17.38;9.80;5.32;0.87;0.85;0.21;0.43;14.93;4.15;3.22;9.07;2.65;0.00;0.00;0.49;0.59;0.00;25.81;8.81;30.12;44.43;2.90;5.62;2.02;4.60;1.60;4.30;16.80;8.23;10.76;2.01;
2.89;18.27;12.06;4.54;6.10;4.99;2.93;0.00;0.00;0.00;0.04;0.04;0.04;2.77;7.58;0.71;21.07;17.38;9.80;5.32;0.87;0.85;0.21;0.43;14.92;4.15;3.21;9.06;2.65;0.00;0.00;0.49;0.59;0.00;34.80;29.34;123.51;50.19;5.88;7.79;2.66;5.97;1.81;4.84;19.44;9.15;11.80;2.28;
2.89;18.27;12.06;4.54;6.10;4.99;2.93;0.00;0.00;0.00;0.04;0.04;0.04;2.77;7.58;0.71;21.07;17.38;9.80;5.24;0.87;0.83;0.21;0.43;14.84;4.14;3.17;9.03;2.65;0.00;0.00;0.49;0.59;0.00;37.50;39.62;175.66;51.74;7.01;8.29;2.81;6.28;1.36;3.71;13.97;7.20;9.58;1.71;
2.89;18.27;12.06;4.54;6.10;4.99;2.93;0.00;0.00;0.00;0.04;0.04;0.04;2.77;7.58;0.71;21.07;17.38;9.80;5.23;0.86;0.83;0.21;0.43;14.90;4.15;3.20;9.05;2.65;0.00;0.00;0.49;0.59;0.00;16.25;1.37;3.39;36.79;0.97;6.29;2.22;5.03;0.39;1.14;3.22;2.48;3.79;0.48;
2.89;18.27;12.06;4.54;6.10;4.99;2.93;0.00;0.00;0.00;0.04;0.04;0.04;2.72;7.56;0.69;20.92;17.32;9.69;5.21;0.86;0.82;0.21;0.43;14.83;4.14;3.17;9.03;2.65;0.00;0.00;0.49;0.59;0.00;33.26;24.46;99.75;49.27;5.28;8.72;2.93;6.55;1.23;3.38;12.46;6.63;8.91;1.55;
2.89;18.27;12.06;4.54;6.10;4.99;2.93;0.00;0.00;0.00;0.04;0.04;0.04;2.69;7.54;0.68;20.81;17.27;9.61;5.14;0.86;0.81;0.20;0.43;14.58;4.11;3.06;8.93;2.63;0.00;0.00;0.49;0.59;0.00;21.23;4.02;11.99;41.03;1.83;6.35;2.24;5.07;0.65;1.87;5.95;3.88;5.59;0.81;
2.89;18.27;12.06;4.54;6.10;4.99;2.93;0.00;0.00;0.00;0.04;0.04;0.04;2.66;7.52;0.67;20.71;17.22;9.54;5.13;0.86;0.80;0.20;0.43;14.53;4.10;3.04;8.91;2.62;0.00;0.00;0.49;0.59;0.00;34.58;28.60;119.87;50.06;5.79;6.46;2.27;5.14;0.51;1.48;4.45;3.14;4.65;0.63;
2.89;18.27;12.06;4.54;6.10;4.99;2.93;0.00;0.00;0.00;0.04;0.04;0.04;2.63;7.50;0.66;20.62;17.18;9.47;5.13;0.85;0.80;0.20;0.42;14.52;4.10;3.03;8.91;2.62;0.00;0.00;0.49;0.59;0.00;48.41;110.68;586.21;57.42;12.83;6.38;2.24;5.09;0.99;2.76;9.68;5.52;7.60;1.24;
2.89;18.27;12.06;4.54;6.10;4.99;2.93;0.00;0.00;0.00;0.04;0.04;0.04;2.63;7.50;0.65;20.60;17.17;9.46;5.13;0.85;0.80;0.20;0.42;14.52;4.10;3.03;8.91;2.62;0.00;0.00;0.49;0.59;0.00;16.85;1.59;4.03;37.34;1.06;5.15;1.87;4.28;0.36;1.06;2.95;2.33;3.59;0.44;
2.89;18.27;12.06;4.54;6.10;4.99;2.93;0.00;0.00;0.00;0.04;0.04;0.04;2.63;7.50;0.65;20.60;17.17;9.46;5.07;0.85;0.79;0.20;0.42;14.36;4.08;2.96;8.85;2.61;0.00;0.00;0.50;0.59;0.00;23.31;5.85;18.64;42.62;2.28;5.42;1.96;4.46;1.94;5.16;21.04;9.70;12.40;2.45;
2.89;18.27;12.06;4.54;6.10;4.99;2.93;0.00;0.00;0.00;0.04;0.04;0.04;2.63;7.50;0.65;20.60;17.17;9.45;5.04;0.85;0.78;0.20;0.42;14.33;4.08;2.95;8.84;2.61;0.00;0.00;0.49;0.59;0.00;16.92;1.61;4.11;37.40;1.07;8.53;2.87;6.43;7.89;19.15;107.57;31.67;34.73;10.11;
2.89;18.27;12.06;4.54;6.10;4.99;2.93;0.00;0.00;0.00;0.04;0.04;0.04;2.63;7.50;0.65;20.60;17.17;9.45;5.04;0.85;0.78;0.20;0.42;14.16;4.06;2.88;8.78;2.60;0.00;0.00;0.49;0.59;0.00;16.49;1.46;3.64;37.01;1.00;6.56;2.30;5.20;1.17;3.22;11.74;6.35;8.58;1.47;
2.89;18.27;12.06;4.54;6.10;4.99;2.93;0.00;0.00;0.00;0.04;0.04;0.04;2.63;7.50;0.65;20.60;17.17;9.45;5.04;0.85;0.78;0.20;0.42;14.21;4.06;2.90;8.79;2.60;0.00;0.00;0.50;0.59;0.00;38.79;45.42;206.17;52.46;7.60;10.30;3.37;7.48;1.36;3.70;13.94;7.19;9.57;1.71;
2.89;18.23;12.04;4.53;6.09;4.99;2.92;0.00;0.00;0.00;0.04;0.04;0.04;2.63;7.50;0.65;20.60;17.17;9.45;4.96;0.84;0.76;0.20;0.42;14.22;4.07;2.90;8.80;2.60;0.00;0.00;0.50;0.59;0.00;20.51;3.50;10.18;40.45;1.68;6.55;2.30;5.20;0.37;1.09;3.04;2.38;3.66;0.45;
2.89;18.22;12.03;4.53;6.09;4.98;2.92;0.00;0.00;0.00;0.04;0.04;0.04;2.63;7.50;0.65;20.60;17.17;9.45;4.95;0.84;0.76;0.20;0.42;14.14;4.06;2.87;8.77;2.60;0.00;0.00;0.50;0.59;0.00;25.53;8.45;28.65;44.24;2.82;6.58;2.31;5.22;1.37;3.72;14.01;7.22;9.60;1.72;
2.89;18.22;12.03;4.53;6.09;4.98;2.92;0.00;0.00;0.00;0.04;0.04;0.04;2.63;7.50;0.65;20.60;17.17;9.45;4.94;0.84;0.76;0.20;0.42;14.05;4.05;2.83;8.73;2.59;0.00;0.00;0.50;0.59;0.00;16.49;1.45;3.64;37.01;1.00;4.51;1.67;3.85;0.59;1.70;5.31;3.57;5.20;0.74;
2.89;18.22;12.03;4.53;6.09;4.98;2.92;0.00;0.00;0.00;0.04;0.04;0.04;2.60;7.48;0.65;20.52;17.14;9.40;4.93;0.84;0.76;0.20;0.42;14.03;4.04;2.82;8.73;2.59;0.00;0.00;0.50;0.59;0.00;15.49;1.13;2.71;36.08;0.87;5.53;1.99;4.53;0.73;2.08;6.81;4.27;6.08;0.92;
2.88;18.18;12.01;4.52;6.08;4.98;2.92;0.00;0.00;0.00;0.04;0.04;0.04;2.60;7.48;0.64;20.51;17.13;9.39;4.87;0.83;0.74;0.19;0.41;14.03;4.04;2.82;8.72;2.59;0.00;0.00;0.50;0.59;0.00;30.47;17.19;65.95;47.54;4.29;7.92;2.70;6.06;1.60;4.31;16.82;8.24;10.77;2.01;
2.88;18.13;11.99;4.51;6.06;4.97;2.91;0.00;0.00;0.00;0.04;0.04;0.04;2.53;7.44;0.62;20.28;17.03;9.22;4.86;0.83;0.74;0.19;0.41;14.03;4.04;2.82;8.72;2.59;0.00;0.00;0.50;0.59;0.00;40.55;54.26;254.00;53.42;8.44;5.93;2.11;4.80;0.25;0.75;1.92;1.71;2.74;0.30;
2.88;18.12;11.98;4.50;6.06;4.96;2.91;0.00;0.00;0.00;0.04;0.04;0.04;2.50;7.42;0.61;20.16;16.97;9.14;4.85;0.83;0.74;0.19;0.41;13.80;4.02;2.72;8.64;2.57;0.00;0.00;0.50;0.59;0.00;48.44;110.95;587.88;57.43;12.85;7.83;2.67;6.00;2.28;6.00;25.40;11.12;13.97;2.88;
2.87;18.04;11.94;4.49;6.03;4.95;2.90;0.00;0.00;0.00;0.04;0.04;0.04;2.49;7.42;0.60;20.14;16.96;9.12;4.84;0.83;0.73;0.19;0.41;13.98;4.04;2.80;8.71;2.58;0.00;0.00;0.50;0.59;0.00;44.13;76.30;378.91;55.29;10.31;7.96;2.71;6.08;1.38;3.76;14.22;7.29;9.68;1.74;
2.87;18.02;11.93;4.48;6.03;4.95;2.90;0.00;0.00;0.00;0.04;0.04;0.04;2.49;7.41;0.60;20.14;16.96;9.12;4.79;0.82;0.72;0.19;0.41;13.94;4.03;2.78;8.69;2.58;0.00;0.00;0.50;0.59;0.00;21.84;4.51;13.72;41.51;1.95;5.91;2.11;4.79;1.03;2.85;10.05;5.67;7.78;1.29;
2.87;18.02;11.93;4.48;6.03;4.94;2.90;0.00;0.00;0.00;0.04;0.04;0.04;2.49;7.41;0.60;20.13;16.96;9.12;4.77;0.82;0.72;0.19;0.41;13.93;4.03;2.78;8.69;2.58;0.00;0.00;0.50;0.59;0.00;34.85;29.53;124.41;50.22;5.90;8.55;2.88;6.44;3.40;8.71;40.41;15.57;18.72;4.31;
2.87;18.02;11.93;4.48;6.03;4.94;2.90;0.00;0.00;0.00;0.04;0.04;0.04;2.49;7.41;0.60;20.13;16.96;9.12;4.77;0.82;0.72;0.19;0.41;13.86;4.02;2.75;8.66;2.58;0.00;0.00;0.50;0.59;0.00;19.93;3.12;8.89;39.98;1.57;5.09;1.85;4.24;0.47;1.37;4.05;2.93;4.38;0.58;
2.86;18.02;11.93;4.48;6.03;4.94;2.90;0.00;0.00;0.00;0.04;0.04;0.04;2.49;7.41;0.60;20.13;16.96;9.12;4.75;0.82;0.71;0.19;0.41;13.76;4.01;2.71;8.62;2.57;0.00;0.00;0.50;0.59;0.00;40.86;55.95;263.31;53.58;8.59;6.77;2.36;5.34;0.76;2.14;7.05;4.39;6.22;0.94;
2.86;18.02;11.93;4.48;6.03;4.94;2.90;0.00;0.00;0.00;0.04;0.04;0.04;2.49;7.41;0.60;20.13;16.96;9.12;4.69;0.81;0.70;0.19;0.41;13.60;3.99;2.64;8.56;2.56;0.00;0.00;0.50;0.59;0.00;19.77;3.02;8.58;39.86;1.54;5.82;2.08;4.72;0.34;1.00;2.75;2.21;3.43;0.42;
2.86;18.02;11.93;4.48;6.03;4.94;2.90;0.00;0.00;0.00;0.04;0.04;0.04;2.49;7.41;0.60;20.13;16.96;9.12;4.68;0.81;0.70;0.19;0.40;13.64;4.00;2.66;8.57;2.56;0.00;0.00;0.49;0.59;0.00;32.87;23.32;94.35;49.03;5.13;5.98;2.12;4.83;1.12;3.09;11.15;6.11;8.31;1.41;
2.86;18.02;11.93;4.48;6.03;4.94;2.90;0.00;0.00;0.00;0.04;0.04;0.04;2.49;7.41;0.60;20.13;16.96;9.12;4.68;0.81;0.70;0.19;0.40;13.65;4.00;2.66;8.58;2.56;0.00;0.00;0.50;0.59;0.00;19.26;2.71;7.57;39.43;1.45;6.55;2.29;5.19;1.06;2.93;10.42;5.82;7.96;1.33;
2.86;18.02;11.93;4.48;6.03;4.94;2.90;0.00;0.00;0.00;0.04;0.04;0.04;2.49;7.41;0.60;20.13;16.96;9.12;4.68;0.81;0.70;0.19;0.40;13.57;3.99;2.63;8.55;2.55;0.00;0.00;0.49;0.59;0.00;22.24;4.84;14.93;41.81;2.04;5.80;2.07;4.71;2.35;6.18;26.37;11.42;14.30;2.98;
2.86;18.02;11.93;4.48;6.03;4.94;2.90;0.00;0.00;0.00;0.04;0.04;0.04;2.47;7.40;0.60;20.06;16.93;9.06;4.62;0.81;0.68;0.19;0.40;13.63;4.00;2.65;8.57;2.56;0.00;0.00;0.50;0.59;0.00;30.58;17.44;67.09;47.61;4.33;4.61;1.70;3.92;0.25;0.75;1.92;1.71;2.74;0.30;
2.86;18.02;11.93;4.48;6.03;4.94;2.90;0.00;0.00;0.00;0.04;0.04;0.04;2.48;7.41;0.60;20.12;16.95;9.11;4.60;0.80;0.68;0.19;0.40;13.65;4.00;2.66;8.58;2.56;0.00;0.00;0.50;0.59;0.00;25.87;8.90;30.48;44.47;2.91;7.05;2.44;5.51;5.91;14.61;76.84;24.81;28.08;7.54;
2.86;18.02;11.93;4.48;6.03;4.94;2.90;0.00;0.00;0.00;0.04;0.04;0.04;2.49;7.41;0.60;20.13;16.96;9.11;4.59;0.80;0.68;0.18;0.40;13.50;3.98;2.60;8.52;2.55;0.00;0.00;0.50;0.59;0.00;25.64;8.58;29.19;44.31;2.85;8.08;2.74;6.15;0.30;0.90;2.40;2.01;3.15;0.37;
