071020;22:45:33;4.58;34.68;19.94;8.08;10.79;7.89;4.67;0.00;0.00;0.00;0.08;0.07;0.08;61.60;14.59;70.65;78.50;35.66;80.91;12.91;1.43;3.37;0.47;0.70;54.43;7.09;49.64;20.15;4.41;0.02;0.05;0.70;0.81;0.01;18.38;2.25;6.07;38.68;1.30;7.82;2.67;5.99;0.02;0.09;0.13;0.24;0.50;0.03;
071020;22:45:34;3.10;20.13;13.01;4.95;6.65;5.35;3.14;0.00;0.00;0.00;0.04;0.04;0.04;5.33;8.71;1.87;27.81;20.23;15.31;5.53;0.89;0.90;0.22;0.44;17.78;4.46;4.66;10.10;2.84;0.00;0.01;0.53;0.63;0.00;6.67;0.04;0.05;25.58;0.12;4.81;1.76;4.05;0.13;0.40;0.87;0.96;1.67;0.15;
071020;22:45:36;2.89;18.25;12.05;4.53;6.10;4.99;2.92;0.00;0.00;0.00;0.04;0.04;0.04;3.43;7.93;0.97;23.07;18.27;11.35;4.74;0.82;0.71;0.19;0.41;14.43;4.09;3.00;8.88;2.62;0.00;0.01;0.50;0.60;0.00;6.22;0.03;0.04;24.87;0.10;6.75;2.35;5.32;0.40;1.18;3.35;2.56;3.89;0.50;
071020;22:45:38;2.85;17.91;11.87;4.46;5.99;4.92;2.88;0.00;0.00;0.00;0.03;0.04;0.04;3.15;7.79;0.86;22.25;17.91;10.70;4.56;0.80;0.67;0.18;0.40;14.30;4.08;2.94;8.83;2.61;0.00;0.00;0.50;0.60;0.00;2.80;0.00;0.00;17.96;0.02;5.43;1.96;4.47;2.30;6.06;25.72;11.22;14.08;2.91;
071020;22:45:41;2.84;17.84;11.83;4.44;5.97;4.91;2.88;0.00;0.00;0.00;0.03;0.04;0.04;3.09;7.76;0.83;22.08;17.84;10.57;4.52;0.80;0.66;0.18;0.40;14.38;4.09;2.97;8.86;2.61;0.00;0.00;0.50;0.59;0.00;8.57;0.10;0.17;28.34;0.21;3.95;1.49;3.46;0.03;0.10;0.16;0.29;0.58;0.04;
071020;22:45:43;2.84;17.82;11.82;4.44;5.97;4.91;2.87;0.00;0.00;0.00;0.03;0.04;0.04;3.06;7.74;0.82;21.97;17.79;10.48;4.51;0.80;0.66;0.18;0.40;14.18;4.06;2.88;8.78;2.60;0.00;0.00;0.50;0.59;0.00;15.92;1.26;3.08;36.48;0.92;5.68;2.03;4.63;0.02;0.09;0.13;0.24;0.50;0.03;
071020;22:45:45;2.84;17.82;11.82;4.44;5.97;4.91;2.87;0.00;0.00;0.00;0.03;0.04;0.04;3.08;7.75;0.83;22.03;17.81;10.53;4.49;0.79;0.65;0.18;0.40;14.25;4.07;2.91;8.81;2.60;0.00;0.00;0.50;0.59;0.00;9.61;0.17;0.29;29.70;0.28;4.80;1.76;4.05;0.04;0.15;0.25;0.39;0.76;0.05;
071020;22:45:48;2.84;17.82;11.82;4.44;5.97;4.91;2.87;0.00;0.00;0.00;0.03;0.04;0.04;3.08;7.76;0.83;22.04;17.82;10.54;4.48;0.79;0.65;0.18;0.39;14.15;4.06;2.87;8.77;2.60;0.00;0.00;0.50;0.59;0.00;10.35;0.22;0.40;30.61;0.33;4.89;1.79;4.11;0.01;0.05;0.06;0.14;0.32;0.02;
071020;22:45:50;2.84;17.82;11.82;4.44;5.97;4.91;2.87;0.00;0.00;0.00;0.03;0.04;0.04;3.00;7.71;0.80;21.79;17.71;10.35;4.46;0.79;0.65;0.18;0.39;14.24;4.07;2.91;8.80;2.60;0.00;0.00;0.50;0.59;0.00;5.86;0.02;0.03;24.28;0.09;5.51;1.98;4.52;0.02;0.06;0.08;0.17;0.36;0.02;
071020;22:45:52;2.84;17.82;11.82;4.44;5.97;4.91;2.87;0.00;0.00;0.00;0.03;0.04;0.04;2.98;7.70;0.79;21.74;17.68;10.31;4.43;0.79;0.64;0.18;0.39;14.37;4.08;2.97;8.85;2.61;0.00;0.00;0.50;0.59;0.00;9.49;0.16;0.27;29.54;0.27;4.68;1.72;3.96;0.02;0.06;0.09;0.18;0.39;0.02;
071020;22:45:54;2.84;17.78;11.80;4.43;5.96;4.90;2.87;0.00;0.00;0.00;0.03;0.04;0.04;2.98;7.70;0.79;21.73;17.68;10.30;4.42;0.79;0.64;0.18;0.39;13.95;4.03;2.79;8.69;2.58;0.00;0.00;0.50;0.59;0.00;6.37;0.03;0.04;25.12;0.11;4.61;1.70;3.92;0.70;2.00;6.49;4.13;5.91;0.88;
071020;22:45:57;2.84;17.81;11.82;4.43;5.97;4.90;2.87;0.00;0.00;0.00;0.03;0.04;0.04;2.98;7.70;0.79;21.73;17.68;10.30;4.42;0.79;0.64;0.18;0.39;14.31;4.08;2.94;8.83;2.61;0.00;0.00;0.50;0.59;0.00;9.88;0.19;0.32;30.03;0.30;4.11;1.54;3.57;0.03;0.11;0.17;0.30;0.60;0.04;
071020;22:45:59;2.84;17.78;11.80;4.43;5.96;4.90;2.87;0.00;0.00;0.00;0.03;0.04;0.04;2.95;7.68;0.78;21.64;17.64;10.24;4.39;0.78;0.63;0.18;0.39;14.38;4.09;2.97;8.86;2.61;0.00;0.00;0.50;0.59;0.00;9.13;0.13;0.22;29.08;0.25;3.54;1.36;3.16;0.04;0.15;0.26;0.40;0.78;0.05;
071020;22:46:01;2.84;17.77;11.80;4.43;5.95;4.90;2.87;0.00;0.00;0.00;0.03;0.04;0.04;2.97;7.70;0.79;21.71;17.67;10.29;4.36;0.78;0.62;0.18;0.39;14.06;4.05;2.83;8.74;2.59;0.00;0.00;0.50;0.59;0.00;13.81;0.71;1.58;34.43;0.66;5.08;1.85;4.24;0.02;0.06;0.08;0.16;0.36;0.02;
071020;22:46:04;2.84;17.81;11.82;4.43;5.97;4.90;2.87;0.00;0.00;0.00;0.03;0.04;0.04;2.92;7.67;0.77;21.55;17.60;10.17;4.35;0.78;0.62;0.18;0.39;14.33;4.08;2.95;8.84;2.61;0.00;0.00;0.50;0.59;0.00;10.97;0.28;0.53;31.34;0.38;2.95;1.16;2.73;0.03;0.10;0.16;0.29;0.58;0.04;
071020;22:46:06;2.82;17.66;11.74;4.40;5.92;4.87;2.86;0.00;0.00;0.00;0.03;0.04;0.04;2.91;7.66;0.76;21.52;17.59;10.15;4.34;0.78;0.62;0.18;0.39;14.39;4.09;2.98;8.86;2.61;0.00;0.00;0.50;0.59;0.00;10.19;0.21;0.37;30.41;0.32;3.56;1.37;3.18;0.06;0.20;0.37;0.52;0.97;0.07;
071020;22:46:08;2.82;17.63;11.73;4.39;5.91;4.87;2.85;0.00;0.00;0.00;0.03;0.04;0.04;2.91;7.66;0.76;21.52;17.59;10.14;4.34;0.78;0.62;0.18;0.39;14.18;4.06;2.88;8.78;2.60;0.00;0.00;0.50;0.59;0.00;12.64;0.50;1.04;33.21;0.53;6.40;2.25;5.10;0.06;0.21;0.38;0.53;0.99;0.07;
071020;22:46:11;2.82;17.67;11.74;4.40;5.92;4.88;2.86;0.00;0.00;0.00;0.03;0.04;0.04;2.91;7.66;0.76;21.52;17.59;10.14;4.30;0.77;0.61;0.17;0.39;14.36;4.08;2.96;8.85;2.61;0.00;0.00;0.50;0.59;0.00;11.89;0.39;0.78;32.39;0.46;4.69;1.73;3.97;0.02;0.07;0.10;0.20;0.42;0.02;
071020;22:46:13;2.82;17.63;11.73;4.39;5.91;4.87;2.85;0.00;0.00;0.00;0.03;0.04;0.04;2.91;7.66;0.76;21.52;17.59;10.14;4.30;0.77;0.61;0.17;0.39;14.17;4.06;2.88;8.78;2.60;0.00;0.00;0.50;0.59;0.00;8.62;0.11;0.17;28.41;0.22;5.30;1.92;4.38;0.05;0.17;0.30;0.44;0.85;0.06;
071020;22:46:15;2.82;17.59;11.70;4.38;5.90;4.86;2.85;0.00;0.00;0.00;0.03;0.04;0.04;2.91;7.66;0.76;21.52;17.59;10.14;4.29;0.77;0.61;0.17;0.39;13.91;4.03;2.77;8.68;2.58;0.00;0.00;0.50;0.59;0.00;3.02;0.00;0.00;18.52;0.02;2.63;1.06;2.50;0.85;2.38;8.03;4.82;6.75;1.06;
071020;22:46:18;2.82;17.62;11.72;4.39;5.91;4.87;2.85;0.00;0.00;0.00;0.03;0.04;0.04;2.88;7.65;0.75;21.43;17.55;10.08;4.26;0.77;0.60;0.17;0.38;14.08;4.05;2.84;8.74;2.59;0.00;0.00;0.50;0.59;0.00;11.31;0.32;0.62;31.74;0.41;5.43;1.96;4.47;0.02;0.07;0.09;0.19;0.41;0.02;
071020;22:46:20;2.82;17.62;11.72;4.39;5.91;4.87;2.85;0.00;0.00;0.00;0.03;0.04;0.04;2.88;7.64;0.75;21.42;17.54;10.06;4.25;0.77;0.60;0.17;0.38;14.00;4.04;2.81;8.71;2.59;0.00;0.00;0.50;0.59;0.00;10.14;0.21;0.37;30.35;0.32;5.96;2.12;4.82;0.03;0.11;0.17;0.29;0.59;0.04;
071020;22:46:22;2.82;17.59;11.70;4.38;5.90;4.86;2.85;0.00;0.00;0.00;0.03;0.04;0.04;2.90;7.66;0.76;21.50;17.58;10.13;4.25;0.77;0.60;0.17;0.38;14.10;4.05;2.85;8.75;2.59;0.00;0.00;0.50;0.59;0.00;9.03;0.13;0.21;28.95;0.24;4.80;1.76;4.05;0.08;0.26;0.51;0.65;1.19;0.10;
071020;22:46:25;2.82;17.62;11.72;4.39;5.91;4.87;2.85;0.00;0.00;0.00;0.03;0.04;0.04;2.88;7.65;0.75;21.43;17.55;10.07;4.25;0.77;0.60;0.17;0.38;14.23;4.07;2.91;8.80;2.60;0.00;0.00;0.50;0.59;0.00;7.26;0.05;0.08;26.48;0.14;3.94;1.49;3.45;0.13;0.41;0.89;0.98;1.69;0.16;
071020;22:46:27;2.82;17.59;11.70;4.38;5.90;4.86;2.85;0.00;0.00;0.00;0.03;0.04;0.04;2.85;7.63;0.74;21.33;17.50;10.00;4.25;0.77;0.60;0.17;0.38;14.26;4.07;2.92;8.81;2.60;0.00;0.00;0.50;0.59;0.00;7.90;0.08;0.11;27.42;0.18;3.93;1.49;3.44;0.02;0.07;0.10;0.20;0.42;0.02;
071020;22:46:29;2.81;17.58;11.70;4.38;5.90;4.86;2.85;0.00;0.00;0.00;0.03;0.04;0.04;2.82;7.61;0.73;21.23;17.46;9.93;4.23;0.77;0.59;0.17;0.38;14.15;4.06;2.87;8.77;2.60;0.00;0.00;0.50;0.59;0.00;7.61;0.06;0.09;27.00;0.16;4.07;1.53;3.54;0.01;0.03;0.04;0.10;0.23;0.01;
071020;22:46:31;2.81;17.58;11.70;4.38;5.90;4.86;2.85;0.00;0.00;0.00;0.03;0.04;0.04;2.87;7.64;0.74;21.37;17.52;10.03;4.18;0.76;0.59;0.17;0.38;14.13;4.06;2.86;8.76;2.60;0.00;0.00;0.50;0.59;0.00;4.29;0.01;0.01;21.37;0.04;3.83;1.45;3.37;0.03;0.12;0.20;0.33;0.65;0.04;
071020;22:46:34;2.83;17.73;11.78;4.42;5.94;4.89;2.86;0.00;0.00;0.00;0.03;0.04;0.04;2.87;7.64;0.75;21.40;17.54;10.06;4.24;0.77;0.60;0.17;0.38;14.46;4.09;3.01;8.89;2.62;0.00;0.00;0.50;0.59;0.00;6.16;0.03;0.03;24.77;0.10;3.15;1.23;2.88;0.01;0.04;0.05;0.12;0.28;0.01;
071020;22:46:36;2.86;17.96;11.90;4.47;6.01;4.93;2.89;0.00;0.00;0.00;0.03;0.04;0.04;2.90;7.66;0.76;21.49;17.58;10.12;4.48;0.79;0.65;0.18;0.39;14.76;4.13;3.14;9.00;2.64;0.00;0.00;0.50;0.59;0.00;7.02;0.05;0.06;26.13;0.13;3.09;1.21;2.84;0.02;0.07;0.10;0.21;0.43;0.02;
071020;22:46:38;2.89;18.24;12.04;4.53;6.09;4.99;2.92;0.00;0.00;0.00;0.04;0.04;0.04;2.91;7.66;0.76;21.51;17.58;10.14;4.83;0.83;0.73;0.19;0.41;14.59;4.11;3.06;8.94;2.63;0.00;0.00;0.50;0.59;0.00;6.09;0.03;0.03;24.66;0.10;4.45;1.65;3.81;0.02;0.07;0.10;0.21;0.44;0.02;
071020;22:46:41;2.92;18.50;12.18;4.59;6.17;5.04;2.95;0.00;0.00;0.00;0.04;0.04;0.04;2.94;7.68;0.77;21.60;17.62;10.20;5.17;0.86;0.81;0.21;0.43;15.01;4.16;3.26;9.10;2.66;0.00;0.00;0.50;0.59;0.00;7.20;0.05;0.07;26.39;0.14;2.95;1.17;2.74;0.01;0.04;0.05;0.11;0.26;0.01;
071020;22:46:43;2.94;18.64;12.25;4.62;6.21;5.06;2.97;0.00;0.00;0.00;0.04;0.04;0.04;2.92;7.67;0.76;21.53;17.59;10.15;5.48;0.89;0.89;0.22;0.44;15.46;4.21;3.46;9.26;2.69;0.00;0.00;0.50;0.59;0.00;6.92;0.04;0.06;25.97;0.13;3.59;1.38;3.20;0.06;0.21;0.39;0.54;1.00;0.08;
071020;22:46:45;2.96;18.83;12.35;4.66;6.27;5.10;2.99;0.00;0.00;0.00;0.04;0.04;0.04;2.94;7.68;0.77;21.60;17.62;10.21;5.77;0.91;0.96;0.23;0.45;15.31;4.19;3.39;9.21;2.68;0.00;0.00;0.50;0.59;0.00;6.77;0.04;0.05;25.74;0.12;3.19;1.25;2.91;0.02;0.06;0.08;0.18;0.38;0.02;
071020;22:46:48;2.96;18.87;12.37;4.67;6.28;5.11;3.00;0.00;0.00;0.00;0.04;0.04;0.04;3.02;7.73;0.81;21.87;17.74;10.41;6.01;0.93;1.03;0.24;0.46;15.64;4.23;3.55;9.33;2.70;0.00;0.00;0.50;0.59;0.00;9.70;0.17;0.30;29.81;0.29;3.43;1.32;3.09;0.00;0.02;0.02;0.06;0.15;0.01;
071020;22:46:50;2.99;19.09;12.48;4.72;6.34;5.15;3.02;0.00;0.00;0.00;0.04;0.04;0.04;2.99;7.70;0.79;21.75;17.69;10.32;6.25;0.95;1.09;0.24;0.47;15.58;4.22;3.52;9.31;2.70;0.00;0.00;0.50;0.59;0.00;10.70;0.26;0.47;31.02;0.36;3.81;1.45;3.36;0.03;0.11;0.18;0.31;0.62;0.04;
071020;22:46:52;2.99;19.09;12.48;4.72;6.34;5.15;3.02;0.00;0.00;0.00;0.04;0.04;0.04;3.06;7.75;0.82;21.99;17.79;10.50;6.43;0.97;1.14;0.25;0.48;15.69;4.24;3.58;9.35;2.70;0.00;0.00;0.50;0.59;0.00;7.41;0.06;0.08;26.71;0.15;5.00;1.82;4.18;0.06;0.21;0.40;0.55;1.02;0.08;
071020;22:46:55;3.01;19.30;12.59;4.77;6.41;5.19;3.05;0.00;0.00;0.00;0.04;0.04;0.05;3.08;7.75;0.83;22.03;17.81;10.53;6.65;0.99;1.20;0.26;0.49;15.84;4.25;3.65;9.40;2.71;0.00;0.00;0.50;0.59;0.00;7.07;0.05;0.07;26.21;0.14;3.77;1.44;3.33;0.01;0.04;0.05;0.12;0.27;0.01;
071020;22:46:57;3.01;19.34;12.61;4.78;6.42;5.20;3.05;0.00;0.00;0.00;0.04;0.04;0.05;3.08;7.76;0.83;22.04;17.82;10.54;6.77;1.00;1.24;0.26;0.49;15.87;4.26;3.66;9.41;2.72;0.00;0.00;0.50;0.59;0.00;9.72;0.17;0.30;29.83;0.29;4.08;1.53;3.55;0.03;0.11;0.18;0.31;0.62;0.04;
071020;22:46:59;3.02;19.44;12.66;4.80;6.45;5.22;3.06;0.00;0.00;0.00;0.04;0.04;0.05;3.08;7.76;0.83;22.04;17.82;10.54;6.94;1.01;1.29;0.27;0.50;15.75;4.24;3.60;9.37;2.71;0.00;0.00;0.50;0.59;0.00;8.88;0.12;0.20;28.76;0.23;4.07;1.53;3.55;0.05;0.17;0.30;0.45;0.85;0.06;
071020;22:47:02;3.04;19.59;12.73;4.83;6.49;5.25;3.08;0.00;0.00;0.00;0.04;0.04;0.05;3.08;7.76;0.83;22.04;17.82;10.54;7.08;1.02;1.33;0.27;0.51;15.61;4.23;3.53;9.32;2.70;0.00;0.00;0.50;0.59;0.00;8.82;0.12;0.19;28.68;0.23;5.02;1.83;4.19;0.02;0.06;0.07;0.16;0.35;0.02;
071020;22:47:04;3.04;19.53;12.70;4.82;6.47;5.24;3.07;0.00;0.00;0.00;0.04;0.04;0.05;3.20;7.82;0.88;22.39;17.97;10.81;7.13;1.03;1.34;0.27;0.51;15.94;4.26;3.70;9.44;2.72;0.00;0.00;0.50;0.59;0.00;4.43;0.01;0.01;21.65;0.04;4.57;1.69;3.89;0.02;0.07;0.10;0.20;0.43;0.02;
071020;22:47:06;3.04;19.60;12.74;4.84;6.50;5.25;3.08;0.00;0.00;0.00;0.04;0.04;0.05;3.22;7.83;0.88;22.46;18.00;10.86;7.23;1.03;1.37;0.28;0.51;15.77;4.24;3.61;9.38;2.71;0.00;0.00;0.50;0.59;0.00;6.62;0.04;0.05;25.51;0.12;2.98;1.18;2.76;0.01;0.05;0.06;0.14;0.31;0.02;
071020;22:47:08;3.05;19.62;12.75;4.84;6.50;5.25;3.08;0.00;0.00;0.00;0.04;0.04;0.05;3.20;7.82;0.87;22.38;17.97;10.81;7.36;1.05;1.41;0.28;0.52;15.73;4.24;3.59;9.36;2.71;0.00;0.00;0.50;0.59;0.00;9.72;0.17;0.30;29.83;0.29;3.32;1.29;3.01;0.03;0.11;0.18;0.30;0.61;0.04;
071020;22:47:11;3.05;19.67;12.77;4.85;6.52;5.26;3.09;0.00;0.00;0.00;0.04;0.05;0.05;3.25;7.84;0.90;22.54;18.04;10.93;7.50;1.06;1.45;0.29;0.52;15.85;4.25;3.65;9.41;2.72;0.00;0.00;0.50;0.59;0.00;11.16;0.30;0.58;31.57;0.40;4.67;1.72;3.96;0.07;0.24;0.46;0.60;1.11;0.09;
071020;22:47:13;3.05;19.68;12.78;4.85;6.52;5.26;3.09;0.00;0.00;0.00;0.04;0.05;0.05;3.26;7.85;0.90;22.58;18.05;10.95;7.62;1.07;1.48;0.29;0.53;15.75;4.24;3.60;9.37;2.71;0.00;0.00;0.50;0.59;0.00;3.86;0.00;0.00;20.48;0.03;4.69;1.73;3.97;2.02;5.37;22.11;10.05;12.80;2.55;
071020;22:47:15;3.07;19.85;12.87;4.89;6.57;5.30;3.11;0.00;0.00;0.00;0.05;0.05;0.05;3.26;7.85;0.90;22.58;18.06;10.96;7.69;1.07;1.51;0.29;0.53;16.22;4.29;3.83;9.54;2.74;0.00;0.00;0.50;0.59;0.00;7.08;0.05;0.07;26.22;0.14;5.39;1.95;4.44;0.34;1.01;2.76;2.22;3.44;0.42;
071020;22:47:18;3.08;19.89;12.89;4.90;6.58;5.30;3.11;0.00;0.00;0.00;0.05;0.05;0.05;3.29;7.86;0.91;22.67;18.10;11.03;7.82;1.08;1.55;0.30;0.53;16.32;4.30;3.88;9.58;2.75;0.00;0.00;0.50;0.59;0.00;9.91;0.19;0.33;30.07;0.30;5.09;1.85;4.24;0.02;0.07;0.09;0.19;0.41;0.02;
071020;22:47:20;3.08;19.90;12.89;4.90;6.58;5.31;3.11;0.00;0.00;0.00;0.05;0.05;0.05;3.42;7.93;0.97;23.04;18.26;11.32;7.94;1.09;1.58;0.30;0.54;15.71;4.24;3.59;9.36;2.71;0.00;0.00;0.50;0.59;0.00;12.11;0.42;0.85;32.63;0.48;5.68;2.03;4.64;0.01;0.02;0.03;0.07;0.18;0.01;
071020;22:47:22;3.08;19.94;12.91;4.91;6.60;5.32;3.12;0.00;0.00;0.00;0.05;0.05;0.05;3.39;7.91;0.95;22.94;18.21;11.24;8.08;1.10;1.63;0.31;0.54;16.09;4.28;3.77;9.49;2.73;0.00;0.00;0.50;0.59;0.00;10.04;0.20;0.35;30.23;0.31;4.17;1.56;3.62;0.11;0.34;0.71;0.83;1.47;0.13;
071020;22:47:25;3.10;20.08;12.99;4.94;6.64;5.34;3.14;0.00;0.00;0.00;0.05;0.05;0.05;3.41;7.92;0.96;23.01;18.24;11.29;8.19;1.11;1.66;0.31;0.55;16.04;4.27;3.74;9.48;2.73;0.00;0.00;0.50;0.59;0.00;10.28;0.22;0.39;30.53;0.33;3.52;1.35;3.15;0.23;0.69;1.74;1.59;2.57;0.28;
071020;22:47:27;3.10;20.16;13.02;4.96;6.66;5.36;3.14;0.00;0.00;0.00;0.05;0.05;0.05;3.45;7.94;0.98;23.11;18.29;11.37;8.26;1.11;1.68;0.31;0.55;16.28;4.30;3.86;9.56;2.74;0.00;0.00;0.50;0.59;0.00;6.23;0.03;0.04;24.88;0.10;3.69;1.41;3.28;0.09;0.28;0.57;0.71;1.28;0.11;
071020;22:47:29;3.11;20.17;13.03;4.96;6.66;5.36;3.15;0.00;0.00;0.00;0.05;0.05;0.05;3.45;7.94;0.98;23.13;18.30;11.39;8.37;1.12;1.72;0.32;0.55;16.46;4.32;3.95;9.63;2.76;0.00;0.00;0.50;0.59;0.00;6.40;0.03;0.04;25.16;0.11;4.21;1.58;3.64;0.04;0.15;0.25;0.39;0.76;0.05;
071020;22:47:32;3.11;20.18;13.03;4.96;6.67;5.36;3.15;0.00;0.00;0.00;0.05;0.05;0.05;3.45;7.94;0.98;23.14;18.30;11.39;8.47;1.13;1.75;0.32;0.56;16.62;4.34;4.04;9.69;2.77;0.00;0.00;0.50;0.59;0.00;9.03;0.13;0.21;28.95;0.24;2.45;0.99;2.35;0.03;0.11;0.18;0.30;0.61;0.04;
071020;22:47:34;3.11;20.22;13.06;4.97;6.68;5.37;3.15;0.00;0.00;0.00;0.05;0.05;0.05;3.49;7.96;1.00;23.23;18.34;11.47;8.56;1.14;1.78;0.32;0.56;16.40;4.31;3.92;9.61;2.75;0.00;0.00;0.50;0.59;0.00;8.16;0.09;0.13;27.78;0.19;3.33;1.29;3.01;0.03;0.10;0.16;0.28;0.57;0.03;
071020;22:47:36;3.12;20.32;13.11;4.99;6.71;5.39;3.16;0.00;0.00;0.00;0.05;0.05;0.05;3.56;7.99;1.03;23.43;18.42;11.62;8.71;1.15;1.83;0.33;0.57;16.48;4.32;3.96;9.63;2.76;0.00;0.00;0.50;0.59;0.00;8.44;0.10;0.15;28.17;0.21;5.25;1.90;4.35;0.12;0.37;0.79;0.90;1.56;0.14;
071020;22:47:39;3.13;20.39;13.14;5.01;6.73;5.40;3.17;0.00;0.00;0.00;0.05;0.05;0.05;3.64;8.03;1.06;23.65;18.52;11.80;8.80;1.15;1.86;0.33;0.57;16.50;4.32;3.97;9.64;2.76;0.00;0.00;0.50;0.59;0.00;7.81;0.07;0.11;27.28;0.17;4.34;1.62;3.73;0.05;0.17;0.30;0.44;0.84;0.06;
071020;22:47:41;3.14;20.44;13.17;5.02;6.74;5.41;3.18;0.00;0.00;0.00;0.05;0.05;0.05;3.65;8.04;1.07;23.69;18.54;11.84;8.89;1.16;1.89;0.34;0.57;16.63;4.34;4.04;9.69;2.77;0.00;0.00;0.50;0.59;0.00;10.53;0.24;0.44;30.83;0.35;4.75;1.75;4.01;0.11;0.35;0.75;0.87;1.52;0.14;
071020;22:47:43;3.14;20.46;13.18;5.02;6.75;5.41;3.18;0.00;0.00;0.00;0.05;0.05;0.05;3.66;8.04;1.07;23.70;18.54;11.84;8.96;1.17;1.91;0.34;0.58;16.40;4.31;3.92;9.61;2.75;0.00;0.00;0.50;0.59;0.00;8.86;0.12;0.19;28.72;0.23;3.69;1.41;3.28;0.11;0.36;0.76;0.87;1.53;0.14;
071020;22:47:45;3.14;20.46;13.18;5.02;6.75;5.41;3.18;0.00;0.00;0.00;0.05;0.05;0.05;3.66;8.04;1.07;23.70;18.54;11.85;9.06;1.17;1.94;0.34;0.58;16.61;4.34;4.03;9.68;2.77;0.00;0.00;0.50;0.59;0.00;9.14;0.14;0.23;29.10;0.25;3.63;1.39;3.23;0.06;0.20;0.38;0.53;0.99;0.07;
071020;22:47:48;3.14;20.50;13.20;5.03;6.76;5.42;3.18;0.00;0.00;0.00;0.05;0.05;0.05;3.79;8.10;1.13;24.07;18.70;12.14;9.13;1.18;1.97;0.34;0.58;16.65;4.34;4.05;9.70;2.77;0.00;0.00;0.50;0.60;0.00;8.62;0.11;0.17;28.41;0.22;4.83;1.77;4.06;0.03;0.09;0.14;0.26;0.53;0.03;
071020;22:47:50;3.15;20.56;13.23;5.05;6.78;5.43;3.19;0.00;0.00;0.00;0.05;0.05;0.05;3.79;8.10;1.13;24.05;18.69;12.13;9.23;1.19;2.00;0.35;0.58;16.92;4.37;4.19;9.79;2.79;0.00;0.00;0.50;0.60;0.00;6.26;0.03;0.04;24.94;0.10;3.25;1.26;2.95;0.05;0.17;0.29;0.44;0.84;0.06;
071020;22:47:52;3.15;20.52;13.21;5.04;6.77;5.43;3.19;0.00;0.00;0.00;0.05;0.05;0.05;3.78;8.10;1.12;24.05;18.69;12.12;9.33;1.19;2.04;0.35;0.59;17.10;4.39;4.29;9.86;2.80;0.00;0.00;0.50;0.60;0.00;7.53;0.06;0.09;26.88;0.16;5.77;2.06;4.69;0.06;0.21;0.40;0.55;1.02;0.08;
071020;22:47:55;3.15;20.61;13.25;5.06;6.79;5.44;3.20;0.00;0.00;0.00;0.05;0.05;0.05;3.85;8.13;1.16;24.24;18.77;12.28;9.41;1.20;2.06;0.35;0.59;16.87;4.37;4.17;9.78;2.78;0.00;0.01;0.50;0.60;0.00;6.14;0.03;0.03;24.74;0.10;3.37;1.31;3.05;0.05;0.17;0.31;0.46;0.87;0.06;
071020;22:47:57;3.16;20.67;13.28;5.07;6.81;5.45;3.20;0.00;0.00;0.00;0.05;0.05;0.05;3.83;8.12;1.15;24.18;18.74;12.23;9.51;1.21;2.10;0.36;0.59;17.22;4.40;4.35;9.90;2.81;0.00;0.01;0.50;0.60;0.00;6.37;0.03;0.04;25.12;0.11;3.53;1.36;3.16;0.03;0.11;0.17;0.29;0.59;0.04;
071020;22:47:59;3.16;20.69;13.29;5.07;6.81;5.46;3.20;0.00;0.00;0.00;0.05;0.05;0.05;3.86;8.13;1.16;24.26;18.78;12.30;9.59;1.21;2.12;0.36;0.60;17.16;4.40;4.32;9.88;2.80;0.00;0.01;0.50;0.60;0.00;9.23;0.14;0.24;29.21;0.25;4.07;1.53;3.54;0.04;0.14;0.24;0.38;0.74;0.05;
071020;22:48:02;3.17;20.73;13.32;5.09;6.83;5.46;3.21;0.00;0.00;0.00;0.05;0.05;0.06;3.91;8.15;1.18;24.37;18.82;12.39;9.66;1.22;2.15;0.36;0.60;17.15;4.39;4.31;9.88;2.80;0.00;0.01;0.50;0.60;0.00;10.97;0.28;0.53;31.34;0.38;4.32;1.61;3.72;0.02;0.07;0.10;0.20;0.43;0.02;
071020;22:48:04;3.16;20.70;13.30;5.08;6.82;5.46;3.21;0.00;0.00;0.00;0.05;0.05;0.06;3.88;8.14;1.17;24.30;18.79;12.33;9.62;1.21;2.13;0.36;0.60;17.41;4.42;4.45;9.97;2.82;0.00;0.01;0.50;0.60;0.00;11.39;0.33;0.63;31.82;0.42;3.28;1.27;2.98;0.01;0.05;0.07;0.16;0.35;0.02;
071020;22:48:06;3.17;20.74;13.32;5.09;6.83;5.47;3.21;0.00;0.00;0.00;0.05;0.05;0.06;4.02;8.20;1.23;24.66;18.95;12.62;9.75;1.22;2.18;0.36;0.60;17.20;4.40;4.34;9.89;2.80;0.00;0.01;0.50;0.60;0.00;8.51;0.10;0.16;28.26;0.21;5.58;2.00;4.57;0.16;0.50;1.16;1.18;1.99;0.20;
071020;22:48:09;3.17;20.74;13.32;5.09;6.83;5.47;3.21;0.00;0.00;0.00;0.05;0.05;0.06;3.90;8.15;1.18;24.36;18.82;12.38;9.78;1.22;2.19;0.37;0.60;17.02;4.38;4.25;9.83;2.79;0.00;0.00;0.50;0.60;0.00;11.59;0.35;0.69;32.06;0.44;5.32;1.92;4.39;0.04;0.14;0.24;0.38;0.74;0.05;
071020;22:48:11;3.17;20.75;13.32;5.09;6.83;5.47;3.21;0.00;0.00;0.00;0.05;0.05;0.06;3.88;8.14;1.17;24.30;18.79;12.33;9.84;1.23;2.21;0.37;0.61;16.60;4.34;4.03;9.68;2.77;0.00;0.00;0.50;0.60;0.00;8.76;0.11;0.18;28.60;0.22;2.68;1.08;2.53;0.05;0.17;0.30;0.45;0.85;0.06;
071020;22:48:13;3.17;20.75;13.32;5.09;6.83;5.47;3.21;0.00;0.00;0.00;0.05;0.05;0.06;3.91;8.15;1.18;24.38;18.83;12.39;9.95;1.24;2.25;0.37;0.61;17.04;4.38;4.25;9.84;2.79;0.00;0.00;0.50;0.60;0.00;8.24;0.09;0.14;27.89;0.19;3.10;1.22;2.85;0.03;0.09;0.15;0.26;0.54;0.03;
071020;22:48:16;3.17;20.79;13.35;5.10;6.85;5.48;3.22;0.00;0.00;0.00;0.05;0.05;0.06;3.91;8.16;1.18;24.40;18.83;12.41;10.00;1.24;2.27;0.37;0.61;17.12;4.39;4.30;9.87;2.80;0.00;0.00;0.50;0.60;0.00;8.14;0.08;0.13;27.75;0.19;5.23;1.90;4.34;0.08;0.28;0.55;0.69;1.25;0.10;
071020;22:48:18;3.18;20.85;13.37;5.11;6.86;5.49;3.22;0.00;0.00;0.00;0.05;0.05;0.06;4.06;8.22;1.25;24.78;19.00;12.72;10.13;1.25;2.31;0.38;0.61;17.41;4.42;4.45;9.97;2.82;0.00;0.01;0.50;0.60;0.00;4.18;0.01;0.01;21.16;0.04;3.85;1.46;3.39;0.34;1.01;2.79;2.24;3.46;0.42;
071020;22:48:20;3.19;20.95;13.43;5.13;6.89;5.51;3.23;0.00;0.00;0.00;0.05;0.05;0.06;4.13;8.25;1.28;24.95;19.07;12.86;10.24;1.26;2.35;0.38;0.62;17.60;4.44;4.55;10.03;2.83;0.00;0.01;0.50;0.60;0.00;12.08;0.42;0.84;32.60;0.48;2.70;1.08;2.55;0.03;0.11;0.17;0.29;0.59;0.04;
071020;22:48:22;3.18;20.88;13.39;5.12;6.87;5.49;3.23;0.00;0.00;0.00;0.05;0.05;0.06;4.10;8.24;1.27;24.89;19.04;12.81;10.21;1.25;2.34;0.38;0.62;17.64;4.45;4.58;10.05;2.83;0.00;0.01;0.50;0.60;0.00;7.48;0.06;0.09;26.82;0.15;2.41;0.98;2.32;0.07;0.22;0.41;0.56;1.03;0.08;
071020;22:48:25;3.19;20.96;13.43;5.14;6.90;5.51;3.23;0.00;0.00;0.00;0.05;0.05;0.06;4.10;8.24;1.27;24.88;19.04;12.80;10.32;1.26;2.38;0.38;0.62;17.78;4.46;4.66;10.10;2.84;0.00;0.01;0.50;0.60;0.00;20.25;3.32;9.60;40.25;1.63;3.66;1.40;3.25;0.01;0.03;0.04;0.11;0.24;0.01;
071020;22:48:27;3.20;21.02;13.46;5.15;6.91;5.52;3.24;0.00;0.00;0.00;0.05;0.05;0.06;4.21;8.28;1.32;25.16;19.16;13.04;10.37;1.27;2.40;0.39;0.62;18.08;4.49;4.82;10.20;2.86;0.00;0.01;0.50;0.60;0.00;12.29;0.45;0.91;32.83;0.50;3.80;1.45;3.35;0.01;0.05;0.06;0.14;0.31;0.02;
071020;22:48:29;3.20;21.04;13.47;5.15;6.92;5.52;3.24;0.00;0.00;0.00;0.05;0.05;0.06;4.12;8.25;1.28;24.93;19.06;12.85;10.35;1.26;2.39;0.38;0.62;17.06;4.39;4.27;9.84;2.80;0.00;0.01;0.50;0.60;0.00;16.41;1.43;3.56;36.94;0.99;4.84;1.77;4.07;0.01;0.02;0.02;0.07;0.16;0.01;
071020;22:48:32;3.20;21.04;13.47;5.15;6.92;5.52;3.24;0.00;0.00;0.00;0.05;0.05;0.06;4.29;8.32;1.36;25.37;19.24;13.21;10.51;1.27;2.45;0.39;0.63;17.53;4.43;4.52;10.01;2.82;0.00;0.01;0.50;0.60;0.00;11.23;0.31;0.59;31.64;0.40;4.48;1.66;3.83;0.05;0.18;0.33;0.48;0.91;0.07;
071020;22:48:34;3.20;21.04;13.47;5.15;6.92;5.52;3.24;0.00;0.00;0.00;0.06;0.05;0.06;4.45;8.38;1.43;25.75;19.40;13.53;10.69;1.29;2.52;0.40;0.63;18.30;4.51;4.95;10.28;2.87;0.00;0.01;0.50;0.60;0.00;11.20;0.31;0.59;31.61;0.40;4.08;1.53;3.55;0.06;0.21;0.40;0.54;1.01;0.08;
071020;22:48:36;3.22;21.18;13.54;5.18;6.96;5.55;3.26;0.00;0.00;0.00;0.06;0.05;0.06;4.56;8.42;1.48;26.03;19.51;13.77;10.76;1.29;2.54;0.40;0.63;18.75;4.56;5.21;10.43;2.90;0.00;0.01;0.50;0.60;0.00;21.38;4.14;12.40;41.15;1.86;5.72;2.05;4.66;0.01;0.04;0.04;0.11;0.25;0.01;
071020;22:48:39;3.22;21.21;13.55;5.19;6.97;5.55;3.26;0.00;0.00;0.00;0.06;0.05;0.06;4.58;8.43;1.50;26.09;19.54;13.82;10.84;1.30;2.57;0.40;0.64;18.70;4.55;5.18;10.42;2.90;0.00;0.01;0.51;0.60;0.00;7.22;0.05;0.07;26.43;0.14;4.26;1.59;3.67;0.12;0.37;0.79;0.90;1.57;0.14;
071020;22:48:41;3.22;21.17;13.53;5.18;6.96;5.55;3.26;0.00;0.00;0.00;0.06;0.05;0.06;4.47;8.39;1.44;25.80;19.42;13.57;10.79;1.29;2.55;0.40;0.64;18.12;4.50;4.85;10.22;2.86;0.00;0.01;0.50;0.60;0.00;10.96;0.28;0.53;31.33;0.38;4.50;1.67;3.84;0.05;0.17;0.30;0.44;0.85;0.06;
071020;22:48:43;3.20;21.06;13.48;5.16;6.93;5.53;3.25;0.00;0.00;0.00;0.06;0.05;0.06;4.36;8.35;1.39;25.54;19.31;13.36;10.75;1.29;2.54;0.40;0.63;17.74;4.46;4.63;10.08;2.84;0.00;0.01;0.50;0.60;0.00;7.47;0.06;0.09;26.80;0.15;5.85;2.09;4.74;0.06;0.20;0.38;0.52;0.98;0.07;
071020;22:48:46;3.20;21.04;13.47;5.15;6.92;5.52;3.24;0.00;0.00;0.00;0.05;0.05;0.06;4.34;8.34;1.38;25.49;19.29;13.31;10.74;1.29;2.53;0.40;0.63;17.80;4.46;4.67;10.11;2.84;0.00;0.01;0.50;0.60;0.00;4.89;0.01;0.01;22.55;0.06;4.05;1.52;3.53;5.03;12.58;63.80;21.68;24.97;6.42;
071020;22:48:48;3.21;21.09;13.49;5.16;6.93;5.53;3.25;0.00;0.00;0.00;0.05;0.05;0.06;4.38;8.35;1.40;25.58;19.33;13.39;10.58;1.28;2.48;0.39;0.63;17.81;4.46;4.67;10.11;2.84;0.00;0.01;0.50;0.60;0.00;6.43;0.03;0.04;25.20;0.11;4.21;1.58;3.64;0.12;0.39;0.85;0.94;1.64;0.15;
071020;22:48:50;3.19;20.91;13.40;5.12;6.88;5.50;3.23;0.00;0.00;0.00;0.05;0.05;0.06;4.43;8.37;1.42;25.70;19.38;13.49;10.36;1.27;2.40;0.38;0.62;17.68;4.45;4.60;10.06;2.83;0.00;0.01;0.50;0.60;0.00;4.07;0.01;0.00;20.93;0.04;4.54;1.68;3.87;11.89;28.10;173.29;44.77;46.92;15.30;
071020;22:48:53;3.19;20.92;13.41;5.13;6.88;5.50;3.23;0.00;0.00;0.00;0.05;0.05;0.06;4.56;8.42;1.48;26.02;19.51;13.76;10.17;1.25;2.33;0.38;0.62;17.79;4.46;4.66;10.10;2.84;0.00;0.01;0.50;0.60;0.00;3.79;0.00;0.00;20.33;0.03;4.39;1.63;3.77;2.92;7.57;33.92;13.71;16.76;3.70;
071020;22:48:55;3.20;21.01;13.46;5.15;6.91;5.52;3.24;0.00;0.00;0.00;0.05;0.05;0.06;4.80;8.51;1.60;26.59;19.74;14.25;10.16;1.25;2.32;0.38;0.62;19.21;4.61;5.48;10.59;2.93;0.00;0.01;0.51;0.60;0.00;6.38;0.03;0.04;25.13;0.11;3.27;1.27;2.97;0.12;0.37;0.80;0.90;1.57;0.14;
071020;22:48:57;3.20;21.03;13.47;5.15;6.92;5.52;3.24;0.00;0.00;0.00;0.05;0.05;0.06;5.07;8.61;1.74;27.23;20.00;14.79;10.04;1.24;2.28;0.37;0.61;20.11;4.69;6.04;10.90;2.98;0.00;0.01;0.51;0.61;0.00;5.49;0.02;0.02;23.63;0.07;5.39;1.95;4.45;0.60;1.71;5.34;3.58;5.22;0.74;
071020;22:48:59;3.18;20.85;13.37;5.11;6.86;5.49;3.22;0.00;0.00;0.00;0.05;0.05;0.06;4.94;8.57;1.67;26.94;19.88;14.54;9.81;1.23;2.20;0.37;0.60;19.84;4.67;5.87;10.81;2.97;0.00;0.01;0.51;0.61;0.00;6.61;0.04;0.05;25.50;0.12;3.48;1.34;3.12;0.08;0.26;0.50;0.64;1.17;0.09;
071020;22:49:02;3.17;20.77;13.33;5.09;6.84;5.47;3.21;0.00;0.00;0.00;0.05;0.05;0.06;4.66;8.46;1.53;26.27;19.61;13.97;9.45;1.20;2.08;0.35;0.59;19.05;4.59;5.39;10.54;2.92;0.00;0.01;0.51;0.61;0.00;17.99;2.06;5.49;38.35;1.23;5.37;1.94;4.43;0.01;0.02;0.02;0.07;0.17;0.01;
071020;22:49:04;3.19;20.94;13.42;5.13;6.89;5.50;3.23;0.00;0.00;0.00;0.05;0.05;0.06;5.23;8.67;1.82;27.58;20.14;15.10;9.55;1.21;2.11;0.36;0.60;20.99;4.78;6.62;11.19;3.03;0.00;0.01;0.51;0.61;0.00;21.61;4.32;13.04;41.33;1.90;4.43;1.65;3.79;0.01;0.02;0.02;0.06;0.16;0.01;
071020;22:49:06;3.18;20.83;13.36;5.11;6.86;5.48;3.22;0.00;0.00;0.00;0.05;0.05;0.06;5.40;8.73;1.90;27.95;20.29;15.43;9.48;1.20;2.09;0.36;0.59;21.87;4.86;7.22;11.48;3.08;0.00;0.01;0.51;0.61;0.00;4.60;0.01;0.01;22.00;0.05;4.25;1.59;3.67;0.04;0.12;0.20;0.33;0.66;0.04;
071020;22:49:09;3.15;20.53;13.21;5.04;6.77;5.43;3.19;0.00;0.00;0.00;0.05;0.05;0.05;4.74;8.49;1.57;26.46;19.69;14.13;8.94;1.17;1.91;0.34;0.57;18.69;4.55;5.18;10.42;2.90;0.00;0.01;0.51;0.60;0.00;8.06;0.08;0.12;27.65;0.18;3.85;1.46;3.39;0.04;0.15;0.25;0.39;0.76;0.05;
071020;22:49:11;3.15;20.61;13.25;5.06;6.79;5.44;3.20;0.00;0.00;0.00;0.05;0.05;0.05;5.01;8.59;1.71;27.09;19.94;14.68;8.98;1.17;1.92;0.34;0.58;19.85;4.67;5.88;10.81;2.97;0.00;0.01;0.51;0.61;0.00;7.58;0.06;0.09;26.96;0.16;4.01;1.51;3.50;0.02;0.07;0.09;0.19;0.40;0.02;
071020;22:49:13;3.17;20.77;13.33;5.09;6.84;5.47;3.21;0.00;0.00;0.00;0.05;0.05;0.06;5.55;8.78;1.98;28.28;20.42;15.73;9.12;1.18;1.96;0.34;0.58;22.77;4.94;7.86;11.77;3.13;0.00;0.01;0.52;0.61;0.00;12.95;0.55;1.16;33.53;0.57;3.66;1.40;3.25;0.01;0.05;0.07;0.15;0.32;0.02;
071020;22:49:16;3.20;21.03;13.46;5.15;6.92;5.52;3.24;0.00;0.00;0.00;0.06;0.05;0.06;6.25;9.00;2.37;29.75;20.99;17.06;9.31;1.19;2.03;0.35;0.59;26.14;5.23;10.52;12.81;3.31;0.00;0.01;0.52;0.62;0.00;4.40;0.01;0.01;21.59;0.04;3.79;1.44;3.35;0.27;0.83;2.17;1.87;2.96;0.34;
071020;22:49:18;3.21;21.08;13.49;5.16;6.93;5.53;3.25;0.00;0.00;0.00;0.06;0.05;0.06;6.46;9.07;2.49;30.17;21.15;17.45;9.21;1.18;1.99;0.35;0.58;27.26;5.32;11.50;13.15;3.36;0.00;0.01;0.52;0.62;0.00;4.92;0.01;0.01;22.60;0.06;3.77;1.43;3.33;0.12;0.39;0.86;0.95;1.64;0.15;
071020;22:49:20;3.15;20.54;13.22;5.04;6.77;5.43;3.19;0.00;0.00;0.00;0.05;0.05;0.05;5.28;8.69;1.85;27.70;20.19;15.21;8.55;1.14;1.78;0.32;0.56;21.87;4.86;7.22;11.48;3.08;0.00;0.01;0.51;0.61;0.00;9.15;0.14;0.23;29.11;0.25;3.98;1.50;3.48;0.06;0.20;0.37;0.52;0.97;0.07;
071020;22:49:23;3.20;21.03;13.46;5.15;6.92;5.52;3.24;0.00;0.00;0.00;0.06;0.05;0.06;6.59;9.11;2.56;30.43;21.25;17.69;9.08;1.18;1.95;0.34;0.58;28.06;5.39;12.22;13.38;3.40;0.00;0.01;0.52;0.62;0.00;6.34;0.03;0.04;25.07;0.10;6.46;2.27;5.14;0.07;0.22;0.42;0.56;1.04;0.08;
071020;22:49:25;3.18;20.80;13.35;5.10;6.85;5.48;3.22;0.00;0.00;0.00;0.06;0.05;0.06;6.36;9.04;2.43;29.97;21.07;17.26;8.82;1.16;1.86;0.33;0.57;26.88;5.29;11.16;13.03;3.34;0.00;0.01;0.52;0.62;0.00;10.53;0.24;0.44;30.83;0.35;4.55;1.68;3.88;0.02;0.06;0.08;0.18;0.38;0.02;
071020;22:49:27;3.10;20.07;12.98;4.94;6.64;5.34;3.13;0.00;0.00;0.00;0.05;0.05;0.05;4.81;8.52;1.60;26.62;19.75;14.27;8.01;1.10;1.61;0.31;0.54;19.90;4.67;5.91;10.83;2.97;0.00;0.01;0.51;0.61;0.00;17.71;1.94;5.09;38.10;1.19;6.19;2.19;4.97;0.01;0.03;0.04;0.11;0.24;0.01;
071020;22:49:30;3.10;20.16;13.02;4.96;6.66;5.36;3.14;0.00;0.00;0.00;0.05;0.05;0.05;4.76;8.50;1.58;26.51;19.71;14.17;7.98;1.09;1.60;0.30;0.54;20.10;4.69;6.04;10.89;2.98;0.00;0.01;0.51;0.61;0.00;11.24;0.31;0.60;31.65;0.41;4.02;1.52;3.51;0.08;0.25;0.49;0.64;1.16;0.09;
071020;22:49:32;3.13;20.35;13.12;5.00;6.72;5.39;3.17;0.00;0.00;0.00;0.05;0.05;0.05;5.30;8.69;1.85;27.73;20.20;15.24;8.09;1.10;1.63;0.31;0.54;22.02;4.87;7.32;11.52;3.09;0.00;0.01;0.51;0.61;0.00;5.55;0.02;0.02;23.74;0.08;4.19;1.57;3.62;0.47;1.38;4.07;2.94;4.40;0.59;
071020;22:49:34;3.16;20.62;13.26;5.06;6.80;5.44;3.20;0.00;0.00;0.00;0.05;0.05;0.06;5.92;8.90;2.19;29.08;20.73;16.44;8.36;1.12;1.72;0.32;0.55;25.05;5.14;9.61;12.48;3.25;0.00;0.01;0.52;0.62;0.00;6.54;0.04;0.05;25.39;0.11;5.09;1.85;4.24;0.09;0.29;0.58;0.72;1.29;0.11;
071020;22:49:36;3.16;20.63;13.26;5.06;6.80;5.45;3.20;0.00;0.00;0.00;0.05;0.05;0.06;6.06;8.94;2.26;29.36;20.84;16.70;8.37;1.12;1.72;0.32;0.55;25.52;5.18;10.00;12.62;3.28;0.00;0.01;0.52;0.62;0.00;11.92;0.39;0.79;32.42;0.47;3.70;1.41;3.28;0.02;0.07;0.09;0.19;0.40;0.02;
071020;22:49:39;3.09;20.04;12.96;4.93;6.63;5.33;3.13;0.00;0.00;0.00;0.05;0.05;0.05;4.72;8.49;1.56;26.41;19.67;14.09;7.69;1.07;1.51;0.29;0.53;19.71;4.65;5.79;10.76;2.96;0.00;0.01;0.51;0.61;0.00;8.24;0.09;0.14;27.88;0.19;4.45;1.65;3.80;0.06;0.21;0.40;0.54;1.01;0.08;
071020;22:49:41;3.07;19.84;12.86;4.89;6.57;5.30;3.11;0.00;0.00;0.00;0.04;0.05;0.05;4.41;8.37;1.41;25.66;19.36;13.46;7.45;1.05;1.44;0.29;0.52;18.04;4.49;4.80;10.19;2.86;0.00;0.01;0.51;0.60;0.00;5.28;0.01;0.02;23.26;0.07;4.21;1.58;3.64;0.45;1.30;3.81;2.80;4.22;0.55;
071020;22:49:43;3.05;19.67;12.77;4.85;6.52;5.26;3.09;0.00;0.00;0.00;0.04;0.04;0.05;4.16;8.26;1.29;25.03;19.10;12.93;7.34;1.04;1.40;0.28;0.52;17.45;4.43;4.48;9.98;2.82;0.00;0.01;0.50;0.60;0.00;7.32;0.06;0.08;26.57;0.15;3.38;1.31;3.05;0.04;0.13;0.21;0.34;0.68;0.04;
071020;22:49:46;3.05;19.63;12.76;4.84;6.51;5.26;3.08;0.00;0.00;0.00;0.04;0.04;0.05;4.07;8.23;1.25;24.81;19.01;12.75;7.27;1.04;1.38;0.28;0.51;16.95;4.37;4.21;9.80;2.79;0.00;0.01;0.50;0.60;0.00;8.47;0.10;0.16;28.20;0.21;4.70;1.73;3.98;0.05;0.18;0.33;0.48;0.91;0.07;
071020;22:49:48;3.05;19.63;12.75;4.84;6.50;5.25;3.08;0.00;0.00;0.00;0.04;0.04;0.05;3.98;8.19;1.21;24.58;18.91;12.55;7.17;1.03;1.35;0.28;0.51;16.46;4.32;3.96;9.63;2.76;0.00;0.01;0.50;0.60;0.00;8.66;0.11;0.17;28.46;0.22;3.54;1.36;3.17;0.04;0.13;0.21;0.35;0.68;0.05;
071020;22:49:50;3.05;19.62;12.75;4.84;6.50;5.25;3.08;0.00;0.00;0.00;0.04;0.04;0.05;4.00;8.19;1.22;24.62;18.93;12.59;7.11;1.03;1.33;0.27;0.51;16.37;4.31;3.91;9.59;2.75;0.00;0.01;0.50;0.60;0.00;13.92;0.74;1.64;34.54;0.67;3.03;1.19;2.80;0.03;0.09;0.13;0.25;0.51;0.03;
071020;22:49:53;3.03;19.49;12.69;4.81;6.46;5.23;3.07;0.00;0.00;0.00;0.04;0.04;0.05;3.90;8.15;1.17;24.35;18.82;12.37;7.01;1.02;1.31;0.27;0.50;16.60;4.34;4.03;9.68;2.77;0.00;0.01;0.50;0.60;0.00;19.99;3.15;9.02;40.03;1.58;2.92;1.16;2.71;0.01;0.03;0.04;0.10;0.23;0.01;
071020;22:49:55;3.03;19.47;12.67;4.80;6.46;5.22;3.07;0.00;0.00;0.00;0.04;0.04;0.05;3.91;8.16;1.18;24.39;18.83;12.40;6.99;1.02;1.30;0.27;0.50;16.52;4.33;3.99;9.65;2.76;0.00;0.01;0.50;0.60;0.00;12.93;0.55;1.16;33.52;0.57;3.81;1.45;3.36;0.05;0.16;0.28;0.43;0.82;0.06;
071020;22:49:57;3.02;19.38;12.63;4.78;6.43;5.21;3.05;0.00;0.00;0.00;0.04;0.04;0.05;3.88;8.14;1.17;24.30;18.80;12.33;6.88;1.01;1.27;0.27;0.50;16.13;4.28;3.79;9.51;2.73;0.00;0.01;0.50;0.60;0.00;12.54;0.48;1.00;33.10;0.53;3.49;1.34;3.13;0.03;0.10;0.15;0.27;0.55;0.03;
071020;22:50:00;3.02;19.36;12.62;4.78;6.42;5.20;3.05;0.00;0.00;0.00;0.04;0.04;0.04;3.70;8.06;1.09;23.82;18.59;11.94;6.76;1.00;1.23;0.26;0.49;15.68;4.23;3.57;9.34;2.70;0.00;0.00;0.50;0.60;0.00;12.67;0.50;1.05;33.24;0.54;3.84;1.46;3.38;0.02;0.08;0.13;0.24;0.49;0.03;
071020;22:50:02;3.01;19.27;12.57;4.76;6.40;5.19;3.04;0.00;0.00;0.00;0.04;0.04;0.04;3.67;8.04;1.07;23.73;18.55;11.86;6.67;0.99;1.21;0.26;0.49;15.35;4.20;3.41;9.22;2.68;0.00;0.00;0.50;0.60;0.00;8.24;0.09;0.14;27.88;0.19;3.10;1.22;2.85;0.02;0.07;0.10;0.20;0.43;0.02;
071020;22:50:04;2.99;19.17;12.52;4.74;6.37;5.17;3.03;0.00;0.00;0.00;0.04;0.04;0.04;3.66;8.04;1.07;23.71;18.54;11.85;6.59;0.98;1.19;0.26;0.49;15.17;4.18;3.33;9.16;2.67;0.00;0.00;0.50;0.60;0.00;6.65;0.04;0.05;25.56;0.12;4.80;1.76;4.05;0.03;0.12;0.19;0.32;0.63;0.04;
071020;22:50:07;3.00;19.23;12.55;4.75;6.39;5.18;3.04;0.00;0.00;0.00;0.04;0.04;0.04;3.66;8.04;1.07;23.70;18.54;11.85;6.52;0.98;1.17;0.25;0.48;15.01;4.16;3.26;9.10;2.66;0.00;0.00;0.50;0.60;0.00;9.00;0.13;0.21;28.92;0.24;4.22;1.58;3.65;0.07;0.22;0.41;0.56;1.04;0.08;
071020;22:50:09;2.99;19.12;12.49;4.73;6.35;5.16;3.02;0.00;0.00;0.00;0.04;0.04;0.04;3.66;8.04;1.07;23.70;18.54;11.85;6.49;0.97;1.16;0.25;0.48;15.10;4.17;3.30;9.13;2.66;0.00;0.00;0.50;0.60;0.00;7.49;0.06;0.09;26.83;0.16;2.57;1.04;2.45;0.08;0.27;0.54;0.68;1.22;0.10;
071020;22:50:11;2.99;19.09;12.48;4.72;6.35;5.15;3.02;0.00;0.00;0.00;0.04;0.04;0.04;3.66;8.04;1.07;23.70;18.54;11.85;6.42;0.97;1.14;0.25;0.48;15.00;4.16;3.25;9.09;2.66;0.00;0.00;0.50;0.60;0.00;4.76;0.01;0.01;22.29;0.05;3.53;1.36;3.16;1.00;2.78;9.75;5.55;7.63;1.25;
071020;22:50:13;2.99;19.09;12.48;4.72;6.35;5.15;3.02;0.00;0.00;0.00;0.04;0.04;0.04;3.59;8.01;1.04;23.52;18.46;11.70;6.37;0.96;1.12;0.25;0.48;14.87;4.14;3.19;9.04;2.65;0.00;0.00;0.50;0.60;0.00;7.65;0.07;0.10;27.06;0.16;3.80;1.44;3.35;0.10;0.33;0.70;0.82;1.45;0.13;
071020;22:50:16;2.99;19.09;12.48;4.72;6.34;5.15;3.02;0.00;0.00;0.00;0.04;0.04;0.04;3.64;8.03;1.06;23.67;18.52;11.82;6.30;0.96;1.11;0.25;0.48;14.72;4.13;3.12;8.99;2.64;0.00;0.00;0.50;0.60;0.00;9.12;0.13;0.22;29.06;0.25;5.95;2.12;4.81;0.02;0.06;0.08;0.17;0.38;0.02;
071020;22:50:18;2.99;19.09;12.48;4.72;6.34;5.15;3.02;0.00;0.00;0.00;0.04;0.04;0.04;3.59;8.01;1.04;23.51;18.46;11.69;6.23;0.95;1.09;0.24;0.47;14.81;4.14;3.16;9.02;2.64;0.00;0.00;0.50;0.60;0.00;6.25;0.03;0.04;24.92;0.10;3.83;1.45;3.37;0.11;0.35;0.74;0.85;1.50;0.13;
071020;22:50:20;2.98;19.05;12.46;4.71;6.33;5.14;3.02;0.00;0.00;0.00;0.04;0.04;0.04;3.61;8.02;1.05;23.57;18.49;11.74;6.16;0.95;1.07;0.24;0.47;14.83;4.14;3.17;9.03;2.65;0.00;0.00;0.50;0.60;0.00;7.65;0.07;0.10;27.06;0.16;3.90;1.48;3.42;0.03;0.09;0.14;0.25;0.52;0.03;
071020;22:50:23;2.98;19.04;12.45;4.71;6.33;5.14;3.02;0.00;0.00;0.00;0.04;0.04;0.04;3.52;7.97;1.01;23.31;18.37;11.53;6.13;0.94;1.06;0.24;0.47;14.83;4.14;3.17;9.03;2.65;0.00;0.00;0.50;0.60;0.00;7.87;0.07;0.11;27.37;0.17;4.00;1.51;3.49;0.04;0.14;0.23;0.36;0.71;0.05;
071020;22:50:25;2.98;18.99;12.43;4.70;6.32;5.13;3.01;0.00;0.00;0.00;0.04;0.04;0.04;3.53;7.98;1.01;23.35;18.39;11.57;6.12;0.94;1.06;0.24;0.47;14.72;4.12;3.12;8.99;2.64;0.00;0.00;0.50;0.60;0.00;4.19;0.01;0.01;21.17;0.04;4.29;1.60;3.69;0.08;0.26;0.51;0.65;1.18;0.10;
071020;22:50:27;2.97;18.94;12.40;4.69;6.30;5.12;3.00;0.00;0.00;0.00;0.04;0.04;0.04;3.57;8.00;1.03;23.45;18.43;11.64;6.05;0.94;1.04;0.24;0.46;14.81;4.14;3.16;9.02;2.64;0.00;0.00;0.50;0.60;0.00;5.16;0.01;0.02;23.05;0.06;4.30;1.61;3.70;0.07;0.23;0.43;0.58;1.06;0.08;
071020;22:50:30;2.97;18.93;12.40;4.69;6.30;5.12;3.00;0.00;0.00;0.00;0.04;0.04;0.04;3.57;8.00;1.03;23.47;18.44;11.66;6.01;0.93;1.03;0.24;0.46;15.18;4.18;3.33;9.16;2.67;0.00;0.00;0.50;0.60;0.00;4.71;0.01;0.01;22.20;0.05;4.21;1.58;3.64;0.01;0.05;0.06;0.14;0.31;0.02;
071020;22:50:32;2.96;18.89;12.38;4.68;6.29;5.11;3.00;0.00;0.00;0.00;0.04;0.04;0.04;3.54;7.99;1.02;23.38;18.40;11.59;6.01;0.93;1.03;0.24;0.46;15.25;4.19;3.37;9.19;2.67;0.00;0.00;0.50;0.60;0.00;10.81;0.27;0.50;31.15;0.37;4.03;1.52;3.51;0.03;0.12;0.19;0.32;0.63;0.04;
071020;22:50:34;2.96;18.88;12.37;4.67;6.28;5.11;3.00;0.00;0.00;0.00;0.04;0.04;0.04;3.60;8.01;1.04;23.55;18.47;11.72;5.91;0.93;1.00;0.23;0.46;15.03;4.16;3.26;9.10;2.66;0.00;0.01;0.50;0.60;0.00;6.88;0.04;0.06;25.91;0.13;5.24;1.90;4.34;0.22;0.68;1.68;1.55;2.52;0.27;
071020;22:50:37;2.96;18.84;12.35;4.66;6.27;5.10;2.99;0.00;0.00;0.00;0.04;0.04;0.04;3.55;7.99;1.02;23.40;18.41;11.60;5.90;0.92;1.00;0.23;0.46;15.10;4.17;3.30;9.13;2.66;0.00;0.01;0.50;0.60;0.00;6.49;0.03;0.04;25.30;0.11;4.44;1.65;3.80;0.16;0.51;1.17;1.19;2.00;0.20;
071020;22:50:39;2.96;18.83;12.34;4.66;6.27;5.10;2.99;0.00;0.00;0.00;0.04;0.04;0.04;3.57;8.00;1.03;23.46;18.44;11.65;5.86;0.92;0.99;0.23;0.46;15.24;4.18;3.36;9.18;2.67;0.00;0.00;0.50;0.60;0.00;7.69;0.07;0.10;27.12;0.17;4.53;1.68;3.86;0.04;0.13;0.23;0.36;0.71;0.05;
071020;22:50:41;2.96;18.83;12.34;4.66;6.27;5.10;2.99;0.00;0.00;0.00;0.04;0.04;0.04;3.51;7.97;1.01;23.29;18.36;11.52;5.79;0.91;0.97;0.23;0.45;15.38;4.20;3.43;9.23;2.68;0.00;0.01;0.50;0.60;0.00;9.45;0.15;0.26;29.49;0.27;5.11;1.86;4.26;0.03;0.12;0.19;0.32;0.64;0.04;
071020;22:50:44;2.95;18.79;12.32;4.65;6.26;5.09;2.99;0.00;0.00;0.00;0.04;0.04;0.04;3.47;7.95;0.99;23.17;18.31;11.42;5.75;0.91;0.96;0.23;0.45;14.94;4.15;3.22;9.07;2.65;0.00;0.00;0.50;0.60;0.00;12.56;0.49;1.01;33.12;0.53;5.17;1.88;4.30;0.01;0.05;0.06;0.15;0.32;0.02;
071020;22:50:46;2.96;18.82;12.34;4.66;6.26;5.10;2.99;0.00;0.00;0.00;0.04;0.04;0.04;3.46;7.95;0.98;23.14;18.30;11.40;5.70;0.91;0.95;0.22;0.45;14.97;4.15;3.24;9.08;2.66;0.00;0.00;0.50;0.60;0.00;8.81;0.12;0.19;28.66;0.23;4.34;1.62;3.73;0.03;0.09;0.14;0.26;0.54;0.03;
071020;22:50:48;2.96;18.83;12.34;4.66;6.27;5.10;2.99;0.00;0.00;0.00;0.04;0.04;0.04;3.46;7.95;0.98;23.14;18.30;11.40;5.68;0.90;0.94;0.22;0.45;14.98;4.15;3.24;9.08;2.66;0.00;0.00;0.50;0.60;0.00;11.66;0.36;0.71;32.13;0.44;5.90;2.10;4.78;0.03;0.09;0.14;0.26;0.53;0.03;
071020;22:50:50;2.94;18.66;12.26;4.62;6.22;5.07;2.97;0.00;0.00;0.00;0.04;0.04;0.04;3.45;7.94;0.98;23.14;18.30;11.40;5.60;0.90;0.92;0.22;0.45;14.98;4.15;3.24;9.08;2.66;0.00;0.00;0.50;0.60;0.00;11.80;0.38;0.75;32.29;0.45;3.29;1.28;2.99;0.02;0.06;0.08;0.17;0.36;0.02;
071020;22:50:53;2.94;18.71;12.28;4.64;6.23;5.08;2.98;0.00;0.00;0.00;0.04;0.04;0.04;3.45;7.94;0.98;23.14;18.30;11.40;5.61;0.90;0.92;0.22;0.45;15.09;4.17;3.29;9.13;2.66;0.00;0.00;0.50;0.60;0.00;6.70;0.04;0.05;25.64;0.12;5.01;1.83;4.19;0.05;0.18;0.32;0.47;0.89;0.06;
071020;22:50:55;2.93;18.60;12.23;4.61;6.20;5.06;2.96;0.00;0.00;0.00;0.04;0.04;0.04;3.42;7.93;0.97;23.05;18.26;11.32;5.57;0.90;0.91;0.22;0.44;15.00;4.16;3.25;9.09;2.66;0.00;0.00;0.50;0.60;0.00;11.15;0.30;0.57;31.55;0.40;5.71;2.04;4.65;0.08;0.26;0.51;0.65;1.19;0.10;
071020;22:50:57;2.93;18.57;12.21;4.61;6.19;5.05;2.96;0.00;0.00;0.00;0.04;0.04;0.04;3.39;7.91;0.95;22.94;18.21;11.24;5.50;0.89;0.90;0.22;0.44;14.86;4.14;3.19;9.04;2.65;0.00;0.00;0.50;0.60;0.00;8.99;0.13;0.21;28.90;0.24;4.76;1.75;4.02;0.01;0.05;0.07;0.15;0.33;0.02;
071020;22:51:00;2.93;18.61;12.23;4.61;6.20;5.06;2.97;0.00;0.00;0.00;0.04;0.04;0.04;3.44;7.94;0.98;23.10;18.28;11.36;5.50;0.89;0.90;0.22;0.44;15.19;4.18;3.34;9.16;2.67;0.00;0.01;0.50;0.60;0.00;5.74;0.02;0.03;24.07;0.08;2.97;1.17;2.75;0.01;0.03;0.04;0.10;0.23;0.01;
071020;22:51:02;2.93;18.58;12.22;4.61;6.19;5.05;2.96;0.00;0.00;0.00;0.04;0.04;0.04;3.45;7.94;0.98;23.13;18.29;11.39;5.47;0.89;0.89;0.22;0.44;15.37;4.20;3.42;9.23;2.68;0.00;0.01;0.50;0.60;0.00;5.60;0.02;0.02;23.83;0.08;3.51;1.35;3.15;0.01;0.03;0.04;0.10;0.23;0.01;
071020;22:51:04;2.93;18.57;12.21;4.60;6.19;5.05;2.96;0.00;0.00;0.00;0.04;0.04;0.04;3.45;7.94;0.98;23.14;18.30;11.39;5.44;0.88;0.88;0.22;0.44;15.29;4.19;3.38;9.20;2.68;0.00;0.00;0.50;0.60;0.00;6.44;0.03;0.04;25.23;0.11;3.24;1.26;2.95;0.01;0.05;0.06;0.15;0.32;0.02;
071020;22:51:07;2.92;18.53;12.19;4.60;6.18;5.04;2.96;0.00;0.00;0.00;0.04;0.04;0.04;3.36;7.90;0.94;22.87;18.18;11.18;5.37;0.88;0.86;0.21;0.44;14.92;4.15;3.21;9.06;2.65;0.00;0.00;0.50;0.60;0.00;6.84;0.04;0.06;25.86;0.13;2.59;1.04;2.46;0.01;0.02;0.02;0.07;0.18;0.01;
071020;22:51:09;2.92;18.48;12.16;4.58;6.16;5.03;2.95;0.00;0.00;0.00;0.04;0.04;0.04;3.37;7.91;0.95;22.91;18.20;11.21;5.34;0.87;0.86;0.21;0.43;14.85;4.14;3.18;9.04;2.65;0.00;0.00;0.50;0.60;0.00;6.37;0.03;0.04;25.11;0.11;3.92;1.48;3.44;0.01;0.02;0.02;0.07;0.16;0.01;
071020;22:51:11;2.93;18.55;12.20;4.60;6.19;5.05;2.96;0.00;0.00;0.00;0.04;0.04;0.04;3.44;7.94;0.98;23.09;18.28;11.36;5.35;0.88;0.86;0.21;0.43;15.30;4.19;3.39;9.21;2.68;0.00;0.01;0.50;0.60;0.00;5.13;0.01;0.01;23.00;0.06;3.18;1.24;2.91;0.01;0.02;0.02;0.07;0.17;0.01;
071020;22:51:14;2.93;18.57;12.21;4.60;6.19;5.05;2.96;0.00;0.00;0.00;0.04;0.04;0.04;3.45;7.94;0.98;23.13;18.29;11.39;5.32;0.87;0.85;0.21;0.43;15.64;4.23;3.55;9.33;2.70;0.00;0.01;0.50;0.60;0.00;4.84;0.01;0.01;22.45;0.06;3.37;1.31;3.05;0.02;0.06;0.09;0.18;0.39;0.02;
071020;22:51:16;2.93;18.57;12.21;4.60;6.19;5.05;2.96;0.00;0.00;0.00;0.04;0.04;0.04;3.45;7.94;0.98;23.14;18.30;11.39;5.28;0.87;0.84;0.21;0.43;15.83;4.25;3.64;9.40;2.71;0.00;0.01;0.50;0.60;0.00;5.09;0.01;0.01;22.92;0.06;4.94;1.81;4.14;0.04;0.14;0.23;0.37;0.72;0.05;
071020;22:51:18;2.93;18.57;12.21;4.60;6.19;5.05;2.96;0.00;0.00;0.00;0.04;0.04;0.04;3.49;7.96;1.00;23.23;18.34;11.47;5.31;0.87;0.85;0.21;0.43;15.50;4.21;3.48;9.28;2.69;0.00;0.01;0.50;0.60;0.00;3.61;0.00;0.00;19.92;0.03;3.76;1.43;3.33;0.02;0.08;0.12;0.23;0.48;0.03;
071020;22:51:21;2.91;18.45;12.15;4.58;6.15;5.03;2.95;0.00;0.00;0.00;0.04;0.04;0.04;3.34;7.89;0.93;22.80;18.15;11.13;5.23;0.86;0.83;0.21;0.43;15.32;4.19;3.40;9.21;2.68;0.00;0.01;0.50;0.60;0.00;4.77;0.01;0.01;22.31;0.05;3.34;1.29;3.02;0.01;0.04;0.05;0.12;0.27;0.01;
071020;22:51:23;2.92;18.54;12.20;4.60;6.18;5.05;2.96;0.00;0.00;0.00;0.04;0.04;0.04;3.53;7.98;1.01;23.34;18.38;11.55;5.25;0.87;0.83;0.21;0.43;16.25;4.30;3.85;9.55;2.74;0.00;0.01;0.50;0.60;0.00;5.57;0.02;0.02;23.77;0.08;3.13;1.23;2.87;0.02;0.07;0.09;0.19;0.40;0.02;
071020;22:51:25;2.93;18.61;12.23;4.61;6.20;5.06;2.97;0.00;0.00;0.00;0.04;0.04;0.04;3.63;8.03;1.06;23.63;18.51;11.79;5.27;0.87;0.84;0.21;0.43;16.71;4.35;4.08;9.72;2.77;0.00;0.01;0.50;0.60;0.00;5.34;0.02;0.02;23.37;0.07;3.85;1.46;3.39;0.03;0.10;0.16;0.28;0.57;0.03;
071020;22:51:27;2.93;18.58;12.21;4.61;6.19;5.05;2.96;0.00;0.00;0.00;0.04;0.04;0.04;3.65;8.04;1.07;23.69;18.53;11.83;5.26;0.87;0.83;0.21;0.43;16.80;4.36;4.13;9.75;2.78;0.00;0.01;0.50;0.60;0.00;4.24;0.01;0.01;21.26;0.04;3.31;1.29;3.00;0.03;0.09;0.14;0.26;0.53;0.03;
071020;22:51:30;2.90;18.37;12.11;4.56;6.13;5.01;2.94;0.00;0.00;0.00;0.04;0.04;0.04;3.34;7.89;0.93;22.80;18.15;11.13;5.10;0.85;0.80;0.20;0.42;15.69;4.23;3.57;9.35;2.70;0.00;0.01;0.50;0.60;0.00;15.90;1.26;3.07;36.47;0.92;3.72;1.42;3.29;0.01;0.03;0.03;0.09;0.21;0.01;
071020;22:51:32;2.92;18.53;12.19;4.60;6.18;5.04;2.96;0.00;0.00;0.00;0.04;0.04;0.04;3.59;8.01;1.04;23.52;18.46;11.70;5.21;0.86;0.82;0.21;0.43;16.84;4.36;4.15;9.77;2.78;0.00;0.01;0.50;0.60;0.00;5.83;0.02;0.03;24.23;0.09;3.22;1.26;2.94;0.01;0.04;0.06;0.13;0.30;0.01;
