4.59,34.78,19.99,8.11,10.82,7.90,4.68||0.00,0.00,0.00,0.08,0.07,0.08||61.60,14.59,70.65,78.50,35.66,80.91||12.91,1.43,3.37,0.47,0.70||54.44,7.09,49.65,20.15,4.41||0.02,0.06,0.70,0.81,0.01||49.93,125.39,678.63,58.15,13.81||23.41,6.78,14.49||1.47,3.98,15.27,7.68,10.13,1.85||
3.10,20.14,13.01,4.95,6.65,5.35,3.14||0.00,0.00,0.00,0.04,0.04,0.04||5.33,8.71,1.87,27.81,20.23,15.31||5.55,0.89,0.91,0.22,0.44||17.81,4.46,4.67,10.11,2.84||0.00,0.01,0.53,0.63,0.00||74.03,611.08,4350.11,68.28,35.05||15.97,4.90,10.65||2.26,5.96,25.20,11.05,13.90,2.86||
2.89,18.25,12.05,4.53,6.10,4.99,2.92||0.00,0.00,0.00,0.03,0.04,0.04||3.43,7.93,0.97,23.07,18.27,11.35||4.77,0.82,0.72,0.19,0.41||14.68,4.12,3.10,8.97,2.63||0.00,0.01,0.50,0.60,0.00||71.06,518.32,3586.12,67.15,31.82||15.39,4.75,10.34||1.46,3.96,15.17,7.65,10.09,1.84||
2.86,17.95,11.89,4.47,6.01,4.93,2.89||0.00,0.00,0.00,0.03,0.04,0.04||3.12,7.78,0.84,22.16,17.87,10.63||4.63,0.81,0.68,0.19,0.40||14.13,4.06,2.86,8.76,2.60||0.00,0.00,0.50,0.60,0.00||48.30,109.71,580.15,57.37,12.77||16.40,5.01,10.88||1.63,4.38,17.18,8.37,10.91,2.05||
2.85,17.89,11.86,4.45,5.99,4.92,2.88||0.00,0.00,0.00,0.03,0.04,0.04||3.06,7.74,0.82,21.98,17.79,10.49||4.60,0.80,0.68,0.19,0.40||14.23,4.07,2.91,8.80,2.60||0.00,0.00,0.50,0.59,0.00||57.55,221.96,1326.01,61.62,19.32||12.76,4.05,8.89||2.53,6.61,28.64,12.13,15.07,3.20||
2.85,17.88,11.85,4.45,5.98,4.92,2.88||0.00,0.00,0.00,0.03,0.04,0.04||3.05,7.74,0.82,21.94,17.77,10.47||4.60,0.80,0.68,0.18,0.40||14.04,4.05,2.83,8.73,2.59||0.00,0.00,0.50,0.59,0.00||101.67,2189.87,19442.75,77.71,74.26||14.34,4.47,9.77||26.14,58.66,432.83,86.97,83.59,33.92||
2.85,17.87,11.85,4.45,5.98,4.92,2.88||0.00,0.00,0.00,0.03,0.04,0.04||2.93,7.68,0.77,21.58,17.62,10.19||4.52,0.80,0.66,0.18,0.40||13.90,4.03,2.77,8.68,2.58||0.00,0.00,0.50,0.59,0.00||87.87,1217.59,9766.04,73.22,52.58||16.70,5.09,11.04||0.47,1.38,4.08,2.95,4.40,0.59||
2.85,17.87,11.85,4.45,5.98,4.92,2.88||0.00,0.00,0.00,0.03,0.04,0.04||2.91,7.66,0.76,21.51,17.58,10.14||4.47,0.79,0.65,0.18,0.39||13.88,4.03,2.76,8.67,2.58||0.00,0.00,0.50,0.59,0.00||72.22,553.16,3870.46,67.59,33.06||12.30,3.92,8.63||6.64,16.29,87.96,27.37,30.58,8.48||
2.82,17.66,11.74,4.40,5.92,4.87,2.86||0.00,0.00,0.00,0.03,0.04,0.04||2.91,7.66,0.76,21.50,17.58,10.13||4.43,0.79,0.64,0.18,0.39||13.87,4.02,2.75,8.66,2.58||0.00,0.00,0.50,0.59,0.00||58.44,236.06,1425.39,62.00,20.03||9.52,3.16,7.02||3.14,8.10,36.92,14.58,17.68,3.99||
2.82,17.62,11.72,4.39,5.91,4.87,2.85||0.00,0.00,0.00,0.03,0.04,0.04||2.90,7.66,0.76,21.50,17.58,10.13||4.42,0.79,0.64,0.18,0.39||13.77,4.01,2.71,8.62,2.57||0.00,0.00,0.49,0.59,0.00||54.20,174.36,999.01,60.13,16.76||6.96,2.42,5.46||1.13,3.10,11.19,6.13,8.32,1.41||
2.82,17.61,11.71,4.39,5.91,4.86,2.85||0.00,0.00,0.00,0.03,0.04,0.04||2.85,7.63,0.74,21.32,17.50,10.00||4.42,0.79,0.64,0.18,0.39||13.75,4.01,2.70,8.62,2.57||0.00,0.00,0.49,0.59,0.00||48.97,115.89,618.70,57.69,13.18||9.03,3.02,6.73||1.19,3.26,11.90,6.41,8.65,1.49||
2.82,17.61,11.71,4.39,5.91,4.86,2.85||0.00,0.00,0.00,0.03,0.04,0.04||2.84,7.62,0.73,21.29,17.48,9.97||4.42,0.79,0.64,0.18,0.39||13.74,4.01,2.70,8.61,2.57||0.00,0.00,0.49,0.59,0.00||39.87,50.70,234.60,53.05,8.11||9.97,3.28,7.29||1.09,3.01,10.76,5.96,8.12,1.36||
2.82,17.61,11.71,4.39,5.91,4.86,2.85||0.00,0.00,0.00,0.03,0.04,0.04||2.84,7.62,0.73,21.28,17.48,9.97||4.42,0.79,0.64,0.18,0.39||13.54,3.98,2.62,8.54,2.55||0.00,0.00,0.49,0.59,0.00||90.45,1368.12,11197.11,74.09,56.31||9.58,3.17,7.06||0.52,1.50,4.52,3.18,4.70,0.64||
2.82,17.61,11.71,4.39,5.91,4.86,2.85||0.00,0.00,0.00,0.03,0.04,0.04||2.89,7.65,0.75,21.45,17.56,10.09||4.42,0.79,0.64,0.18,0.39||13.50,3.98,2.60,8.52,2.55||0.00,0.00,0.49,0.59,0.00||75.21,651.33,4688.12,68.72,36.39||11.59,3.73,8.23||2.26,5.96,25.18,11.04,13.89,2.86||
2.82,17.61,11.71,4.39,5.91,4.86,2.85||0.00,0.00,0.00,0.03,0.04,0.04||2.85,7.63,0.74,21.32,17.50,9.99||4.42,0.79,0.64,0.18,0.39||13.40,3.97,2.56,8.48,2.54||0.00,0.00,0.49,0.59,0.00||65.32,369.29,2409.40,64.88,26.07||12.23,3.90,8.59||1.59,4.28,16.69,8.20,10.72,2.00||
2.82,17.61,11.71,4.39,5.91,4.86,2.85||0.00,0.00,0.00,0.03,0.04,0.04||2.87,7.64,0.74,21.37,17.52,10.03||4.42,0.79,0.64,0.18,0.39||13.37,3.96,2.55,8.47,2.54||0.00,0.00,0.49,0.59,0.00||80.05,836.93,6291.17,70.49,42.18||13.77,4.32,9.45||1.36,3.69,13.89,7.17,9.54,1.70||
2.79,17.41,11.61,4.34,5.84,4.82,2.82||0.00,0.00,0.00,0.03,0.04,0.04||2.87,7.64,0.75,21.39,17.53,10.04||4.45,0.79,0.64,0.18,0.39||13.77,4.01,2.71,8.62,2.57||0.00,0.00,0.49,0.59,0.00||68.02,434.74,2917.64,65.96,28.69||15.45,4.76,10.37||3.57,9.11,42.73,16.21,19.39,4.53||
2.79,17.36,11.58,4.33,5.83,4.82,2.82||0.00,0.00,0.00,0.03,0.04,0.04||2.90,7.66,0.76,21.47,17.57,10.11||4.48,0.79,0.65,0.18,0.39||13.75,4.01,2.70,8.62,2.57||0.00,0.00,0.49,0.59,0.00||117.25,3886.26,38105.45,82.36,104.07||10.09,3.32,7.36||2.52,6.60,28.58,12.11,15.05,3.19||
2.79,17.36,11.58,4.33,5.83,4.81,2.82||0.00,0.00,0.00,0.03,0.04,0.04||2.85,7.63,0.74,21.32,17.50,9.99||4.50,0.79,0.66,0.18,0.40||13.74,4.01,2.70,8.61,2.57||0.00,0.00,0.49,0.59,0.00||100.35,2077.35,18276.08,77.30,72.00||8.75,2.94,6.56||0.79,2.22,7.37,4.53,6.40,0.98||
2.79,17.35,11.58,4.33,5.83,4.81,2.82||0.00,0.00,0.00,0.03,0.04,0.04||2.87,7.64,0.74,21.37,17.52,10.03||4.50,0.80,0.66,0.18,0.40||13.54,3.98,2.62,8.54,2.55||0.00,0.00,0.49,0.59,0.00||51.19,138.53,762.77,58.74,14.64||11.82,3.79,8.36||1.02,2.82,9.96,5.63,7.73,1.28||
2.79,17.35,11.58,4.33,5.83,4.81,2.82||0.00,0.00,0.00,0.03,0.04,0.04||2.87,7.64,0.75,21.39,17.53,10.04||4.51,0.80,0.66,0.18,0.40||13.60,3.99,2.64,8.56,2.56||0.00,0.00,0.49,0.59,0.00||53.54,166.00,943.07,59.83,16.29||11.04,3.58,7.91||1.64,4.41,17.35,8.43,10.98,2.07||
2.79,17.35,11.58,4.33,5.83,4.81,2.82||0.00,0.00,0.00,0.03,0.04,0.04||2.87,7.64,0.75,21.39,17.53,10.04||4.51,0.80,0.66,0.18,0.40||13.61,3.99,2.65,8.56,2.56||0.00,0.00,0.49,0.59,0.00||62.10,301.36,1898.25,63.56,23.13||10.39,3.40,7.54||3.69,9.42,44.50,16.70,19.90,4.69||
2.79,17.35,11.58,4.33,5.83,4.81,2.82||0.00,0.00,0.00,0.03,0.04,0.04||2.90,7.66,0.76,21.47,17.57,10.11||4.51,0.80,0.66,0.18,0.40||13.82,4.02,2.73,8.64,2.57||0.00,0.00,0.49,0.59,0.00||77.93,751.37,5543.58,69.72,39.59||9.72,3.21,7.14||3.87,9.84,46.98,17.36,20.59,4.92||
2.79,17.35,11.58,4.33,5.83,4.81,2.82||0.00,0.00,0.00,0.03,0.04,0.04||2.85,7.63,0.74,21.32,17.50,9.99||4.51,0.80,0.66,0.18,0.40||13.46,3.97,2.58,8.50,2.55||0.00,0.00,0.49,0.59,0.00||91.08,1406.98,11571.06,74.30,57.25||14.16,4.42,9.67||3.90,9.92,47.48,17.50,20.73,4.96||
2.79,17.35,11.58,4.33,5.83,4.81,2.82||0.00,0.00,0.00,0.03,0.04,0.04||2.84,7.62,0.73,21.29,17.48,9.97||4.51,0.80,0.66,0.18,0.40||13.49,3.98,2.59,8.51,2.55||0.00,0.00,0.49,0.59,0.00||59.90,260.78,1602.01,62.63,21.24||14.27,4.45,9.73||1.85,4.95,19.99,9.34,12.01,2.34||
2.81,17.56,11.69,4.38,5.89,4.85,2.84||0.00,0.00,0.00,0.03,0.04,0.04||2.89,7.65,0.75,21.45,17.56,10.09||4.53,0.80,0.66,0.18,0.40||13.59,3.99,2.64,8.55,2.56||0.00,0.00,0.49,0.59,0.00||59.59,255.35,1562.96,62.50,20.98||11.34,3.66,8.09||28.58,63.76,480.07,93.76,89.24,37.12||
2.82,17.60,11.71,4.39,5.90,4.86,2.85||0.00,0.00,0.00,0.03,0.04,0.04||2.87,7.64,0.75,21.40,17.53,10.05||4.53,0.80,0.66,0.18,0.40||13.71,4.01,2.69,8.60,2.56||0.00,0.00,0.49,0.59,0.00||90.21,1353.60,11057.83,74.01,55.96||13.47,4.24,9.29||36.11,79.35,630.17,114.22,105.95,47.03||
2.82,17.61,11.71,4.39,5.91,4.86,2.85||0.00,0.00,0.00,0.03,0.04,0.04||2.82,7.61,0.73,21.22,17.45,9.92||4.57,0.80,0.67,0.18,0.40||13.63,4.00,2.66,8.57,2.56||0.00,0.00,0.49,0.59,0.00||58.42,235.76,1423.24,61.99,20.02||12.41,3.95,8.70||20.79,47.36,331.68,71.70,70.67,26.91||
2.82,17.61,11.71,4.39,5.91,4.86,2.85||0.00,0.00,0.00,0.03,0.04,0.04||2.89,7.65,0.75,21.44,17.55,10.08||4.64,0.81,0.69,0.19,0.40||13.72,4.01,2.69,8.61,2.57||0.00,0.00,0.49,0.59,0.00||43.46,71.71,352.30,54.95,9.94||12.35,3.94,8.66||1.88,5.01,20.28,9.44,12.12,2.37||
2.83,17.69,11.76,4.41,5.93,4.88,2.86||0.00,0.00,0.00,0.03,0.04,0.04||2.90,7.66,0.76,21.49,17.57,10.12||4.75,0.82,0.71,0.19,0.41||13.94,4.03,2.78,8.69,2.58||0.00,0.00,0.49,0.59,0.00||55.39,190.26,1106.71,60.66,17.65||11.64,3.74,8.25||0.87,2.43,8.27,4.92,6.88,1.09||
2.84,17.84,11.83,4.44,5.97,4.91,2.88||0.00,0.00,0.00,0.03,0.04,0.04||2.90,7.66,0.76,21.49,17.58,10.12||4.90,0.83,0.75,0.20,0.41||13.88,4.03,2.76,8.67,2.58||0.00,0.00,0.49,0.59,0.00||87.81,1214.51,9737.10,73.20,52.50||10.75,3.50,7.74||4.40,11.10,54.60,19.37,22.64,5.60||
2.85,17.87,11.85,4.45,5.98,4.91,2.88||0.00,0.00,0.00,0.03,0.04,0.04||2.93,7.67,0.77,21.58,17.62,10.19||5.03,0.85,0.78,0.20,0.42||13.87,4.02,2.75,8.66,2.58||0.00,0.00,0.49,0.59,0.00||65.22,367.23,2393.65,64.84,25.98||13.10,4.14,9.08||6.15,15.16,80.46,25.66,28.91,7.85||
2.85,17.87,11.85,4.45,5.98,4.92,2.88||0.00,0.00,0.00,0.04,0.04,0.04||3.05,7.74,0.82,21.95,17.78,10.47||5.13,0.85,0.80,0.20,0.42||13.97,4.04,2.80,8.70,2.58||0.00,0.00,0.49,0.59,0.00||112.61,3303.80,31496.64,81.02,94.59||18.63,5.59,12.06||2.72,7.06,31.13,12.88,15.88,3.44||
2.85,17.87,11.85,4.45,5.98,4.92,2.88||0.00,0.00,0.00,0.03,0.04,0.04||3.08,7.75,0.83,22.03,17.81,10.53||5.23,0.86,0.83,0.21,0.43||14.20,4.06,2.89,8.79,2.60||0.00,0.00,0.49,0.59,0.00||65.77,379.74,2489.55,65.06,26.50||14.25,4.45,9.72||3.93,9.98,47.85,17.60,20.83,5.00||
2.86,17.96,11.89,4.47,6.01,4.93,2.89||0.00,0.00,0.00,0.04,0.04,0.04||3.08,7.76,0.83,22.04,17.82,10.54||5.33,0.87,0.85,0.21,0.43||13.93,4.03,2.78,8.69,2.58||0.00,0.00,0.49,0.59,0.00||74.35,622.02,4441.59,68.40,35.42||9.41,3.12,6.95||0.89,2.50,8.54,5.04,7.02,1.12||
2.87,18.10,11.97,4.50,6.05,4.96,2.91||0.00,0.00,0.00,0.04,0.04,0.04||3.08,7.76,0.83,22.04,17.82,10.54||5.43,0.88,0.88,0.22,0.44||14.09,4.05,2.85,8.75,2.59||0.00,0.00,0.49,0.59,0.00||64.02,340.80,2192.80,64.35,24.86||15.02,4.65,10.14||0.90,2.52,8.63,5.08,7.07,1.13||
2.88,18.13,11.98,4.51,6.06,4.97,2.91||0.00,0.00,0.00,0.04,0.04,0.04||3.08,7.76,0.83,22.04,17.82,10.54||5.50,0.89,0.90,0.22,0.44||13.91,4.03,2.77,8.68,2.58||0.00,0.00,0.49,0.59,0.00||111.78,3205.96,30405.27,80.77,92.93||13.62,4.28,9.37||1.92,5.12,20.87,9.64,12.34,2.43||
2.88,18.14,11.99,4.51,6.06,4.97,2.91||0.00,0.00,0.00,0.04,0.04,0.04||3.11,7.77,0.84,22.13,17.86,10.61||5.55,0.89,0.91,0.22,0.44||14.08,4.05,2.84,8.74,2.59||0.00,0.00,0.49,0.59,0.00||76.16,685.14,4974.86,69.07,37.49||12.48,3.97,8.73||1.39,3.78,14.29,7.32,9.71,1.75||
2.88,18.14,11.99,4.51,6.06,4.97,2.91||0.00,0.00,0.00,0.04,0.04,0.04||3.21,7.82,0.88,22.42,17.98,10.83||5.63,0.90,0.93,0.22,0.45||14.22,4.07,2.90,8.80,2.60||0.00,0.00,0.49,0.59,0.00||111.31,3152.94,29816.24,80.64,92.02||13.57,4.27,9.34||2.39,6.26,26.80,11.56,14.45,3.02||
2.88,18.14,11.99,4.51,6.06,4.97,2.91||0.00,0.00,0.00,0.04,0.04,0.04||3.26,7.85,0.90,22.57,18.05,10.95||5.66,0.90,0.94,0.22,0.45||14.25,4.07,2.91,8.81,2.60||0.00,0.00,0.49,0.59,0.00||61.01,280.69,1746.40,63.10,22.18||11.62,3.74,8.25||1.04,2.89,10.23,5.74,7.87,1.31||
2.88,18.14,11.99,4.51,6.06,4.97,2.91||0.00,0.00,0.00,0.04,0.04,0.04||3.27,7.85,0.90,22.60,18.06,10.97||5.67,0.90,0.94,0.22,0.45||14.15,4.06,2.87,8.77,2.60||0.00,0.00,0.49,0.59,0.00||50.24,128.50,698.36,58.29,14.01||16.93,5.15,11.16||11.34,26.87,163.91,42.99,45.30,14.58||
2.88,18.14,11.99,4.51,6.06,4.97,2.91||0.00,0.00,0.00,0.04,0.04,0.04||3.27,7.85,0.91,22.60,18.07,10.98||5.76,0.91,0.96,0.23,0.45||14.03,4.04,2.82,8.72,2.59||0.00,0.00,0.49,0.59,0.00||65.94,383.68,2519.88,65.13,26.66||12.39,3.95,8.68||2.53,6.63,28.74,12.16,15.10,3.21||
2.88,18.14,11.99,4.51,6.06,4.97,2.91||0.00,0.00,0.00,0.04,0.04,0.04||3.27,7.85,0.91,22.60,18.07,10.98||5.78,0.91,0.97,0.23,0.45||14.00,4.04,2.81,8.71,2.59||0.00,0.00,0.49,0.59,0.00||78.25,763.94,5652.49,69.84,39.97||11.42,3.68,8.13||1.52,4.10,15.84,7.89,10.37,1.91||
2.88,18.14,11.99,4.51,6.06,4.97,2.91||0.00,0.00,0.00,0.04,0.04,0.04||3.27,7.85,0.91,22.60,18.07,10.98||5.78,0.91,0.97,0.23,0.45||14.10,4.05,2.85,8.75,2.59||0.00,0.00,0.49,0.59,0.00||135.13,6878.06,74444.52,87.27,145.59||13.86,4.34,9.50||0.84,2.37,8.01,4.81,6.74,1.06||
2.88,18.14,11.99,4.51,6.06,4.97,2.91||0.00,0.00,0.00,0.04,0.04,0.04||3.27,7.85,0.91,22.60,18.07,10.98||5.80,0.92,0.97,0.23,0.45||14.02,4.04,2.82,8.72,2.59||0.00,0.00,0.49,0.59,0.00||82.53,946.11,7264.41,71.37,45.33||9.85,3.25,7.22||1.62,4.36,17.08,8.33,10.87,2.04||
2.88,18.14,11.99,4.51,6.06,4.97,2.91||0.00,0.00,0.00,0.04,0.04,0.04||3.27,7.85,0.91,22.60,18.07,10.98||5.86,0.92,0.99,0.23,0.46||14.00,4.04,2.81,8.71,2.59||0.00,0.00,0.49,0.59,0.00||105.80,2570.28,23461.67,78.98,81.60||9.62,3.18,7.08||2.73,7.10,31.33,12.94,15.94,3.46||
2.88,18.18,12.01,4.52,6.08,4.98,2.92||0.00,0.00,0.00,0.04,0.04,0.04||3.27,7.85,0.91,22.60,18.07,10.98||5.88,0.92,0.99,0.23,0.46||14.31,4.08,2.94,8.83,2.61||0.00,0.00,0.49,0.59,0.00||70.23,494.56,3394.01,66.83,30.95||9.52,3.16,7.02||2.34,6.14,26.17,11.36,14.23,2.96||
2.88,18.15,11.99,4.51,6.07,4.97,2.91||0.00,0.00,0.00,0.04,0.04,0.04||3.27,7.85,0.91,22.60,18.07,10.98||5.89,0.92,1.00,0.23,0.46||14.27,4.07,2.92,8.81,2.61||0.00,0.00,0.49,0.59,0.00||75.01,644.42,4629.77,68.65,36.17||9.95,3.28,7.28||7.29,17.78,98.11,29.63,32.77,9.33||
2.88,18.14,11.99,4.51,6.06,4.97,2.91||0.00,0.00,0.00,0.04,0.04,0.04||3.30,7.87,0.92,22.69,18.11,11.05||5.89,0.92,1.00,0.23,0.46||14.15,4.06,2.87,8.77,2.60||0.00,0.00,0.49,0.59,0.00||108.48,2842.05,26397.67,79.79,86.57||12.73,4.04,8.88||7.26,17.71,97.62,29.52,32.66,9.29||
2.89,18.23,12.03,4.53,6.09,4.98,2.92||0.00,0.00,0.00,0.04,0.04,0.04||3.28,7.86,0.91,22.62,18.07,10.99||5.89,0.92,1.00,0.23,0.46||14.03,4.04,2.82,8.72,2.59||0.00,0.00,0.49,0.59,0.00||69.23,466.62,3170.22,66.44,29.91||10.61,3.46,7.66||1.88,5.00,20.25,9.43,12.10,2.36||
2.88,18.16,12.00,4.51,6.07,4.97,2.91||0.00,0.00,0.00,0.04,0.04,0.04||3.30,7.87,0.92,22.70,18.11,11.05||5.89,0.92,1.00,0.23,0.46||14.00,4.04,2.81,8.71,2.59||0.00,0.00,0.49,0.59,0.00||81.71,908.86,6929.98,71.08,44.27||14.73,4.57,9.98||5.92,14.65,77.08,24.87,28.14,7.56||
2.88,18.19,12.01,4.52,6.08,4.98,2.92||0.00,0.00,0.00,0.04,0.04,0.04||3.28,7.86,0.91,22.62,18.07,10.99||5.93,0.93,1.01,0.23,0.46||13.90,4.03,2.76,8.67,2.58||0.00,0.00,0.49,0.59,0.00||74.05,611.99,4357.67,68.29,35.08||10.50,3.43,7.60||15.04,34.99,227.66,54.57,55.73,19.40||
2.89,18.28,12.06,4.54,6.10,4.99,2.93||0.00,0.00,0.00,0.04,0.04,0.04||3.30,7.87,0.92,22.70,18.11,11.05||5.90,0.92,1.00,0.23,0.46||13.87,4.03,2.76,8.66,2.58||0.00,0.00,0.49,0.59,0.00||85.27,1079.13,8476.53,72.33,48.98||9.48,3.14,7.00||4.16,10.53,51.12,18.46,21.71,5.29||
2.89,18.25,12.05,4.53,6.10,4.99,2.92||0.00,0.00,0.00,0.04,0.04,0.04||3.31,7.87,0.92,22.71,18.11,11.06||5.93,0.93,1.01,0.23,0.46||13.97,4.04,2.80,8.70,2.58||0.00,0.00,0.50,0.59,0.00||56.94,212.65,1261.02,61.35,18.84||9.99,3.29,7.30||10.62,25.28,151.93,40.69,43.18,13.65||
2.90,18.34,12.09,4.55,6.12,5.01,2.93||0.00,0.00,0.00,0.04,0.04,0.04||3.34,7.89,0.93,22.81,18.15,11.14||5.97,0.93,1.02,0.23,0.46||13.99,4.04,2.81,8.71,2.59||0.00,0.00,0.49,0.59,0.00||118.32,4030.32,39767.67,82.67,106.32||10.04,3.30,7.33||1.39,3.79,14.35,7.34,9.74,1.75||
2.90,18.35,12.10,4.56,6.13,5.01,2.94||0.00,0.00,0.00,0.04,0.04,0.04||3.35,7.89,0.94,22.83,18.16,11.15||6.00,0.93,1.02,0.24,0.46||14.10,4.05,2.85,8.75,2.59||0.00,0.00,0.49,0.59,0.00||70.70,507.76,3500.56,67.01,31.44||13.72,4.31,9.43||5.47,13.60,70.27,23.26,26.54,6.98||
2.90,18.31,12.08,4.55,6.11,5.00,2.93||0.00,0.00,0.00,0.04,0.04,0.04||3.32,7.88,0.92,22.74,18.12,11.08||6.00,0.93,1.03,0.24,0.46||14.22,4.07,2.90,8.80,2.60||0.00,0.00,0.49,0.59,0.00||77.30,727.07,5333.85,69.49,38.83||11.86,3.80,8.38||3.63,9.27,43.63,16.46,19.65,4.61||
2.89,18.26,12.05,4.54,6.10,4.99,2.93||0.00,0.00,0.00,0.04,0.04,0.04||3.44,7.94,0.98,23.09,18.28,11.36||6.00,0.93,1.03,0.24,0.46||14.25,4.07,2.91,8.81,2.60||0.00,0.00,0.49,0.59,0.00||43.99,75.32,373.18,55.22,10.23||9.41,3.13,6.96||7.96,19.31,108.73,31.92,34.96,10.20||
2.89,18.25,12.05,4.53,6.10,4.99,2.92||0.00,0.00,0.00,0.04,0.04,0.04||3.46,7.95,0.99,23.16,18.31,11.41||6.01,0.93,1.03,0.24,0.46||14.15,4.06,2.87,8.77,2.60||0.00,0.00,0.49,0.59,0.00||54.58,179.32,1032.48,60.30,17.04||13.17,4.16,9.12||4.02,10.20,49.17,17.95,21.19,5.12||
2.90,18.33,12.09,4.55,6.12,5.01,2.93||0.00,0.00,0.00,0.03,0.04,0.04||3.43,7.94,0.97,23.08,18.27,11.35||6.01,0.93,1.03,0.24,0.46||13.92,4.03,2.78,8.68,2.58||0.00,0.00,0.49,0.59,0.00||73.32,588.01,4158.04,68.01,34.27||13.15,4.15,9.11||4.15,10.49,50.93,18.41,21.66,5.27||
2.91,18.39,12.12,4.57,6.14,5.02,2.94||0.00,0.00,0.00,0.04,0.04,0.04||3.46,7.95,0.99,23.16,18.31,11.41||6.01,0.93,1.03,0.24,0.46||13.98,4.04,2.80,8.71,2.58||0.00,0.00,0.49,0.59,0.00||103.10,2316.27,20765.68,78.15,76.76||11.24,3.64,8.03||8.15,19.73,111.66,32.54,35.55,10.44||
2.89,18.28,12.06,4.54,6.10,4.99,2.93||0.00,0.00,0.00,0.03,0.04,0.04||3.47,7.95,0.99,23.17,18.31,11.42||6.01,0.93,1.03,0.24,0.46||14.10,4.05,2.85,8.75,2.59||0.00,0.00,0.49,0.59,0.00||93.68,1575.26,13210.82,75.16,61.18||10.51,3.43,7.61||4.96,12.41,62.71,21.41,24.70,6.32||
2.91,18.38,12.11,4.56,6.14,5.02,2.94||0.00,0.00,0.00,0.04,0.04,0.04||3.47,7.95,0.99,23.18,18.31,11.43||6.01,0.93,1.03,0.24,0.46||14.12,4.05,2.86,8.76,2.59||0.00,0.00,0.49,0.59,0.00||99.73,2026.67,17754.17,77.10,70.96||9.66,3.19,7.10||3.20,8.24,37.72,14.81,17.92,4.06||
2.90,18.36,12.10,4.56,6.13,5.01,2.94||0.00,0.00,0.00,0.04,0.04,0.04||3.47,7.95,0.99,23.18,18.31,11.43||6.01,0.93,1.03,0.24,0.46||14.02,4.04,2.82,8.72,2.59||0.00,0.00,0.49,0.59,0.00||45.41,85.56,433.39,55.94,11.03||13.34,4.20,9.21||1.96,5.20,21.27,9.77,12.49,2.47||
2.89,18.27,12.06,4.54,6.10,4.99,2.93||0.00,0.00,0.00,0.04,0.04,0.04||3.47,7.95,0.99,23.18,18.31,11.43||6.01,0.93,1.03,0.24,0.46||14.31,4.08,2.94,8.83,2.61||0.00,0.00,0.49,0.59,0.00||78.33,767.15,5680.39,69.87,40.07||16.59,5.06,10.98||2.36,6.19,26.39,11.43,14.31,2.98||
2.89,18.21,12.02,4.52,6.08,4.98,2.92||0.00,0.00,0.00,0.04,0.04,0.04||3.47,7.95,0.99,23.18,18.31,11.43||6.01,0.93,1.03,0.24,0.46||14.06,4.05,2.83,8.74,2.59||0.00,0.00,0.49,0.59,0.00||62.28,304.97,1924.93,63.63,23.29||13.20,4.17,9.14||1.65,4.44,17.49,8.48,11.04,2.08||
2.89,18.28,12.06,4.54,6.11,5.00,2.93||0.00,0.00,0.00,0.04,0.04,0.04||3.47,7.95,0.99,23.18,18.31,11.43||6.01,0.93,1.03,0.24,0.46||14.01,4.04,2.81,8.72,2.59||0.00,0.00,0.49,0.59,0.00||133.55,6560.67,70431.05,86.85,141.60||12.78,4.05,8.90||85.76,178.11,1722.17,236.89,199.82,112.76||
2.90,18.34,12.09,4.55,6.12,5.01,2.93||0.00,0.00,0.00,0.03,0.04,0.04||3.47,7.95,0.99,23.18,18.31,11.43||6.06,0.94,1.04,0.24,0.47||14.21,4.06,2.90,8.79,2.60||0.00,0.00,0.49,0.59,0.00||103.06,2312.83,20729.52,78.14,76.69||15.90,4.88,10.61||6.18,15.23,80.94,25.77,29.02,7.89||
2.90,18.31,12.08,4.55,6.11,5.00,2.93||0.00,0.00,0.00,0.04,0.04,0.04||3.47,7.95,0.99,23.18,18.31,11.43||6.09,0.94,1.05,0.24,0.47||14.14,4.06,2.87,8.77,2.60||0.00,0.00,0.49,0.59,0.00||100.02,2050.54,17999.72,77.19,71.45||11.87,3.81,8.39||1.79,4.78,19.15,9.06,11.69,2.25||
2.89,18.22,12.03,4.53,6.09,4.98,2.92||0.00,0.00,0.00,0.04,0.04,0.04||3.47,7.95,0.99,23.18,18.31,11.43||6.10,0.94,1.05,0.24,0.47||14.23,4.07,2.91,8.80,2.60||0.00,0.00,0.50,0.59,0.00||104.86,2479.22,22489.72,78.69,79.89||19.55,5.82,12.54||1.22,3.35,12.29,6.57,8.84,1.53||
2.90,18.33,12.09,4.55,6.12,5.00,2.93||0.00,0.00,0.00,0.04,0.04,0.04||3.47,7.95,0.99,23.18,18.31,11.43||6.12,0.94,1.06,0.24,0.47||13.94,4.03,2.78,8.69,2.58||0.00,0.00,0.49,0.59,0.00||82.67,952.92,7325.80,71.42,45.52||16.54,5.05,10.95||95.22,196.42,1945.03,258.76,215.77,125.35||
2.90,18.31,12.08,4.55,6.11,5.00,2.93||0.00,0.00,0.00,0.04,0.04,0.04||3.47,7.95,0.99,23.18,18.31,11.43||6.12,0.94,1.06,0.24,0.47||14.50,4.10,3.03,8.90,2.62||0.00,0.00,0.49,0.59,0.00||115.65,3676.53,35704.53,81.90,100.72||11.09,3.59,7.94||1.29,3.52,13.07,6.86,9.18,1.62||
2.89,18.26,12.05,4.54,6.10,4.99,2.93||0.00,0.00,0.00,0.04,0.04,0.04||3.47,7.95,0.99,23.18,18.31,11.43||6.12,0.94,1.06,0.24,0.47||14.30,4.08,2.94,8.83,2.61||0.00,0.00,0.49,0.59,0.00||87.20,1180.90,9421.74,72.99,51.64||10.33,3.38,7.50||2.90,7.51,33.58,13.61,16.66,3.67||
2.90,18.34,12.09,4.55,6.12,5.01,2.93||0.00,0.00,0.00,0.04,0.04,0.04||3.47,7.95,0.99,23.18,18.31,11.43||6.12,0.94,1.06,0.24,0.47||14.06,4.05,2.83,8.74,2.59||0.00,0.00,0.49,0.59,0.00||71.37,527.42,3660.05,67.27,32.15||11.49,3.70,8.17||0.48,1.41,4.18,3.00,4.47,0.60||
2.89,18.26,12.05,4.54,6.10,4.99,2.93||0.00,0.00,0.00,0.04,0.04,0.04||3.47,7.95,0.99,23.18,18.31,11.43||6.12,0.94,1.06,0.24,0.47||13.91,4.03,2.77,8.68,2.58||0.00,0.00,0.49,0.59,0.00||75.91,675.90,4896.25,68.98,37.20||12.57,4.00,8.79||2.08,5.51,22.85,10.29,13.07,2.63||
2.89,18.21,12.02,4.52,6.08,4.98,2.92||0.00,0.00,0.00,0.04,0.04,0.04||3.47,7.95,0.99,23.18,18.31,11.43||6.12,0.94,1.06,0.24,0.47||14.18,4.06,2.89,8.78,2.60||0.00,0.00,0.50,0.59,0.00||91.82,1453.67,12022.84,74.55,58.36||9.96,3.28,7.28||1.95,5.19,21.19,9.75,12.46,2.46||
2.89,18.24,12.04,4.53,6.09,4.99,2.92||0.00,0.00,0.00,0.04,0.04,0.04||3.47,7.95,0.99,23.18,18.31,11.43||6.12,0.94,1.06,0.24,0.47||14.14,4.06,2.87,8.77,2.60||0.00,0.00,0.50,0.59,0.00||53.28,162.82,921.93,59.71,16.10||10.74,3.50,7.74||0.83,2.35,7.90,4.76,6.68,1.04||
2.89,18.25,12.04,4.53,6.09,4.99,2.92||0.00,0.00,0.00,0.04,0.04,0.04||3.47,7.95,0.99,23.18,18.31,11.43||6.12,0.94,1.06,0.24,0.47||14.13,4.06,2.86,8.76,2.60||0.00,0.00,0.49,0.59,0.00||100.35,2077.49,18277.53,77.30,72.00||11.92,3.82,8.41||5.60,13.89,72.19,23.71,27.00,7.14||
2.89,18.20,12.02,4.52,6.08,4.98,2.92||0.00,0.00,0.00,0.04,0.04,0.04||3.47,7.95,0.99,23.18,18.31,11.43||6.12,0.94,1.06,0.24,0.47||14.33,4.08,2.95,8.84,2.61||0.00,0.00,0.50,0.59,0.00||100.74,2109.95,18613.05,77.42,72.66||10.67,3.48,7.70||4.99,12.48,63.19,21.53,24.82,6.36||
2.88,18.15,12.00,4.51,6.07,4.97,2.91||0.00,0.00,0.00,0.03,0.04,0.04||3.47,7.95,0.99,23.18,18.31,11.43||6.12,0.94,1.06,0.24,0.47||14.17,4.06,2.88,8.78,2.60||0.00,0.00,0.50,0.59,0.00||68.57,449.00,3030.28,66.18,29.24||9.63,3.19,7.09||4.56,11.46,56.81,19.93,23.21,5.80||
2.88,18.18,12.01,4.52,6.08,4.98,2.92||0.00,0.00,0.00,0.04,0.04,0.04||3.47,7.95,0.99,23.18,18.31,11.43||6.12,0.94,1.06,0.24,0.47||14.24,4.07,2.91,8.80,2.60||0.00,0.00,0.50,0.59,0.00||93.21,1543.97,12903.49,75.00,60.47||12.17,3.89,8.56||3.74,9.53,45.18,16.88,20.08,4.75||
2.88,18.15,11.99,4.51,6.07,4.97,2.91||0.00,0.00,0.00,0.03,0.04,0.04||3.47,7.95,0.99,23.18,18.31,11.43||6.08,0.94,1.05,0.24,0.47||14.46,4.09,3.01,8.89,2.62||0.00,0.00,0.50,0.59,0.00||109.81,2985.27,27964.87,80.19,89.11||15.25,4.71,10.26||2.19,5.78,24.27,10.75,13.57,2.77||
2.88,18.14,11.99,4.51,6.06,4.97,2.91||0.00,0.00,0.00,0.03,0.04,0.04||3.47,7.95,0.99,23.18,18.31,11.43||6.02,0.93,1.03,0.24,0.46||14.09,4.05,2.85,8.75,2.59||0.00,0.00,0.50,0.59,0.00||75.98,678.71,4920.06,69.01,37.29||12.78,4.05,8.90||5.42,13.48,69.50,23.07,26.36,6.91||
2.88,18.14,11.99,4.51,6.06,4.97,2.91||0.00,0.00,0.00,0.03,0.04,0.04||3.47,7.95,0.99,23.18,18.31,11.43||5.92,0.93,1.00,0.23,0.46||13.91,4.03,2.77,8.68,2.58||0.00,0.00,0.50,0.59,0.00||75.22,651.74,4691.56,68.73,36.41||13.05,4.13,9.05||3.19,8.21,37.51,14.75,17.86,4.04||
2.88,18.14,11.99,4.51,6.06,4.97,2.91||0.00,0.00,0.00,0.03,0.04,0.04||3.44,7.94,0.97,23.08,18.27,11.35||5.86,0.92,0.99,0.23,0.46||14.08,4.05,2.84,8.74,2.59||0.00,0.00,0.49,0.59,0.00||93.69,1576.39,13221.96,75.16,61.21||11.56,3.72,8.21||0.99,2.75,9.64,5.50,7.58,1.24||
2.88,18.14,11.99,4.51,6.06,4.97,2.91||0.00,0.00,0.00,0.03,0.04,0.04||3.43,7.93,0.97,23.07,18.27,11.34||5.80,0.92,0.97,0.23,0.45||14.01,4.04,2.81,8.72,2.59||0.00,0.00,0.49,0.59,0.00||90.09,1346.33,10988.18,73.97,55.79||11.64,3.74,8.26||0.44,1.29,3.77,2.79,4.19,0.55||
2.88,18.14,11.99,4.51,6.06,4.97,2.91||0.00,0.00,0.00,0.03,0.04,0.04||3.33,7.88,0.93,22.79,18.15,11.12||5.70,0.91,0.95,0.22,0.45||14.00,4.04,2.81,8.71,2.59||0.00,0.00,0.50,0.59,0.00||80.64,862.06,6513.33,70.70,42.92||15.07,4.66,10.16||37.21,81.62,652.62,117.16,108.32,48.49||
2.88,18.14,11.99,4.51,6.06,4.97,2.91||0.00,0.00,0.00,0.03,0.04,0.04||3.31,7.88,0.92,22.73,18.12,11.08||5.68,0.90,0.94,0.22,0.45||13.90,4.03,2.76,8.67,2.58||0.00,0.00,0.50,0.59,0.00||67.68,426.17,2850.29,65.83,28.36||12.92,4.09,8.98||5.00,12.49,63.26,21.55,24.84,6.37||
2.88,18.14,11.99,4.51,6.06,4.97,2.91||0.00,0.00,0.00,0.03,0.04,0.04||3.31,7.87,0.92,22.72,18.12,11.07||5.60,0.90,0.92,0.22,0.45||13.87,4.03,2.76,8.66,2.58||0.00,0.00,0.50,0.59,0.00||85.05,1068.01,8374.16,72.25,48.68||13.26,4.18,9.17||18.67,42.82,292.64,65.47,65.30,24.13||
2.87,18.05,11.94,4.49,6.04,4.95,2.90||0.00,0.00,0.00,0.03,0.04,0.04||3.28,7.86,0.91,22.63,18.08,10.99||5.57,0.90,0.91,0.22,0.44||13.97,4.04,2.80,8.70,2.58||0.00,0.00,0.50,0.59,0.00||67.14,412.49,2743.32,65.61,27.82||12.15,3.88,8.55||3.57,9.12,42.78,16.22,19.41,4.53||
2.87,18.08,11.96,4.49,6.05,4.96,2.90||0.00,0.00,0.00,0.03,0.04,0.04||3.27,7.85,0.91,22.61,18.07,10.98||5.57,0.89,0.91,0.22,0.44||13.99,4.04,2.81,8.71,2.59||0.00,0.00,0.50,0.59,0.00||65.64,376.69,2466.11,65.01,26.37||11.26,3.64,8.04||2.96,7.67,34.47,13.87,16.94,3.76||
2.86,17.96,11.89,4.47,6.01,4.93,2.89||0.00,0.00,0.00,0.03,0.04,0.04||3.27,7.85,0.91,22.60,18.07,10.98||5.48,0.89,0.89,0.22,0.44||13.79,4.02,2.72,8.63,2.57||0.00,0.00,0.50,0.59,0.00||87.11,1176.05,9376.39,72.96,51.52||12.61,4.01,8.81||2.43,6.37,27.36,11.73,14.64,3.07||
2.85,17.89,11.86,4.45,5.99,4.92,2.88||0.00,0.00,0.00,0.03,0.04,0.04||3.27,7.85,0.91,22.60,18.07,10.98||5.46,0.89,0.89,0.22,0.44||13.75,4.01,2.70,8.62,2.57||0.00,0.00,0.49,0.59,0.00||70.69,507.65,3499.64,67.01,31.43||10.02,3.30,7.32||1.31,3.56,13.29,6.95,9.28,1.64||
2.85,17.88,11.85,4.45,5.99,4.92,2.88||0.00,0.00,0.00,0.03,0.04,0.04||3.27,7.85,0.91,22.60,18.07,10.98||5.46,0.89,0.89,0.22,0.44||13.85,4.02,2.74,8.65,2.57||0.00,0.00,0.50,0.59,0.00||75.67,667.38,4823.92,68.89,36.92||10.15,3.33,7.39||2.13,5.63,23.47,10.49,13.29,2.69||
2.85,17.87,11.85,4.45,5.98,4.92,2.88||0.00,0.00,0.00,0.03,0.04,0.04||3.27,7.85,0.91,22.60,18.07,10.98||5.39,0.88,0.87,0.21,0.44||13.97,4.04,2.79,8.70,2.58||0.00,0.00,0.49,0.59,0.00||147.43,9764.56,112294.82,90.43,178.92||11.84,3.80,8.37||2.12,5.60,23.31,10.44,13.23,2.67||
2.85,17.87,11.85,4.45,5.98,4.92,2.88||0.00,0.00,0.00,0.03,0.04,0.04||3.27,7.85,0.91,22.60,18.07,10.98||5.36,0.88,0.86,0.21,0.44||13.99,4.04,2.80,8.71,2.59||0.00,0.00,0.49,0.59,0.00||61.36,287.16,1793.74,63.25,22.48||12.27,3.92,8.61||11.53,27.29,167.14,43.61,45.86,14.83||
2.85,17.92,11.87,4.46,6.00,4.92,2.88||0.00,0.00,0.00,0.03,0.04,0.04||3.21,7.82,0.88,22.42,17.99,10.84||5.36,0.88,0.86,0.21,0.44||14.00,4.04,2.81,8.71,2.59||0.00,0.00,0.49,0.59,0.00||81.00,877.69,6652.06,70.83,43.37||13.29,4.19,9.19||5.19,12.95,66.13,22.25,25.54,6.62||
2.85,17.88,11.85,4.45,5.99,4.92,2.88||0.00,0.00,0.00,0.03,0.04,0.04||3.23,7.83,0.89,22.48,18.01,10.88||5.36,0.88,0.86,0.21,0.44||13.69,4.00,2.68,8.59,2.56||0.00,0.00,0.50,0.59,0.00||80.16,841.88,6334.81,70.53,42.32||14.93,4.63,10.09||2.92,7.57,33.90,13.70,16.76,3.70||
2.85,17.87,11.85,4.45,5.98,4.92,2.88||0.00,0.00,0.00,0.03,0.04,0.04||3.23,7.83,0.89,22.49,18.01,10.89||5.32,0.87,0.85,0.21,0.43||13.93,4.03,2.78,8.69,2.58||0.00,0.00,0.50,0.59,0.00||72.90,574.55,4046.60,67.85,33.81||14.81,4.60,10.02||57.90,123.38,1090.98,170.10,149.81,75.81||
2.85,17.87,11.85,4.45,5.98,4.92,2.88||0.00,0.00,0.00,0.03,0.04,0.04||3.17,7.80,0.86,22.31,17.94,10.75||5.28,0.87,0.84,0.21,0.43||13.68,4.00,2.67,8.59,2.56||0.00,0.00,0.50,0.59,0.00||64.66,354.70,2298.09,64.61,25.46||13.07,4.13,9.06||6.60,16.22,87.48,27.26,30.48,8.44||
2.85,17.87,11.85,4.45,5.98,4.92,2.88||0.00,0.00,0.00,0.03,0.04,0.04||3.13,7.78,0.85,22.19,17.88,10.65||5.26,0.87,0.84,0.21,0.43||13.73,4.01,2.70,8.61,2.57||0.00,0.00,0.49,0.59,0.00||122.68,4661.37,47167.17,83.90,115.81||12.53,3.99,8.76||1.04,2.87,10.15,5.71,7.83,1.30||
2.85,17.87,11.85,4.45,5.98,4.92,2.88||0.00,0.00,0.00,0.03,0.04,0.04||3.09,7.76,0.83,22.07,17.83,10.56||5.26,0.87,0.83,0.21,0.43||13.74,4.01,2.70,8.61,2.57||0.00,0.00,0.49,0.59,0.00||90.32,1360.17,11120.83,74.05,56.12||10.37,3.39,7.52||4.01,10.16,48.94,17.89,21.12,5.09||
2.85,17.87,11.85,4.45,5.98,4.92,2.88||0.00,0.00,0.00,0.03,0.04,0.04||3.08,7.76,0.83,22.05,17.82,10.55||5.25,0.87,0.83,0.21,0.43||13.84,4.02,2.74,8.65,2.57||0.00,0.00,0.49,0.59,0.00||79.26,804.45,6005.74,70.21,41.21||10.50,3.43,7.60||2.12,5.61,23.38,10.47,13.25,2.68||
2.85,17.87,11.85,4.45,5.98,4.92,2.88||0.00,0.00,0.00,0.03,0.04,0.04||3.08,7.76,0.83,22.04,17.82,10.54||5.25,0.87,0.83,0.21,0.43||13.86,4.02,2.75,8.66,2.58||0.00,0.00,0.49,0.59,0.00||58.39,235.34,1420.27,61.98,20.00||14.11,4.41,9.64||22.47,50.92,362.99,76.55,74.81,29.11||
2.85,17.87,11.85,4.45,5.98,4.92,2.88||0.00,0.00,0.00,0.03,0.04,0.04||3.08,7.76,0.83,22.04,17.82,10.54||5.25,0.87,0.83,0.21,0.43||13.67,4.00,2.67,8.58,2.56||0.00,0.00,0.49,0.59,0.00||80.79,868.57,6571.02,70.76,43.11||11.87,3.81,8.39||2.14,5.66,23.61,10.54,13.34,2.70||
2.85,17.87,11.85,4.45,5.98,4.92,2.88||0.00,0.00,0.00,0.03,0.04,0.04||3.08,7.76,0.83,22.04,17.82,10.54||5.21,0.86,0.82,0.21,0.43||13.83,4.02,2.74,8.65,2.57||0.00,0.00,0.49,0.59,0.00||56.96,212.87,1262.55,61.36,18.85||16.58,5.06,10.97||6.72,16.48,89.27,27.67,30.87,8.59||
2.85,17.87,11.85,4.45,5.98,4.92,2.88||0.00,0.00,0.00,0.03,0.04,0.04||3.08,7.76,0.83,22.04,17.82,10.54||5.17,0.86,0.81,0.21,0.43||13.66,4.00,2.67,8.58,2.56||0.00,0.00,0.49,0.59,0.00||55.91,197.60,1156.94,60.89,18.04||19.62,5.84,12.57||4.11,10.41,50.40,18.27,21.52,5.23||
2.85,17.87,11.85,4.45,5.98,4.92,2.88||0.00,0.00,0.00,0.03,0.04,0.04||3.08,7.76,0.83,22.04,17.82,10.54||5.16,0.86,0.81,0.21,0.43||13.83,4.02,2.74,8.65,2.57||0.00,0.00,0.49,0.59,0.00||97.64,1861.02,16064.22,76.44,67.49||11.20,3.62,8.00||8.09,19.61,110.78,32.36,35.37,10.37||
2.85,17.87,11.85,4.45,5.98,4.92,2.88||0.00,0.00,0.00,0.03,0.04,0.04||3.08,7.76,0.83,22.04,17.82,10.54||5.16,0.86,0.81,0.21,0.43||13.86,4.02,2.75,8.66,2.58||0.00,0.00,0.49,0.59,0.00||81.39,894.90,6805.31,70.97,43.87||8.73,2.93,6.55||35.05,77.18,608.74,111.39,103.67,45.64||
2.84,17.79,11.81,4.43,5.96,4.90,2.87||0.00,0.00,0.00,0.03,0.04,0.04||3.08,7.76,0.83,22.04,17.82,10.54||5.16,0.86,0.81,0.21,0.43||13.67,4.00,2.67,8.58,2.56||0.00,0.00,0.49,0.59,0.00||86.12,1122.93,8881.51,72.62,50.14||11.35,3.66,8.09||2.37,6.22,26.59,11.49,14.37,3.00||
2.85,17.86,11.84,4.44,5.98,4.91,2.88||0.00,0.00,0.00,0.03,0.04,0.04||3.08,7.76,0.83,22.04,17.82,10.54||5.15,0.86,0.81,0.21,0.43||13.53,3.98,2.61,8.53,2.55||0.00,0.00,0.49,0.59,0.00||99.19,1982.62,17302.36,76.93,70.05||13.71,4.30,9.42||9.19,22.07,128.35,36.00,38.82,11.78||
2.83,17.74,11.78,4.42,5.95,4.89,2.86||0.00,0.00,0.00,0.03,0.03,0.04||3.08,7.76,0.83,22.04,17.82,10.54||5.15,0.86,0.81,0.21,0.43||13.50,3.98,2.60,8.52,2.55||0.00,0.00,0.49,0.59,0.00||61.87,297.00,1866.04,63.46,22.93||14.51,4.52,9.86||40.24,87.80,714.60,125.13,114.70,52.47||
2.84,17.80,11.81,4.43,5.96,4.90,2.87||0.00,0.00,0.00,0.03,0.04,0.04||3.08,7.76,0.83,22.04,17.82,10.54||5.12,0.85,0.80,0.20,0.42||13.49,3.98,2.60,8.52,2.55||0.00,0.00,0.49,0.59,0.00||98.13,1898.77,16447.17,76.59,68.29||15.55,4.79,10.43||726.70,1312.77,20645.03,1436.26,957.97,978.15||
2.82,17.65,11.73,4.40,5.92,4.87,2.85||0.00,0.00,0.00,0.03,0.04,0.04||3.08,7.76,0.83,22.04,17.82,10.54||5.07,0.85,0.79,0.20,0.42||13.49,3.98,2.60,8.52,2.55||0.00,0.00,0.49,0.59,0.00||65.51,373.84,2444.23,64.96,26.25||14.74,4.58,9.98||25.59,57.51,422.23,85.42,82.30,33.20||
2.83,17.70,11.76,4.41,5.93,4.88,2.86||0.00,0.00,0.00,0.03,0.04,0.04||3.08,7.76,0.83,22.04,17.82,10.54||5.08,0.85,0.79,0.20,0.42||13.69,4.00,2.68,8.59,2.56||0.00,0.00,0.49,0.59,0.00||92.32,1485.72,12334.31,74.71,59.11||11.79,3.78,8.34||8.21,19.87,112.65,32.75,35.75,10.52||
2.83,17.71,11.77,4.41,5.94,4.88,2.86||0.00,0.00,0.00,0.03,0.04,0.04||3.05,7.74,0.82,21.96,17.78,10.48||5.06,0.85,0.79,0.20,0.42||13.73,4.01,2.70,8.61,2.57||0.00,0.00,0.49,0.59,0.00||67.41,419.31,2796.54,65.72,28.09||10.42,3.41,7.56||97.39,200.59,1996.57,263.71,219.36,128.23||
2.83,17.76,11.79,4.42,5.95,4.89,2.87||0.00,0.00,0.00,0.03,0.03,0.04||3.02,7.72,0.80,21.85,17.73,10.39||5.06,0.85,0.79,0.20,0.42||13.84,4.02,2.74,8.65,2.57||0.00,0.00,0.49,0.59,0.00||92.30,1484.28,12320.37,74.71,59.08||13.31,4.20,9.20||16.18,37.47,247.87,58.04,58.80,20.89||
2.83,17.72,11.77,4.42,5.94,4.89,2.86||0.00,0.00,0.00,0.03,0.03,0.04||2.98,7.70,0.79,21.74,17.69,10.31||5.06,0.85,0.79,0.20,0.42||13.46,3.98,2.59,8.51,2.55||0.00,0.00,0.49,0.59,0.00||72.31,556.07,3894.38,67.63,33.16||15.28,4.72,10.28||12.02,28.37,175.39,45.16,47.27,15.46||
2.84,17.76,11.79,4.42,5.95,4.89,2.87||0.00,0.00,0.00,0.03,0.04,0.04||2.98,7.70,0.79,21.72,17.68,10.30||5.06,0.85,0.79,0.20,0.42||13.39,3.97,2.56,8.48,2.54||0.00,0.00,0.49,0.59,0.00||74.01,610.58,4345.90,68.27,35.04||13.85,4.34,9.50||1.15,3.16,11.43,6.23,8.44,1.44||
2.82,17.64,11.73,4.40,5.91,4.87,2.85||0.00,0.00,0.00,0.03,0.03,0.04||2.97,7.70,0.79,21.71,17.67,10.29||5.06,0.85,0.79,0.20,0.42||13.47,3.98,2.59,8.51,2.55||0.00,0.00,0.49,0.59,0.00||56.15,201.08,1180.90,61.00,18.23||16.99,5.17,11.20||1.65,4.42,17.39,8.44,11.00,2.07||
2.82,17.62,11.72,4.39,5.91,4.87,2.85||0.00,0.00,0.00,0.03,0.03,0.04||2.92,7.67,0.76,21.54,17.60,10.16||5.06,0.85,0.79,0.20,0.42||13.39,3.97,2.56,8.48,2.54||0.00,0.00,0.49,0.59,0.00||58.53,237.53,1435.82,62.04,20.11||13.33,4.20,9.21||11.36,26.91,164.25,43.06,45.35,14.60||
2.82,17.61,11.71,4.39,5.91,4.86,2.85||0.00,0.00,0.00,0.03,0.04,0.04||2.93,7.68,0.77,21.59,17.62,10.20||5.06,0.85,0.79,0.20,0.42||13.47,3.98,2.59,8.51,2.55||0.00,0.00,0.49,0.59,0.00||93.52,1564.48,13104.83,75.11,60.94||13.66,4.29,9.39||0.50,1.46,4.39,3.11,4.61,0.63||
2.82,17.61,11.71,4.39,5.91,4.86,2.85||0.00,0.00,0.00,0.03,0.03,0.04||2.91,7.66,0.76,21.52,17.59,10.14||5.06,0.85,0.79,0.20,0.42||13.69,4.00,2.68,8.59,2.56||0.00,0.00,0.49,0.59,0.00||60.33,268.33,1656.57,62.81,21.60||16.63,5.07,11.00||20.03,45.74,317.63,69.48,68.76,25.92||
2.82,17.61,11.71,4.39,5.91,4.86,2.85||0.00,0.00,0.00,0.03,0.03,0.04||2.91,7.66,0.76,21.50,17.58,10.13||5.04,0.85,0.78,0.20,0.42||13.73,4.01,2.70,8.61,2.57||0.00,0.00,0.49,0.59,0.00||90.62,1378.66,11298.34,74.15,56.57||13.01,4.11,9.03||158.01,315.33,3504.04,396.62,312.83,209.15||
2.82,17.61,11.71,4.39,5.91,4.86,2.85||0.00,0.00,0.00,0.03,0.03,0.04||2.93,7.67,0.77,21.58,17.62,10.19||5.02,0.84,0.78,0.20,0.42||13.54,3.98,2.62,8.53,2.55||0.00,0.00,0.49,0.59,0.00||80.84,870.83,6591.09,70.77,43.17||14.10,4.41,9.63||5.89,14.58,76.62,24.76,28.03,7.52||
2.82,17.61,11.71,4.39,5.91,4.86,2.85||0.00,0.00,0.00,0.03,0.03,0.04||2.91,7.66,0.76,21.51,17.58,10.14||4.97,0.84,0.77,0.20,0.42||13.50,3.98,2.60,8.52,2.55||0.00,0.00,0.49,0.59,0.00||86.70,1153.71,9167.77,72.82,50.94||13.82,4.33,9.48||12.89,30.30,190.31,47.91,49.77,16.60||
2.82,17.61,11.71,4.39,5.91,4.86,2.85||0.00,0.00,0.00,0.03,0.03,0.04||2.91,7.66,0.76,21.50,17.58,10.13||4.98,0.84,0.77,0.20,0.42||13.50,3.98,2.60,8.52,2.55||0.00,0.00,0.49,0.59,0.00||88.84,1272.73,10286.87,73.55,53.97||18.35,5.51,11.91||10.37,24.73,147.86,39.90,42.44,13.33||
2.82,17.61,11.71,4.39,5.91,4.86,2.85||0.00,0.00,0.00,0.03,0.03,0.04||2.90,7.66,0.76,21.50,17.58,10.13||4.96,0.84,0.76,0.20,0.42||13.59,3.99,2.64,8.56,2.56||0.00,0.00,0.49,0.59,0.00||76.09,682.55,4952.79,69.05,37.41||13.27,4.19,9.17||4.73,11.86,59.28,20.56,23.84,6.02||
2.82,17.61,11.71,4.39,5.91,4.86,2.85||0.00,0.00,0.00,0.03,0.03,0.04||2.90,7.66,0.76,21.50,17.58,10.13||4.96,0.84,0.76,0.20,0.42||13.61,3.99,2.65,8.56,2.56||0.00,0.00,0.49,0.59,0.00||87.35,1188.82,9495.91,73.04,51.85||15.12,4.68,10.19||1.36,3.71,13.99,7.21,9.58,1.71||
2.82,17.61,11.71,4.39,5.91,4.86,2.85||0.00,0.00,0.00,0.03,0.03,0.04||2.90,7.66,0.76,21.50,17.58,10.13||4.96,0.84,0.76,0.20,0.42||13.72,4.01,2.69,8.60,2.57||0.00,0.00,0.49,0.59,0.00||75.55,663.25,4788.89,68.85,36.78||12.98,4.11,9.01||0.79,2.23,7.43,4.56,6.43,0.99||
2.82,17.61,11.71,4.39,5.91,4.86,2.85||0.00,0.00,0.00,0.03,0.03,0.04||2.90,7.66,0.76,21.50,17.58,10.13||4.96,0.84,0.76,0.20,0.42||13.44,3.97,2.58,8.50,2.54||0.00,0.00,0.49,0.59,0.00||82.13,927.93,7100.95,71.23,44.82||10.84,3.52,7.80||0.95,2.64,9.14,5.29,7.33,1.18||
2.82,17.61,11.71,4.39,5.91,4.86,2.85||0.00,0.00,0.00,0.03,0.03,0.04||2.90,7.66,0.76,21.50,17.58,10.13||4.96,0.84,0.76,0.20,0.42||13.48,3.98,2.59,8.51,2.55||0.00,0.00,0.49,0.59,0.00||80.60,860.42,6498.78,70.69,42.87||14.10,4.41,9.63||1.72,4.60,18.25,8.75,11.34,2.16||
2.82,17.61,11.71,4.39,5.91,4.86,2.85||0.00,0.00,0.00,0.03,0.03,0.04||2.90,7.66,0.76,21.50,17.58,10.13||4.96,0.84,0.76,0.20,0.42||13.69,4.00,2.68,8.59,2.56||0.00,0.00,0.49,0.59,0.00||95.78,1722.70,14672.80,75.84,64.49||11.36,3.67,8.10||13.05,30.65,193.09,48.42,50.23,16.81||
2.82,17.61,11.71,4.39,5.91,4.86,2.85||0.00,0.00,0.00,0.03,0.03,0.04||2.90,7.66,0.76,21.50,17.58,10.13||4.96,0.84,0.76,0.20,0.42||13.63,4.00,2.65,8.57,2.56||0.00,0.00,0.49,0.59,0.00||67.85,430.34,2883.03,65.89,28.52||12.88,4.08,8.96||8.19,19.83,112.36,32.69,35.69,10.50||
2.82,17.61,11.71,4.39,5.91,4.86,2.85||0.00,0.00,0.00,0.03,0.03,0.04||2.90,7.66,0.76,21.50,17.58,10.13||4.96,0.84,0.76,0.20,0.42||13.62,3.99,2.65,8.57,2.56||0.00,0.00,0.49,0.59,0.00||95.26,1684.88,14295.62,75.67,63.65||12.61,4.01,8.81||0.68,1.93,6.22,4.00,5.74,0.85||
2.82,17.61,11.71,4.39,5.91,4.86,2.85||0.00,0.00,0.00,0.03,0.03,0.04||2.90,7.66,0.76,21.50,17.58,10.13||4.96,0.84,0.76,0.20,0.42||13.62,3.99,2.65,8.57,2.56||0.00,0.00,0.49,0.58,0.00||88.68,1263.83,10202.60,73.50,53.75||11.17,3.62,7.99||0.97,2.70,9.43,5.42,7.47,1.22||
2.82,17.61,11.71,4.39,5.91,4.86,2.85||0.00,0.00,0.00,0.03,0.03,0.04||2.90,7.66,0.76,21.50,17.58,10.13||4.96,0.84,0.76,0.20,0.42||13.52,3.98,2.61,8.53,2.55||0.00,0.00,0.49,0.58,0.00||114.36,3514.11,33861.42,81.53,98.08||11.22,3.63,8.02||2.51,6.57,28.42,12.06,14.99,3.18||
2.82,17.61,11.71,4.39,5.91,4.86,2.85||0.00,0.00,0.00,0.03,0.03,0.04||2.90,7.66,0.76,21.50,17.58,10.13||4.95,0.84,0.76,0.20,0.42||13.50,3.98,2.60,8.52,2.55||0.00,0.00,0.49,0.58,0.00||83.86,1009.42,7837.83,71.84,47.09||11.12,3.60,7.96||0.79,2.23,7.43,4.56,6.43,0.99||
2.82,17.61,11.71,4.39,5.91,4.86,2.85||0.00,0.00,0.00,0.03,0.03,0.04||2.90,7.66,0.76,21.50,17.58,10.13||4.93,0.84,0.76,0.20,0.42||13.40,3.97,2.56,8.48,2.54||0.00,0.00,0.49,0.58,0.00||90.82,1390.55,11412.73,74.21,56.86||10.15,3.33,7.39||10.49,25.00,149.86,40.29,42.80,13.48||
2.81,17.57,11.69,4.38,5.89,4.86,2.84||0.00,0.00,0.00,0.03,0.03,0.04||2.90,7.66,0.76,21.50,17.58,10.13||4.92,0.84,0.75,0.20,0.42||13.47,3.98,2.59,8.51,2.55||0.00,0.00,0.49,0.58,0.00||90.59,1376.85,11280.91,74.14,56.53||9.76,3.22,7.16||5.13,12.81,65.22,22.03,25.32,6.54||
2.81,17.52,11.67,4.37,5.88,4.85,2.84||0.00,0.00,0.00,0.03,0.03,0.04||2.90,7.66,0.76,21.50,17.58,10.13||4.88,0.83,0.74,0.20,0.41||13.59,3.99,2.64,8.55,2.56||0.00,0.00,0.49,0.58,0.00||62.42,307.77,1945.71,63.69,23.42||14.29,4.46,9.74||1.86,4.95,20.01,9.35,12.02,2.34||
2.81,17.55,11.68,4.38,5.89,4.85,2.84||0.00,0.00,0.00,0.03,0.03,0.04||2.90,7.66,0.76,21.50,17.58,10.13||4.87,0.83,0.74,0.19,0.41||13.41,3.97,2.57,8.49,2.54||0.00,0.00,0.49,0.58,0.00||80.66,862.88,6520.57,70.71,42.94||11.81,3.79,8.35||2.03,5.38,22.20,10.08,12.83,2.56||
2.80,17.48,11.64,4.36,5.87,4.84,2.83||0.00,0.00,0.00,0.03,0.03,0.04||2.90,7.66,0.76,21.50,17.58,10.13||4.87,0.83,0.74,0.19,0.41||13.78,4.01,2.71,8.63,2.57||0.00,0.00,0.49,0.58,0.00||78.86,787.96,5861.53,70.06,40.71||11.38,3.67,8.11||1.57,4.23,16.45,8.11,10.62,1.97||
2.81,17.50,11.66,4.37,5.87,4.84,2.84||0.00,0.00,0.00,0.03,0.03,0.04||2.90,7.66,0.76,21.50,17.58,10.13||4.87,0.83,0.74,0.19,0.41||13.55,3.99,2.62,8.54,2.55||0.00,0.00,0.49,0.58,0.00||79.75,824.60,6182.57,70.38,41.81||12.73,4.04,8.88||328.87,625.65,8214.69,735.95,535.55,438.83||
2.80,17.47,11.64,4.36,5.86,4.84,2.83||0.00,0.00,0.00,0.03,0.03,0.04||2.90,7.66,0.76,21.50,17.58,10.13||4.88,0.83,0.74,0.20,0.41||13.41,3.97,2.56,8.48,2.54||0.00,0.00,0.49,0.58,0.00||82.89,963.21,7418.64,71.50,45.81||16.77,5.11,11.08||12.99,30.52,192.03,48.23,50.06,16.73||
2.80,17.46,11.63,4.36,5.86,4.83,2.83||0.00,0.00,0.00,0.03,0.03,0.04||2.85,7.63,0.74,21.32,17.50,10.00||4.87,0.83,0.74,0.19,0.41||13.48,3.98,2.59,8.51,2.55||0.00,0.00,0.49,0.58,0.00||93.14,1539.46,12859.38,74.98,60.36||14.51,4.52,9.86||2.63,6.86,30.04,12.55,15.53,3.33||
2.80,17.42,11.61,4.35,5.85,4.83,2.83||0.00,0.00,0.00,0.03,0.03,0.04||2.84,7.62,0.73,21.29,17.48,9.97||4.87,0.83,0.74,0.19,0.41||13.39,3.97,2.56,8.48,2.54||0.00,0.00,0.49,0.58,0.00||83.73,1002.80,7777.56,71.79,46.91||12.86,4.08,8.95||2.49,6.51,28.14,11.97,14.90,3.15||
2.80,17.49,11.65,4.36,5.87,4.84,2.83||0.00,0.00,0.00,0.03,0.03,0.04||2.84,7.62,0.73,21.28,17.48,9.97||4.87,0.83,0.74,0.19,0.41||13.47,3.98,2.59,8.51,2.55||0.00,0.00,0.49,0.58,0.00||88.40,1247.42,10047.33,73.40,53.34||12.23,3.91,8.59||1.65,4.43,17.43,8.46,11.01,2.08||
2.80,17.42,11.61,4.35,5.85,4.83,2.83||0.00,0.00,0.00,0.03,0.03,0.04||2.78,7.59,0.71,21.11,17.40,9.84||4.87,0.83,0.74,0.19,0.41||13.29,3.95,2.52,8.44,2.53||0.00,0.00,0.49,0.58,0.00||83.33,983.61,7603.30,71.65,46.38||11.83,3.80,8.37||9.69,23.21,136.61,37.67,40.38,12.44||
2.79,17.41,11.61,4.34,5.85,4.82,2.83||0.00,0.00,0.00,0.03,0.03,0.04||2.77,7.58,0.71,21.08,17.39,9.81||4.87,0.83,0.74,0.19,0.41||13.45,3.97,2.58,8.50,2.55||0.00,0.00,0.49,0.58,0.00||51.14,138.07,759.78,58.72,14.61||9.70,3.21,7.13||0.85,2.38,8.07,4.84,6.77,1.06||
2.79,17.41,11.61,4.34,5.84,4.82,2.82||0.00,0.00,0.00,0.03,0.03,0.04||2.74,7.57,0.70,20.99,17.35,9.74||4.87,0.83,0.74,0.19,0.41||13.29,3.95,2.51,8.44,2.53||0.00,0.00,0.49,0.58,0.00||76.37,692.53,5037.83,69.15,37.73||13.11,4.14,9.08||3.20,8.24,37.67,14.79,17.91,4.06||
2.79,17.36,11.58,4.33,5.83,4.82,2.82||0.00,0.00,0.00,0.03,0.03,0.04||2.76,7.58,0.71,21.05,17.38,9.79||4.87,0.83,0.74,0.19,0.41||13.25,3.95,2.50,8.42,2.53||0.00,0.00,0.49,0.58,0.00||73.43,591.50,4187.04,68.05,34.39||11.24,3.64,8.03||1.68,4.51,17.79,8.58,11.16,2.11||
2.79,17.36,11.58,4.33,5.83,4.81,2.82||0.00,0.00,0.00,0.03,0.03,0.04||2.74,7.57,0.70,20.98,17.34,9.74||4.87,0.83,0.74,0.19,0.41||13.35,3.96,2.54,8.46,2.54||0.00,0.00,0.49,0.58,0.00||84.60,1045.29,8165.57,72.10,48.07||8.90,2.98,6.65||2.64,6.89,30.15,12.59,15.56,3.34||
2.79,17.35,11.58,4.33,5.83,4.81,2.82||0.00,0.00,0.00,0.03,0.03,0.04||2.74,7.56,0.70,20.97,17.34,9.73||4.87,0.83,0.74,0.19,0.41||13.46,3.98,2.59,8.51,2.55||0.00,0.00,0.49,0.58,0.00||111.65,3191.75,30247.26,80.74,92.69||13.82,4.33,9.48||2.03,5.38,22.21,10.08,12.83,2.56||
2.79,17.35,11.58,4.33,5.83,4.81,2.82||0.00,0.00,0.00,0.03,0.03,0.03||2.76,7.58,0.71,21.05,17.38,9.79||4.87,0.83,0.74,0.19,0.41||13.39,3.97,2.56,8.48,2.54||0.00,0.00,0.49,0.58,0.00||81.93,918.94,7020.24,71.16,44.56||11.78,3.78,8.34||120.48,244.74,2556.81,315.55,256.41,159.01||
2.79,17.35,11.58,4.33,5.83,4.81,2.82||0.00,0.00,0.00,0.03,0.03,0.03||2.74,7.57,0.70,20.98,17.34,9.74||4.87,0.83,0.74,0.19,0.41||13.37,3.96,2.55,8.47,2.54||0.00,0.00,0.49,0.58,0.00||58.50,237.13,1432.96,62.03,20.09||11.45,3.69,8.15||0.79,2.22,7.39,4.54,6.41,0.98||
