4.58,34.68,19.94,8.08,10.79,7.89,4.67||0.00,0.00,0.00,0.08,0.07,0.08||61.60,14.59,70.65,78.50,35.66,80.91||13.01,1.44,3.41,0.47,0.70||52.83,7.00,46.59,19.78,4.36||0.02,0.05,0.70,0.81,0.01||240.09,69431.81,1121268.80,110.32,567.20||37.98,10.24,21.39||2.27,5.97,25.24,11.06,13.91,2.86||
3.10,20.13,13.01,4.95,6.65,5.35,3.14||0.00,0.00,0.00,0.04,0.04,0.05||5.33,8.71,1.87,27.81,20.23,15.31||5.59,0.90,0.92,0.22,0.45||17.84,4.47,4.69,10.12,2.84||0.00,0.01,0.53,0.63,0.00||194.86,29986.64,418766.09,101.32,346.15||20.06,5.95,12.79||6.74,16.52,89.55,27.73,30.93,8.62||
2.89,18.25,12.05,4.53,6.10,4.99,2.92||0.00,0.00,0.00,0.04,0.04,0.04||3.43,7.93,0.97,23.07,18.27,11.35||4.79,0.82,0.72,0.19,0.41||14.67,4.12,3.10,8.97,2.63||0.00,0.01,0.50,0.60,0.00||79.94,832.48,6251.90,70.45,42.05||18.66,5.60,12.08||5.77,14.29,74.77,24.33,27.60,7.37||
2.85,17.91,11.87,4.46,5.99,4.92,2.88||0.00,0.00,0.00,0.03,0.04,0.04||3.15,7.79,0.86,22.25,17.91,10.70||4.66,0.81,0.69,0.19,0.40||13.79,4.01,2.72,8.63,2.57||0.00,0.00,0.50,0.60,0.00||78.72,782.63,5815.10,70.01,40.55||17.41,5.27,11.42||4.52,11.39,56.36,19.82,23.09,5.76||
2.84,17.84,11.83,4.44,5.97,4.91,2.88||0.00,0.00,0.00,0.03,0.04,0.04||3.09,7.76,0.83,22.08,17.84,10.57||4.62,0.81,0.68,0.19,0.40||13.84,4.02,2.74,8.65,2.57||0.00,0.00,0.50,0.59,0.00||64.46,350.19,2263.86,64.53,25.26||14.77,4.59,10.00||3.21,8.27,37.87,14.85,17.97,4.08||
2.84,17.82,11.82,4.44,5.97,4.91,2.87||0.00,0.00,0.00,0.03,0.04,0.04||3.08,7.76,0.83,22.05,17.82,10.55||4.63,0.81,0.68,0.19,0.40||13.96,4.03,2.79,8.70,2.58||0.00,0.00,0.50,0.59,0.00||70.98,516.13,3568.31,67.12,31.74||12.86,4.07,8.94||1.59,4.28,16.71,8.20,10.72,2.00||
2.84,17.82,11.82,4.44,5.97,4.91,2.87||0.00,0.00,0.00,0.03,0.04,0.04||3.08,7.76,0.83,22.05,17.82,10.54||4.60,0.80,0.68,0.19,0.40||13.87,4.02,2.75,8.66,2.58||0.00,0.00,0.50,0.59,0.00||83.46,989.96,7660.94,71.70,46.56||17.63,5.33,11.53||6.70,16.44,89.01,27.61,30.81,8.57||
2.84,17.82,11.82,4.44,5.97,4.91,2.87||0.00,0.00,0.00,0.03,0.04,0.04||3.08,7.76,0.83,22.04,17.82,10.54||4.60,0.80,0.68,0.18,0.40||13.85,4.02,2.75,8.66,2.58||0.00,0.00,0.50,0.59,0.00||44.21,76.80,381.84,55.33,10.35||11.04,3.58,7.91||6.24,15.38,81.88,25.98,29.23,7.97||
2.84,17.82,11.82,4.44,5.97,4.91,2.87||0.00,0.00,0.00,0.03,0.04,0.04||3.08,7.76,0.83,22.04,17.82,10.54||4.62,0.81,0.68,0.19,0.40||14.07,4.05,2.84,8.74,2.59||0.00,0.00,0.50,0.59,0.00||57.00,213.53,1267.17,61.37,18.89||12.91,4.09,8.97||2.02,5.37,22.12,10.05,12.80,2.55||
2.84,17.82,11.82,4.44,5.97,4.91,2.87||0.00,0.00,0.00,0.03,0.04,0.04||3.11,7.77,0.84,22.13,17.86,10.61||4.63,0.81,0.68,0.19,0.40||13.56,3.99,2.63,8.54,2.55||0.00,0.00,0.50,0.59,0.00||53.42,164.46,932.79,59.77,16.20||13.82,4.33,9.48||3.16,8.13,37.08,14.63,17.73,4.00||
2.84,17.82,11.82,4.44,5.97,4.91,2.87||0.00,0.00,0.00,0.03,0.04,0.04||3.09,7.76,0.83,22.06,17.83,10.56||4.61,0.81,0.68,0.19,0.40||14.01,4.04,2.81,8.72,2.59||0.00,0.00,0.50,0.59,0.00||52.48,153.12,857.82,59.34,15.53||18.20,5.48,11.83||2.22,5.84,24.59,10.86,13.68,2.80||
2.84,17.82,11.82,4.44,5.97,4.91,2.87||0.00,0.00,0.00,0.03,0.04,0.04||3.08,7.76,0.83,22.05,17.82,10.55||4.60,0.80,0.68,0.18,0.40||13.88,4.03,2.76,8.67,2.58||0.00,0.00,0.50,0.59,0.00||82.68,953.38,7329.91,71.43,45.54||21.40,6.28,13.48||1.15,3.17,11.49,6.25,8.46,1.44||
2.84,17.82,11.82,4.44,5.97,4.91,2.87||0.00,0.00,0.00,0.03,0.04,0.04||3.08,7.76,0.83,22.04,17.82,10.54||4.58,0.80,0.67,0.18,0.40||13.96,4.04,2.79,8.70,2.58||0.00,0.00,0.50,0.59,0.00||76.03,680.36,4934.10,69.03,37.34||18.22,5.48,11.84||1.79,4.79,19.20,9.07,11.71,2.26||
2.84,17.82,11.82,4.44,5.97,4.91,2.87||0.00,0.00,0.00,0.03,0.04,0.04||3.08,7.76,0.83,22.04,17.82,10.54||4.55,0.80,0.67,0.18,0.40||13.76,4.01,2.71,8.62,2.57||0.00,0.00,0.50,0.59,0.00||41.97,62.32,298.86,54.17,9.15||18.38,5.52,11.92||1.89,5.04,20.45,9.50,12.18,2.39||
2.84,17.82,11.82,4.44,5.97,4.91,2.87||0.00,0.00,0.00,0.03,0.04,0.04||3.08,7.76,0.83,22.04,17.82,10.54||4.57,0.80,0.67,0.18,0.40||13.72,4.01,2.69,8.61,2.57||0.00,0.00,0.50,0.59,0.00||29.81,15.73,59.45,47.12,4.07||13.79,4.33,9.46||42.29,91.97,757.10,130.49,118.96,55.17||
2.84,17.82,11.82,4.44,5.97,4.91,2.87||0.00,0.00,0.00,0.03,0.04,0.04||3.08,7.76,0.83,22.04,17.82,10.54||4.56,0.80,0.67,0.18,0.40||13.71,4.01,2.69,8.60,2.56||0.00,0.00,0.50,0.59,0.00||77.86,748.83,5521.54,69.70,39.51||13.79,4.33,9.46||4.22,10.67,51.98,18.69,21.94,5.37||
2.84,17.82,11.82,4.44,5.97,4.91,2.87||0.00,0.00,0.00,0.03,0.04,0.04||3.08,7.76,0.83,22.04,17.82,10.54||4.54,0.80,0.67,0.18,0.40||13.82,4.02,2.73,8.64,2.57||0.00,0.00,0.50,0.59,0.00||71.88,542.87,3786.13,67.46,32.70||13.05,4.13,9.05||1.37,3.74,14.11,7.25,9.64,1.73||
2.84,17.82,11.82,4.44,5.97,4.91,2.87||0.00,0.00,0.00,0.03,0.04,0.04||3.08,7.76,0.83,22.04,17.82,10.54||4.56,0.80,0.67,0.18,0.40||13.84,4.02,2.74,8.65,2.57||0.00,0.00,0.50,0.59,0.00||59.57,254.98,1560.33,62.49,20.96||17.38,5.27,11.40||2.08,5.51,22.85,10.29,13.06,2.63||
2.84,17.82,11.82,4.44,5.97,4.91,2.87||0.00,0.00,0.00,0.03,0.04,0.04||3.08,7.76,0.83,22.04,17.82,10.54||4.59,0.80,0.68,0.18,0.40||13.96,4.03,2.79,8.70,2.58||0.00,0.00,0.50,0.59,0.00||101.61,2184.74,19389.29,77.69,74.16||15.87,4.87,10.60||49.88,107.32,917.26,149.98,134.28,65.19||
2.84,17.82,11.82,4.44,5.97,4.91,2.87||0.00,0.00,0.00,0.03,0.04,0.04||3.08,7.76,0.83,22.04,17.82,10.54||4.62,0.81,0.68,0.19,0.40||13.76,4.01,2.71,8.62,2.57||0.00,0.00,0.50,0.59,0.00||117.94,3978.88,39172.93,82.56,105.52||18.54,5.56,12.01||1.94,5.17,21.09,9.71,12.42,2.45||
2.84,17.82,11.82,4.44,5.97,4.91,2.87||0.00,0.00,0.00,0.03,0.04,0.04||3.08,7.76,0.83,22.04,17.82,10.54||4.63,0.81,0.68,0.19,0.40||13.61,3.99,2.65,8.56,2.56||0.00,0.00,0.50,0.59,0.00||88.13,1232.57,9907.20,73.31,52.96||20.36,6.03,12.95||1.22,3.35,12.29,6.56,8.84,1.53||
2.84,17.82,11.82,4.44,5.97,4.91,2.87||0.00,0.00,0.00,0.03,0.04,0.04||3.08,7.76,0.83,22.04,17.82,10.54||4.63,0.81,0.69,0.19,0.40||13.69,4.00,2.68,8.59,2.56||0.00,0.00,0.50,0.59,0.00||96.56,1779.86,15245.58,76.09,65.74||15.92,4.89,10.62||6.71,16.45,89.03,27.61,30.82,8.57||
2.84,17.82,11.82,4.44,5.97,4.91,2.87||0.00,0.00,0.00,0.03,0.04,0.04||3.08,7.76,0.83,22.04,17.82,10.54||4.63,0.81,0.69,0.19,0.40||13.93,4.03,2.78,8.68,2.58||0.00,0.00,0.50,0.59,0.00||76.28,689.46,5011.62,69.12,37.63||19.93,5.92,12.73||11.35,26.90,164.16,43.04,45.34,14.60||
2.84,17.82,11.82,4.44,5.97,4.91,2.87||0.00,0.00,0.00,0.03,0.04,0.04||3.08,7.76,0.83,22.04,17.82,10.54||4.63,0.81,0.69,0.19,0.40||14.08,4.05,2.84,8.75,2.59||0.00,0.00,0.50,0.59,0.00||110.14,3021.14,28359.45,80.29,89.74||15.01,4.65,10.13||1.41,3.84,14.58,7.43,9.84,1.78||
2.84,17.82,11.82,4.44,5.97,4.91,2.87||0.00,0.00,0.00,0.03,0.04,0.04||3.08,7.76,0.83,22.04,17.82,10.54||4.63,0.81,0.69,0.19,0.40||13.78,4.01,2.72,8.63,2.57||0.00,0.00,0.50,0.59,0.00||68.75,453.87,3068.86,66.25,29.43||13.63,4.28,9.38||5.51,13.68,70.81,23.39,26.67,7.03||
2.84,17.82,11.82,4.44,5.97,4.91,2.87||0.00,0.00,0.00,0.03,0.04,0.04||3.08,7.76,0.83,22.04,17.82,10.54||4.63,0.81,0.69,0.19,0.40||13.50,3.98,2.60,8.52,2.55||0.00,0.00,0.50,0.59,0.00||61.68,293.26,1838.55,63.38,22.76||14.88,4.62,10.06||10.39,24.76,148.06,39.94,42.48,13.34||
2.84,17.82,11.82,4.44,5.97,4.91,2.87||0.00,0.00,0.00,0.03,0.04,0.04||3.08,7.76,0.83,22.04,17.82,10.54||4.61,0.81,0.68,0.19,0.40||13.78,4.01,2.71,8.63,2.57||0.00,0.00,0.50,0.59,0.00||93.81,1584.36,13300.41,75.20,61.39||18.24,5.49,11.85||0.88,2.46,8.38,4.97,6.93,1.10||
2.85,17.90,11.86,4.45,5.99,4.92,2.88||0.00,0.00,0.00,0.03,0.04,0.04||3.23,7.83,0.89,22.49,18.02,10.89||4.63,0.81,0.68,0.19,0.40||14.39,4.09,2.98,8.86,2.61||0.00,0.01,0.50,0.60,0.00||120.89,4394.22,44011.95,83.40,111.86||13.72,4.31,9.42||36.22,79.58,632.40,114.52,106.19,47.18||
2.84,17.84,11.83,4.44,5.97,4.91,2.88||0.00,0.00,0.00,0.03,0.04,0.04||3.14,7.79,0.85,22.22,17.90,10.68||4.63,0.81,0.69,0.19,0.40||14.40,4.09,2.98,8.87,2.61||0.00,0.01,0.50,0.60,0.00||100.73,2109.53,18608.72,77.42,72.65||15.05,4.66,10.15||22.94,51.92,371.89,77.91,75.96,29.73||
2.84,17.82,11.82,4.44,5.97,4.91,2.87||0.00,0.00,0.00,0.04,0.04,0.04||3.21,7.82,0.88,22.44,17.99,10.85||4.70,0.81,0.70,0.19,0.41||14.18,4.06,2.88,8.78,2.60||0.00,0.00,0.50,0.60,0.00||67.11,411.87,2738.46,65.60,27.79||16.17,4.95,10.76||0.89,2.49,8.50,5.02,7.00,1.11||
2.87,18.02,11.93,4.48,6.03,4.94,2.90||0.00,0.00,0.00,0.04,0.04,0.04||3.26,7.85,0.90,22.57,18.05,10.95||4.79,0.82,0.72,0.19,0.41||14.47,4.10,3.01,8.89,2.62||0.00,0.00,0.50,0.60,0.00||57.27,217.57,1295.29,61.49,19.10||20.84,6.14,13.19||0.60,1.72,5.38,3.60,5.24,0.75||
2.87,18.06,11.95,4.49,6.04,4.95,2.90||0.00,0.00,0.00,0.04,0.04,0.04||3.27,7.85,0.90,22.60,18.06,10.97||4.88,0.83,0.74,0.20,0.41||14.31,4.08,2.94,8.83,2.61||0.00,0.00,0.50,0.60,0.00||105.61,2551.68,23262.70,78.92,81.25||18.87,5.65,12.18||1.69,4.55,17.99,8.65,11.23,2.13||
2.87,18.07,11.95,4.49,6.04,4.95,2.90||0.00,0.00,0.00,0.04,0.04,0.04||3.27,7.85,0.91,22.61,18.07,10.98||5.04,0.85,0.78,0.20,0.42||14.16,4.06,2.88,8.77,2.60||0.00,0.00,0.50,0.60,0.00||119.80,4237.48,42176.12,83.09,109.50||17.06,5.18,11.23||3.09,7.97,36.16,14.36,17.45,3.92||
2.87,18.07,11.95,4.49,6.04,4.95,2.90||0.00,0.00,0.00,0.04,0.04,0.04||3.27,7.85,0.91,22.61,18.07,10.98||5.16,0.86,0.81,0.21,0.43||14.47,4.10,3.01,8.89,2.62||0.00,0.01,0.50,0.60,0.00||125.57,5119.30,52647.74,84.70,122.38||18.05,5.44,11.75||1.39,3.77,14.26,7.31,9.70,1.74||
2.88,18.11,11.97,4.50,6.05,4.96,2.91||0.00,0.00,0.00,0.04,0.04,0.04||3.37,7.90,0.94,22.88,18.19,11.19||5.27,0.87,0.84,0.21,0.43||14.42,4.09,2.99,8.87,2.62||0.00,0.01,0.50,0.60,0.00||157.28,12665.10,152358.22,92.84,208.49||14.95,4.63,10.10||3.88,9.86,47.11,17.40,20.62,4.93||
2.89,18.24,12.04,4.53,6.09,4.99,2.92||0.00,0.00,0.00,0.04,0.04,0.04||3.45,7.94,0.98,23.12,18.29,11.38||5.37,0.88,0.86,0.21,0.44||14.52,4.10,3.03,8.91,2.62||0.00,0.01,0.50,0.60,0.00||78.11,758.20,5602.72,69.79,39.80||21.04,6.20,13.30||1.37,3.72,14.03,7.23,9.60,1.72||
2.90,18.31,12.08,4.55,6.11,5.00,2.93||0.00,0.00,0.00,0.04,0.04,0.04||3.47,7.95,0.99,23.17,18.31,11.42||5.47,0.89,0.89,0.22,0.44||14.43,4.09,2.99,8.88,2.62||0.00,0.01,0.50,0.60,0.00||75.16,649.48,4672.49,68.70,36.33||15.97,4.90,10.65||4.86,12.17,61.23,21.04,24.33,6.19||
2.90,18.32,12.08,4.55,6.12,5.00,2.93||0.00,0.00,0.00,0.04,0.04,0.04||3.47,7.95,0.99,23.18,18.32,11.43||5.58,0.90,0.92,0.22,0.44||14.52,4.10,3.04,8.91,2.62||0.00,0.01,0.50,0.60,0.00||115.64,3676.05,35699.05,81.90,100.72||18.66,5.59,12.07||1.82,4.85,19.50,9.17,11.82,2.29||
2.90,18.32,12.08,4.55,6.12,5.00,2.93||0.00,0.00,0.00,0.04,0.04,0.04||3.47,7.95,0.99,23.18,18.32,11.43||5.69,0.91,0.94,0.22,0.45||14.43,4.09,2.99,8.88,2.62||0.00,0.01,0.50,0.60,0.00||84.70,1050.47,8213.09,72.13,48.21||15.38,4.75,10.33||24.80,55.86,407.22,83.21,80.44,32.17||
2.90,18.36,12.11,4.56,6.13,5.01,2.94||0.00,0.00,0.00,0.04,0.04,0.04||3.50,7.97,1.00,23.28,18.36,11.51||5.78,0.91,0.97,0.23,0.45||14.52,4.10,3.04,8.91,2.62||0.00,0.01,0.50,0.60,0.00||68.42,445.08,2999.22,66.12,29.09||17.33,5.25,11.38||148.95,298.40,3271.60,377.35,299.57,197.03||
2.91,18.41,12.13,4.57,6.15,5.02,2.94||0.00,0.00,0.00,0.04,0.04,0.04||3.61,8.02,1.05,23.58,18.49,11.75||5.81,0.92,0.98,0.23,0.45||14.66,4.12,3.10,8.96,2.63||0.00,0.01,0.50,0.60,0.00||65.66,377.15,2469.67,65.02,26.39||19.46,5.80,12.49||4.55,11.44,56.69,19.90,23.18,5.79||
2.92,18.51,12.18,4.59,6.17,5.04,2.95||0.00,0.00,0.00,0.04,0.04,0.04||3.67,8.05,1.07,23.74,18.55,11.87||5.91,0.93,1.00,0.23,0.46||14.69,4.12,3.11,8.97,2.64||0.00,0.01,0.50,0.60,0.00||68.54,448.29,3024.61,66.17,29.21||17.00,5.17,11.20||0.99,2.74,9.58,5.48,7.55,1.23||
2.93,18.57,12.21,4.60,6.19,5.05,2.96||0.00,0.00,0.00,0.04,0.04,0.04||3.68,8.05,1.08,23.77,18.57,11.90||6.02,0.93,1.03,0.24,0.46||14.46,4.09,3.01,8.89,2.62||0.00,0.01,0.50,0.60,0.00||82.22,932.31,7140.25,71.27,44.94||14.46,4.50,9.83||1.99,5.29,21.71,9.92,12.65,2.51||
2.93,18.58,12.22,4.61,6.19,5.05,2.96||0.00,0.00,0.00,0.04,0.04,0.04||3.68,8.05,1.08,23.77,18.57,11.90||6.04,0.94,1.04,0.24,0.46||14.65,4.12,3.09,8.96,2.63||0.00,0.01,0.50,0.60,0.00||124.46,4939.72,50487.95,84.39,119.83||15.40,4.75,10.35||0.72,2.05,6.70,4.23,6.03,0.90||
2.93,18.58,12.22,4.61,6.19,5.05,2.96||0.00,0.00,0.00,0.04,0.04,0.04||3.68,8.05,1.08,23.77,18.57,11.90||6.14,0.94,1.06,0.24,0.47||14.68,4.12,3.11,8.97,2.63||0.00,0.01,0.50,0.60,0.00||109.10,2908.50,27123.14,79.98,87.76||16.01,4.91,10.67||39.01,85.29,689.36,121.91,112.13,50.85||
2.93,18.58,12.22,4.61,6.19,5.05,2.96||0.00,0.00,0.00,0.04,0.04,0.04||3.68,8.05,1.08,23.78,18.57,11.90||6.16,0.95,1.07,0.24,0.47||14.80,4.13,3.16,9.02,2.64||0.00,0.01,0.50,0.60,0.00||101.35,2162.16,19154.43,77.61,73.71||16.33,5.00,10.85||6.83,16.73,90.94,28.04,31.23,8.73||
2.93,18.58,12.22,4.61,6.19,5.05,2.96||0.00,0.00,0.00,0.04,0.04,0.04||3.75,8.09,1.11,23.97,18.65,12.06||6.26,0.95,1.09,0.24,0.47||14.60,4.11,3.07,8.94,2.63||0.00,0.01,0.50,0.60,0.00||92.05,1467.90,12161.00,74.62,58.70||21.52,6.32,13.54||8.33,20.15,114.61,33.16,36.14,10.68||
2.94,18.71,12.28,4.64,6.23,5.08,2.98||0.00,0.00,0.00,0.04,0.04,0.04||3.84,8.12,1.15,24.20,18.75,12.25||6.28,0.96,1.10,0.24,0.47||14.67,4.12,3.10,8.97,2.63||0.00,0.01,0.50,0.60,0.00||46.62,95.10,490.62,56.54,11.74||14.83,4.60,10.03||20.02,45.72,317.47,69.46,68.74,25.91||
2.96,18.82,12.34,4.66,6.26,5.10,2.99||0.00,0.00,0.00,0.04,0.04,0.04||3.86,8.13,1.16,24.25,18.77,12.28||6.38,0.97,1.13,0.25,0.48||14.69,4.12,3.11,8.98,2.64||0.00,0.01,0.50,0.60,0.00||60.97,279.90,1740.67,63.08,22.15||15.85,4.87,10.59||38.05,83.33,669.67,119.37,110.10,49.59||
2.96,18.84,12.35,4.66,6.27,5.10,2.99||0.00,0.00,0.00,0.04,0.04,0.04||3.90,8.15,1.18,24.35,18.82,12.37||6.40,0.97,1.13,0.25,0.48||14.69,4.12,3.11,8.98,2.64||0.00,0.01,0.50,0.60,0.00||104.13,2410.50,21760.19,78.47,78.58||21.49,6.31,13.53||4.77,11.95,59.87,20.71,23.99,6.07||
2.96,18.84,12.35,4.67,6.27,5.10,2.99||0.00,0.00,0.00,0.04,0.04,0.04||3.91,8.15,1.18,24.37,18.83,12.39||6.48,0.97,1.16,0.25,0.48||14.69,4.12,3.11,8.98,2.64||0.00,0.01,0.50,0.60,0.00||87.15,1178.00,9394.65,72.98,51.57||18.45,5.54,11.96||1.45,3.94,15.07,7.61,10.04,1.83||
2.96,18.84,12.35,4.67,6.27,5.10,2.99||0.00,0.00,0.00,0.04,0.04,0.04||3.91,8.15,1.18,24.38,18.83,12.39||6.52,0.98,1.17,0.25,0.48||14.58,4.11,3.06,8.93,2.63||0.00,0.01,0.50,0.60,0.00||115.62,3673.57,35670.86,81.89,100.68||18.28,5.50,11.87||3.34,8.57,39.56,15.33,18.47,4.23||
2.96,18.84,12.35,4.67,6.27,5.10,2.99||0.00,0.00,0.00,0.04,0.04,0.04||3.91,8.15,1.18,24.38,18.83,12.39||6.54,0.98,1.17,0.25,0.48||14.78,4.13,3.15,9.01,2.64||0.00,0.01,0.50,0.60,0.00||133.04,6460.34,69169.32,86.72,140.33||18.16,5.47,11.81||2.71,7.04,31.01,12.85,15.84,3.43||
2.96,18.84,12.35,4.67,6.27,5.10,2.99||0.00,0.00,0.00,0.04,0.04,0.04||3.91,8.15,1.18,24.38,18.83,12.39||6.63,0.99,1.20,0.26,0.49||14.48,4.10,3.02,8.90,2.62||0.00,0.01,0.50,0.60,0.00||99.10,1975.66,17231.10,76.90,69.90||14.57,4.53,9.89||3.38,8.68,40.19,15.51,18.66,4.29||
2.96,18.84,12.35,4.67,6.27,5.10,2.99||0.00,0.00,0.00,0.04,0.04,0.04||3.91,8.15,1.18,24.38,18.83,12.39||6.65,0.99,1.20,0.26,0.49||14.53,4.10,3.04,8.92,2.62||0.00,0.01,0.50,0.60,0.00||49.95,125.52,679.42,58.16,13.82||14.00,4.38,9.58||5.73,14.21,74.22,24.20,27.47,7.32||
2.98,19.06,12.46,4.71,6.34,5.15,3.02||0.00,0.00,0.00,0.04,0.04,0.04||3.95,8.17,1.20,24.48,18.87,12.47||6.65,0.99,1.20,0.26,0.49||14.78,4.13,3.15,9.01,2.64||0.00,0.01,0.50,0.60,0.00||81.76,911.18,6950.74,71.10,44.34||18.77,5.62,12.13||0.97,2.69,9.36,5.38,7.44,1.21||
2.98,19.01,12.44,4.70,6.32,5.14,3.01||0.00,0.00,0.00,0.04,0.04,0.04||4.07,8.22,1.25,24.79,19.00,12.73||6.75,1.00,1.23,0.26,0.49||14.59,4.11,3.07,8.94,2.63||0.00,0.01,0.50,0.60,0.00||43.87,74.51,368.52,55.16,10.17||15.91,4.89,10.62||1.33,3.63,13.60,7.07,9.42,1.67||
2.99,19.09,12.48,4.72,6.35,5.15,3.02||0.00,0.00,0.00,0.04,0.04,0.04||4.13,8.25,1.28,24.96,19.07,12.87||6.77,1.00,1.24,0.26,0.49||14.67,4.12,3.10,8.97,2.63||0.00,0.01,0.50,0.60,0.00||58.03,229.53,1379.21,61.83,19.71||13.26,4.18,9.17||2.35,6.17,26.32,11.41,14.28,2.97||
2.99,19.11,12.49,4.72,6.35,5.16,3.02||0.00,0.00,0.00,0.04,0.04,0.04||4.14,8.26,1.29,24.99,19.08,12.90||6.78,1.00,1.24,0.26,0.49||14.69,4.12,3.11,8.97,2.64||0.00,0.01,0.50,0.60,0.00||88.27,1240.38,9980.87,73.36,53.16||15.21,4.70,10.24||0.53,1.54,4.69,3.26,4.81,0.66||
2.99,19.11,12.49,4.72,6.35,5.16,3.02||0.00,0.00,0.00,0.04,0.04,0.04||4.15,8.26,1.29,25.00,19.09,12.90||6.82,1.00,1.25,0.26,0.50||14.92,4.15,3.21,9.06,2.65||0.00,0.01,0.50,0.60,0.00||102.90,2298.75,20581.52,78.09,76.41||12.08,3.86,8.51||1.21,3.32,12.18,6.52,8.78,1.52||
2.99,19.11,12.49,4.73,6.35,5.16,3.02||0.00,0.00,0.00,0.04,0.04,0.04||4.15,8.26,1.29,25.00,19.09,12.90||6.89,1.01,1.27,0.27,0.50||14.97,4.15,3.24,9.08,2.66||0.00,0.01,0.50,0.60,0.00||77.95,752.30,5551.62,69.73,39.61||14.84,4.60,10.04||0.47,1.38,4.07,2.94,4.40,0.59||
2.99,19.11,12.49,4.73,6.35,5.16,3.02||0.00,0.00,0.00,0.04,0.04,0.04||4.15,8.26,1.29,25.00,19.09,12.90||6.90,1.01,1.27,0.27,0.50||14.63,4.11,3.08,8.95,2.63||0.00,0.01,0.50,0.60,0.00||109.32,2931.46,27374.51,80.04,88.16||19.14,5.72,12.32||0.84,2.35,7.92,4.77,6.69,1.04||
2.99,19.11,12.49,4.73,6.35,5.16,3.02||0.00,0.00,0.00,0.04,0.04,0.04||4.15,8.26,1.29,25.00,19.09,12.90||6.90,1.01,1.28,0.27,0.50||14.68,4.12,3.10,8.97,2.63||0.00,0.01,0.50,0.60,0.00||142.75,8575.86,96433.40,89.24,165.77||18.17,5.47,11.81||0.59,1.70,5.28,3.56,5.18,0.73||
3.00,19.20,12.53,4.74,6.38,5.17,3.03||0.00,0.00,0.00,0.04,0.04,0.05||4.15,8.26,1.29,25.00,19.09,12.90||6.93,1.01,1.28,0.27,0.50||14.80,4.13,3.16,9.02,2.64||0.00,0.01,0.50,0.60,0.00||123.61,4805.95,48887.73,84.16,117.91||16.79,5.11,11.09||6.47,15.91,85.41,26.79,30.02,8.27||
3.00,19.21,12.54,4.75,6.38,5.18,3.04||0.00,0.00,0.00,0.04,0.04,0.04||4.19,8.27,1.31,25.10,19.13,12.99||7.01,1.02,1.31,0.27,0.50||14.71,4.12,3.12,8.98,2.64||0.00,0.01,0.51,0.60,0.00||98.37,1917.54,16637.98,76.67,68.68||10.13,3.33,7.38||8.00,19.41,109.38,32.06,35.09,10.25||
3.01,19.26,12.57,4.76,6.40,5.18,3.04||0.00,0.00,0.00,0.04,0.04,0.04||4.27,8.31,1.35,25.32,19.22,13.17||7.03,1.02,1.31,0.27,0.50||14.70,4.12,3.11,8.98,2.64||0.00,0.01,0.51,0.60,0.00||91.55,1436.29,11854.33,74.46,57.95||15.97,4.90,10.65||2.68,6.98,30.68,12.74,15.73,3.39||
3.02,19.36,12.62,4.78,6.42,5.20,3.05||0.00,0.00,0.00,0.04,0.04,0.04||4.33,8.33,1.37,25.47,19.28,13.29||7.04,1.02,1.31,0.27,0.50||14.69,4.12,3.11,8.98,2.64||0.00,0.01,0.51,0.60,0.00||83.99,1015.40,7892.40,71.89,47.26||19.87,5.90,12.70||8.47,20.46,116.80,33.62,36.58,10.86||
3.02,19.38,12.63,4.78,6.43,5.21,3.05||0.00,0.00,0.00,0.04,0.04,0.05||4.39,8.35,1.40,25.60,19.34,13.40||7.04,1.02,1.31,0.27,0.50||14.81,4.14,3.16,9.02,2.64||0.00,0.01,0.51,0.60,0.00||68.14,437.80,2941.76,66.01,28.81||17.03,5.18,11.22||4.46,11.23,55.38,19.57,22.84,5.67||
3.02,19.38,12.63,4.79,6.43,5.21,3.05||0.00,0.00,0.00,0.04,0.04,0.05||4.40,8.36,1.40,25.63,19.35,13.43||7.10,1.02,1.33,0.27,0.51||14.83,4.14,3.17,9.03,2.65||0.00,0.01,0.51,0.60,0.00||87.74,1210.34,9697.89,73.18,52.40||20.99,6.18,13.27||1.66,4.47,17.60,8.52,11.08,2.09||
3.02,19.38,12.63,4.79,6.43,5.21,3.06||0.00,0.00,0.00,0.04,0.04,0.05||4.40,8.36,1.41,25.63,19.35,13.43||7.16,1.03,1.35,0.28,0.51||14.84,4.14,3.17,9.03,2.65||0.00,0.01,0.51,0.60,0.00||68.22,440.02,2959.25,66.04,28.90||19.71,5.86,12.61||1.41,3.84,14.58,7.43,9.84,1.78||
3.02,19.38,12.63,4.79,6.43,5.21,3.06||0.00,0.00,0.00,0.04,0.04,0.05||4.40,8.36,1.41,25.63,19.35,13.43||7.17,1.03,1.35,0.28,0.51||14.95,4.15,3.23,9.07,2.65||0.00,0.01,0.51,0.60,0.00||105.67,2557.64,23326.43,78.94,81.37||18.12,5.46,11.79||3.03,7.83,35.39,14.14,17.22,3.84||
3.02,19.38,12.63,4.79,6.43,5.21,3.06||0.00,0.00,0.00,0.04,0.04,0.05||4.40,8.36,1.41,25.63,19.35,13.43||7.17,1.03,1.35,0.28,0.51||15.09,4.17,3.29,9.13,2.66||0.00,0.01,0.51,0.60,0.00||98.03,1890.94,16367.64,76.56,68.12||17.84,5.38,11.64||1.05,2.92,10.36,5.80,7.93,1.32||
3.02,19.38,12.63,4.79,6.43,5.21,3.06||0.00,0.00,0.00,0.04,0.04,0.05||4.40,8.36,1.41,25.63,19.35,13.43||7.17,1.03,1.35,0.28,0.51||15.00,4.16,3.25,9.09,2.66||0.00,0.01,0.51,0.60,0.00||77.98,753.42,5561.33,69.74,39.65||15.32,4.73,10.30||2.79,7.24,32.10,13.17,16.19,3.53||
3.02,19.38,12.63,4.79,6.43,5.21,3.06||0.00,0.00,0.00,0.04,0.04,0.05||4.40,8.36,1.41,25.63,19.35,13.43||7.17,1.03,1.35,0.28,0.51||14.99,4.16,3.24,9.09,2.66||0.00,0.01,0.51,0.60,0.00||78.03,755.29,5577.53,69.76,39.71||19.64,5.84,12.58||0.90,2.51,8.58,5.06,7.04,1.12||
3.02,19.38,12.63,4.79,6.43,5.21,3.06||0.00,0.00,0.00,0.04,0.04,0.05||4.40,8.36,1.41,25.63,19.35,13.43||7.26,1.04,1.38,0.28,0.51||14.87,4.14,3.19,9.04,2.65||0.00,0.01,0.51,0.60,0.00||71.83,541.29,3773.25,67.44,32.64||15.76,4.84,10.54||48.03,103.60,877.95,145.29,130.62,62.75||
3.02,19.38,12.63,4.79,6.43,5.21,3.06||0.00,0.00,0.00,0.04,0.04,0.05||4.40,8.36,1.41,25.63,19.35,13.43||7.30,1.04,1.39,0.28,0.51||14.73,4.13,3.13,8.99,2.64||0.00,0.01,0.51,0.60,0.00||87.63,1204.41,9642.22,73.14,52.25||13.55,4.26,9.33||16.57,38.32,254.89,59.23,59.85,21.40||
3.02,19.38,12.63,4.79,6.43,5.21,3.06||0.00,0.00,0.00,0.04,0.04,0.05||4.40,8.36,1.41,25.63,19.35,13.43||7.31,1.04,1.39,0.28,0.51||14.81,4.14,3.17,9.02,2.64||0.00,0.01,0.51,0.60,0.00||62.26,304.60,1922.20,63.62,23.28||16.48,5.03,10.92||7.29,17.79,98.19,29.64,32.78,9.34||
3.02,19.42,12.65,4.80,6.44,5.22,3.06||0.00,0.00,0.00,0.04,0.04,0.05||4.44,8.38,1.43,25.74,19.39,13.52||7.31,1.04,1.39,0.28,0.51||14.72,4.12,3.12,8.99,2.64||0.00,0.01,0.51,0.60,0.00||51.33,140.05,772.55,58.81,14.74||14.14,4.42,9.66||1.02,2.82,9.94,5.62,7.72,1.27||
3.02,19.43,12.65,4.80,6.45,5.22,3.06||0.00,0.00,0.00,0.04,0.04,0.05||4.45,8.38,1.43,25.76,19.40,13.53||7.31,1.04,1.39,0.28,0.51||14.81,4.14,3.16,9.02,2.64||0.00,0.01,0.51,0.60,0.00||82.43,941.69,7224.60,71.34,45.21||22.71,6.61,14.14||1.94,5.16,21.07,9.70,12.41,2.45||
3.03,19.48,12.68,4.81,6.46,5.23,3.07||0.00,0.00,0.00,0.04,0.04,0.05||4.45,8.38,1.43,25.76,19.40,13.54||7.31,1.04,1.39,0.28,0.51||14.83,4.14,3.17,9.03,2.65||0.00,0.01,0.51,0.60,0.00||115.53,3661.12,35529.05,81.87,100.48||12.31,3.93,8.64||1.51,4.08,15.75,7.86,10.33,1.90||
3.02,19.40,12.64,4.79,6.44,5.21,3.06||0.00,0.00,0.00,0.04,0.04,0.05||4.45,8.38,1.43,25.76,19.40,13.54||7.20,1.03,1.36,0.28,0.51||14.95,4.15,3.23,9.07,2.65||0.00,0.01,0.51,0.60,0.00||84.29,1030.03,8025.96,71.99,47.66||16.33,4.99,10.84||6.66,16.35,88.41,27.47,30.68,8.52||
3.02,19.38,12.63,4.79,6.43,5.21,3.06||0.00,0.00,0.00,0.04,0.04,0.05||4.41,8.36,1.41,25.66,19.36,13.45||7.05,1.02,1.32,0.27,0.50||14.86,4.14,3.18,9.04,2.65||0.00,0.01,0.51,0.60,0.00||105.52,2542.73,23167.00,78.90,81.09||18.26,5.49,11.87||2.28,6.00,25.42,11.12,13.97,2.88||
3.02,19.38,12.63,4.79,6.43,5.21,3.06||0.00,0.00,0.00,0.04,0.04,0.04||4.40,8.36,1.41,25.64,19.35,13.44||6.83,1.00,1.25,0.26,0.50||14.96,4.15,3.23,9.08,2.65||0.00,0.01,0.51,0.60,0.00||132.61,6375.47,68104.47,86.60,139.24||22.10,6.46,13.84||3.75,9.54,45.26,16.90,20.11,4.76||
3.02,19.38,12.63,4.79,6.43,5.21,3.06||0.00,0.00,0.00,0.04,0.04,0.04||4.40,8.36,1.41,25.64,19.35,13.43||6.68,0.99,1.21,0.26,0.49||14.86,4.14,3.19,9.04,2.65||0.00,0.01,0.51,0.60,0.00||59.54,254.39,1556.08,62.47,20.94||20.39,6.03,12.97||5.63,13.98,72.71,23.84,27.12,7.19||
3.01,19.34,12.61,4.78,6.42,5.20,3.05||0.00,0.00,0.00,0.04,0.04,0.04||4.32,8.33,1.37,25.43,19.27,13.26||6.56,0.98,1.18,0.25,0.49||14.49,4.10,3.02,8.90,2.62||0.00,0.01,0.51,0.60,0.00||64.90,359.94,2337.97,64.71,25.68||13.67,4.29,9.40||2.39,6.26,26.79,11.55,14.44,3.02||
3.00,19.24,12.56,4.75,6.39,5.18,3.04||0.00,0.00,0.00,0.04,0.04,0.04||4.22,8.29,1.32,25.19,19.16,13.06||6.43,0.97,1.14,0.25,0.48||14.65,4.12,3.09,8.96,2.63||0.00,0.01,0.51,0.60,0.00||96.70,1789.75,15344.98,76.14,65.95||14.87,4.61,10.05||0.92,2.57,8.84,5.17,7.17,1.15||
2.99,19.14,12.50,4.73,6.36,5.16,3.03||0.00,0.00,0.00,0.04,0.04,0.04||4.16,8.26,1.29,25.04,19.10,12.93||6.33,0.96,1.11,0.25,0.48||14.68,4.12,3.11,8.97,2.64||0.00,0.01,0.51,0.60,0.00||71.12,520.15,3600.99,67.17,31.88||15.37,4.74,10.33||2.72,7.09,31.26,12.92,15.92,3.45||
2.99,19.12,12.49,4.73,6.35,5.16,3.02||0.00,0.00,0.00,0.04,0.04,0.04||4.15,8.26,1.29,25.01,19.09,12.91||6.27,0.96,1.10,0.24,0.47||14.81,4.13,3.16,9.02,2.64||0.00,0.01,0.51,0.60,0.00||84.89,1060.23,8302.68,72.20,48.47||12.73,4.04,8.87||2.09,5.52,22.91,10.31,13.09,2.63||
2.99,19.11,12.49,4.73,6.35,5.16,3.02||0.00,0.00,0.00,0.04,0.04,0.04||4.15,8.26,1.29,25.00,19.09,12.90||6.19,0.95,1.07,0.24,0.47||14.48,4.10,3.02,8.90,2.62||0.00,0.01,0.50,0.60,0.00||82.52,945.85,7262.05,71.37,45.32||12.80,4.06,8.91||2.49,6.51,28.14,11.97,14.90,3.15||
2.99,19.11,12.49,4.73,6.35,5.16,3.02||0.00,0.00,0.00,0.04,0.04,0.04||4.15,8.26,1.29,25.00,19.09,12.90||6.08,0.94,1.05,0.24,0.47||14.65,4.12,3.09,8.96,2.63||0.00,0.01,0.51,0.60,0.00||42.32,64.45,310.86,54.36,9.34||13.61,4.28,9.37||62.80,133.11,1198.95,182.15,159.00,82.29||
2.99,19.11,12.49,4.73,6.35,5.16,3.02||0.00,0.00,0.00,0.04,0.04,0.04||4.15,8.26,1.29,25.00,19.09,12.90||6.05,0.94,1.04,0.24,0.46||14.68,4.12,3.11,8.97,2.63||0.00,0.01,0.50,0.60,0.00||92.95,1526.44,12731.85,74.92,60.06||14.17,4.43,9.67||6.43,15.82,84.82,26.66,29.89,8.22||
2.99,19.11,12.49,4.73,6.35,5.16,3.02||0.00,0.00,0.00,0.04,0.04,0.04||4.15,8.26,1.29,25.00,19.09,12.90||5.96,0.93,1.01,0.23,0.46||14.69,4.12,3.11,8.98,2.64||0.00,0.01,0.50,0.60,0.00||120.46,4332.13,43283.35,83.27,110.93||22.73,6.62,14.15||2.34,6.16,26.24,11.38,14.26,2.96||
2.99,19.11,12.49,4.73,6.35,5.16,3.02||0.00,0.00,0.00,0.04,0.04,0.04||4.11,8.24,1.27,24.90,19.05,12.82||5.89,0.92,0.99,0.23,0.46||14.81,4.13,3.16,9.02,2.64||0.00,0.01,0.50,0.60,0.00||108.52,2846.64,26447.71,79.80,86.65||23.38,6.78,14.48||1.50,4.07,15.66,7.82,10.29,1.89||
2.98,19.07,12.47,4.72,6.34,5.15,3.02||0.00,0.00,0.00,0.04,0.04,0.04||3.95,8.17,1.20,24.48,18.87,12.48||5.84,0.92,0.98,0.23,0.46||14.60,4.11,3.07,8.94,2.63||0.00,0.01,0.50,0.60,0.00||74.54,628.43,4495.29,68.47,35.64||17.72,5.35,11.58||0.46,1.35,3.96,2.89,4.32,0.57||
2.97,18.97,12.42,4.69,6.31,5.13,3.01||0.00,0.00,0.00,0.04,0.04,0.04||3.92,8.16,1.18,24.40,18.84,12.41||5.83,0.92,0.98,0.23,0.46||14.67,4.12,3.10,8.97,2.63||0.00,0.01,0.50,0.60,0.00||97.10,1820.05,15650.19,76.27,66.61||13.23,4.18,9.16||0.34,1.02,2.80,2.25,3.48,0.42||
2.96,18.87,12.37,4.67,6.28,5.11,3.00||0.00,0.00,0.00,0.04,0.04,0.04||3.95,8.17,1.20,24.48,18.87,12.48||5.75,0.91,0.96,0.23,0.45||14.57,4.11,3.06,8.93,2.63||0.00,0.01,0.50,0.60,0.00||82.26,934.15,7156.75,71.28,44.99||19.66,5.85,12.59||0.83,2.33,7.85,4.74,6.66,1.04||
2.96,18.85,12.36,4.67,6.27,5.11,2.99||0.00,0.00,0.00,0.04,0.04,0.04||3.92,8.16,1.18,24.40,18.84,12.41||5.72,0.91,0.95,0.23,0.45||14.55,4.11,3.05,8.92,2.63||0.00,0.01,0.50,0.60,0.00||99.64,2019.34,17678.88,77.07,70.81||18.59,5.58,12.04||0.50,1.45,4.36,3.09,4.59,0.62||
2.96,18.85,12.35,4.67,6.27,5.10,2.99||0.00,0.00,0.00,0.04,0.04,0.04||3.91,8.16,1.18,24.38,18.83,12.40||5.66,0.90,0.94,0.22,0.45||14.55,4.10,3.05,8.92,2.63||0.00,0.01,0.50,0.60,0.00||83.00,968.02,7462.09,71.54,45.95||17.06,5.18,11.23||6.33,15.59,83.27,26.30,29.54,8.09||
2.96,18.84,12.35,4.67,6.27,5.10,2.99||0.00,0.00,0.00,0.04,0.04,0.04||3.91,8.15,1.18,24.38,18.83,12.39||5.62,0.90,0.93,0.22,0.45||14.78,4.13,3.15,9.01,2.64||0.00,0.01,0.50,0.60,0.00||104.71,2465.01,22338.50,78.65,79.62||15.29,4.72,10.28||2.57,6.72,29.26,12.32,15.27,3.26||
2.96,18.84,12.35,4.67,6.27,5.10,2.99||0.00,0.00,0.00,0.04,0.04,0.04||3.91,8.15,1.18,24.38,18.83,12.39||5.61,0.90,0.92,0.22,0.45||14.71,4.12,3.12,8.98,2.64||0.00,0.01,0.50,0.60,0.00||91.13,1409.79,11598.21,74.32,57.32||13.21,4.17,9.14||2.55,6.66,28.91,12.21,15.15,3.22||
2.96,18.84,12.35,4.67,6.27,5.10,2.99||0.00,0.00,0.00,0.04,0.04,0.04||3.91,8.15,1.18,24.38,18.83,12.39||5.54,0.89,0.91,0.22,0.44||14.58,4.11,3.06,8.93,2.63||0.00,0.01,0.50,0.60,0.00||89.42,1306.37,10606.53,73.74,54.81||12.72,4.04,8.87||4.20,10.62,51.67,18.61,21.86,5.34||
2.96,18.84,12.35,4.67,6.27,5.10,2.99||0.00,0.00,0.00,0.04,0.04,0.04||3.91,8.15,1.18,24.38,18.83,12.39||5.51,0.89,0.90,0.22,0.44||14.67,4.12,3.10,8.97,2.63||0.00,0.01,0.50,0.60,0.00||86.90,1164.62,9269.58,72.89,51.22||16.86,5.13,11.13||3.24,8.34,38.26,14.96,18.08,4.11||
2.96,18.84,12.35,4.67,6.27,5.10,2.99||0.00,0.00,0.00,0.04,0.04,0.04||3.91,8.15,1.18,24.38,18.83,12.39||5.50,0.89,0.90,0.22,0.44||14.34,4.08,2.96,8.84,2.61||0.00,0.01,0.50,0.60,0.00||73.20,583.98,4124.63,67.96,34.13||18.60,5.58,12.04||2.67,6.95,30.48,12.69,15.67,3.37||
2.96,18.84,12.35,4.67,6.27,5.10,2.99||0.00,0.00,0.00,0.04,0.04,0.04||3.91,8.15,1.18,24.38,18.83,12.39||5.47,0.89,0.89,0.22,0.44||14.39,4.09,2.98,8.86,2.61||0.00,0.01,0.50,0.60,0.00||66.23,390.58,2573.13,65.25,26.94||18.15,5.46,11.81||10.45,24.91,149.19,40.16,42.69,13.43||
2.95,18.80,12.33,4.66,6.26,5.10,2.99||0.00,0.00,0.00,0.04,0.04,0.04||3.87,8.14,1.16,24.28,18.79,12.31||5.43,0.88,0.88,0.21,0.44||14.29,4.07,2.93,8.82,2.61||0.00,0.01,0.50,0.60,0.00||101.67,2190.26,19446.80,77.71,74.27||21.43,6.29,13.50||2.75,7.15,31.57,13.01,16.02,3.48||
2.95,18.79,12.33,4.65,6.26,5.09,2.99||0.00,0.00,0.00,0.04,0.04,0.04||3.79,8.10,1.13,24.07,18.70,12.14||5.40,0.88,0.87,0.21,0.44||14.61,4.11,3.07,8.95,2.63||0.00,0.01,0.50,0.60,0.00||80.91,873.71,6616.69,70.80,43.26||21.07,6.20,13.31||3.06,7.90,35.78,14.25,17.34,3.88||
2.94,18.67,12.26,4.63,6.22,5.07,2.97||0.00,0.00,0.00,0.04,0.04,0.04||3.70,8.06,1.09,23.83,18.60,11.95||5.40,0.88,0.87,0.21,0.44||14.56,4.11,3.05,8.93,2.63||0.00,0.01,0.50,0.60,0.00||55.14,186.82,1083.27,60.55,17.46||24.58,7.07,15.07||1.69,4.53,17.91,8.63,11.20,2.13||
2.94,18.64,12.25,4.62,6.21,5.07,2.97||0.00,0.00,0.00,0.04,0.04,0.04||3.69,8.05,1.08,23.79,18.58,11.91||5.40,0.88,0.87,0.21,0.44||14.21,4.07,2.90,8.79,2.60||0.00,0.01,0.50,0.60,0.00||50.16,127.68,693.18,58.26,13.96||18.61,5.58,12.05||1.81,4.83,19.40,9.14,11.78,2.28||
2.93,18.59,12.22,4.61,6.20,5.06,2.96||0.00,0.00,0.00,0.04,0.04,0.04||3.68,8.05,1.08,23.78,18.57,11.91||5.31,0.87,0.85,0.21,0.43||14.48,4.10,3.02,8.90,2.62||0.00,0.01,0.50,0.60,0.00||67.61,424.20,2834.87,65.80,28.28||17.56,5.31,11.50||60.50,128.55,1148.05,176.51,154.70,79.24||
2.93,18.58,12.22,4.61,6.20,5.05,2.96||0.00,0.00,0.00,0.04,0.04,0.04||3.68,8.05,1.08,23.78,18.57,11.90||5.30,0.87,0.85,0.21,0.43||14.42,4.09,2.99,8.87,2.62||0.00,0.01,0.50,0.60,0.00||92.53,1499.47,12468.40,74.78,59.43||16.03,4.91,10.68||7.55,18.37,102.16,30.51,33.61,9.66||
2.93,18.62,12.24,4.62,6.21,5.06,2.97||0.00,0.00,0.00,0.04,0.04,0.04||3.68,8.05,1.08,23.78,18.57,11.90||5.29,0.87,0.84,0.21,0.43||14.64,4.12,3.09,8.96,2.63||0.00,0.01,0.50,0.60,0.00||85.52,1092.03,8595.53,72.42,49.32||15.17,4.69,10.22||2.24,5.91,24.92,10.96,13.80,2.83||
2.93,18.59,12.22,4.61,6.20,5.06,2.96||0.00,0.00,0.00,0.04,0.04,0.04||3.68,8.05,1.08,23.78,18.57,11.90||5.29,0.87,0.84,0.21,0.43||14.57,4.11,3.05,8.93,2.63||0.00,0.01,0.50,0.60,0.00||79.66,820.68,6148.08,70.35,41.69||12.87,4.08,8.95||1.95,5.17,21.13,9.72,12.43,2.45||
2.93,18.58,12.22,4.61,6.20,5.05,2.96||0.00,0.00,0.00,0.04,0.04,0.04||3.68,8.05,1.08,23.78,18.57,11.90||5.29,0.87,0.84,0.21,0.43||14.67,4.12,3.10,8.97,2.63||0.00,0.01,0.50,0.60,0.00||90.19,1352.33,11045.67,74.00,55.93||16.40,5.01,10.88||5.83,14.42,75.60,24.52,27.80,7.44||
2.93,18.58,12.22,4.61,6.19,5.05,2.96||0.00,0.00,0.00,0.04,0.04,0.04||3.68,8.05,1.08,23.78,18.57,11.90||5.26,0.87,0.84,0.21,0.43||14.57,4.11,3.06,8.93,2.63||0.00,0.01,0.50,0.60,0.00||95.64,1712.68,14572.76,75.80,64.27||14.66,4.56,9.94||1.37,3.73,14.07,7.24,9.62,1.72||
2.93,18.58,12.22,4.61,6.19,5.05,2.96||0.00,0.00,0.00,0.04,0.04,0.04||3.68,8.05,1.08,23.78,18.57,11.90||5.27,0.87,0.84,0.21,0.43||14.44,4.09,3.00,8.88,2.62||0.00,0.01,0.50,0.60,0.00||76.78,707.88,5169.05,69.30,38.22||14.34,4.47,9.77||11.25,26.67,162.42,42.71,45.04,14.46||
2.93,18.58,12.22,4.61,6.19,5.05,2.96||0.00,0.00,0.00,0.04,0.04,0.04||3.68,8.05,1.08,23.78,18.57,11.90||5.21,0.86,0.82,0.21,0.43||14.53,4.10,3.04,8.91,2.62||0.00,0.01,0.50,0.60,0.00||46.14,91.28,467.59,56.31,11.46||18.75,5.62,12.12||32.86,72.66,564.79,105.50,98.88,42.76||
2.93,18.58,12.22,4.61,6.19,5.05,2.96||0.00,0.00,0.00,0.04,0.04,0.04||3.68,8.05,1.08,23.78,18.57,11.90||5.20,0.86,0.82,0.21,0.43||14.43,4.09,2.99,8.88,2.62||0.00,0.01,0.50,0.60,0.00||59.59,255.35,1562.97,62.50,20.98||15.22,4.70,10.24||10.86,25.80,155.86,41.45,43.88,13.95||
2.93,18.58,12.22,4.61,6.19,5.05,2.96||0.00,0.00,0.00,0.04,0.04,0.04||3.68,8.05,1.08,23.78,18.57,11.90||5.19,0.86,0.82,0.21,0.43||14.30,4.08,2.94,8.83,2.61||0.00,0.01,0.50,0.60,0.00||102.24,2239.60,19961.71,77.89,75.25||14.32,4.47,9.75||2.63,6.85,29.99,12.54,15.51,3.33||
2.93,18.58,12.22,4.61,6.19,5.05,2.96||0.00,0.00,0.00,0.04,0.04,0.04||3.61,8.02,1.05,23.58,18.49,11.75||5.19,0.86,0.82,0.21,0.43||14.16,4.06,2.88,8.77,2.60||0.00,0.01,0.50,0.60,0.00||88.97,1280.16,10357.39,73.59,54.16||12.75,4.05,8.89||5.48,13.61,70.36,23.28,26.56,6.99||
2.93,18.58,12.22,4.61,6.19,5.05,2.96||0.00,0.00,0.00,0.04,0.04,0.04||3.63,8.03,1.06,23.64,18.51,11.80||5.19,0.86,0.82,0.21,0.43||14.58,4.11,3.06,8.93,2.63||0.00,0.01,0.50,0.60,0.00||76.08,681.99,4947.97,69.04,37.39||13.62,4.28,9.37||4.32,10.91,53.46,19.07,22.34,5.50||
2.92,18.54,12.20,4.60,6.18,5.05,2.96||0.00,0.00,0.00,0.04,0.04,0.04||3.50,7.97,1.00,23.27,18.36,11.50||5.15,0.86,0.81,0.20,0.43||14.21,4.07,2.90,8.79,2.60||0.00,0.01,0.50,0.60,0.00||50.17,127.75,693.59,58.26,13.96||14.49,4.51,9.85||1.86,4.95,20.01,9.35,12.01,2.34||
2.92,18.49,12.17,4.59,6.17,5.04,2.95||0.00,0.00,0.00,0.04,0.04,0.04||3.51,7.97,1.01,23.30,18.37,11.52||5.11,0.85,0.80,0.20,0.42||14.37,4.08,2.97,8.85,2.61||0.00,0.01,0.50,0.60,0.00||79.79,825.97,6194.62,70.40,41.85||22.17,6.48,13.87||3.73,9.52,45.09,16.85,20.06,4.74||
2.93,18.56,12.21,4.60,6.19,5.05,2.96||0.00,0.00,0.00,0.04,0.04,0.04||3.48,7.96,0.99,23.21,18.33,11.45||5.10,0.85,0.80,0.20,0.42||14.51,4.10,3.03,8.91,2.62||0.00,0.01,0.50,0.60,0.00||93.54,1565.88,13118.56,75.11,60.97||20.55,6.07,13.05||2.75,7.16,31.63,13.03,16.04,3.49||
2.91,18.45,12.15,4.58,6.16,5.03,2.95||0.00,0.00,0.00,0.04,0.04,0.04||3.47,7.95,0.99,23.19,18.32,11.44||5.10,0.85,0.80,0.20,0.42||14.20,4.06,2.89,8.79,2.60||0.00,0.01,0.50,0.60,0.00||71.17,521.70,3613.56,67.19,31.94||16.62,5.07,11.00||1.17,3.22,11.71,6.34,8.57,1.47||
2.91,18.39,12.12,4.56,6.14,5.02,2.94||0.00,0.00,0.00,0.04,0.04,0.04||3.47,7.95,0.99,23.19,18.32,11.43||5.10,0.85,0.80,0.20,0.42||14.03,4.04,2.82,8.72,2.59||0.00,0.01,0.50,0.60,0.00||57.26,217.45,1294.50,61.49,19.09||17.83,5.38,11.64||11.09,26.33,159.85,42.22,44.58,14.26||
2.91,18.38,12.11,4.56,6.13,5.01,2.94||0.00,0.00,0.00,0.04,0.04,0.04||3.47,7.95,0.99,23.18,18.32,11.43||5.10,0.85,0.80,0.20,0.42||14.33,4.08,2.95,8.84,2.61||0.00,0.01,0.50,0.60,0.00||78.57,776.34,5760.28,69.96,40.35||20.41,6.04,12.98||0.59,1.71,5.32,3.57,5.21,0.74||
2.91,18.38,12.11,4.56,6.13,5.01,2.94||0.00,0.00,0.00,0.04,0.04,0.04||3.47,7.95,0.99,23.18,18.32,11.43||5.10,0.85,0.80,0.20,0.42||14.50,4.10,3.03,8.91,2.62||0.00,0.01,0.50,0.60,0.00||115.69,3682.04,35767.34,81.91,100.81||20.32,6.02,12.93||0.67,1.90,6.07,3.93,5.66,0.83||
2.91,18.38,12.11,4.56,6.13,5.01,2.94||0.00,0.00,0.00,0.04,0.04,0.04||3.47,7.95,0.99,23.18,18.32,11.43||5.08,0.85,0.79,0.20,0.42||14.42,4.09,2.99,8.88,2.62||0.00,0.01,0.50,0.60,0.00||81.20,886.43,6729.86,70.90,43.63||16.93,5.15,11.17||4.16,10.53,51.11,18.46,21.71,5.29||
2.91,18.38,12.11,4.56,6.13,5.01,2.94||0.00,0.00,0.00,0.04,0.04,0.04||3.47,7.95,0.99,23.18,18.32,11.43||5.03,0.85,0.78,0.20,0.42||14.30,4.08,2.94,8.83,2.61||0.00,0.01,0.50,0.60,0.00||116.77,3821.94,37366.77,82.22,103.05||24.98,7.17,15.27||1.07,2.96,10.57,5.88,8.03,1.34||
2.90,18.33,12.09,4.55,6.12,5.01,2.93||0.00,0.00,0.00,0.04,0.04,0.04||3.47,7.95,0.99,23.18,18.32,11.43||5.00,0.84,0.77,0.20,0.42||14.27,4.07,2.92,8.82,2.61||0.00,0.01,0.50,0.60,0.00||70.65,506.53,3490.59,66.99,31.39||15.16,4.69,10.21||2.12,5.62,23.40,10.47,13.26,2.68||
2.90,18.33,12.09,4.55,6.12,5.00,2.93||0.00,0.00,0.00,0.04,0.04,0.04||3.47,7.95,0.99,23.18,18.32,11.43||5.00,0.84,0.77,0.20,0.42||14.26,4.07,2.92,8.81,2.61||0.00,0.01,0.50,0.60,0.00||114.77,3565.63,34444.48,81.65,98.93||20.00,5.93,12.76||1.77,4.75,18.98,9.00,11.62,2.24||
2.90,18.32,12.08,4.55,6.12,5.00,2.93||0.00,0.00,0.00,0.04,0.04,0.04||3.47,7.95,0.99,23.18,18.32,11.43||5.00,0.84,0.77,0.20,0.42||14.49,4.10,3.02,8.90,2.62||0.00,0.01,0.50,0.60,0.00||81.12,882.95,6698.85,70.87,43.53||19.30,5.76,12.40||2.35,6.17,26.31,11.40,14.28,2.97||
2.90,18.32,12.08,4.55,6.12,5.00,2.93||0.00,0.00,0.00,0.04,0.04,0.04||3.47,7.95,0.99,23.18,18.32,11.43||5.00,0.84,0.77,0.20,0.42||13.97,4.04,2.80,8.70,2.58||0.00,0.01,0.50,0.60,0.00||62.49,309.08,1955.36,63.72,23.48||15.45,4.76,10.37||3.41,8.75,40.60,15.62,18.78,4.33||
2.90,18.32,12.08,4.55,6.12,5.00,2.93||0.00,0.00,0.00,0.04,0.04,0.04||3.47,7.95,0.99,23.18,18.32,11.43||5.00,0.84,0.77,0.20,0.42||14.32,4.08,2.94,8.83,2.61||0.00,0.01,0.50,0.60,0.00||68.83,456.01,3085.83,66.28,29.51||20.41,6.04,12.97||1.05,2.92,10.37,5.80,7.94,1.32||
2.90,18.32,12.08,4.55,6.12,5.00,2.93||0.00,0.00,0.00,0.04,0.04,0.04||3.47,7.95,0.99,23.18,18.32,11.43||5.00,0.84,0.77,0.20,0.42||14.27,4.07,2.93,8.82,2.61||0.00,0.01,0.50,0.60,0.00||105.87,2576.73,23530.81,79.00,81.72||17.75,5.36,11.59||0.51,1.47,4.44,3.13,4.64,0.63||
2.90,18.32,12.08,4.55,6.12,5.00,2.93||0.00,0.00,0.00,0.04,0.04,0.04||3.47,7.95,0.99,23.18,18.32,11.43||5.00,0.84,0.77,0.20,0.42||14.61,4.11,3.07,8.94,2.63||0.00,0.01,0.50,0.60,0.00||107.33,2723.43,25109.97,79.45,84.43||16.62,5.07,11.00||0.93,2.59,8.94,5.21,7.23,1.16||
2.90,18.32,12.08,4.55,6.12,5.00,2.93||0.00,0.00,0.00,0.04,0.04,0.04||3.47,7.95,0.99,23.18,18.32,11.43||5.00,0.84,0.77,0.20,0.42||14.22,4.07,2.90,8.80,2.60||0.00,0.01,0.50,0.60,0.00||89.98,1339.99,10927.52,73.94,55.63||18.75,5.62,12.12||1.02,2.82,9.92,5.62,7.72,1.27||
2.90,18.32,12.08,4.55,6.12,5.00,2.93||0.00,0.00,0.00,0.04,0.04,0.04||3.47,7.95,0.99,23.18,18.32,11.43||4.95,0.84,0.76,0.20,0.42||14.37,4.08,2.97,8.85,2.61||0.00,0.01,0.50,0.60,0.00||108.59,2853.80,26525.81,79.82,86.78||22.29,6.51,13.93||0.71,2.01,6.50,4.14,5.91,0.88||
2.90,18.32,12.08,4.55,6.12,5.00,2.93||0.00,0.00,0.00,0.04,0.04,0.04||3.44,7.94,0.98,23.09,18.28,11.36||4.94,0.84,0.76,0.20,0.42||14.17,4.06,2.88,8.78,2.60||0.00,0.00,0.50,0.60,0.00||81.36,893.41,6792.00,70.96,43.83||19.01,5.68,12.26||1.93,5.13,20.89,9.64,12.35,2.43||
2.90,18.32,12.08,4.55,6.12,5.00,2.93||0.00,0.00,0.00,0.04,0.04,0.04||3.43,7.93,0.97,23.07,18.27,11.34||4.91,0.83,0.75,0.20,0.42||14.36,4.08,2.96,8.85,2.61||0.00,0.00,0.50,0.60,0.00||108.88,2884.67,26862.63,79.91,87.33||17.82,5.38,11.63||9.83,23.51,138.82,38.11,40.79,12.62||
2.90,18.32,12.08,4.55,6.12,5.00,2.93||0.00,0.00,0.00,0.04,0.04,0.04||3.40,7.92,0.96,22.98,18.23,11.27||4.92,0.84,0.75,0.20,0.42||14.17,4.06,2.88,8.78,2.60||0.00,0.00,0.50,0.59,0.00||55.28,188.71,1096.14,60.61,17.56||18.64,5.59,12.06||3.01,7.78,35.08,14.05,17.12,3.81||
2.90,18.32,12.08,4.55,6.12,5.00,2.93||0.00,0.00,0.00,0.04,0.04,0.04||3.42,7.93,0.97,23.05,18.26,11.33||4.91,0.83,0.75,0.20,0.41||14.36,4.08,2.96,8.85,2.61||0.00,0.00,0.50,0.59,0.00||59.66,256.46,1570.96,62.53,21.04||15.50,4.78,10.40||21.20,48.24,339.38,72.90,71.70,27.45||
2.90,18.32,12.08,4.55,6.12,5.00,2.93||0.00,0.00,0.00,0.04,0.04,0.04||3.33,7.88,0.93,22.79,18.15,11.12||4.90,0.83,0.75,0.20,0.41||14.40,4.09,2.98,8.86,2.61||0.00,0.00,0.50,0.59,0.00||112.88,3335.72,31853.91,81.10,95.12||21.54,6.32,13.55||1.73,4.63,18.41,8.80,11.40,2.18||
2.90,18.32,12.08,4.55,6.12,5.00,2.93||0.00,0.00,0.00,0.04,0.04,0.04||3.35,7.89,0.94,22.83,18.16,11.15||4.90,0.83,0.75,0.20,0.41||14.07,4.05,2.84,8.74,2.59||0.00,0.00,0.50,0.59,0.00||74.85,638.89,4583.20,68.59,35.98||20.64,6.10,13.09||3.50,8.96,41.84,15.96,19.14,4.45||
2.90,18.32,12.08,4.55,6.12,5.00,2.93||0.00,0.00,0.00,0.04,0.04,0.04||3.32,7.88,0.92,22.74,18.13,11.08||4.90,0.83,0.75,0.20,0.41||14.34,4.08,2.95,8.84,2.61||0.00,0.00,0.50,0.59,0.00||106.52,2641.26,24223.56,79.20,82.92||16.89,5.14,11.14||1.00,2.77,9.71,5.53,7.61,1.25||
2.90,18.32,12.08,4.55,6.12,5.00,2.93||0.00,0.00,0.00,0.04,0.04,0.04||3.31,7.87,0.92,22.73,18.12,11.07||4.90,0.83,0.75,0.20,0.41||14.28,4.07,2.93,8.82,2.61||0.00,0.00,0.50,0.59,0.00||114.99,3593.11,34756.07,81.71,99.37||14.67,4.56,9.94||0.59,1.68,5.23,3.53,5.15,0.73||
2.90,18.32,12.08,4.55,6.12,5.00,2.93||0.00,0.00,0.00,0.04,0.04,0.04||3.28,7.86,0.91,22.63,18.08,11.00||4.90,0.83,0.75,0.20,0.41||14.15,4.06,2.87,8.77,2.60||0.00,0.00,0.50,0.59,0.00||115.68,3681.18,35757.48,81.91,100.80||18.93,5.66,12.21||0.83,2.33,7.85,4.74,6.65,1.04||
2.90,18.32,12.08,4.55,6.12,5.00,2.93||0.00,0.00,0.00,0.04,0.04,0.04||3.27,7.85,0.91,22.61,18.07,10.98||4.90,0.83,0.75,0.20,0.41||14.13,4.06,2.86,8.76,2.60||0.00,0.00,0.50,0.59,0.00||93.05,1533.48,12800.73,74.95,60.22||19.87,5.90,12.70||0.78,2.21,7.35,4.52,6.39,0.98||
2.90,18.32,12.08,4.55,6.12,5.00,2.93||0.00,0.00,0.00,0.04,0.04,0.04||3.30,7.87,0.92,22.70,18.11,11.05||4.90,0.83,0.75,0.20,0.41||14.24,4.07,2.91,8.80,2.60||0.00,0.00,0.50,0.59,0.00||105.44,2535.36,23088.23,78.87,80.95||21.37,6.28,13.47||6.68,16.39,88.62,27.52,30.73,8.54||
2.89,18.28,12.06,4.54,6.11,5.00,2.93||0.00,0.00,0.00,0.04,0.04,0.04||3.28,7.86,0.91,22.63,18.08,10.99||4.90,0.83,0.75,0.20,0.41||14.04,4.04,2.82,8.73,2.59||0.00,0.00,0.50,0.59,0.00||77.39,730.60,5364.22,69.53,38.94||16.64,5.07,11.01||3.20,8.23,37.67,14.79,17.91,4.06||
2.90,18.32,12.08,4.55,6.12,5.00,2.93||0.00,0.00,0.00,0.04,0.04,0.04||3.27,7.85,0.91,22.61,18.07,10.98||4.90,0.83,0.75,0.20,0.41||14.11,4.05,2.85,8.75,2.59||0.00,0.00,0.50,0.59,0.00||106.19,2608.06,23866.76,79.10,82.30||15.81,4.86,10.56||66.47,140.37,1280.82,191.09,165.77,87.16||
2.90,18.32,12.08,4.55,6.12,5.00,2.93||0.00,0.00,0.00,0.04,0.04,0.04||3.27,7.85,0.91,22.61,18.07,10.98||4.90,0.83,0.75,0.20,0.41||14.01,4.04,2.81,8.72,2.59||0.00,0.00,0.50,0.59,0.00||121.55,4491.66,45159.08,83.58,113.32||18.45,5.54,11.96||16.70,38.59,257.10,59.60,60.18,21.56||
2.88,18.16,12.00,4.51,6.07,4.97,2.91||0.00,0.00,0.00,0.04,0.04,0.04||3.27,7.85,0.91,22.61,18.07,10.98||4.90,0.83,0.75,0.20,0.41||14.10,4.05,2.85,8.75,2.59||0.00,0.00,0.50,0.59,0.00||136.29,7118.85,77510.88,87.58,148.57||14.26,4.45,9.72||3.70,9.43,44.56,16.71,19.91,4.70||
2.89,18.25,12.05,4.53,6.10,4.99,2.92||0.00,0.00,0.00,0.04,0.04,0.04||3.30,7.87,0.92,22.70,18.11,11.05||4.93,0.84,0.76,0.20,0.42||14.46,4.09,3.01,8.89,2.62||0.00,0.00,0.50,0.59,0.00||104.45,2440.86,22082.04,78.57,79.16||13.72,4.31,9.43||2.83,7.35,32.69,13.35,16.38,3.59||
2.90,18.31,12.08,4.55,6.11,5.00,2.93||0.00,0.00,0.00,0.04,0.04,0.04||3.37,7.90,0.95,22.90,18.19,11.21||4.99,0.84,0.77,0.20,0.42||14.76,4.13,3.14,9.00,2.64||0.00,0.00,0.50,0.60,0.00||84.14,1022.99,7961.63,71.94,47.46||17.93,5.41,11.69||4.80,12.04,60.40,20.84,24.12,6.12||
2.90,18.32,12.08,4.55,6.12,5.00,2.93||0.00,0.00,0.00,0.04,0.04,0.04||3.45,7.94,0.98,23.13,18.29,11.39||5.00,0.84,0.77,0.20,0.42||14.71,4.12,3.12,8.98,2.64||0.00,0.01,0.50,0.60,0.00||70.61,505.17,3479.57,66.97,31.34||22.25,6.50,13.91||4.24,10.72,52.30,18.77,22.03,5.40||
