4.58,34.68,19.94,8.08,10.79,7.89,4.67||0.00,0.00,0.00,0.08,0.07,0.08||61.60,14.59,70.65,78.50,35.66,80.91||12.91,1.43,3.37,0.47,0.70||53.96,7.07,48.73,20.04,4.40||0.02,0.05,0.70,0.81,0.01||15.64,1.18,2.84,36.22,0.89||6.74,2.35,5.32||0.61,1.74,5.47,3.65,5.30,0.76||
3.10,20.13,13.01,4.95,6.65,5.35,3.14||0.00,0.00,0.00,0.04,0.04,0.04||5.33,8.71,1.87,27.81,20.23,15.31||5.55,0.89,0.91,0.22,0.44||17.79,4.46,4.66,10.10,2.84||0.00,0.01,0.53,0.63,0.00||5.63,0.02,0.02,23.87,0.08||3.81,1.45,3.36||0.25,0.76,1.95,1.73,2.77,0.31||
2.89,18.25,12.05,4.53,6.10,4.99,2.92||0.00,0.00,0.00,0.04,0.04,0.04||3.43,7.93,0.97,23.07,18.27,11.35||4.77,0.82,0.72,0.19,0.41||14.57,4.11,3.06,8.93,2.63||0.00,0.01,0.50,0.60,0.00||9.99,0.19,0.34,30.17,0.31||3.44,1.33,3.09||0.30,0.91,2.44,2.03,3.19,0.38||
2.85,17.91,11.87,4.46,5.99,4.92,2.88||0.00,0.00,0.00,0.03,0.04,0.04||3.15,7.79,0.86,22.25,17.91,10.70||4.63,0.81,0.68,0.19,0.40||13.92,4.03,2.77,8.68,2.58||0.00,0.00,0.50,0.60,0.00||16.26,1.38,3.41,36.80,0.97||3.16,1.23,2.89||0.06,0.20,0.36,0.51,0.96,0.07||
2.84,17.84,11.83,4.44,5.97,4.91,2.88||0.00,0.00,0.00,0.03,0.04,0.04||3.04,7.73,0.81,21.91,17.76,10.44||4.60,0.80,0.68,0.19,0.40||14.08,4.05,2.84,8.74,2.59||0.00,0.00,0.50,0.59,0.00||22.10,4.73,14.51,41.71,2.01||5.27,1.91,4.36||0.05,0.15,0.27,0.41,0.79,0.05||
2.84,17.82,11.82,4.44,5.97,4.91,2.87||0.00,0.00,0.00,0.03,0.04,0.04||3.02,7.72,0.80,21.84,17.73,10.39||4.60,0.80,0.68,0.18,0.40||13.82,4.02,2.73,8.64,2.57||0.00,0.00,0.50,0.59,0.00||11.72,0.37,0.73,32.20,0.45||4.92,1.80,4.13||0.05,0.16,0.29,0.43,0.83,0.06||
2.84,17.82,11.82,4.44,5.97,4.91,2.87||0.00,0.00,0.00,0.03,0.04,0.04||3.04,7.73,0.81,21.92,17.76,10.45||4.59,0.80,0.68,0.18,0.40||13.87,4.02,2.75,8.66,2.58||0.00,0.00,0.50,0.59,0.00||15.03,1.00,2.35,35.64,0.81||6.05,2.15,4.88||0.18,0.55,1.29,1.28,2.13,0.22||
2.84,17.82,11.82,4.44,5.97,4.91,2.87||0.00,0.00,0.00,0.03,0.04,0.04||2.99,7.71,0.79,21.76,17.69,10.33||4.59,0.80,0.68,0.18,0.40||13.78,4.01,2.72,8.63,2.57||0.00,0.00,0.50,0.59,0.00||17.96,2.05,5.44,38.32,1.23||5.67,2.03,4.63||0.10,0.32,0.66,0.79,1.40,0.12||
2.84,17.82,11.82,4.44,5.97,4.91,2.87||0.00,0.00,0.00,0.03,0.04,0.04||2.98,7.70,0.79,21.73,17.68,10.30||4.59,0.80,0.68,0.18,0.40||13.76,4.01,2.71,8.62,2.57||0.00,0.00,0.50,0.59,0.00||12.98,0.56,1.18,33.57,0.57||6.79,2.37,5.35||2.38,6.24,26.69,11.52,14.41,3.01||
2.84,17.82,11.82,4.44,5.97,4.91,2.87||0.00,0.00,0.00,0.03,0.04,0.04||3.00,7.71,0.80,21.81,17.72,10.36||4.59,0.80,0.68,0.18,0.40||13.86,4.02,2.75,8.66,2.58||0.00,0.00,0.50,0.59,0.00||24.16,6.76,22.08,43.25,2.48||5.28,1.91,4.37||0.93,2.60,8.97,5.22,7.24,1.17||
2.84,17.82,11.82,4.44,5.97,4.91,2.87||0.00,0.00,0.00,0.03,0.04,0.04||2.95,7.69,0.78,21.65,17.65,10.24||4.59,0.80,0.68,0.18,0.40||13.68,4.00,2.68,8.59,2.56||0.00,0.00,0.50,0.59,0.00||16.69,1.53,3.86,37.20,1.03||6.17,2.18,4.95||0.06,0.21,0.40,0.55,1.02,0.08||
2.84,17.82,11.82,4.44,5.97,4.91,2.87||0.00,0.00,0.00,0.03,0.04,0.04||2.92,7.67,0.76,21.54,17.59,10.16||4.59,0.80,0.68,0.18,0.40||14.03,4.04,2.82,8.73,2.59||0.00,0.00,0.50,0.59,0.00||20.07,3.21,9.21,40.10,1.60||5.64,2.02,4.61||0.13,0.40,0.88,0.97,1.68,0.15||
2.84,17.82,11.82,4.44,5.97,4.91,2.87||0.00,0.00,0.00,0.03,0.04,0.04||2.91,7.66,0.76,21.51,17.58,10.14||4.59,0.80,0.68,0.18,0.40||13.81,4.02,2.73,8.64,2.57||0.00,0.00,0.50,0.59,0.00||10.58,0.24,0.45,30.89,0.35||5.93,2.11,4.80||1.10,3.03,10.87,6.01,8.18,1.38||
2.84,17.82,11.82,4.44,5.97,4.91,2.87||0.00,0.00,0.00,0.03,0.04,0.04||2.91,7.66,0.76,21.51,17.58,10.14||4.59,0.80,0.68,0.18,0.40||13.77,4.01,2.71,8.62,2.57||0.00,0.00,0.50,0.59,0.00||10.62,0.25,0.46,30.93,0.35||5.65,2.02,4.61||1.42,3.84,14.60,7.44,9.85,1.78||
2.84,17.82,11.82,4.44,5.97,4.91,2.87||0.00,0.00,0.00,0.03,0.04,0.04||2.94,7.68,0.77,21.59,17.62,10.20||4.59,0.80,0.68,0.18,0.40||13.76,4.01,2.71,8.62,2.57||0.00,0.00,0.50,0.59,0.00||12.67,0.50,1.05,33.24,0.54||5.69,2.04,4.64||0.06,0.19,0.35,0.50,0.94,0.07||
2.84,17.82,11.82,4.44,5.97,4.91,2.87||0.00,0.00,0.00,0.03,0.04,0.04||2.91,7.66,0.76,21.53,17.59,10.15||4.58,0.80,0.67,0.18,0.40||13.66,4.00,2.67,8.58,2.56||0.00,0.00,0.50,0.59,0.00||6.63,0.04,0.05,25.52,0.12||4.74,1.74,4.01||0.18,0.56,1.32,1.30,2.16,0.22||
2.84,17.82,11.82,4.44,5.97,4.91,2.87||0.00,0.00,0.00,0.03,0.04,0.04||2.91,7.66,0.76,21.51,17.58,10.14||4.58,0.80,0.67,0.18,0.40||13.74,4.01,2.70,8.61,2.57||0.00,0.00,0.49,0.59,0.00||11.98,0.40,0.81,32.49,0.47||4.94,1.81,4.14||0.64,1.83,5.82,3.82,5.51,0.80||
2.84,17.82,11.82,4.44,5.97,4.91,2.87||0.00,0.00,0.00,0.03,0.04,0.04||2.91,7.66,0.76,21.51,17.58,10.14||4.56,0.80,0.67,0.18,0.40||13.85,4.02,2.75,8.66,2.58||0.00,0.00,0.50,0.59,0.00||15.71,1.20,2.89,36.28,0.89||5.34,1.93,4.41||0.28,0.83,2.18,1.87,2.97,0.34||
2.84,17.82,11.82,4.44,5.97,4.91,2.87||0.00,0.00,0.00,0.03,0.04,0.04||2.91,7.66,0.76,21.51,17.58,10.14||4.55,0.80,0.67,0.18,0.40||13.59,3.99,2.64,8.55,2.56||0.00,0.00,0.49,0.59,0.00||12.96,0.55,1.17,33.55,0.57||4.66,1.72,3.95||0.28,0.85,2.25,1.91,3.02,0.35||
2.84,17.78,11.80,4.43,5.96,4.90,2.87||0.00,0.00,0.00,0.03,0.04,0.04||2.91,7.66,0.76,21.51,17.58,10.14||4.54,0.80,0.67,0.18,0.40||13.72,4.01,2.69,8.61,2.57||0.00,0.00,0.49,0.59,0.00||12.82,0.53,1.11,33.40,0.55||3.49,1.34,3.13||0.05,0.16,0.28,0.42,0.81,0.06||
2.84,17.81,11.82,4.43,5.97,4.90,2.87||0.00,0.00,0.00,0.03,0.04,0.04||2.91,7.66,0.76,21.51,17.58,10.14||4.56,0.80,0.67,0.18,0.40||13.85,4.02,2.74,8.65,2.57||0.00,0.00,0.49,0.59,0.00||17.72,1.94,5.11,38.11,1.19||4.30,1.61,3.71||0.12,0.40,0.87,0.96,1.66,0.15||
2.84,17.82,11.82,4.44,5.97,4.90,2.87||0.00,0.00,0.00,0.03,0.04,0.04||2.91,7.66,0.76,21.51,17.58,10.14||4.53,0.80,0.66,0.18,0.40||13.59,3.99,2.64,8.55,2.56||0.00,0.00,0.49,0.59,0.00||9.88,0.19,0.32,30.03,0.30||6.86,2.39,5.39||0.44,1.30,3.79,2.80,4.21,0.55||
2.84,17.78,11.80,4.43,5.96,4.90,2.87||0.00,0.00,0.00,0.03,0.04,0.04||2.91,7.66,0.76,21.51,17.58,10.14||4.51,0.80,0.66,0.18,0.40||13.92,4.03,2.77,8.68,2.58||0.00,0.00,0.49,0.59,0.00||19.50,2.85,8.02,39.63,1.49||6.47,2.27,5.14||0.11,0.34,0.72,0.84,1.47,0.13||
2.82,17.64,11.73,4.40,5.91,4.87,2.85||0.00,0.00,0.00,0.03,0.04,0.04||2.91,7.66,0.76,21.51,17.58,10.14||4.52,0.80,0.66,0.18,0.40||13.60,3.99,2.64,8.56,2.56||0.00,0.00,0.49,0.59,0.00||12.41,0.46,0.95,32.96,0.51||5.82,2.08,4.73||0.29,0.87,2.32,1.96,3.08,0.36||
2.84,17.78,11.80,4.43,5.96,4.90,2.87||0.00,0.00,0.00,0.03,0.04,0.04||2.91,7.66,0.76,21.51,17.58,10.14||4.52,0.80,0.66,0.18,0.40||13.44,3.97,2.58,8.50,2.54||0.00,0.00,0.49,0.59,0.00||8.49,0.10,0.16,28.23,0.21||7.45,2.56,5.77||0.04,0.14,0.24,0.37,0.73,0.05||
2.84,17.81,11.82,4.44,5.97,4.90,2.87||0.00,0.00,0.00,0.03,0.04,0.04||2.91,7.66,0.76,21.51,17.58,10.14||4.51,0.80,0.66,0.18,0.40||13.50,3.98,2.60,8.52,2.55||0.00,0.00,0.49,0.59,0.00||12.85,0.53,1.12,33.43,0.56||5.30,1.92,4.38||0.73,2.06,6.71,4.23,6.03,0.90||
2.83,17.69,11.75,4.41,5.93,4.88,2.86||0.00,0.00,0.00,0.03,0.04,0.04||2.91,7.66,0.76,21.51,17.58,10.14||4.51,0.80,0.66,0.18,0.40||13.52,3.98,2.61,8.53,2.55||0.00,0.00,0.49,0.59,0.00||10.34,0.22,0.40,30.60,0.33||6.29,2.22,5.03||0.29,0.88,2.35,1.98,3.11,0.36||
2.84,17.79,11.81,4.43,5.96,4.90,2.87||0.00,0.00,0.00,0.03,0.04,0.04||2.91,7.66,0.76,21.51,17.58,10.14||4.51,0.80,0.66,0.18,0.40||13.52,3.98,2.61,8.53,2.55||0.00,0.00,0.49,0.59,0.00||12.28,0.44,0.90,32.82,0.50||5.69,2.04,4.64||0.07,0.22,0.41,0.56,1.04,0.08||
2.84,17.81,11.82,4.44,5.97,4.90,2.87||0.00,0.00,0.00,0.03,0.04,0.04||2.91,7.66,0.76,21.51,17.58,10.14||4.51,0.80,0.66,0.18,0.40||13.52,3.98,2.61,8.53,2.55||0.00,0.00,0.49,0.59,0.00||17.57,1.88,4.91,37.98,1.17||5.47,1.97,4.49||2.29,6.04,25.60,11.18,14.03,2.90||
2.84,17.82,11.82,4.44,5.97,4.91,2.87||0.00,0.00,0.00,0.03,0.04,0.04||2.91,7.66,0.76,21.51,17.58,10.14||4.58,0.80,0.67,0.18,0.40||13.33,3.96,2.53,8.45,2.54||0.00,0.00,0.49,0.59,0.00||19.37,2.78,7.78,39.52,1.47||5.55,1.99,4.55||0.24,0.72,1.82,1.64,2.65,0.29||
2.84,17.82,11.82,4.44,5.97,4.91,2.87||0.00,0.00,0.00,0.03,0.04,0.04||2.91,7.66,0.76,21.51,17.58,10.14||4.59,0.80,0.68,0.18,0.40||13.48,3.98,2.59,8.51,2.55||0.00,0.00,0.49,0.59,0.00||11.24,0.31,0.60,31.66,0.41||6.97,2.42,5.47||19.57,44.76,309.15,68.13,67.60,25.32||
2.84,17.82,11.82,4.44,5.97,4.91,2.87||0.00,0.00,0.00,0.03,0.04,0.04||2.91,7.66,0.76,21.51,17.58,10.14||4.59,0.80,0.68,0.18,0.40||13.51,3.98,2.61,8.52,2.55||0.00,0.00,0.49,0.59,0.00||11.23,0.31,0.60,31.65,0.40||6.28,2.22,5.03||0.30,0.90,2.41,2.01,3.16,0.37||
2.84,17.82,11.82,4.44,5.97,4.91,2.87||0.00,0.00,0.00,0.03,0.04,0.04||2.91,7.66,0.76,21.51,17.58,10.14||4.66,0.81,0.69,0.19,0.40||13.52,3.98,2.61,8.53,2.55||0.00,0.00,0.49,0.59,0.00||11.39,0.33,0.63,31.82,0.42||6.62,2.32,5.24||1.25,3.43,12.69,6.72,9.01,1.57||
2.84,17.82,11.82,4.44,5.97,4.91,2.87||0.00,0.00,0.00,0.03,0.04,0.04||2.91,7.66,0.76,21.51,17.58,10.14||4.68,0.81,0.70,0.19,0.40||13.62,3.99,2.65,8.56,2.56||0.00,0.00,0.49,0.59,0.00||9.00,0.13,0.21,28.91,0.24||5.55,2.00,4.55||0.16,0.50,1.15,1.18,1.98,0.20||
2.84,17.82,11.82,4.44,5.97,4.91,2.87||0.00,0.00,0.00,0.03,0.04,0.04||2.94,7.68,0.77,21.59,17.62,10.20||4.70,0.81,0.70,0.19,0.41||13.45,3.97,2.58,8.50,2.55||0.00,0.00,0.49,0.59,0.00||12.38,0.46,0.94,32.92,0.51||6.21,2.19,4.98||0.38,1.13,3.17,2.46,3.76,0.47||
2.85,17.86,11.85,4.45,5.98,4.91,2.88||0.00,0.00,0.00,0.03,0.04,0.04||2.91,7.66,0.76,21.52,17.59,10.15||4.71,0.82,0.70,0.19,0.41||13.41,3.97,2.56,8.48,2.54||0.00,0.00,0.49,0.59,0.00||10.61,0.25,0.45,30.92,0.35||6.95,2.42,5.45||0.21,0.64,1.56,1.47,2.40,0.25||
2.85,17.87,11.85,4.45,5.98,4.92,2.88||0.00,0.00,0.00,0.03,0.04,0.04||2.91,7.66,0.76,21.51,17.58,10.14||4.76,0.82,0.72,0.19,0.41||13.50,3.98,2.60,8.52,2.55||0.00,0.00,0.49,0.59,0.00||15.86,1.24,3.03,36.43,0.92||4.92,1.80,4.13||0.30,0.89,2.36,1.98,3.12,0.36||
2.85,17.87,11.85,4.45,5.98,4.92,2.88||0.00,0.00,0.00,0.03,0.04,0.04||2.91,7.66,0.76,21.51,17.58,10.14||4.77,0.82,0.72,0.19,0.41||13.71,4.00,2.69,8.60,2.56||0.00,0.00,0.49,0.59,0.00||12.01,0.41,0.82,32.52,0.47||7.53,2.58,5.81||0.26,0.78,2.00,1.76,2.81,0.32||
2.84,17.83,11.83,4.44,5.97,4.91,2.88||0.00,0.00,0.00,0.03,0.04,0.04||2.94,7.68,0.77,21.59,17.62,10.20||4.79,0.82,0.72,0.19,0.41||13.56,3.99,2.62,8.54,2.55||0.00,0.00,0.49,0.59,0.00||11.74,0.37,0.73,32.22,0.45||6.45,2.27,5.13||0.58,1.67,5.17,3.50,5.12,0.72||
2.84,17.82,11.82,4.44,5.97,4.91,2.87||0.00,0.00,0.00,0.03,0.04,0.04||2.97,7.69,0.78,21.69,17.67,10.28||4.85,0.83,0.74,0.19,0.41||13.62,3.99,2.65,8.57,2.56||0.00,0.00,0.49,0.59,0.00||17.50,1.85,4.81,37.92,1.15||5.96,2.12,4.82||135.73,273.57,2936.58,348.90,279.83,179.36||
2.85,17.91,11.87,4.46,5.99,4.92,2.88||0.00,0.00,0.00,0.03,0.04,0.04||3.00,7.71,0.80,21.80,17.71,10.36||4.86,0.83,0.74,0.19,0.41||13.73,4.01,2.70,8.61,2.57||0.00,0.00,0.49,0.59,0.00||20.64,3.59,10.50,40.56,1.71||6.33,2.23,5.06||0.16,0.49,1.14,1.17,1.97,0.19||
2.84,17.84,11.83,4.44,5.97,4.91,2.88||0.00,0.00,0.00,0.03,0.04,0.04||3.01,7.72,0.80,21.82,17.72,10.37||4.86,0.83,0.74,0.19,0.41||13.75,4.01,2.70,8.62,2.57||0.00,0.00,0.49,0.59,0.00||16.02,1.29,3.17,36.57,0.94||4.58,1.69,3.90||0.19,0.59,1.41,1.37,2.25,0.23||
2.84,17.82,11.82,4.44,5.97,4.91,2.87||0.00,0.00,0.00,0.03,0.04,0.04||3.04,7.73,0.81,21.91,17.76,10.44||4.88,0.83,0.74,0.20,0.41||13.66,4.00,2.67,8.58,2.56||0.00,0.00,0.49,0.59,0.00||15.82,1.23,2.99,36.39,0.91||5.28,1.91,4.37||0.12,0.38,0.83,0.93,1.61,0.15||
2.85,17.87,11.85,4.45,5.98,4.91,2.88||0.00,0.00,0.00,0.03,0.04,0.04||3.07,7.75,0.83,22.02,17.81,10.52||4.90,0.83,0.75,0.20,0.41||13.64,4.00,2.66,8.58,2.56||0.00,0.00,0.49,0.59,0.00||10.87,0.27,0.51,31.22,0.37||5.96,2.12,4.82||0.30,0.90,2.40,2.01,3.15,0.37||
2.85,17.87,11.85,4.45,5.98,4.92,2.88||0.00,0.00,0.00,0.03,0.04,0.04||3.08,7.75,0.83,22.04,17.82,10.54||4.95,0.84,0.76,0.20,0.42||13.83,4.02,2.74,8.65,2.57||0.00,0.00,0.49,0.59,0.00||10.38,0.23,0.41,30.64,0.34||4.57,1.69,3.89||0.33,0.97,2.64,2.15,3.35,0.40||
2.85,17.87,11.85,4.45,5.98,4.92,2.88||0.00,0.00,0.00,0.03,0.04,0.04||3.05,7.74,0.82,21.96,17.78,10.48||4.96,0.84,0.76,0.20,0.42||13.77,4.01,2.71,8.63,2.57||0.00,0.00,0.49,0.59,0.00||20.56,3.53,10.31,40.50,1.69||6.58,2.30,5.21||0.15,0.48,1.09,1.13,1.92,0.19||
2.87,18.05,11.94,4.49,6.04,4.95,2.90||0.00,0.00,0.00,0.03,0.04,0.04||3.08,7.75,0.83,22.03,17.81,10.53||4.96,0.84,0.76,0.20,0.42||13.95,4.03,2.79,8.70,2.58||0.00,0.00,0.49,0.59,0.00||18.16,2.15,5.74,38.50,1.26||5.34,1.93,4.41||0.13,0.42,0.94,1.02,1.75,0.16||
2.86,18.00,11.92,4.48,6.02,4.94,2.89||0.00,0.00,0.00,0.03,0.04,0.04||3.08,7.76,0.83,22.04,17.82,10.54||4.96,0.84,0.76,0.20,0.42||13.80,4.02,2.72,8.63,2.57||0.00,0.00,0.49,0.59,0.00||17.28,1.76,4.54,37.72,1.12||6.04,2.14,4.87||0.91,2.54,8.74,5.13,7.12,1.14||
2.86,17.99,11.91,4.47,6.02,4.94,2.89||0.00,0.00,0.00,0.03,0.04,0.04||3.08,7.76,0.83,22.04,17.82,10.54||4.97,0.84,0.77,0.20,0.42||13.58,3.99,2.63,8.55,2.55||0.00,0.00,0.49,0.58,0.00||12.81,0.53,1.11,33.39,0.55||4.68,1.72,3.96||0.21,0.63,1.56,1.46,2.40,0.25||
2.87,18.03,11.93,4.48,6.03,4.95,2.90||0.00,0.00,0.00,0.03,0.04,0.04||3.08,7.76,0.83,22.04,17.82,10.54||5.01,0.84,0.77,0.20,0.42||13.53,3.98,2.61,8.53,2.55||0.00,0.00,0.49,0.58,0.00||16.51,1.46,3.66,37.03,1.01||6.02,2.14,4.85||0.43,1.27,3.70,2.75,4.14,0.54||
2.87,18.04,11.94,4.49,6.03,4.95,2.90||0.00,0.00,0.00,0.03,0.04,0.04||3.08,7.76,0.83,22.04,17.82,10.54||5.04,0.85,0.78,0.20,0.42||13.52,3.98,2.61,8.53,2.55||0.00,0.00,0.49,0.58,0.00||7.59,0.06,0.09,26.97,0.16||4.72,1.74,3.99||0.82,2.30,7.71,4.68,6.58,1.02||
2.86,17.95,11.89,4.47,6.01,4.93,2.89||0.00,0.00,0.00,0.03,0.04,0.04||3.08,7.76,0.83,22.04,17.82,10.54||5.05,0.85,0.78,0.20,0.42||13.52,3.98,2.61,8.53,2.55||0.00,0.00,0.49,0.58,0.00||19.55,2.88,8.12,39.67,1.50||4.96,1.81,4.15||0.18,0.55,1.30,1.29,2.14,0.22||
2.87,18.07,11.95,4.49,6.04,4.95,2.90||0.00,0.00,0.00,0.03,0.04,0.04||3.08,7.76,0.83,22.04,17.82,10.54||5.05,0.85,0.79,0.20,0.42||13.62,3.99,2.65,8.56,2.56||0.00,0.00,0.49,0.58,0.00||11.59,0.35,0.69,32.05,0.44||4.29,1.60,3.69||0.20,0.62,1.50,1.43,2.34,0.25||
2.87,18.09,11.96,4.50,6.05,4.96,2.91||0.00,0.00,0.00,0.03,0.04,0.04||3.08,7.76,0.83,22.04,17.82,10.54||5.05,0.85,0.79,0.20,0.42||13.73,4.01,2.70,8.61,2.57||0.00,0.00,0.49,0.58,0.00||12.46,0.47,0.97,33.02,0.52||4.92,1.80,4.13||0.14,0.44,1.00,1.06,1.81,0.17||
2.87,18.10,11.97,4.50,6.05,4.96,2.91||0.00,0.00,0.00,0.03,0.04,0.04||3.08,7.76,0.83,22.04,17.82,10.54||5.05,0.85,0.79,0.20,0.42||13.66,4.00,2.67,8.58,2.56||0.00,0.00,0.49,0.58,0.00||10.05,0.20,0.35,30.24,0.31||5.29,1.91,4.37||0.23,0.70,1.77,1.61,2.60,0.28||
2.87,18.05,11.94,4.49,6.04,4.95,2.90||0.00,0.00,0.00,0.03,0.04,0.04||3.08,7.76,0.83,22.04,17.82,10.54||5.07,0.85,0.79,0.20,0.42||13.83,4.02,2.74,8.65,2.57||0.00,0.00,0.49,0.58,0.00||19.73,2.99,8.48,39.82,1.53||7.20,2.49,5.61||0.28,0.84,2.22,1.89,3.00,0.35||
2.87,18.09,11.96,4.50,6.05,4.96,2.91||0.00,0.00,0.00,0.03,0.04,0.04||3.08,7.76,0.83,22.04,17.82,10.54||5.09,0.85,0.79,0.20,0.42||13.87,4.02,2.75,8.66,2.58||0.00,0.00,0.49,0.58,0.00||23.17,5.71,18.10,42.51,2.24||6.80,2.37,5.35||1.97,5.24,21.49,9.84,12.57,2.49||
2.87,18.10,11.97,4.50,6.05,4.96,2.91||0.00,0.00,0.00,0.03,0.04,0.04||3.08,7.76,0.83,22.04,17.82,10.54||5.14,0.86,0.81,0.20,0.43||14.07,4.05,2.84,8.74,2.59||0.00,0.00,0.49,0.58,0.00||18.44,2.28,6.16,38.73,1.31||4.32,1.61,3.72||0.92,2.56,8.81,5.16,7.16,1.15||
2.87,18.10,11.97,4.50,6.05,4.96,2.91||0.00,0.00,0.00,0.03,0.04,0.04||3.08,7.76,0.83,22.04,17.82,10.54||5.15,0.86,0.81,0.20,0.43||13.82,4.02,2.73,8.64,2.57||0.00,0.00,0.49,0.58,0.00||11.91,0.39,0.78,32.41,0.47||4.98,1.82,4.17||0.17,0.54,1.26,1.26,2.10,0.21||
2.86,18.01,11.92,4.48,6.02,4.94,2.90||0.00,0.00,0.00,0.03,0.04,0.04||3.08,7.76,0.83,22.04,17.82,10.54||5.15,0.86,0.81,0.20,0.43||13.68,4.00,2.67,8.59,2.56||0.00,0.00,0.49,0.58,0.00||13.23,0.60,1.29,33.83,0.60||4.95,1.81,4.15||1.62,4.36,17.07,8.33,10.87,2.04||
2.87,18.08,11.96,4.49,6.05,4.96,2.90||0.00,0.00,0.00,0.03,0.04,0.04||3.08,7.76,0.83,22.04,17.82,10.54||5.15,0.86,0.81,0.20,0.43||13.94,4.03,2.78,8.69,2.58||0.00,0.00,0.49,0.58,0.00||14.49,0.86,1.98,35.11,0.74||3.85,1.46,3.39||0.09,0.29,0.59,0.72,1.29,0.11||
2.87,18.09,11.97,4.50,6.05,4.96,2.91||0.00,0.00,0.00,0.03,0.04,0.04||3.08,7.76,0.83,22.04,17.82,10.54||5.15,0.86,0.81,0.20,0.43||13.79,4.02,2.72,8.63,2.57||0.00,0.00,0.49,0.58,0.00||15.84,1.24,3.01,36.41,0.91||4.76,1.75,4.02||0.94,2.63,9.12,5.29,7.32,1.18||
2.85,17.92,11.87,4.46,6.00,4.92,2.89||0.00,0.00,0.00,0.03,0.04,0.04||3.08,7.76,0.83,22.04,17.82,10.54||5.17,0.86,0.81,0.21,0.43||13.67,4.00,2.67,8.59,2.56||0.00,0.00,0.49,0.58,0.00||13.78,0.71,1.56,34.40,0.66||5.64,2.02,4.61||0.04,0.15,0.25,0.39,0.76,0.05||
2.87,18.06,11.95,4.49,6.04,4.95,2.90||0.00,0.00,0.00,0.03,0.04,0.04||3.08,7.76,0.83,22.04,17.82,10.54||5.17,0.86,0.81,0.21,0.43||13.65,4.00,2.66,8.58,2.56||0.00,0.00,0.49,0.58,0.00||10.20,0.21,0.38,30.43,0.32||6.78,2.37,5.35||1.53,4.13,15.95,7.93,10.41,1.92||
2.85,17.91,11.87,4.46,6.00,4.92,2.88||0.00,0.00,0.00,0.03,0.04,0.04||3.08,7.76,0.83,22.04,17.82,10.54||5.19,0.86,0.82,0.21,0.43||13.83,4.02,2.74,8.65,2.57||0.00,0.00,0.49,0.58,0.00||13.57,0.66,1.45,34.18,0.63||5.09,1.85,4.24||0.62,1.78,5.59,3.71,5.37,0.77||
2.85,17.88,11.86,4.45,5.99,4.92,2.88||0.00,0.00,0.00,0.03,0.04,0.04||3.08,7.76,0.83,22.04,17.82,10.54||5.20,0.86,0.82,0.21,0.43||13.49,3.98,2.60,8.51,2.55||0.00,0.00,0.49,0.58,0.00||16.73,1.54,3.89,37.23,1.04||5.38,1.94,4.44||0.14,0.44,1.00,1.06,1.81,0.17||
2.84,17.83,11.83,4.44,5.97,4.91,2.88||0.00,0.00,0.00,0.03,0.04,0.04||3.08,7.76,0.83,22.04,17.82,10.54||5.24,0.87,0.83,0.21,0.43||13.61,3.99,2.65,8.56,2.56||0.00,0.00,0.49,0.58,0.00||16.14,1.34,3.29,36.69,0.95||5.20,1.89,4.32||0.13,0.40,0.89,0.97,1.68,0.16||
2.84,17.82,11.82,4.44,5.97,4.91,2.87||0.00,0.00,0.00,0.03,0.04,0.04||3.08,7.76,0.83,22.04,17.82,10.54||5.25,0.87,0.83,0.21,0.43||13.82,4.02,2.73,8.65,2.57||0.00,0.00,0.49,0.58,0.00||20.89,3.76,11.10,40.75,1.76||4.57,1.69,3.89||0.18,0.55,1.30,1.28,2.14,0.22||
2.84,17.82,11.82,4.44,5.97,4.91,2.87||0.00,0.00,0.00,0.03,0.04,0.04||3.08,7.76,0.83,22.04,17.82,10.54||5.25,0.87,0.83,0.21,0.43||13.96,4.04,2.79,8.70,2.58||0.00,0.00,0.49,0.58,0.00||20.51,3.50,10.20,40.46,1.68||6.96,2.42,5.46||0.10,0.32,0.66,0.79,1.39,0.12||
2.84,17.82,11.82,4.44,5.97,4.91,2.87||0.00,0.00,0.00,0.03,0.04,0.04||3.08,7.76,0.83,22.04,17.82,10.54||5.25,0.87,0.83,0.21,0.43||13.80,4.02,2.72,8.64,2.57||0.00,0.00,0.49,0.58,0.00||10.32,0.22,0.40,30.57,0.33||5.94,2.11,4.80||0.30,0.90,2.39,2.00,3.14,0.37||
2.84,17.82,11.82,4.44,5.97,4.91,2.87||0.00,0.00,0.00,0.03,0.04,0.04||3.08,7.76,0.83,22.04,17.82,10.54||5.25,0.87,0.83,0.21,0.43||13.67,4.00,2.67,8.59,2.56||0.00,0.00,0.49,0.58,0.00||18.03,2.08,5.55,38.39,1.24||6.93,2.41,5.44||1.89,5.05,20.49,9.51,12.19,2.39||
2.84,17.82,11.82,4.44,5.97,4.91,2.87||0.00,0.00,0.00,0.03,0.04,0.04||3.08,7.76,0.83,22.04,17.82,10.54||5.25,0.87,0.83,0.21,0.43||13.65,4.00,2.66,8.58,2.56||0.00,0.00,0.49,0.58,0.00||9.55,0.16,0.28,29.62,0.28||7.16,2.48,5.58||0.12,0.37,0.79,0.90,1.56,0.14||
2.84,17.82,11.82,4.44,5.97,4.91,2.87||0.00,0.00,0.00,0.03,0.04,0.04||3.08,7.76,0.83,22.04,17.82,10.54||5.25,0.87,0.83,0.21,0.43||13.74,4.01,2.70,8.61,2.57||0.00,0.00,0.49,0.58,0.00||8.26,0.09,0.14,27.92,0.20||5.14,1.87,4.27||0.57,1.65,5.09,3.46,5.07,0.71||
2.84,17.82,11.82,4.44,5.97,4.91,2.87||0.00,0.00,0.00,0.03,0.04,0.04||3.08,7.76,0.83,22.04,17.82,10.54||5.25,0.87,0.83,0.21,0.43||13.75,4.01,2.71,8.62,2.57||0.00,0.00,0.49,0.58,0.00||17.00,1.64,4.20,37.47,1.08||6.29,2.22,5.03||1.47,3.99,15.29,7.69,10.14,1.85||
2.84,17.78,11.80,4.43,5.96,4.90,2.87||0.00,0.00,0.00,0.03,0.04,0.04||3.08,7.76,0.83,22.04,17.82,10.54||5.25,0.87,0.83,0.21,0.43||13.57,3.99,2.63,8.55,2.55||0.00,0.00,0.49,0.58,0.00||16.84,1.58,4.02,37.33,1.06||5.67,2.03,4.63||0.32,0.95,2.56,2.10,3.28,0.39||
2.84,17.81,11.82,4.43,5.97,4.90,2.87||0.00,0.00,0.00,0.03,0.04,0.04||3.08,7.76,0.83,22.04,17.82,10.54||5.28,0.87,0.84,0.21,0.43||13.72,4.01,2.69,8.60,2.57||0.00,0.00,0.49,0.58,0.00||21.32,4.09,12.24,41.10,1.84||6.03,2.14,4.86||0.66,1.88,6.00,3.90,5.62,0.82||
2.84,17.82,11.82,4.44,5.97,4.90,2.87||0.00,0.00,0.00,0.03,0.04,0.04||3.08,7.76,0.83,22.04,17.82,10.54||5.26,0.87,0.83,0.21,0.43||13.85,4.02,2.74,8.65,2.57||0.00,0.00,0.49,0.58,0.00||14.07,0.77,1.72,34.69,0.69||6.06,2.15,4.88||0.49,1.42,4.24,3.03,4.51,0.61||
2.84,17.82,11.82,4.44,5.97,4.91,2.87||0.00,0.00,0.00,0.03,0.04,0.04||3.08,7.76,0.83,22.04,17.82,10.54||5.27,0.87,0.84,0.21,0.43||13.68,4.00,2.67,8.59,2.56||0.00,0.00,0.49,0.58,0.00||16.60,1.49,3.76,37.11,1.02||5.81,2.07,4.72||1.83,4.89,19.68,9.24,11.89,2.31||
2.84,17.82,11.82,4.44,5.97,4.91,2.87||0.00,0.00,0.00,0.03,0.04,0.04||3.08,7.76,0.83,22.04,17.82,10.54||5.28,0.87,0.84,0.21,0.43||13.55,3.99,2.62,8.54,2.55||0.00,0.00,0.49,0.58,0.00||24.46,7.10,23.39,43.47,2.55||5.45,1.96,4.48||0.12,0.38,0.83,0.93,1.61,0.15||
2.84,17.82,11.82,4.44,5.97,4.91,2.87||0.00,0.00,0.00,0.03,0.04,0.04||3.08,7.76,0.83,22.04,17.82,10.54||5.32,0.87,0.85,0.21,0.43||13.72,4.01,2.69,8.60,2.57||0.00,0.00,0.49,0.58,0.00||14.74,0.93,2.14,35.35,0.77||4.57,1.69,3.89||0.11,0.35,0.74,0.85,1.50,0.13||
2.84,17.82,11.82,4.44,5.97,4.91,2.87||0.00,0.00,0.00,0.03,0.04,0.04||3.08,7.76,0.83,22.04,17.82,10.54||5.31,0.87,0.85,0.21,0.43||13.75,4.01,2.70,8.62,2.57||0.00,0.00,0.49,0.58,0.00||12.06,0.41,0.83,32.58,0.48||5.12,1.86,4.26||0.14,0.45,1.02,1.07,1.83,0.18||
2.84,17.78,11.80,4.43,5.96,4.90,2.87||0.00,0.00,0.00,0.03,0.04,0.04||3.08,7.76,0.83,22.04,17.82,10.54||5.26,0.87,0.84,0.21,0.43||13.85,4.02,2.75,8.66,2.58||0.00,0.00,0.49,0.58,0.00||9.53,0.16,0.27,29.60,0.27||5.84,2.08,4.74||0.07,0.22,0.41,0.56,1.03,0.08||
2.84,17.81,11.82,4.43,5.97,4.90,2.87||0.00,0.00,0.00,0.03,0.04,0.04||3.08,7.76,0.83,22.04,17.82,10.54||5.20,0.86,0.82,0.21,0.43||13.68,4.00,2.68,8.59,2.56||0.00,0.00,0.49,0.58,0.00||9.39,0.15,0.25,29.41,0.26||6.17,2.18,4.95||0.12,0.39,0.84,0.94,1.63,0.15||
2.84,17.77,11.80,4.43,5.95,4.90,2.87||0.00,0.00,0.00,0.03,0.04,0.04||3.08,7.76,0.83,22.04,17.82,10.54||5.16,0.86,0.81,0.21,0.43||13.65,4.00,2.66,8.58,2.56||0.00,0.00,0.49,0.58,0.00||10.71,0.26,0.48,31.04,0.36||5.37,1.94,4.43||0.08,0.25,0.49,0.63,1.16,0.09||
2.82,17.59,11.70,4.39,5.90,4.86,2.85||0.00,0.00,0.00,0.03,0.04,0.04||3.08,7.76,0.83,22.04,17.82,10.54||5.09,0.85,0.79,0.20,0.42||13.45,3.97,2.58,8.50,2.55||0.00,0.00,0.49,0.58,0.00||8.52,0.10,0.16,28.28,0.21||6.61,2.31,5.24||0.18,0.55,1.31,1.29,2.15,0.22||
2.81,17.56,11.69,4.38,5.89,4.85,2.84||0.00,0.00,0.00,0.03,0.04,0.04||3.05,7.74,0.82,21.96,17.78,10.48||5.06,0.85,0.79,0.20,0.42||13.51,3.98,2.60,8.52,2.55||0.00,0.00,0.49,0.58,0.00||17.35,1.79,4.63,37.79,1.13||7.10,2.46,5.54||0.33,0.99,2.69,2.18,3.38,0.41||
2.81,17.55,11.68,4.38,5.89,4.85,2.84||0.00,0.00,0.00,0.03,0.04,0.04||3.02,7.72,0.80,21.85,17.74,10.40||5.05,0.85,0.79,0.20,0.42||13.52,3.98,2.61,8.53,2.55||0.00,0.00,0.49,0.58,0.00||15.00,0.99,2.33,35.61,0.80||4.84,1.78,4.07||0.22,0.68,1.68,1.55,2.52,0.27||
2.81,17.55,11.68,4.38,5.89,4.85,2.84||0.00,0.00,0.00,0.03,0.04,0.04||2.96,7.69,0.78,21.66,17.65,10.25||5.04,0.85,0.78,0.20,0.42||13.43,3.97,2.57,8.49,2.54||0.00,0.00,0.49,0.58,0.00||15.59,1.16,2.79,36.17,0.88||5.02,1.83,4.19||0.05,0.18,0.33,0.48,0.91,0.07||
2.81,17.55,11.68,4.38,5.89,4.85,2.84||0.00,0.00,0.00,0.03,0.04,0.04||2.92,7.67,0.76,21.54,17.60,10.16||4.97,0.84,0.77,0.20,0.42||13.60,3.99,2.64,8.56,2.56||0.00,0.00,0.49,0.58,0.00||18.81,2.47,6.77,39.05,1.37||6.30,2.22,5.04||0.54,1.55,4.74,3.29,4.84,0.67||
2.81,17.55,11.68,4.38,5.89,4.85,2.84||0.00,0.00,0.00,0.03,0.04,0.04||2.91,7.66,0.76,21.51,17.58,10.14||4.96,0.84,0.76,0.20,0.42||13.54,3.98,2.62,8.53,2.55||0.00,0.00,0.49,0.58,0.00||19.07,2.61,7.23,39.27,1.42||5.11,1.86,4.26||0.75,2.11,6.93,4.33,6.15,0.93||
2.81,17.55,11.68,4.38,5.89,4.85,2.84||0.00,0.00,0.00,0.03,0.04,0.04||2.91,7.66,0.76,21.51,17.58,10.14||4.96,0.84,0.76,0.20,0.42||13.34,3.96,2.53,8.46,2.54||0.00,0.00,0.49,0.58,0.00||15.98,1.28,3.14,36.54,0.93||5.33,1.93,4.40||0.33,1.00,2.73,2.20,3.42,0.41||
2.81,17.55,11.68,4.38,5.89,4.85,2.84||0.00,0.00,0.00,0.03,0.04,0.04||2.91,7.66,0.76,21.51,17.58,10.14||4.96,0.84,0.76,0.20,0.42||13.48,3.98,2.59,8.51,2.55||0.00,0.00,0.48,0.58,0.00||12.85,0.53,1.12,33.43,0.56||4.84,1.77,4.07||0.29,0.88,2.32,1.96,3.09,0.36||
2.81,17.55,11.68,4.38,5.89,4.85,2.84||0.00,0.00,0.00,0.03,0.04,0.04||2.91,7.66,0.76,21.51,17.58,10.14||4.90,0.83,0.75,0.20,0.41||13.23,3.95,2.49,8.41,2.53||0.00,0.00,0.48,0.58,0.00||17.98,2.06,5.47,38.34,1.23||4.36,1.62,3.74||0.21,0.63,1.55,1.46,2.40,0.25||
2.81,17.55,11.68,4.38,5.89,4.85,2.84||0.00,0.00,0.00,0.03,0.04,0.04||2.91,7.66,0.76,21.51,17.58,10.14||4.87,0.83,0.74,0.19,0.41||13.46,3.97,2.58,8.50,2.55||0.00,0.00,0.48,0.58,0.00||16.80,1.57,3.97,37.29,1.05||5.51,1.98,4.52||0.18,0.56,1.34,1.32,2.18,0.22||
2.81,17.55,11.68,4.38,5.89,4.85,2.84||0.00,0.00,0.00,0.03,0.04,0.04||2.91,7.66,0.76,21.51,17.58,10.14||4.87,0.83,0.74,0.19,0.41||13.51,3.98,2.60,8.52,2.55||0.00,0.00,0.48,0.58,0.00||14.20,0.80,1.80,34.82,0.70||5.48,1.97,4.50||3.34,8.58,39.66,15.36,18.50,4.24||
2.81,17.55,11.68,4.38,5.89,4.85,2.84||0.00,0.00,0.00,0.03,0.04,0.04||2.91,7.66,0.76,21.51,17.58,10.14||4.86,0.83,0.74,0.19,0.41||13.42,3.97,2.57,8.49,2.54||0.00,0.00,0.48,0.58,0.00||16.14,1.33,3.29,36.69,0.95||5.48,1.97,4.50||0.55,1.59,4.87,3.35,4.92,0.68||
2.81,17.55,11.68,4.38,5.89,4.85,2.84||0.00,0.00,0.00,0.03,0.04,0.04||2.91,7.66,0.76,21.51,17.58,10.14||4.82,0.83,0.73,0.19,0.41||13.31,3.96,2.53,8.45,2.54||0.00,0.00,0.48,0.58,0.00||17.26,1.75,4.51,37.70,1.12||5.90,2.10,4.78||0.16,0.50,1.16,1.19,1.99,0.20||
2.81,17.55,11.68,4.38,5.89,4.85,2.84||0.00,0.00,0.00,0.03,0.04,0.04||2.91,7.66,0.76,21.51,17.58,10.14||4.78,0.82,0.72,0.19,0.41||13.29,3.95,2.52,8.44,2.53||0.00,0.00,0.48,0.58,0.00||14.09,0.77,1.73,34.71,0.69||4.81,1.77,4.05||0.06,0.19,0.35,0.49,0.93,0.07||
2.80,17.46,11.64,4.36,5.86,4.83,2.83||0.00,0.00,0.00,0.03,0.03,0.04||2.88,7.65,0.75,21.42,17.54,10.07||4.77,0.82,0.72,0.19,0.41||13.29,3.95,2.51,8.44,2.53||0.00,0.00,0.48,0.58,0.00||18.59,2.35,6.40,38.86,1.33||6.00,2.13,4.84||0.08,0.26,0.52,0.67,1.21,0.10||
2.80,17.44,11.63,4.35,5.86,4.83,2.83||0.00,0.00,0.00,0.03,0.03,0.04||2.85,7.63,0.74,21.32,17.50,9.99||4.77,0.82,0.72,0.19,0.41||13.29,3.95,2.51,8.44,2.53||0.00,0.00,0.48,0.58,0.00||19.09,2.62,7.27,39.29,1.42||6.13,2.17,4.93||0.08,0.25,0.50,0.64,1.17,0.09||
2.79,17.36,11.58,4.33,5.83,4.81,2.82||0.00,0.00,0.00,0.03,0.03,0.04||2.90,7.65,0.76,21.47,17.57,10.11||4.77,0.82,0.72,0.19,0.41||13.19,3.94,2.48,8.40,2.53||0.00,0.00,0.48,0.58,0.00||10.81,0.27,0.50,31.16,0.37||7.88,2.69,6.03||0.15,0.48,1.09,1.13,1.91,0.19||
2.80,17.47,11.64,4.36,5.86,4.84,2.83||0.00,0.00,0.00,0.03,0.03,0.04||2.80,7.60,0.72,21.16,17.43,9.88||4.77,0.82,0.72,0.19,0.41||13.18,3.94,2.47,8.39,2.52||0.00,0.00,0.48,0.58,0.00||11.53,0.34,0.67,31.98,0.43||6.25,2.21,5.01||0.20,0.60,1.46,1.40,2.31,0.24||
2.78,17.32,11.56,4.32,5.82,4.81,2.81||0.00,0.00,0.00,0.03,0.03,0.04||2.78,7.59,0.71,21.10,17.40,9.83||4.77,0.82,0.72,0.19,0.41||13.08,3.93,2.43,8.35,2.52||0.00,0.00,0.48,0.58,0.00||12.74,0.52,1.08,33.32,0.55||4.74,1.74,4.00||0.24,0.72,1.82,1.64,2.64,0.29||
2.79,17.33,11.57,4.33,5.82,4.81,2.82||0.00,0.00,0.00,0.03,0.03,0.04||2.78,7.59,0.71,21.09,17.40,9.82||4.74,0.82,0.71,0.19,0.41||13.06,3.93,2.42,8.35,2.52||0.00,0.00,0.48,0.58,0.00||16.60,1.49,3.76,37.11,1.02||6.36,2.24,5.08||0.21,0.63,1.55,1.46,2.39,0.25||
2.78,17.29,11.55,4.32,5.81,4.80,2.81||0.00,0.00,0.00,0.03,0.03,0.04||2.75,7.57,0.70,21.01,17.36,9.76||4.69,0.81,0.70,0.19,0.41||12.87,3.90,2.35,8.27,2.50||0.00,0.00,0.48,0.58,0.00||16.33,1.40,3.48,36.87,0.98||4.49,1.67,3.84||0.35,1.03,2.85,2.27,3.51,0.43||
2.79,17.32,11.56,4.33,5.82,4.81,2.82||0.00,0.00,0.00,0.03,0.03,0.04||2.75,7.57,0.70,20.99,17.35,9.75||4.68,0.81,0.70,0.19,0.40||12.93,3.91,2.37,8.29,2.51||0.00,0.00,0.48,0.58,0.00||20.18,3.28,9.43,40.19,1.62||3.71,1.42,3.29||0.59,1.70,5.31,3.57,5.20,0.74||
2.78,17.29,11.55,4.32,5.81,4.80,2.81||0.00,0.00,0.00,0.03,0.03,0.04||2.74,7.57,0.70,20.99,17.35,9.74||4.68,0.81,0.70,0.19,0.40||12.94,3.91,2.38,8.30,2.51||0.00,0.00,0.48,0.58,0.00||16.39,1.42,3.53,36.92,0.99||5.58,2.00,4.57||0.47,1.36,4.02,2.92,4.36,0.58||
2.78,17.28,11.54,4.32,5.81,4.80,2.81||0.00,0.00,0.00,0.03,0.03,0.04||2.74,7.57,0.70,20.98,17.35,9.74||4.68,0.81,0.70,0.19,0.40||12.94,3.91,2.38,8.30,2.51||0.00,0.00,0.49,0.58,0.00||19.07,2.61,7.23,39.27,1.42||4.91,1.80,4.12||0.15,0.47,1.06,1.11,1.89,0.18||
2.78,17.28,11.54,4.32,5.81,4.80,2.81||0.00,0.00,0.00,0.03,0.03,0.04||2.74,7.57,0.70,20.98,17.35,9.74||4.68,0.81,0.70,0.19,0.40||13.03,3.92,2.41,8.34,2.51||0.00,0.00,0.49,0.58,0.00||11.91,0.39,0.78,32.41,0.46||6.06,2.15,4.88||3.21,8.27,37.86,14.85,17.97,4.08||
2.78,17.28,11.54,4.32,5.81,4.80,2.81||0.00,0.00,0.00,0.03,0.03,0.04||2.74,7.57,0.70,20.98,17.35,9.74||4.68,0.81,0.70,0.19,0.40||12.96,3.91,2.39,8.31,2.51||0.00,0.00,0.49,0.58,0.00||13.23,0.60,1.29,33.83,0.60||4.37,1.63,3.75||0.14,0.44,0.99,1.05,1.80,0.17||
2.78,17.28,11.54,4.32,5.81,4.80,2.81||0.00,0.00,0.00,0.03,0.03,0.04||2.74,7.57,0.70,20.98,17.35,9.74||4.68,0.81,0.70,0.19,0.40||12.95,3.91,2.38,8.30,2.51||0.00,0.00,0.49,0.58,0.00||11.85,0.39,0.77,32.35,0.46||4.86,1.78,4.09||0.73,2.06,6.71,4.23,6.03,0.90||
2.78,17.28,11.54,4.32,5.81,4.80,2.81||0.00,0.00,0.00,0.03,0.03,0.04||2.74,7.57,0.70,20.98,17.35,9.74||4.68,0.81,0.70,0.19,0.40||12.85,3.90,2.34,8.26,2.50||0.00,0.00,0.49,0.58,0.00||19.22,2.69,7.50,39.39,1.44||4.84,1.77,4.07||0.09,0.29,0.58,0.72,1.29,0.11||
2.78,17.28,11.54,4.32,5.81,4.80,2.81||0.00,0.00,0.00,0.03,0.03,0.04||2.74,7.57,0.70,20.98,17.35,9.74||4.68,0.81,0.70,0.19,0.40||12.74,3.89,2.30,8.22,2.49||0.00,0.00,0.49,0.58,0.00||13.28,0.61,1.31,33.88,0.60||4.80,1.76,4.04||1.24,3.39,12.49,6.64,8.92,1.55||
2.78,17.28,11.54,4.32,5.81,4.80,2.81||0.00,0.00,0.00,0.03,0.03,0.04||2.74,7.57,0.70,20.98,17.35,9.74||4.67,0.81,0.69,0.19,0.40||12.90,3.91,2.36,8.28,2.50||0.00,0.00,0.49,0.58,0.00||17.09,1.68,4.30,37.55,1.09||6.15,2.18,4.94||0.15,0.47,1.07,1.12,1.89,0.18||
2.78,17.28,11.54,4.32,5.81,4.80,2.81||0.00,0.00,0.00,0.03,0.03,0.04||2.74,7.57,0.70,20.98,17.35,9.74||4.62,0.81,0.68,0.19,0.40||12.84,3.90,2.34,8.26,2.50||0.00,0.00,0.49,0.58,0.00||11.60,0.35,0.69,32.06,0.44||5.52,1.99,4.53||0.29,0.87,2.29,1.94,3.06,0.36||
2.78,17.28,11.54,4.32,5.81,4.80,2.81||0.00,0.00,0.00,0.03,0.03,0.04||2.74,7.57,0.70,20.98,17.35,9.74||4.60,0.80,0.68,0.19,0.40||13.01,3.92,2.41,8.33,2.51||0.00,0.00,0.49,0.58,0.00||13.50,0.65,1.42,34.11,0.63||5.64,2.02,4.61||0.44,1.28,3.74,2.77,4.17,0.54||
2.78,17.28,11.54,4.32,5.81,4.80,2.81||0.00,0.00,0.00,0.03,0.03,0.04||2.74,7.57,0.70,20.98,17.35,9.74||4.61,0.81,0.68,0.19,0.40||12.87,3.90,2.35,8.27,2.50||0.00,0.00,0.49,0.58,0.00||15.70,1.19,2.89,36.28,0.89||5.85,2.08,4.74||0.35,1.04,2.88,2.29,3.53,0.43||
2.78,17.24,11.52,4.31,5.79,4.79,2.81||0.00,0.00,0.00,0.03,0.03,0.04||2.74,7.57,0.70,20.98,17.35,9.74||4.60,0.80,0.68,0.18,0.40||12.93,3.91,2.37,8.29,2.51||0.00,0.00,0.49,0.58,0.00||13.92,0.74,1.64,34.54,0.67||4.67,1.72,3.96||0.47,1.38,4.10,2.96,4.42,0.59||
2.78,17.27,11.54,4.31,5.80,4.80,2.81||0.00,0.00,0.00,0.03,0.03,0.04||2.74,7.57,0.70,20.98,17.35,9.74||4.59,0.80,0.68,0.18,0.40||12.94,3.91,2.38,8.30,2.51||0.00,0.00,0.49,0.58,0.00||26.95,10.50,36.98,45.22,3.21||4.60,1.70,3.91||0.11,0.34,0.72,0.84,1.48,0.13||
2.78,17.28,11.54,4.32,5.81,4.80,2.81||0.00,0.00,0.00,0.03,0.03,0.04||2.74,7.57,0.70,20.98,17.35,9.74||4.59,0.80,0.68,0.18,0.40||12.94,3.91,2.38,8.30,2.51||0.00,0.00,0.49,0.58,0.00||11.16,0.30,0.58,31.57,0.40||5.52,1.98,4.53||2.97,7.69,34.57,13.90,16.97,3.77||
2.78,17.28,11.54,4.32,5.81,4.80,2.81||0.00,0.00,0.00,0.03,0.03,0.04||2.74,7.57,0.70,20.98,17.35,9.74||4.59,0.80,0.68,0.18,0.40||13.03,3.92,2.41,8.34,2.51||0.00,0.00,0.49,0.58,0.00||16.82,1.58,4.00,37.32,1.05||5.93,2.11,4.80||0.06,0.20,0.36,0.51,0.96,0.07||
2.77,17.20,11.50,4.30,5.78,4.78,2.80||0.00,0.00,0.00,0.03,0.03,0.04||2.74,7.57,0.70,20.98,17.35,9.74||4.59,0.80,0.68,0.18,0.40||13.05,3.92,2.42,8.34,2.52||0.00,0.00,0.48,0.58,0.00||15.56,1.15,2.77,36.14,0.87||6.04,2.14,4.87||0.16,0.50,1.17,1.19,2.00,0.20||
2.77,17.18,11.49,4.29,5.78,4.78,2.80||0.00,0.00,0.00,0.03,0.03,0.04||2.64,7.51,0.66,20.66,17.20,9.50||4.59,0.80,0.68,0.18,0.40||12.87,3.90,2.35,8.27,2.50||0.00,0.00,0.48,0.58,0.00||24.61,7.29,24.10,43.58,2.59||7.44,2.56,5.76||0.08,0.26,0.51,0.66,1.19,0.10||
2.77,17.22,11.51,4.30,5.79,4.79,2.80||0.00,0.00,0.00,0.03,0.03,0.04||2.60,7.48,0.64,20.51,17.13,9.39||4.59,0.80,0.68,0.18,0.40||12.93,3.91,2.37,8.29,2.51||0.00,0.00,0.48,0.58,0.00||12.99,0.56,1.18,33.58,0.57||6.10,2.16,4.91||0.45,1.31,3.83,2.81,4.23,0.56||
2.77,17.18,11.49,4.29,5.78,4.78,2.80||0.00,0.00,0.00,0.03,0.03,0.03||2.62,7.49,0.65,20.56,17.16,9.43||4.59,0.80,0.68,0.18,0.40||12.94,3.91,2.38,8.30,2.51||0.00,0.00,0.48,0.58,0.00||14.22,0.80,1.81,34.84,0.71||4.98,1.82,4.17||1.58,4.25,16.57,8.15,10.67,1.99||
2.77,17.22,11.51,4.30,5.79,4.79,2.80||0.00,0.00,0.00,0.03,0.03,0.03||2.62,7.49,0.65,20.57,17.16,9.44||4.59,0.80,0.68,0.18,0.40||12.85,3.90,2.34,8.26,2.50||0.00,0.00,0.48,0.58,0.00||12.06,0.41,0.83,32.57,0.48||4.71,1.74,3.99||0.10,0.31,0.65,0.77,1.38,0.12||
2.77,17.18,11.49,4.29,5.78,4.78,2.80||0.00,0.00,0.00,0.03,0.03,0.04||2.59,7.48,0.64,20.49,17.12,9.38||4.59,0.80,0.68,0.18,0.40||13.10,3.93,2.44,8.36,2.52||0.00,0.00,0.48,0.58,0.00||11.24,0.31,0.60,31.65,0.41||5.58,2.00,4.57||0.10,0.32,0.66,0.78,1.39,0.12||
2.78,17.26,11.53,4.31,5.80,4.79,2.81||0.00,0.00,0.00,0.03,0.03,0.04||2.64,7.51,0.66,20.64,17.19,9.49||4.58,0.80,0.67,0.18,0.40||12.79,3.89,2.32,8.24,2.50||0.00,0.00,0.48,0.58,0.00||13.82,0.72,1.58,34.44,0.66||4.88,1.79,4.10||0.47,1.37,4.04,2.93,4.37,0.58||
2.76,17.11,11.45,4.28,5.76,4.76,2.79||0.00,0.00,0.00,0.03,0.03,0.03||2.60,7.48,0.64,20.51,17.13,9.39||4.56,0.80,0.67,0.18,0.40||12.91,3.91,2.37,8.29,2.50||0.00,0.00,0.48,0.58,0.00||8.16,0.09,0.13,27.78,0.19||4.47,1.66,3.82||0.06,0.19,0.35,0.49,0.93,0.07||
2.77,17.20,11.50,4.30,5.78,4.78,2.80||0.00,0.00,0.00,0.03,0.03,0.03||2.59,7.48,0.64,20.48,17.12,9.37||4.53,0.80,0.66,0.18,0.40||12.85,3.90,2.34,8.26,2.50||0.00,0.00,0.48,0.58,0.00||15.04,1.00,2.36,35.64,0.81||4.12,1.55,3.58||0.04,0.13,0.21,0.34,0.67,0.04||
2.77,17.18,11.49,4.29,5.78,4.78,2.80||0.00,0.00,0.00,0.03,0.03,0.03||2.59,7.48,0.64,20.47,17.12,9.37||4.54,0.80,0.66,0.18,0.40||12.74,3.89,2.30,8.22,2.49||0.00,0.00,0.48,0.58,0.00||19.70,2.98,8.43,39.80,1.53||5.89,2.10,4.77||0.39,1.15,3.27,2.51,3.83,0.48||
2.76,17.13,11.46,4.28,5.76,4.77,2.79||0.00,0.00,0.00,0.03,0.03,0.03||2.59,7.48,0.64,20.47,17.12,9.36||4.51,0.80,0.66,0.18,0.40||12.72,3.88,2.29,8.21,2.49||0.00,0.00,0.48,0.58,0.00||12.32,0.45,0.92,32.86,0.50||6.20,2.19,4.97||0.34,1.00,2.75,2.22,3.44,0.42||
2.77,17.17,11.48,4.29,5.77,4.78,2.80||0.00,0.00,0.00,0.03,0.03,0.03||2.59,7.48,0.64,20.47,17.11,9.36||4.51,0.80,0.66,0.18,0.40||12.45,3.85,2.19,8.10,2.47||0.00,0.00,0.48,0.58,0.00||12.50,0.48,0.98,33.06,0.52||4.38,1.63,3.76||0.43,1.27,3.68,2.74,4.13,0.54||
2.76,17.09,11.44,4.27,5.75,4.76,2.79||0.00,0.00,0.00,0.03,0.03,0.03||2.59,7.48,0.64,20.47,17.11,9.36||4.51,0.80,0.66,0.18,0.40||12.66,3.88,2.27,8.19,2.49||0.00,0.00,0.48,0.58,0.00||13.95,0.74,1.65,34.57,0.68||4.51,1.67,3.85||0.07,0.22,0.43,0.57,1.06,0.08||
2.75,17.03,11.41,4.26,5.73,4.75,2.78||0.00,0.00,0.00,0.03,0.03,0.03||2.59,7.48,0.64,20.47,17.11,9.36||4.51,0.80,0.66,0.18,0.40||12.70,3.88,2.29,8.21,2.49||0.00,0.00,0.48,0.58,0.00||15.23,1.06,2.50,35.83,0.83||5.66,2.03,4.62||0.68,1.95,6.28,4.03,5.78,0.85||
2.75,17.02,11.40,4.26,5.73,4.75,2.78||0.00,0.00,0.00,0.03,0.03,0.03||2.59,7.48,0.64,20.47,17.11,9.36||4.51,0.80,0.66,0.18,0.40||12.89,3.90,2.36,8.28,2.50||0.00,0.00,0.48,0.58,0.00||14.07,0.77,1.72,34.69,0.69||5.03,1.84,4.20||0.34,1.00,2.75,2.22,3.44,0.42||
2.75,17.02,11.40,4.26,5.73,4.75,2.78||0.00,0.00,0.00,0.03,0.03,0.03||2.59,7.48,0.64,20.47,17.11,9.36||4.51,0.80,0.66,0.18,0.40||12.75,3.89,2.30,8.22,2.49||0.00,0.00,0.48,0.58,0.00||20.86,3.75,11.05,40.74,1.75||6.17,2.18,4.95||0.09,0.28,0.56,0.70,1.26,0.11||
2.75,17.02,11.40,4.26,5.73,4.75,2.78||0.00,0.00,0.00,0.03,0.03,0.03||2.59,7.48,0.64,20.47,17.11,9.36||4.51,0.80,0.66,0.18,0.40||12.72,3.88,2.29,8.21,2.49||0.00,0.00,0.48,0.58,0.00||24.00,6.58,21.40,43.13,2.44||5.15,1.87,4.28||1.00,2.77,9.73,5.54,7.62,1.25||
2.75,17.02,11.40,4.26,5.73,4.75,2.78||0.00,0.00,0.00,0.03,0.03,0.03||2.59,7.48,0.64,20.47,17.11,9.36||4.51,0.80,0.66,0.18,0.40||12.72,3.88,2.29,8.21,2.49||0.00,0.00,0.48,0.58,0.00||12.53,0.48,1.00,33.09,0.52||5.70,2.04,4.64||0.16,0.49,1.12,1.16,1.95,0.19||
2.76,17.10,11.45,4.28,5.75,4.76,2.79||0.00,0.00,0.00,0.03,0.03,0.03||2.59,7.48,0.64,20.47,17.11,9.36||4.51,0.80,0.66,0.18,0.40||12.72,3.88,2.29,8.21,2.49||0.00,0.00,0.48,0.58,0.00||17.56,1.87,4.89,37.97,1.16||5.35,1.93,4.41||0.79,2.23,7.44,4.56,6.43,0.99||
2.75,17.03,11.41,4.26,5.73,4.75,2.78||0.00,0.00,0.00,0.03,0.03,0.03||2.59,7.48,0.64,20.47,17.11,9.36||4.51,0.80,0.66,0.18,0.40||12.81,3.89,2.33,8.25,2.50||0.00,0.00,0.48,0.58,0.00||9.62,0.17,0.29,29.70,0.28||4.66,1.72,3.95||0.09,0.29,0.59,0.73,1.31,0.11||
2.75,17.02,11.40,4.26,5.73,4.75,2.78||0.00,0.00,0.00,0.03,0.03,0.03||2.59,7.48,0.64,20.47,17.11,9.36||4.51,0.80,0.66,0.18,0.40||12.82,3.90,2.33,8.25,2.50||0.00,0.00,0.48,0.58,0.00||13.74,0.70,1.54,34.36,0.65||6.27,2.21,5.02||11.84,27.98,172.40,44.60,46.76,15.23||
2.75,17.02,11.40,4.26,5.73,4.75,2.78||0.00,0.00,0.00,0.03,0.03,0.03||2.59,7.48,0.64,20.47,17.11,9.36||4.51,0.80,0.66,0.18,0.40||12.65,3.87,2.27,8.18,2.48||0.00,0.00,0.48,0.57,0.00||17.32,1.77,4.59,37.76,1.13||5.15,1.87,4.28||0.04,0.14,0.23,0.37,0.73,0.05||
2.75,17.02,11.40,4.26,5.73,4.75,2.78||0.00,0.00,0.00,0.03,0.03,0.03||2.59,7.48,0.64,20.47,17.11,9.36||4.51,0.80,0.66,0.18,0.40||12.70,3.88,2.29,8.20,2.49||0.00,0.00,0.48,0.58,0.00||16.48,1.45,3.63,37.00,1.00||4.15,1.56,3.60||0.69,1.96,6.31,4.05,5.80,0.86||
2.75,17.02,11.40,4.26,5.73,4.75,2.78||0.00,0.00,0.00,0.03,0.03,0.03||2.59,7.48,0.64,20.47,17.11,9.36||4.51,0.80,0.66,0.18,0.40||12.45,3.85,2.19,8.10,2.47||0.00,0.00,0.48,0.57,0.00||16.20,1.35,3.34,36.74,0.96||5.86,2.09,4.75||0.78,2.21,7.35,4.52,6.39,0.98||
2.75,17.02,11.40,4.26,5.73,4.75,2.78||0.00,0.00,0.00,0.03,0.03,0.03||2.59,7.48,0.64,20.47,17.11,9.36||4.51,0.80,0.66,0.18,0.40||12.66,3.88,2.27,8.19,2.49||0.00,0.00,0.48,0.57,0.00||16.06,1.31,3.22,36.62,0.94||5.41,1.95,4.45||0.10,0.33,0.70,0.82,1.45,0.13||
2.75,17.02,11.40,4.26,5.73,4.75,2.78||0.00,0.00,0.00,0.03,0.03,0.03||2.59,7.48,0.64,20.47,17.11,9.36||4.51,0.80,0.66,0.18,0.40||12.70,3.88,2.29,8.21,2.49||0.00,0.00,0.48,0.57,0.00||11.33,0.32,0.62,31.76,0.41||6.50,2.28,5.16||0.71,2.03,6.60,4.18,5.97,0.89||
2.75,17.02,11.40,4.26,5.73,4.75,2.78||0.00,0.00,0.00,0.03,0.03,0.03||2.59,7.48,0.64,20.47,17.11,9.36||4.51,0.80,0.66,0.18,0.40||12.89,3.90,2.36,8.28,2.50||0.00,0.00,0.48,0.57,0.00||18.77,2.45,6.71,39.02,1.36||4.75,1.75,4.01||0.53,1.55,4.71,3.27,4.82,0.67||
2.75,17.02,11.40,4.26,5.73,4.75,2.78||0.00,0.00,0.00,0.03,0.03,0.03||2.54,7.45,0.62,20.31,17.04,9.25||4.51,0.80,0.66,0.18,0.40||12.93,3.91,2.37,8.30,2.51||0.00,0.00,0.48,0.57,0.00||13.62,0.67,1.48,34.24,0.64||5.32,1.92,4.39||0.61,1.75,5.49,3.66,5.31,0.76||
2.75,17.02,11.40,4.26,5.73,4.75,2.78||0.00,0.00,0.00,0.03,0.03,0.03||2.51,7.43,0.61,20.20,16.99,9.16||4.51,0.80,0.66,0.18,0.40||12.67,3.88,2.27,8.19,2.49||0.00,0.00,0.48,0.57,0.00||13.43,0.64,1.38,34.04,0.62||5.45,1.96,4.48||0.13,0.42,0.94,1.02,1.75,0.16||
2.75,17.02,11.40,4.26,5.73,4.75,2.78||0.00,0.00,0.00,0.03,0.03,0.03||2.52,7.44,0.62,20.26,17.02,9.21||4.51,0.80,0.66,0.18,0.40||12.62,3.87,2.25,8.17,2.48||0.00,0.00,0.48,0.57,0.00||17.47,1.83,4.77,37.89,1.15||5.38,1.94,4.44||0.12,0.38,0.83,0.93,1.62,0.15||
2.75,17.02,11.40,4.26,5.73,4.75,2.78||0.00,0.00,0.00,0.03,0.03,0.03||2.50,7.42,0.61,20.19,16.98,9.16||4.51,0.80,0.66,0.18,0.40||12.70,3.88,2.28,8.20,2.49||0.00,0.00,0.48,0.57,0.00||18.06,2.10,5.59,38.41,1.24||4.84,1.78,4.07||1.15,3.16,11.44,6.23,8.44,1.44||
2.75,17.02,11.40,4.26,5.73,4.75,2.78||0.00,0.00,0.00,0.03,0.03,0.03||2.50,7.42,0.61,20.18,16.98,9.15||4.51,0.80,0.66,0.18,0.40||12.53,3.86,2.22,8.14,2.48||0.00,0.00,0.48,0.57,0.00||18.31,2.22,5.96,38.62,1.29||4.99,1.82,4.17||0.31,0.92,2.48,2.06,3.22,0.38||
2.75,17.02,11.40,4.26,5.73,4.75,2.78||0.00,0.00,0.00,0.03,0.03,0.03||2.48,7.41,0.60,20.09,16.94,9.09||4.51,0.80,0.66,0.18,0.40||12.59,3.87,2.24,8.16,2.48||0.00,0.00,0.48,0.57,0.00||11.27,0.31,0.60,31.69,0.41||5.36,1.93,4.42||1.26,3.45,12.75,6.74,9.04,1.58||
2.75,17.02,11.40,4.26,5.73,4.75,2.78||0.00,0.00,0.00,0.03,0.03,0.03||2.47,7.40,0.60,20.08,16.93,9.07||4.51,0.80,0.66,0.18,0.40||12.69,3.88,2.28,8.20,2.49||0.00,0.00,0.48,0.57,0.00||22.39,4.98,15.43,41.93,2.07||6.40,2.25,5.10||0.05,0.17,0.30,0.45,0.85,0.06||
2.75,17.02,11.40,4.26,5.73,4.75,2.78||0.00,0.00,0.00,0.03,0.03,0.03||2.45,7.39,0.59,19.99,16.90,9.02||4.51,0.80,0.66,0.18,0.40||12.44,3.85,2.19,8.10,2.47||0.00,0.00,0.48,0.57,0.00||14.21,0.80,1.81,34.84,0.71||5.76,2.06,4.69||3.56,9.11,42.70,16.20,19.38,4.53||
