4.58,34.68,19.94,8.08,10.79,7.89,4.68||0.00,0.00,0.00,0.08,0.09,0.08||60.86,14.55,69.40,78.10,35.56,80.25||12.91,1.43,3.37,0.47,0.70||54.43,7.09,49.64,20.15,4.41||0.02,0.05,0.70,0.80,0.01||16.39,1.43,3.53,36.92,0.99||10.11,3.32,7.37||1.56,4.21,16.34,8.09,10.57,1.96||
3.10,20.13,13.01,4.95,6.65,5.35,3.14||0.00,0.00,0.00,0.04,0.04,0.04||5.16,8.65,1.77,27.43,20.08,14.98||5.55,0.89,0.91,0.22,0.44||17.93,4.48,4.74,10.15,2.85||0.00,0.01,0.53,0.63,0.00||21.49,4.22,12.70,41.23,1.88||11.38,3.68,8.11||0.23,0.70,1.76,1.62,2.59,0.28||
2.89,18.25,12.05,4.53,6.10,4.99,2.92||0.00,0.00,0.00,0.04,0.04,0.04||3.35,7.89,0.94,22.83,18.16,11.15||4.77,0.84,0.72,0.19,0.41||14.92,4.15,3.21,9.06,2.65||0.00,0.01,0.50,0.62,0.00||32.54,22.40,89.98,48.83,5.01||14.35,4.47,9.77||0.19,0.59,1.43,1.38,2.28,0.24||
2.85,17.91,11.87,4.46,5.99,4.92,2.88||0.00,0.00,0.00,0.03,0.04,0.04||3.10,7.77,0.84,22.11,17.85,10.59||4.63,0.81,0.68,0.19,0.40||14.05,4.05,2.83,8.73,2.59||0.00,0.00,0.50,0.59,0.00||22.36,4.95,15.30,41.90,2.06||12.30,3.93,8.63||0.02,0.08,0.12,0.23,0.47,0.03||
2.84,17.84,11.83,4.44,5.97,4.91,2.88||0.00,0.00,0.00,0.03,0.04,0.04||3.03,7.73,0.81,21.88,17.75,10.43||4.62,0.80,0.68,0.19,0.40||13.89,4.03,2.76,8.68,2.58||0.00,0.00,0.50,0.59,0.00||28.44,13.04,47.68,46.23,3.65||10.97,3.56,7.87||0.06,0.19,0.34,0.48,0.92,0.09||
2.84,17.84,11.84,4.44,5.97,4.91,2.87||0.00,0.00,0.00,0.03,0.04,0.04||2.98,7.70,0.79,21.74,17.69,10.31||4.62,0.80,0.68,0.18,0.40||13.96,4.04,2.79,8.70,2.58||0.00,0.00,0.50,0.59,0.00||27.25,10.98,38.97,45.43,3.30||11.34,3.67,8.08||0.18,0.57,1.37,1.34,2.21,0.23||
2.84,17.84,11.84,4.44,5.97,4.91,2.87||0.00,0.00,0.00,0.03,0.04,0.04||3.00,7.71,0.80,21.80,17.71,10.36||4.59,0.80,0.68,0.18,0.40||13.98,4.04,2.80,8.71,2.58||0.00,0.00,0.50,0.59,0.00||42.94,68.35,333.04,54.68,9.67||9.38,3.12,6.94||0.21,0.62,1.50,1.43,2.34,0.25||
2.84,17.84,11.84,4.44,5.97,4.91,2.87||0.00,0.00,0.00,0.03,0.04,0.04||3.01,7.72,0.80,21.84,17.72,10.37||4.59,0.80,0.68,0.18,0.40||14.10,4.05,2.85,8.75,2.59||0.00,0.00,0.50,0.59,0.00||37.00,37.56,164.98,51.46,6.80||12.22,3.90,8.59||38.71,84.68,683.15,121.11,111.49,50.45||
2.84,17.84,11.84,4.44,5.97,4.91,2.87||0.00,0.00,0.00,0.03,0.04,0.04||2.98,7.70,0.79,21.73,17.68,10.30||4.59,0.80,0.68,0.18,0.40||14.01,4.04,2.81,8.72,2.59||0.00,0.00,0.49,0.59,0.00||56.00,198.91,1165.99,60.93,18.11||15.48,4.77,10.38||2.00,5.32,21.88,9.97,12.71,2.53||
2.84,17.84,11.84,4.44,5.97,4.91,2.87||0.00,0.00,0.00,0.03,0.04,0.04||3.00,7.71,0.80,21.80,17.71,10.36||4.59,0.80,0.68,0.18,0.40||14.10,4.05,2.85,8.75,2.59||0.00,0.00,0.49,0.59,0.00||56.62,207.83,1227.55,61.21,18.59||11.96,3.83,8.44||0.12,0.39,0.85,0.95,1.64,0.15||
2.84,17.84,11.84,4.44,5.97,4.91,2.87||0.00,0.00,0.00,0.03,0.04,0.04||3.01,7.72,0.80,21.84,17.72,10.37||4.59,0.80,0.68,0.18,0.40||13.90,4.03,2.76,8.68,2.58||0.00,0.00,0.49,0.59,0.00||37.83,41.04,183.05,51.92,7.16||10.52,3.44,7.61||0.40,1.19,3.41,2.59,3.93,0.50||
2.84,17.84,11.84,4.44,5.97,4.91,2.87||0.00,0.00,0.00,0.03,0.04,0.04||2.98,7.70,0.79,21.73,17.68,10.30||4.59,0.80,0.68,0.18,0.40||14.30,4.08,2.94,8.83,2.61||0.00,0.00,0.49,0.59,0.00||30.73,17.77,68.62,47.70,4.38||8.56,2.88,6.45||0.21,0.64,1.58,1.48,2.43,0.26||
2.84,17.84,11.84,4.44,5.97,4.91,2.87||0.00,0.00,0.00,0.03,0.04,0.04||3.00,7.71,0.80,21.80,17.71,10.36||4.59,0.80,0.68,0.18,0.40||14.16,4.06,2.88,8.77,2.62||0.00,0.00,0.49,0.59,0.00||28.28,12.73,46.39,46.12,3.62||11.69,3.76,8.28||8.64,20.86,119.62,34.21,37.13,11.08||
2.84,17.84,11.84,4.44,5.97,4.91,2.87||0.00,0.00,0.00,0.03,0.04,0.04||3.01,7.72,0.80,21.84,17.72,10.37||4.59,0.80,0.68,0.18,0.40||14.02,4.04,2.84,8.72,2.59||0.00,0.00,0.49,0.59,0.00||24.70,7.39,24.49,43.64,2.61||14.79,4.59,10.01||0.04,0.13,0.22,0.36,0.71,0.05||
2.84,17.84,11.84,4.44,5.97,4.91,2.87||0.00,0.00,0.00,0.03,0.04,0.04||3.04,7.73,0.81,21.91,17.76,10.44||4.61,0.81,0.68,0.19,0.40||14.21,4.09,2.90,8.79,2.62||0.00,0.00,0.49,0.59,0.00||30.71,17.73,68.41,47.69,4.37||11.48,3.70,8.17||0.04,0.15,0.25,0.39,0.76,0.05||
2.84,17.84,11.84,4.44,5.97,4.91,2.87||0.00,0.00,0.00,0.03,0.04,0.04||3.04,7.74,0.81,21.93,17.77,10.45||4.62,0.81,0.68,0.19,0.40||14.37,4.08,2.97,8.85,2.61||0.00,0.00,0.49,0.59,0.00||36.79,36.70,160.62,51.34,6.70||10.96,3.56,7.86||0.10,0.32,0.68,0.79,1.41,0.12||
2.84,17.84,11.84,4.44,5.97,4.91,2.87||0.00,0.00,0.00,0.03,0.04,0.04||2.99,7.70,0.79,21.75,17.69,10.32||4.63,0.81,0.69,0.19,0.40||14.17,4.06,2.88,8.77,2.62||0.00,0.00,0.49,0.59,0.00||33.62,25.53,104.92,49.49,5.43||10.84,3.52,7.77||0.27,0.81,2.11,1.83,2.90,0.34||
2.84,17.84,11.84,4.44,5.97,4.91,2.87||0.00,0.00,0.00,0.03,0.04,0.04||3.00,7.71,0.80,21.81,17.71,10.36||4.68,0.81,0.70,0.19,0.40||14.02,4.04,2.84,8.72,2.59||0.00,0.00,0.49,0.59,0.00||26.63,9.99,34.91,45.00,3.12||10.47,3.43,7.58||0.77,2.19,7.25,4.48,6.34,0.97||
2.84,17.84,11.84,4.44,5.97,4.91,2.87||0.00,0.00,0.00,0.03,0.04,0.04||3.09,7.75,0.84,22.00,17.80,10.51||4.68,0.81,0.69,0.19,0.40||13.99,4.04,2.80,8.71,2.59||0.00,0.00,0.49,0.59,0.00||36.52,35.63,155.09,51.19,6.59||10.54,3.44,7.62||2.37,6.22,26.55,11.48,14.36,2.99||
2.84,17.84,11.84,4.44,5.97,4.91,2.87||0.00,0.00,0.00,0.03,0.04,0.04||3.08,7.75,0.83,22.03,17.84,10.54||4.68,0.81,0.70,0.19,0.40||14.21,4.09,2.90,8.79,2.62||0.00,0.00,0.49,0.59,0.00||31.09,18.59,72.31,47.92,4.49||11.27,3.64,8.05||0.12,0.39,0.86,0.95,1.64,0.15||
2.84,17.84,11.84,4.44,5.97,4.91,2.87||0.00,0.00,0.00,0.03,0.04,0.04||2.99,7.71,0.79,21.77,17.70,10.34||4.68,0.81,0.69,0.19,0.40||13.92,4.03,2.77,8.68,2.58||0.00,0.00,0.49,0.59,0.00||29.69,15.50,58.41,47.04,4.04||13.25,4.18,9.17||0.12,0.39,0.84,0.93,1.62,0.15||
2.84,17.84,11.84,4.44,5.97,4.91,2.87||0.00,0.00,0.00,0.03,0.04,0.04||3.12,7.77,0.85,22.17,17.88,10.64||4.68,0.81,0.70,0.19,0.40||13.97,4.04,2.80,8.70,2.58||0.00,0.00,0.49,0.59,0.00||33.92,26.47,109.43,49.68,5.53||14.81,4.62,10.02||0.84,2.35,7.94,4.77,6.70,1.05||
2.84,17.84,11.84,4.44,5.97,4.91,2.87||0.00,0.00,0.00,0.03,0.04,0.04||3.09,7.76,0.83,22.09,17.83,10.56||4.68,0.81,0.70,0.19,0.40||14.09,4.05,2.85,8.75,2.59||0.00,0.00,0.49,0.59,0.00||36.85,36.94,161.84,51.37,6.73||10.63,3.47,7.68||0.26,0.80,2.09,1.80,2.87,0.34||
2.84,17.84,11.84,4.44,5.97,4.91,2.87||0.00,0.00,0.00,0.03,0.04,0.04||3.05,7.74,0.84,21.96,17.77,10.48||4.68,0.81,0.70,0.19,0.40||14.12,4.05,2.86,8.76,2.59||0.00,0.00,0.49,0.59,0.00||54.06,172.62,987.22,60.06,16.67||10.12,3.32,7.37||0.10,0.32,0.67,0.77,1.39,0.12||
2.84,17.84,11.84,4.44,5.97,4.91,2.87||0.00,0.00,0.00,0.03,0.04,0.04||3.11,7.77,0.84,22.12,17.85,10.62||4.68,0.81,0.70,0.19,0.40||14.01,4.04,2.81,8.72,2.59||0.00,0.00,0.49,0.59,0.00||37.75,40.72,181.40,51.88,7.13||12.79,4.06,8.91||3.13,8.08,36.77,14.53,17.64,3.97||
2.84,17.84,11.84,4.44,5.97,4.91,2.87||0.00,0.00,0.00,0.03,0.04,0.04||3.09,7.76,0.83,22.06,17.83,10.55||4.68,0.81,0.70,0.19,0.40||13.99,4.04,2.80,8.71,2.59||0.00,0.00,0.49,0.59,0.00||36.91,37.16,162.93,51.40,6.75||15.38,4.75,10.34||0.68,1.93,6.22,4.00,5.75,0.85||
2.84,17.84,11.84,4.44,5.97,4.91,2.87||0.00,0.00,0.00,0.03,0.04,0.04||3.08,7.76,0.83,22.05,17.84,10.55||4.68,0.81,0.70,0.19,0.40||13.88,4.03,2.76,8.68,2.58||0.00,0.00,0.49,0.59,0.00||40.76,55.40,260.28,53.53,8.54||10.71,3.49,7.72||0.24,0.73,1.87,1.68,2.69,0.30||
2.84,17.84,11.84,4.44,5.97,4.91,2.87||0.00,0.00,0.00,0.03,0.04,0.04||3.14,7.79,0.85,22.23,17.90,10.68||4.68,0.81,0.70,0.19,0.40||14.30,4.08,2.94,8.83,2.61||0.00,0.00,0.49,0.59,0.00||43.90,74.67,369.40,55.17,10.18||12.14,3.88,8.54||0.05,0.16,0.28,0.43,0.81,0.06||
2.86,17.98,11.91,4.47,6.02,4.94,2.89||0.00,0.00,0.00,0.03,0.04,0.04||3.15,7.79,0.86,22.26,17.92,10.71||4.71,0.84,0.70,0.19,0.41||14.39,4.09,2.97,8.86,2.61||0.00,0.00,0.49,0.59,0.00||32.97,23.61,95.69,49.09,5.17||17.65,5.34,11.54||0.53,1.54,4.70,3.27,4.84,0.67||
2.87,18.05,11.94,4.49,6.04,4.95,2.90||0.00,0.00,0.00,0.03,0.04,0.04||3.16,7.80,0.86,22.27,17.92,10.72||4.77,0.84,0.72,0.19,0.41||14.18,4.06,2.88,8.77,2.62||0.00,0.00,0.49,0.59,0.00||32.17,21.38,85.21,48.62,4.88||16.48,5.03,10.93||4.48,11.28,55.69,19.64,22.92,5.70||
2.87,18.11,11.97,4.50,6.05,4.96,2.91||0.00,0.00,0.00,0.03,0.04,0.04||3.16,7.80,0.86,22.27,17.92,10.72||4.92,0.84,0.75,0.21,0.43||14.48,4.10,3.01,8.89,2.62||0.00,0.00,0.49,0.59,0.00||70.47,501.21,3447.62,66.92,31.21||16.83,5.12,11.11||9.05,21.77,126.15,35.55,38.40,11.61||
2.89,18.28,12.06,4.54,6.10,4.99,2.93||0.00,0.00,0.00,0.04,0.04,0.04||3.16,7.80,0.86,22.27,17.92,10.72||5.03,0.85,0.77,0.21,0.43||14.30,4.08,2.94,8.83,2.61||0.00,0.00,0.49,0.59,0.00||73.59,596.73,4230.47,68.11,34.57||15.54,4.79,10.43||0.28,0.84,2.19,1.88,2.98,0.34||
2.90,18.31,12.08,4.55,6.11,5.00,2.93||0.00,0.00,0.00,0.04,0.04,0.04||3.16,7.80,0.86,22.27,17.92,10.72||5.13,0.85,0.80,0.21,0.43||14.39,4.09,2.97,8.86,2.61||0.00,0.00,0.49,0.59,0.00||31.30,19.16,74.93,48.09,4.57||12.04,3.85,8.49||0.49,1.43,4.28,3.06,4.54,0.61||
2.90,18.32,12.08,4.55,6.12,5.00,2.93||0.00,0.00,0.00,0.04,0.04,0.04||3.31,7.87,0.92,22.73,18.12,11.09||5.17,0.86,0.81,0.21,0.43||14.06,4.05,2.84,8.74,2.59||0.00,0.00,0.49,0.59,0.00||38.49,43.99,198.61,52.29,7.46||11.04,3.58,7.91||0.23,0.69,1.73,1.58,2.57,0.28||
2.90,18.32,12.08,4.55,6.12,5.00,2.93||0.00,0.00,0.00,0.04,0.04,0.04||3.28,7.86,0.91,22.64,18.08,11.00||5.24,0.86,0.83,0.21,0.43||14.34,4.08,2.95,8.84,2.61||0.00,0.00,0.49,0.58,0.00||64.48,350.65,2267.41,64.54,25.28||11.16,3.61,7.98||0.25,0.76,1.95,1.73,2.77,0.31||
2.91,18.40,12.12,4.57,6.14,5.02,2.94||0.00,0.00,0.00,0.04,0.04,0.04||3.34,7.89,0.93,22.80,18.15,11.13||5.34,0.87,0.85,0.21,0.43||14.62,4.11,3.08,8.95,2.63||0.00,0.00,0.49,0.58,0.00||39.85,50.62,234.14,53.04,8.10||10.80,3.51,7.77||0.13,0.41,0.90,0.99,1.70,0.16||
2.92,18.54,12.21,4.62,6.18,5.05,2.96||0.00,0.00,0.00,0.04,0.04,0.04||3.35,7.89,0.94,22.84,18.17,11.16||5.35,0.88,0.86,0.21,0.43||14.57,4.11,3.05,8.93,2.63||0.00,0.00,0.48,0.58,0.00||30.97,18.35,71.21,47.86,4.46||13.40,4.22,9.25||1.64,4.43,17.37,8.44,10.99,2.09||
2.93,18.57,12.21,4.62,6.19,5.05,2.96||0.00,0.00,0.00,0.04,0.04,0.04||3.35,7.89,0.94,22.84,18.17,11.16||5.37,0.88,0.86,0.21,0.44||14.55,4.11,3.05,8.92,2.63||0.00,0.00,0.48,0.58,0.00||33.84,26.23,108.28,49.62,5.50||13.43,4.22,9.26||4.06,10.29,49.71,18.09,21.34,5.16||
2.93,18.58,12.21,4.61,6.19,5.05,2.96||0.00,0.00,0.00,0.04,0.04,0.04||3.35,7.89,0.94,22.85,18.17,11.17||5.44,0.88,0.88,0.22,0.44||14.44,4.09,3.00,8.88,2.62||0.00,0.00,0.48,0.58,0.00||27.65,11.64,41.74,45.70,3.41||16.62,5.09,11.00||0.79,2.24,7.46,4.57,6.44,0.99||
2.93,18.58,12.22,4.61,6.19,5.05,2.96||0.00,0.00,0.00,0.04,0.04,0.04||3.35,7.89,0.94,22.85,18.17,11.17||5.46,0.88,0.88,0.22,0.44||14.19,4.06,2.89,8.77,2.62||0.00,0.00,0.48,0.58,0.00||34.85,29.50,124.29,50.22,5.90||13.90,4.36,9.53||0.62,1.71,5.35,3.59,5.23,0.74||
2.93,18.58,12.22,4.61,6.19,5.05,2.96||0.00,0.00,0.00,0.04,0.04,0.04||3.35,7.89,0.94,22.85,18.17,11.17||5.46,0.89,0.89,0.22,0.44||14.25,4.09,2.91,8.81,2.62||0.00,0.00,0.48,0.58,0.00||36.39,35.12,152.47,51.11,6.53||14.11,4.41,9.64||1.58,4.25,16.56,8.15,10.67,1.98||
2.93,18.58,12.22,4.61,6.19,5.05,2.96||0.00,0.00,0.00,0.04,0.04,0.04||3.35,7.89,0.94,22.85,18.17,11.17||5.46,0.89,0.89,0.22,0.44||14.49,4.10,3.02,8.90,2.62||0.00,0.00,0.48,0.58,0.00||40.61,54.57,255.74,53.45,8.47||15.08,4.68,10.17||0.34,1.02,2.84,2.26,3.49,0.43||
2.93,18.62,12.24,4.62,6.21,5.06,2.97||0.00,0.00,0.00,0.04,0.04,0.04||3.35,7.89,0.94,22.85,18.17,11.17||5.46,0.89,0.89,0.22,0.44||14.08,4.05,2.84,8.75,2.59||0.00,0.00,0.48,0.58,0.00||31.24,19.00,74.16,48.02,4.55||14.43,4.49,9.81||1.12,3.10,11.17,6.12,8.32,1.41||
2.93,18.59,12.22,4.61,6.21,5.05,2.96||0.00,0.00,0.00,0.04,0.04,0.04||3.35,7.89,0.94,22.85,18.17,11.17||5.49,0.89,0.89,0.22,0.44||14.34,4.08,2.96,8.84,2.61||0.00,0.00,0.48,0.58,0.00||53.43,164.56,933.46,59.77,16.21||9.69,3.21,7.12||0.12,0.38,0.83,0.93,1.62,0.15||
2.93,18.58,12.22,4.61,6.19,5.05,2.96||0.00,0.00,0.00,0.04,0.04,0.04||3.35,7.89,0.94,22.85,18.17,11.17||5.52,0.89,0.90,0.22,0.44||14.17,4.06,2.88,8.77,2.62||0.00,0.00,0.48,0.58,0.00||41.76,61.09,291.93,54.06,9.05||9.13,3.05,6.79||0.48,1.40,4.17,3.00,4.47,0.62||
2.93,18.62,12.24,4.62,6.21,5.06,2.97||0.00,0.00,0.00,0.04,0.04,0.04||3.35,7.89,0.94,22.85,18.17,11.17||5.49,0.89,0.89,0.22,0.44||14.36,4.08,2.96,8.85,2.61||0.00,0.00,0.48,0.58,0.00||46.71,95.84,495.10,56.59,11.79||11.26,3.64,8.04||0.09,0.22,0.43,0.57,1.05,0.08||
2.93,18.63,12.24,4.62,6.21,5.06,2.97||0.00,0.00,0.00,0.04,0.04,0.04||3.35,7.89,0.94,22.85,18.17,11.17||5.53,0.89,0.90,0.22,0.44||14.17,4.06,2.88,8.77,2.62||0.00,0.00,0.48,0.58,0.00||42.18,63.62,306.05,54.28,9.26||14.27,4.45,9.73||0.24,0.74,1.88,1.68,2.70,0.30||
2.94,18.71,12.28,4.64,6.23,5.08,2.98||0.00,0.00,0.00,0.04,0.04,0.04||3.35,7.89,0.94,22.85,18.17,11.17||5.56,0.89,0.91,0.22,0.44||14.13,4.06,2.87,8.76,2.62||0.00,0.00,0.48,0.58,0.00||35.70,32.50,139.26,50.71,6.24||13.50,4.25,9.30||3.10,7.99,36.26,14.39,17.48,3.93||
2.95,18.73,12.29,4.64,6.24,5.08,2.98||0.00,0.00,0.00,0.04,0.04,0.04||3.35,7.89,0.94,22.85,18.17,11.17||5.57,0.89,0.91,0.22,0.44||14.35,4.08,2.96,8.85,2.61||0.00,0.00,0.48,0.58,0.00||53.40,164.23,931.32,59.76,16.18||15.51,4.77,10.40||0.04,0.13,0.22,0.36,0.71,0.05||
2.95,18.77,12.32,4.65,6.25,5.09,2.99||0.00,0.00,0.00,0.04,0.04,0.04||3.35,7.89,0.94,22.85,18.17,11.17||5.57,0.89,0.91,0.22,0.44||14.06,4.05,2.83,8.73,2.59||0.00,0.00,0.48,0.58,0.00||62.63,311.86,1976.05,63.77,23.62||10.72,3.49,7.72||0.05,0.17,0.30,0.45,0.85,0.06||
2.96,18.83,12.34,4.67,6.27,5.10,2.99||0.00,0.00,0.00,0.04,0.04,0.04||3.43,7.93,0.97,23.03,18.25,11.31||5.57,0.89,0.91,0.22,0.44||14.11,4.05,2.86,8.76,2.59||0.00,0.00,0.48,0.58,0.00||58.64,239.41,1449.10,62.09,20.21||14.51,4.52,9.86||0.04,0.15,0.25,0.39,0.76,0.05||
2.96,18.84,12.35,4.67,6.27,5.10,2.99||0.00,0.00,0.00,0.04,0.04,0.04||3.40,7.92,0.96,22.98,18.23,11.27||5.57,0.89,0.91,0.22,0.44||14.46,4.09,3.01,8.89,2.62||0.00,0.00,0.48,0.58,0.00||30.59,17.46,67.15,47.61,4.34||12.83,4.09,8.93||0.09,0.30,0.62,0.75,1.34,0.11||
2.96,18.84,12.35,4.67,6.27,5.10,2.99||0.00,0.00,0.00,0.04,0.04,0.04||3.39,7.92,0.96,22.97,18.22,11.26||5.57,0.89,0.91,0.22,0.44||14.43,4.09,2.99,8.87,2.62||0.00,0.00,0.48,0.58,0.00||43.58,72.55,357.18,55.01,10.01||12.84,4.09,8.94||0.14,0.43,0.96,1.03,1.76,0.17||
2.96,18.84,12.35,4.67,6.27,5.10,2.99||0.00,0.00,0.00,0.04,0.04,0.04||3.36,7.90,0.94,22.87,18.18,11.18||5.57,0.89,0.91,0.22,0.44||14.52,4.10,3.04,8.91,2.62||0.00,0.00,0.48,0.58,0.00||50.06,126.64,686.51,58.21,13.89||14.67,4.56,9.94||0.63,1.80,5.68,3.75,5.43,0.77||
2.96,18.84,12.35,4.67,6.27,5.10,2.99||0.00,0.00,0.00,0.04,0.04,0.04||3.35,7.90,0.94,22.85,18.17,11.17||5.57,0.89,0.91,0.22,0.44||14.43,4.09,2.99,8.88,2.62||0.00,0.00,0.48,0.58,0.00||43.44,71.59,351.62,54.94,9.93||14.34,4.47,9.76||0.39,1.17,3.31,2.53,3.86,0.49||
2.96,18.84,12.35,4.67,6.27,5.10,2.99||0.00,0.00,0.00,0.04,0.04,0.04||3.43,7.93,0.97,23.03,18.25,11.31||5.58,0.90,0.92,0.22,0.44||13.96,4.04,2.79,8.70,2.58||0.00,0.00,0.48,0.58,0.00||33.51,25.22,103.40,49.43,5.38||14.38,4.48,9.79||1.18,3.23,11.77,6.36,8.62,1.48||
2.96,18.84,12.35,4.67,6.27,5.10,2.99||0.00,0.00,0.00,0.04,0.04,0.04||3.43,7.93,0.97,23.09,18.27,11.34||5.57,0.89,0.91,0.22,0.44||14.32,4.08,2.94,8.83,2.61||0.00,0.00,0.48,0.58,0.00||18.64,2.38,6.49,38.91,1.34||13.17,4.16,9.12||2.95,7.64,34.34,13.83,16.89,3.74||
2.96,18.84,12.35,4.67,6.27,5.10,2.99||0.00,0.00,0.00,0.04,0.04,0.04||3.53,7.98,1.02,23.36,18.39,11.57||5.58,0.90,0.92,0.22,0.45||14.28,4.09,2.93,8.84,2.61||0.00,0.00,0.48,0.58,0.00||20.54,3.52,10.25,40.47,1.69||12.93,4.10,8.99||0.41,1.21,3.45,2.61,3.96,0.51||
2.96,18.84,12.35,4.67,6.27,5.10,2.99||0.00,0.00,0.00,0.04,0.04,0.04||3.56,7.99,1.03,23.43,18.43,11.62||5.59,0.90,0.92,0.22,0.45||14.27,4.09,2.92,8.84,2.61||0.00,0.00,0.48,0.58,0.00||24.28,6.90,22.62,43.34,2.51||12.76,4.05,8.89||0.31,0.92,2.46,2.04,3.21,0.38||
2.96,18.84,12.35,4.67,6.27,5.10,2.99||0.00,0.00,0.00,0.04,0.04,0.04||3.56,8.00,1.03,23.43,18.43,11.63||5.67,0.90,0.94,0.22,0.45||14.15,4.06,2.87,8.77,2.62||0.00,0.00,0.48,0.58,0.00||32.63,22.65,91.18,48.89,5.05||14.00,4.38,9.58||0.06,0.21,0.40,0.54,1.01,0.08||
2.96,18.84,12.35,4.67,6.27,5.10,2.99||0.00,0.00,0.00,0.04,0.04,0.04||3.56,8.00,1.03,23.44,18.43,11.63||5.68,0.90,0.94,0.22,0.45||14.02,4.04,2.84,8.72,2.59||0.00,0.00,0.48,0.58,0.00||46.65,95.40,492.47,56.56,11.76||12.36,3.94,8.68||0.23,0.69,1.74,1.59,2.57,0.28||
2.96,18.84,12.35,4.67,6.27,5.10,2.99||0.00,0.00,0.00,0.04,0.04,0.04||3.56,8.00,1.03,23.44,18.43,11.63||5.68,0.90,0.94,0.22,0.45||14.44,4.09,3.00,8.88,2.62||0.00,0.00,0.48,0.58,0.00||49.21,118.27,633.61,57.81,13.34||12.36,3.94,8.67||0.14,0.44,0.99,1.06,1.80,0.17||
2.96,18.84,12.35,4.67,6.27,5.10,2.99||0.00,0.00,0.00,0.04,0.04,0.04||3.56,8.00,1.03,23.44,18.43,11.63||5.68,0.90,0.94,0.22,0.45||14.41,4.09,2.99,8.87,2.62||0.00,0.00,0.48,0.58,0.00||42.63,66.38,321.81,54.52,9.50||14.72,4.57,9.98||0.03,0.12,0.19,0.31,0.63,0.04||
2.96,18.84,12.35,4.67,6.27,5.10,2.99||0.00,0.00,0.00,0.04,0.04,0.04||3.56,8.00,1.03,23.44,18.43,11.63||5.68,0.90,0.94,0.22,0.45||14.29,4.08,2.93,8.83,2.61||0.00,0.00,0.48,0.58,0.00||28.27,12.72,46.31,46.11,3.59||11.69,3.76,8.29||0.26,0.77,2.01,1.77,2.84,0.32||
2.96,18.84,12.35,4.67,6.27,5.10,2.99||0.00,0.00,0.00,0.04,0.04,0.04||3.56,8.00,1.03,23.44,18.43,11.63||5.68,0.90,0.94,0.22,0.45||14.05,4.05,2.83,8.73,2.59||0.00,0.00,0.48,0.58,0.00||27.49,11.36,40.57,45.58,3.36||12.67,4.02,8.84||0.21,0.62,1.52,1.44,2.36,0.25||
2.96,18.84,12.35,4.67,6.27,5.10,2.99||0.00,0.00,0.00,0.04,0.04,0.04||3.56,8.00,1.03,23.44,18.43,11.63||5.68,0.90,0.94,0.22,0.45||14.34,4.08,2.95,8.84,2.61||0.00,0.00,0.48,0.58,0.00||31.13,18.73,72.94,47.96,4.51||12.70,4.03,8.86||1.75,4.69,18.70,8.90,11.51,2.21||
2.96,18.84,12.35,4.67,6.27,5.10,2.99||0.00,0.00,0.00,0.04,0.04,0.04||3.56,8.00,1.03,23.44,18.43,11.63||5.68,0.90,0.94,0.22,0.45||14.28,4.09,2.93,8.84,2.61||0.00,0.00,0.48,0.58,0.00||44.96,82.22,413.61,55.71,10.77||11.18,3.62,7.99||0.26,0.77,2.01,1.76,2.84,0.32||
2.96,18.84,12.35,4.67,6.27,5.10,2.99||0.00,0.00,0.00,0.04,0.04,0.05||3.56,8.00,1.03,23.44,18.43,11.63||5.69,0.91,0.94,0.22,0.45||14.38,4.09,2.97,8.86,2.61||0.00,0.00,0.48,0.58,0.00||41.39,58.95,279.97,53.87,8.86||12.55,3.99,8.77||0.08,0.26,0.50,0.65,1.18,0.10||
2.96,18.84,12.35,4.67,6.27,5.10,2.99||0.00,0.00,0.00,0.04,0.04,0.05||3.56,8.00,1.03,23.44,18.43,11.63||5.68,0.90,0.94,0.22,0.45||14.40,4.09,2.98,8.87,2.61||0.00,0.00,0.48,0.58,0.00||31.05,18.55,72.10,47.91,4.49||10.93,3.55,7.85||0.21,0.61,1.49,1.43,2.34,0.24||
2.96,18.84,12.35,4.67,6.27,5.10,2.99||0.00,0.00,0.00,0.04,0.04,0.05||3.56,8.00,1.03,23.44,18.43,11.63||5.74,0.91,0.96,0.23,0.45||14.29,4.09,2.93,8.84,2.61||0.00,0.00,0.48,0.58,0.00||46.91,97.52,505.29,56.69,11.91||13.99,4.38,9.57||0.10,0.34,0.69,0.84,1.44,0.13||
2.97,18.92,12.39,4.68,6.30,5.12,3.00||0.00,0.00,0.00,0.04,0.04,0.05||3.56,8.00,1.03,23.44,18.43,11.63||5.74,0.91,0.96,0.23,0.45||14.04,4.05,2.83,8.73,2.59||0.00,0.00,0.48,0.58,0.00||37.97,41.68,186.40,52.01,7.22||12.34,3.93,8.65||0.12,0.38,0.83,0.93,1.61,0.15||
2.96,18.90,12.38,4.68,6.29,5.11,3.00||0.00,0.00,0.00,0.04,0.04,0.05||3.56,8.00,1.03,23.44,18.43,11.63||5.77,0.91,0.97,0.23,0.45||14.34,4.08,2.95,8.84,2.61||0.00,0.00,0.49,0.58,0.00||81.09,881.74,6688.04,70.86,43.49||11.86,3.80,8.38||0.08,0.27,0.53,0.68,1.22,0.10||
2.98,19.02,12.44,4.70,6.32,5.14,3.01||0.00,0.00,0.00,0.04,0.04,0.05||3.56,8.00,1.03,23.44,18.43,11.63||5.77,0.91,0.97,0.23,0.45||14.28,4.09,2.93,8.84,2.61||0.00,0.00,0.49,0.58,0.00||62.14,302.21,1904.53,63.57,23.17||11.46,3.69,8.15||0.08,0.26,0.51,0.65,1.18,0.10||
2.97,18.96,12.41,4.69,6.31,5.13,3.01||0.00,0.00,0.00,0.04,0.04,0.04||3.56,8.00,1.03,23.44,18.43,11.63||5.77,0.91,0.97,0.23,0.45||14.50,4.10,3.02,8.90,2.62||0.00,0.00,0.49,0.58,0.00||46.76,96.25,497.61,56.61,11.84||9.75,3.22,7.16||0.43,1.24,3.58,2.68,4.06,0.52||
2.98,19.09,12.47,4.72,6.34,5.15,3.02||0.00,0.00,0.00,0.04,0.04,0.05||3.56,8.00,1.03,23.44,18.43,11.63||5.77,0.91,0.97,0.23,0.45||14.21,4.06,2.89,8.79,2.62||0.00,0.00,0.49,0.58,0.00||56.93,212.55,1260.35,61.35,18.84||12.45,3.96,8.72||0.11,0.34,0.73,0.84,1.48,0.13||
2.99,19.10,12.48,4.72,6.35,5.15,3.02||0.00,0.00,0.00,0.04,0.04,0.05||3.56,8.00,1.03,23.44,18.43,11.63||5.77,0.91,0.97,0.23,0.45||14.25,4.09,2.92,8.81,2.62||0.00,0.00,0.49,0.58,0.00||33.43,24.96,102.16,49.37,5.34||13.54,4.26,9.34||1.02,2.83,9.97,5.64,7.74,1.28||
2.99,19.10,12.49,4.72,6.35,5.15,3.02||0.00,0.00,0.00,0.04,0.04,0.05||3.56,8.00,1.03,23.44,18.43,11.63||5.77,0.91,0.97,0.23,0.45||14.62,4.11,3.09,8.94,2.63||0.00,0.00,0.49,0.58,0.00||53.35,163.59,927.02,59.74,16.15||8.38,2.83,6.34||0.21,0.65,1.61,1.50,2.45,0.26||
2.99,19.10,12.49,4.72,6.35,5.15,3.02||0.00,0.00,0.00,0.04,0.04,0.05||3.56,8.00,1.03,23.44,18.43,11.63||5.84,0.92,0.98,0.23,0.46||14.45,4.09,3.00,8.88,2.62||0.00,0.00,0.49,0.58,0.00||47.90,106.08,557.70,57.17,12.52||13.13,4.15,9.10||0.15,0.48,1.09,1.13,1.91,0.19||
2.99,19.10,12.49,4.72,6.35,5.15,3.02||0.00,0.00,0.00,0.04,0.04,0.05||3.56,8.00,1.03,23.44,18.43,11.63||5.81,0.92,0.97,0.23,0.45||14.64,4.12,3.09,8.96,2.63||0.00,0.00,0.49,0.58,0.00||54.68,180.71,1041.84,60.34,17.12||13.08,4.14,9.09||0.52,1.50,4.54,3.19,4.71,0.64||
2.99,19.10,12.49,4.72,6.35,5.15,3.02||0.00,0.00,0.00,0.04,0.04,0.05||3.56,8.00,1.03,23.44,18.43,11.63||5.84,0.92,0.98,0.23,0.46||14.45,4.09,3.00,8.89,2.62||0.00,0.00,0.49,0.58,0.00||45.03,82.70,416.47,55.75,10.81||15.88,4.88,10.62||0.22,0.68,1.71,1.57,2.54,0.27||
2.99,19.10,12.49,4.72,6.35,5.15,3.02||0.00,0.00,0.00,0.04,0.04,0.05||3.56,8.00,1.03,23.44,18.43,11.63||5.81,0.92,0.98,0.23,0.45||14.30,4.08,2.94,8.83,2.61||0.00,0.00,0.49,0.58,0.00||37.97,41.65,186.24,52.00,7.22||14.59,4.54,9.90||0.17,0.52,1.23,1.23,2.09,0.21||
2.99,19.10,12.49,4.72,6.35,5.15,3.02||0.00,0.00,0.00,0.04,0.04,0.05||3.56,8.00,1.03,23.44,18.43,11.63||5.79,0.91,0.97,0.23,0.45||14.27,4.09,2.93,8.84,2.61||0.00,0.00,0.49,0.58,0.00||56.93,212.55,1260.34,61.35,18.84||13.06,4.13,9.06||0.41,1.21,3.43,2.62,3.95,0.51||
2.99,19.10,12.49,4.72,6.35,5.15,3.02||0.00,0.00,0.00,0.04,0.04,0.05||3.56,8.00,1.03,23.44,18.43,11.63||5.70,0.91,0.95,0.22,0.45||14.49,4.10,3.02,8.90,2.62||0.00,0.00,0.49,0.58,0.00||35.13,30.47,129.10,50.38,6.01||10.03,3.30,7.32||0.34,0.97,2.65,2.16,3.35,0.40||
2.99,19.10,12.49,4.72,6.35,5.15,3.02||0.00,0.00,0.00,0.04,0.04,0.05||3.56,8.00,1.03,23.44,18.43,11.63||5.68,0.90,0.94,0.22,0.45||14.21,4.06,2.89,8.79,2.62||0.00,0.00,0.49,0.58,0.00||56.56,207.01,1221.85,61.18,18.54||13.34,4.21,9.21||1.55,4.18,16.21,8.02,10.51,1.95||
2.97,18.98,12.43,4.70,6.31,5.13,3.01||0.00,0.00,0.00,0.04,0.04,0.05||3.56,8.00,1.03,23.44,18.43,11.63||5.59,0.90,0.92,0.22,0.45||14.36,4.08,2.97,8.85,2.61||0.00,0.00,0.49,0.58,0.00||38.62,44.51,201.34,52.35,7.51||13.09,4.14,9.09||0.15,0.46,1.04,1.09,1.86,0.18||
2.97,18.91,12.39,4.68,6.29,5.12,3.00||0.00,0.00,0.00,0.04,0.04,0.04||3.56,8.00,1.03,23.44,18.43,11.63||5.57,0.90,0.91,0.22,0.44||14.28,4.09,2.93,8.84,2.61||0.00,0.00,0.49,0.58,0.00||53.26,162.49,919.70,59.70,16.08||10.16,3.34,7.40||0.39,1.14,3.22,2.48,3.79,0.48||
2.97,18.94,12.40,4.69,6.30,5.12,3.00||0.00,0.00,0.00,0.04,0.04,0.04||3.56,8.00,1.03,23.44,18.43,11.63||5.48,0.89,0.89,0.22,0.44||14.16,4.06,2.87,8.77,2.62||0.00,0.00,0.49,0.58,0.00||34.21,27.39,113.91,49.84,5.64||11.64,3.75,8.26||0.09,0.29,0.59,0.73,1.30,0.11||
2.96,18.86,12.36,4.68,6.28,5.11,2.99||0.00,0.00,0.00,0.04,0.04,0.04||3.56,8.00,1.03,23.44,18.43,11.63||5.47,0.89,0.89,0.22,0.44||14.36,4.08,2.96,8.85,2.61||0.00,0.00,0.49,0.58,0.00||38.99,46.36,211.21,52.57,7.69||10.37,3.39,7.52||0.29,0.86,2.28,1.93,3.05,0.35||
2.96,18.84,12.35,4.68,6.27,5.10,2.99||0.00,0.00,0.00,0.04,0.04,0.04||3.56,8.00,1.03,23.44,18.43,11.63||5.38,0.88,0.87,0.21,0.44||14.28,4.09,2.93,8.84,2.61||0.00,0.00,0.49,0.58,0.00||54.03,172.24,984.83,60.05,16.64||12.85,4.09,8.94||0.09,0.31,0.63,0.76,1.35,0.12||
2.96,18.84,12.35,4.67,6.27,5.10,2.99||0.00,0.00,0.00,0.04,0.04,0.04||3.46,7.95,0.98,23.15,18.30,11.41||5.36,0.88,0.86,0.21,0.44||14.15,4.06,2.87,8.77,2.62||0.00,0.00,0.49,0.58,0.00||42.52,65.72,318.03,54.46,9.44||10.55,3.44,7.63||0.63,1.81,5.74,3.77,5.46,0.79||
2.96,18.84,12.35,4.67,6.27,5.10,2.99||0.00,0.00,0.00,0.04,0.04,0.04||3.44,7.94,0.98,23.09,18.28,11.36||5.36,0.88,0.86,0.21,0.44||14.02,4.04,2.84,8.72,2.59||0.00,0.00,0.48,0.58,0.00||51.68,143.94,797.83,58.97,14.98||11.77,3.77,8.34||0.23,0.69,1.74,1.59,2.57,0.28||
2.96,18.84,12.35,4.67,6.27,5.10,2.99||0.00,0.00,0.00,0.04,0.04,0.04||3.37,7.90,0.95,22.90,18.19,11.21||5.28,0.87,0.84,0.21,0.43||14.44,4.09,3.00,8.88,2.62||0.00,0.00,0.48,0.58,0.00||42.19,63.65,306.32,54.29,9.27||12.58,4.00,8.79||0.23,0.70,1.75,1.62,2.59,0.28||
2.96,18.84,12.35,4.67,6.27,5.10,2.99||0.00,0.00,0.00,0.04,0.04,0.04||3.36,7.90,0.94,22.86,18.18,11.17||5.26,0.87,0.84,0.21,0.43||14.41,4.09,2.99,8.87,2.62||0.00,0.00,0.48,0.58,0.00||27.62,11.58,41.50,45.68,3.40||11.43,3.68,8.13||0.11,0.34,0.73,0.84,1.48,0.13||
2.96,18.84,12.35,4.67,6.27,5.10,2.99||0.00,0.00,0.00,0.04,0.04,0.04||3.39,7.91,0.95,22.94,18.21,11.24||5.26,0.87,0.83,0.21,0.43||14.29,4.09,2.93,8.84,2.61||0.00,0.00,0.48,0.58,0.00||40.93,56.35,265.54,53.62,8.63||8.99,3.00,6.70||0.11,0.35,0.73,0.85,1.49,0.13||
2.96,18.84,12.35,4.67,6.27,5.10,2.99||0.00,0.00,0.00,0.04,0.04,0.04||3.36,7.90,0.94,22.87,18.18,11.18||5.26,0.87,0.83,0.21,0.43||14.16,4.06,2.88,8.77,2.62||0.00,0.00,0.49,0.58,0.00||34.67,28.87,121.16,50.11,5.84||12.30,3.92,8.63||0.26,0.77,1.99,1.75,2.80,0.31||
2.95,18.80,12.34,4.67,6.26,5.10,2.99||0.00,0.00,0.00,0.04,0.04,0.04||3.35,7.90,0.94,22.85,18.17,11.17||5.22,0.86,0.83,0.21,0.43||14.36,4.08,2.96,8.85,2.61||0.00,0.00,0.49,0.58,0.00||38.49,44.01,198.70,52.29,7.46||12.58,4.00,8.79||0.45,1.31,3.84,2.81,4.23,0.55||
2.94,18.70,12.28,4.63,6.23,5.08,2.98||0.00,0.00,0.00,0.04,0.04,0.04||3.35,7.90,0.94,22.85,18.17,11.17||5.17,0.86,0.81,0.21,0.43||14.28,4.09,2.93,8.84,2.61||0.00,0.00,0.49,0.58,0.00||23.43,5.96,19.04,42.70,2.30||9.74,3.22,7.15||0.19,0.62,1.45,1.39,2.29,0.24||
2.93,18.62,12.23,4.61,6.21,5.06,2.97||0.00,0.00,0.00,0.04,0.04,0.04||3.35,7.89,0.94,22.85,18.17,11.17||5.16,0.86,0.81,0.21,0.43||14.27,4.09,2.92,8.84,2.61||0.00,0.00,0.49,0.58,0.00||26.90,10.43,36.68,45.19,3.21||12.30,3.92,8.63||0.54,1.56,4.77,3.31,4.87,0.68||
2.93,18.58,12.22,4.61,6.19,5.05,2.96||0.00,0.00,0.00,0.04,0.04,0.04||3.35,7.89,0.94,22.85,18.17,11.17||5.16,0.86,0.81,0.21,0.43||14.38,4.09,2.97,8.86,2.61||0.00,0.00,0.49,0.58,0.00||25.39,8.25,27.87,44.13,2.79||13.76,4.32,9.45||0.92,2.58,8.90,5.19,7.21,1.16||
2.93,18.58,12.22,4.61,6.19,5.05,2.96||0.00,0.00,0.00,0.04,0.04,0.04||3.35,7.89,0.94,22.85,18.17,11.17||5.16,0.86,0.81,0.21,0.43||14.17,4.06,2.88,8.77,2.62||0.00,0.00,0.49,0.58,0.00||32.73,22.93,92.50,48.95,5.08||10.02,3.30,7.32||0.21,0.63,1.55,1.46,2.39,0.25||
2.93,18.58,12.22,4.61,6.19,5.05,2.96||0.00,0.00,0.00,0.04,0.04,0.04||3.35,7.89,0.94,22.85,18.17,11.17||5.16,0.86,0.81,0.21,0.43||14.13,4.06,2.87,8.76,2.60||0.00,0.00,0.49,0.58,0.00||33.92,26.47,109.44,49.67,5.53||9.68,3.20,7.12||0.11,0.36,0.76,0.87,1.52,0.14||
2.93,18.58,12.22,4.61,6.19,5.05,2.96||0.00,0.00,0.00,0.04,0.04,0.04||3.35,7.89,0.94,22.85,18.17,11.17||5.16,0.86,0.81,0.21,0.43||14.01,4.04,2.81,8.72,2.59||0.00,0.00,0.49,0.58,0.00||38.35,43.36,195.26,52.22,7.39||10.06,3.31,7.34||0.19,0.60,1.46,1.40,2.30,0.24||
2.93,18.58,12.22,4.61,6.19,5.05,2.96||0.00,0.00,0.00,0.04,0.04,0.04||3.35,7.89,0.94,22.85,18.17,11.17||5.16,0.86,0.81,0.21,0.43||14.10,4.05,2.85,8.75,2.59||0.00,0.00,0.49,0.58,0.00||39.36,48.15,220.82,52.77,7.86||7.86,2.68,6.02||0.08,0.25,0.50,0.64,1.17,0.09||
2.93,18.58,12.22,4.61,6.19,5.05,2.96||0.00,0.00,0.00,0.04,0.04,0.04||3.35,7.89,0.94,22.85,18.17,11.17||5.16,0.86,0.81,0.21,0.43||14.35,4.08,2.96,8.84,2.61||0.00,0.00,0.49,0.58,0.00||37.97,41.65,186.27,52.00,7.22||9.19,3.06,6.83||0.08,0.26,0.52,0.66,1.20,0.10||
2.93,18.58,12.22,4.61,6.19,5.05,2.96||0.00,0.00,0.00,0.04,0.04,0.04||3.35,7.89,0.94,22.85,18.17,11.17||5.11,0.85,0.80,0.20,0.42||14.17,4.06,2.88,8.78,2.60||0.00,0.00,0.49,0.58,0.00||38.69,44.95,203.69,52.41,7.55||10.71,3.49,7.72||0.02,0.08,0.12,0.23,0.47,0.03||
2.93,18.58,12.22,4.61,6.19,5.05,2.96||0.00,0.00,0.00,0.04,0.04,0.04||3.35,7.89,0.94,22.85,18.17,11.17||5.12,0.85,0.80,0.20,0.42||14.02,4.04,2.82,8.72,2.59||0.00,0.00,0.49,0.58,0.00||32.32,21.79,87.09,48.70,4.93||10.94,3.55,7.85||0.20,0.61,1.47,1.41,2.32,0.24||
2.93,18.58,12.22,4.61,6.19,5.05,2.96||0.00,0.00,0.00,0.04,0.04,0.04||3.35,7.89,0.94,22.85,18.17,11.17||5.10,0.85,0.80,0.20,0.42||13.99,4.04,2.80,8.71,2.59||0.00,0.00,0.49,0.58,0.00||43.37,71.16,349.16,54.90,9.90||17.12,5.20,11.26||0.09,0.29,0.59,0.73,1.30,0.11||
2.93,18.58,12.22,4.61,6.19,5.05,2.96||0.00,0.00,0.00,0.04,0.04,0.04||3.35,7.89,0.94,22.85,18.17,11.17||5.07,0.85,0.79,0.20,0.42||13.99,4.04,2.80,8.71,2.59||0.00,0.00,0.49,0.58,0.00||35.63,32.24,137.95,50.67,6.21||16.28,4.98,10.82||0.54,1.57,4.80,3.32,4.88,0.68||
2.93,18.58,12.22,4.61,6.19,5.05,2.96||0.00,0.00,0.00,0.04,0.04,0.04||3.35,7.89,0.94,22.85,18.17,11.17||5.06,0.85,0.79,0.20,0.42||14.10,4.05,2.85,8.75,2.59||0.00,0.00,0.49,0.58,0.00||26.58,9.92,34.61,44.96,3.11||10.87,3.53,7.81||1.40,3.80,14.41,7.37,9.77,1.76||
2.93,18.58,12.22,4.61,6.19,5.05,2.96||0.00,0.00,0.00,0.04,0.04,0.04||3.35,7.89,0.94,22.85,18.17,11.17||5.06,0.85,0.79,0.20,0.42||14.12,4.05,2.86,8.76,2.59||0.00,0.00,0.49,0.58,0.00||36.36,34.99,151.83,51.09,6.52||10.96,3.56,7.86||0.06,0.21,0.39,0.54,1.00,0.08||
2.93,18.58,12.22,4.61,6.19,5.05,2.96||0.00,0.00,0.00,0.04,0.04,0.04||3.35,7.89,0.94,22.85,18.17,11.17||5.06,0.85,0.79,0.20,0.42||14.35,4.08,2.96,8.85,2.61||0.00,0.00,0.49,0.58,0.00||67.47,420.91,2809.12,65.75,28.15||13.24,4.18,9.16||0.23,0.71,1.80,1.63,2.63,0.29||
2.93,18.58,12.22,4.61,6.19,5.05,2.96||0.00,0.00,0.00,0.04,0.04,0.04||3.35,7.89,0.94,22.85,18.17,11.17||5.06,0.85,0.79,0.20,0.42||14.28,4.07,2.93,8.82,2.61||0.00,0.00,0.49,0.58,0.00||38.76,45.28,205.42,52.44,7.58||16.90,5.14,11.15||0.07,0.23,0.45,0.60,1.10,0.09||
2.93,18.58,12.22,4.61,6.19,5.05,2.96||0.00,0.00,0.00,0.04,0.04,0.04||3.35,7.89,0.94,22.85,18.17,11.17||5.06,0.85,0.79,0.20,0.42||14.27,4.07,2.92,8.82,2.61||0.00,0.00,0.49,0.58,0.00||31.86,20.58,81.46,48.42,4.77||13.79,4.32,9.46||0.22,0.68,1.68,1.55,2.52,0.27||
2.93,18.58,12.22,4.61,6.19,5.05,2.96||0.00,0.00,0.00,0.04,0.04,0.04||3.35,7.89,0.94,22.85,18.17,11.17||5.06,0.85,0.79,0.20,0.42||14.15,4.06,2.87,8.77,2.60||0.00,0.00,0.49,0.58,0.00||28.98,14.05,52.05,46.58,3.81||10.33,3.38,7.50||0.09,0.30,0.61,0.74,1.32,0.11||
2.93,18.58,12.22,4.61,6.19,5.05,2.96||0.00,0.00,0.00,0.04,0.04,0.04||3.35,7.89,0.94,22.85,18.17,11.17||5.06,0.85,0.79,0.20,0.42||14.24,4.07,2.91,8.81,2.60||0.00,0.00,0.49,0.58,0.00||51.65,143.66,796.00,58.96,14.96||12.95,4.10,9.00||0.02,0.08,0.11,0.21,0.45,0.03||
2.93,18.58,12.22,4.61,6.19,5.05,2.96||0.00,0.00,0.00,0.04,0.04,0.04||3.35,7.89,0.94,22.85,18.17,11.17||5.06,0.85,0.79,0.20,0.42||14.37,4.08,2.97,8.86,2.61||0.00,0.00,0.49,0.58,0.00||60.97,279.93,1740.85,63.08,22.15||10.03,3.30,7.32||0.09,0.30,0.61,0.74,1.33,0.11||
2.93,18.58,12.22,4.61,6.19,5.05,2.96||0.00,0.00,0.00,0.04,0.04,0.04||3.35,7.89,0.94,22.85,18.17,11.17||5.06,0.85,0.79,0.20,0.42||14.06,4.05,2.83,8.74,2.59||0.00,0.00,0.49,0.58,0.00||44.83,81.24,407.87,55.65,10.70||15.68,4.82,10.49||0.20,0.63,1.53,1.45,2.37,0.25||
2.93,18.58,12.22,4.61,6.19,5.05,2.96||0.00,0.00,0.00,0.04,0.04,0.04||3.35,7.89,0.94,22.85,18.17,11.17||5.06,0.85,0.79,0.20,0.42||14.22,4.07,2.90,8.80,2.60||0.00,0.00,0.49,0.58,0.00||47.18,99.85,519.46,56.82,12.08||15.69,4.83,10.50||0.25,0.75,1.93,1.71,2.75,0.31||
2.93,18.58,12.22,4.61,6.19,5.05,2.96||0.00,0.00,0.00,0.04,0.04,0.04||3.35,7.89,0.94,22.85,18.17,11.17||5.06,0.85,0.79,0.20,0.42||14.14,4.06,2.87,8.77,2.60||0.00,0.00,0.49,0.58,0.00||36.64,36.09,157.45,51.25,6.64||11.78,3.78,8.34||1.32,3.61,13.50,7.02,9.37,1.66||
2.93,18.58,12.22,4.61,6.19,5.05,2.96||0.00,0.00,0.00,0.04,0.04,0.04||3.35,7.89,0.94,22.85,18.17,11.17||5.06,0.85,0.79,0.20,0.42||14.24,4.07,2.91,8.80,2.60||0.00,0.00,0.49,0.58,0.00||41.15,57.60,272.47,53.74,8.74||11.11,3.60,7.95||0.06,0.21,0.39,0.54,1.00,0.08||
2.92,18.54,12.19,4.60,6.18,5.05,2.96||0.00,0.00,0.00,0.04,0.04,0.04||3.35,7.89,0.94,22.85,18.17,11.17||5.06,0.85,0.79,0.20,0.42||14.15,4.06,2.87,8.77,2.60||0.00,0.00,0.49,0.58,0.00||30.07,16.31,62.03,47.29,4.16||12.14,3.88,8.54||0.24,0.73,1.84,1.66,2.67,0.29||
2.93,18.57,12.21,4.60,6.19,5.05,2.96||0.00,0.00,0.00,0.04,0.04,0.04||3.35,7.89,0.94,22.85,18.17,11.17||5.06,0.85,0.79,0.20,0.42||14.24,4.07,2.91,8.81,2.60||0.00,0.00,0.49,0.58,0.00||33.47,25.10,102.81,49.40,5.36||11.55,3.72,8.20||0.08,0.27,0.53,0.67,1.21,0.10||
2.93,18.58,12.21,4.61,6.19,5.05,2.96||0.00,0.00,0.00,0.04,0.04,0.04||3.35,7.89,0.94,22.85,18.17,11.17||5.06,0.85,0.79,0.20,0.42||14.26,4.07,2.92,8.81,2.60||0.00,0.00,0.49,0.58,0.00||25.65,8.60,29.25,44.31,2.85||7.76,2.65,5.96||0.21,0.65,1.59,1.49,2.43,0.26||
2.92,18.54,12.19,4.60,6.18,5.04,2.96||0.00,0.00,0.00,0.04,0.04,0.04||3.35,7.89,0.94,22.85,18.17,11.17||5.06,0.85,0.79,0.20,0.42||14.38,4.08,2.97,8.86,2.61||0.00,0.00,0.49,0.58,0.00||30.33,16.88,64.58,47.45,4.25||10.87,3.53,7.81||0.42,1.22,3.51,2.64,4.01,0.51||
2.93,18.57,12.21,4.60,6.19,5.05,2.96||0.00,0.00,0.00,0.04,0.04,0.04||3.35,7.89,0.94,22.85,18.17,11.17||5.06,0.85,0.79,0.20,0.42||14.17,4.06,2.88,8.78,2.60||0.00,0.00,0.49,0.58,0.00||39.41,48.39,222.09,52.80,7.89||10.93,3.55,7.85||0.08,0.25,0.50,0.64,1.17,0.09||
2.92,18.53,12.19,4.60,6.18,5.04,2.96||0.00,0.00,0.00,0.04,0.04,0.04||3.35,7.89,0.94,22.85,18.17,11.17||5.06,0.85,0.79,0.20,0.42||14.02,4.04,2.82,8.72,2.59||0.00,0.00,0.49,0.58,0.00||45.07,83.05,418.55,55.77,10.84||12.26,3.91,8.61||0.06,0.19,0.34,0.49,0.92,0.07||
2.92,18.49,12.17,4.59,6.17,5.04,2.95||0.00,0.00,0.00,0.04,0.04,0.04||3.35,7.89,0.94,22.85,18.17,11.17||5.06,0.85,0.79,0.20,0.42||14.22,4.07,2.90,8.80,2.60||0.00,0.00,0.49,0.58,0.00||46.46,93.82,482.87,56.46,11.64||11.95,3.83,8.43||0.06,0.21,0.40,0.55,1.02,0.08||
2.90,18.35,12.10,4.56,6.13,5.01,2.94||0.00,0.00,0.00,0.04,0.04,0.04||3.35,7.89,0.94,22.85,18.17,11.17||5.06,0.85,0.79,0.20,0.42||14.14,4.06,2.87,8.77,2.60||0.00,0.00,0.49,0.58,0.00||26.30,9.51,32.96,44.77,3.03||7.74,2.65,5.94||0.20,0.62,1.51,1.43,2.35,0.25||
2.90,18.33,12.09,4.55,6.12,5.00,2.93||0.00,0.00,0.00,0.04,0.04,0.04||3.35,7.89,0.94,22.85,18.17,11.17||5.06,0.85,0.79,0.20,0.42||14.13,4.06,2.86,8.76,2.60||0.00,0.00,0.49,0.58,0.00||50.76,134.00,733.55,58.54,14.36||10.27,3.37,7.46||0.25,0.76,1.94,1.72,2.75,0.31||
2.90,18.36,12.10,4.56,6.13,5.01,2.94||0.00,0.00,0.00,0.04,0.04,0.04||3.35,7.89,0.94,22.85,18.17,11.17||5.06,0.85,0.79,0.20,0.42||14.12,4.05,2.86,8.76,2.60||0.00,0.00,0.49,0.58,0.00||63.63,332.48,2130.18,64.19,24.51||8.42,2.84,6.36||0.13,0.42,0.94,1.02,1.75,0.16||
2.90,18.33,12.09,4.55,6.12,5.00,2.93||0.00,0.00,0.00,0.04,0.04,0.04||3.35,7.89,0.94,22.85,18.17,11.17||5.06,0.85,0.79,0.20,0.42||14.01,4.04,2.81,8.72,2.59||0.00,0.00,0.49,0.58,0.00||61.13,282.94,1762.82,63.15,22.29||8.11,2.75,6.17||0.15,0.49,1.11,1.15,1.94,0.19||
2.90,18.36,12.10,4.56,6.13,5.01,2.94||0.00,0.00,0.00,0.04,0.04,0.04||3.35,7.89,0.94,22.85,18.17,11.17||5.06,0.85,0.79,0.20,0.42||14.21,4.07,2.90,8.79,2.60||0.00,0.00,0.49,0.58,0.00||40.82,55.77,262.33,53.56,8.57||13.06,4.13,9.06||0.11,0.36,0.77,0.88,1.54,0.14||
2.90,18.33,12.09,4.55,6.12,5.00,2.93||0.00,0.00,0.00,0.04,0.04,0.04||3.35,7.89,0.94,22.85,18.17,11.17||5.04,0.85,0.78,0.20,0.42||14.14,4.06,2.87,8.77,2.60||0.00,0.00,0.49,0.58,0.00||30.99,18.42,71.51,47.87,4.47||9.67,3.20,7.11||0.07,0.23,0.44,0.59,1.08,0.08||
2.90,18.36,12.10,4.56,6.13,5.01,2.94||0.00,0.00,0.00,0.04,0.04,0.04||3.35,7.89,0.94,22.85,18.17,11.17||5.05,0.85,0.79,0.20,0.42||14.13,4.06,2.86,8.76,2.60||0.00,0.00,0.49,0.58,0.00||39.21,47.42,216.86,52.69,7.79||13.13,4.15,9.10||0.05,0.16,0.27,0.41,0.80,0.06||
2.90,18.33,12.09,4.55,6.12,5.00,2.93||0.00,0.00,0.00,0.04,0.04,0.04||3.35,7.89,0.94,22.85,18.17,11.17||5.06,0.85,0.79,0.20,0.42||14.24,4.07,2.91,8.80,2.60||0.00,0.00,0.49,0.58,0.00||33.86,26.29,108.57,49.63,5.51||16.74,5.10,11.06||0.27,0.82,2.14,1.85,2.93,0.33||
2.90,18.36,12.10,4.56,6.13,5.01,2.94||0.00,0.00,0.00,0.04,0.04,0.04||3.35,7.89,0.94,22.85,18.17,11.17||5.06,0.85,0.79,0.20,0.42||14.26,4.07,2.92,8.81,2.60||0.00,0.00,0.49,0.58,0.00||36.66,36.16,157.80,51.26,6.65||10.49,3.43,7.59||2.38,6.25,26.72,11.53,14.42,3.01||
2.90,18.33,12.09,4.55,6.12,5.00,2.93||0.00,0.00,0.00,0.04,0.04,0.04||3.35,7.89,0.94,22.85,18.17,11.17||5.06,0.85,0.79,0.20,0.42||14.26,4.07,2.92,8.81,2.61||0.00,0.00,0.49,0.58,0.00||31.64,20.01,78.82,48.28,4.69||14.58,4.54,9.90||0.53,1.55,4.71,3.27,4.82,0.66||
2.90,18.32,12.08,4.55,6.12,5.00,2.93||0.00,0.00,0.00,0.04,0.04,0.04||3.35,7.89,0.94,22.85,18.17,11.17||5.06,0.85,0.79,0.20,0.42||14.04,4.04,2.83,8.73,2.59||0.00,0.00,0.49,0.58,0.00||46.98,98.13,509.02,56.72,11.95||17.22,5.23,11.32||0.96,2.67,9.29,5.36,7.40,1.20||
2.91,18.32,12.08,4.55,6.12,5.00,2.93||0.00,0.00,0.00,0.04,0.04,0.04||3.35,7.89,0.94,22.85,18.18,11.18||5.06,0.85,0.80,0.20,0.42||14.22,4.07,2.91,8.80,2.60||0.00,0.00,0.49,0.58,0.00||38.91,45.91,208.82,52.52,7.65||13.89,4.35,9.52||2.38,6.24,26.66,11.51,14.40,3.00||
2.91,18.32,12.08,4.55,6.12,5.00,2.93||0.00,0.00,0.00,0.04,0.04,0.04||3.35,7.89,0.94,22.85,18.18,11.18||5.06,0.85,0.80,0.20,0.42||14.14,4.06,2.87,8.77,2.60||0.00,0.00,0.49,0.58,0.00||33.00,23.68,96.06,49.11,5.18||11.34,3.66,8.08||0.31,0.93,2.49,2.06,3.23,0.38||
2.91,18.32,12.08,4.55,6.12,5.00,2.93||0.00,0.00,0.00,0.04,0.04,0.04||3.35,7.89,0.94,22.85,18.18,11.18||5.06,0.85,0.80,0.20,0.42||14.24,4.07,2.91,8.80,2.60||0.00,0.00,0.49,0.58,0.00||31.81,20.44,80.83,48.38,4.75||15.28,4.72,10.28||0.12,0.38,0.82,0.92,1.60,0.15||
2.91,18.32,12.08,4.55,6.12,5.00,2.93||0.00,0.00,0.00,0.04,0.04,0.04||3.35,7.89,0.94,22.85,18.18,11.18||5.06,0.85,0.80,0.20,0.42||14.26,4.07,2.92,8.81,2.60||0.00,0.00,0.49,0.58,0.00||42.08,63.00,302.67,54.23,9.21||18.58,5.57,12.03||1.49,4.02,15.45,7.75,10.21,1.87||
2.91,18.32,12.08,4.55,6.12,5.00,2.93||0.00,0.00,0.00,0.04,0.04,0.04||3.35,7.89,0.94,22.85,18.18,11.18||5.06,0.85,0.80,0.20,0.42||14.15,4.06,2.87,8.77,2.60||0.00,0.00,0.49,0.58,0.00||29.63,15.35,57.77,47.00,4.02||12.65,4.02,8.83||0.04,0.15,0.25,0.39,0.76,0.05||
2.91,18.32,12.08,4.55,6.12,5.00,2.93||0.00,0.00,0.00,0.04,0.04,0.04||3.35,7.89,0.94,22.85,18.18,11.18||5.06,0.85,0.80,0.20,0.42||14.24,4.07,2.91,8.81,2.60||0.00,0.00,0.49,0.58,0.00||37.66,40.29,179.18,51.83,7.08||12.01,3.84,8.47||0.18,0.56,1.33,1.31,2.18,0.22||
2.91,18.32,12.08,4.55,6.12,5.00,2.93||0.00,0.00,0.00,0.04,0.04,0.04||3.35,7.89,0.94,22.85,18.18,11.18||5.06,0.85,0.80,0.20,0.42||14.26,4.07,2.92,8.81,2.60||0.00,0.00,0.49,0.58,0.00||45.28,84.57,427.53,55.87,10.95||11.97,3.84,8.45||9.11,21.91,127.19,35.77,38.60,11.69||
2.91,18.32,12.08,4.55,6.12,5.00,2.93||0.00,0.00,0.00,0.04,0.04,0.04||3.35,7.89,0.94,22.85,18.18,11.18||5.06,0.85,0.80,0.20,0.42||14.38,4.08,2.97,8.86,2.61||0.00,0.00,0.49,0.58,0.00||32.53,22.36,89.80,48.83,5.01||11.69,3.76,8.28||4.74,11.91,59.55,20.62,23.91,6.04||
2.91,18.32,12.08,4.55,6.12,5.00,2.93||0.00,0.00,0.00,0.04,0.04,0.04||3.35,7.89,0.94,22.85,18.18,11.18||5.06,0.85,0.80,0.20,0.42||14.29,4.07,2.93,8.82,2.61||0.00,0.00,0.49,0.58,0.00||41.83,61.50,294.25,54.10,9.08||11.80,3.80,8.35||0.92,2.56,8.82,5.16,7.16,1.15||
2.91,18.32,12.08,4.55,6.12,5.00,2.93||0.00,0.00,0.00,0.04,0.04,0.04||3.35,7.89,0.94,22.85,18.18,11.18||5.06,0.85,0.80,0.20,0.42||14.27,4.07,2.92,8.82,2.61||0.00,0.00,0.49,0.58,0.00||34.99,29.99,126.71,50.30,5.95||13.23,4.18,9.15||0.07,0.22,0.41,0.55,1.03,0.08||
2.91,18.32,12.08,4.55,6.12,5.00,2.93||0.00,0.00,0.00,0.04,0.04,0.04||3.35,7.89,0.94,22.85,18.18,11.18||5.06,0.85,0.80,0.20,0.42||14.27,4.07,2.92,8.81,2.61||0.00,0.00,0.49,0.58,0.00||45.18,83.77,422.80,55.82,10.89||10.18,3.34,7.41||0.10,0.33,0.68,0.80,1.42,0.12||
2.91,18.32,12.08,4.55,6.12,5.00,2.93||0.00,0.00,0.00,0.04,0.04,0.04||3.35,7.89,0.94,22.85,18.18,11.18||5.06,0.85,0.80,0.20,0.42||14.38,4.08,2.97,8.86,2.61||0.00,0.00,0.49,0.58,0.00||55.75,195.31,1141.24,60.82,17.92||13.84,4.34,9.49||0.09,0.30,0.61,0.75,1.33,0.11||
2.91,18.32,12.08,4.55,6.12,5.00,2.93||0.00,0.00,0.00,0.04,0.04,0.04||3.35,7.89,0.94,22.85,18.18,11.18||5.06,0.85,0.80,0.20,0.42||14.29,4.07,2.93,8.82,2.61||0.00,0.00,0.49,0.58,0.00||63.39,327.49,2092.74,64.09,24.29||16.73,5.10,11.05||0.03,0.12,0.19,0.31,0.63,0.04||
2.91,18.32,12.08,4.55,6.12,5.00,2.93||0.00,0.00,0.00,0.04,0.04,0.04||3.35,7.89,0.94,22.85,18.18,11.18||5.06,0.85,0.80,0.20,0.42||13.93,4.03,2.78,8.69,2.58||0.00,0.00,0.49,0.58,0.00||68.96,459.41,3112.84,66.33,29.64||15.76,4.85,10.54||0.16,0.49,1.13,1.16,1.96,0.19||
2.91,18.32,12.08,4.55,6.12,5.00,2.93||0.00,0.00,0.00,0.04,0.04,0.04||3.35,7.89,0.94,22.85,18.18,11.18||5.06,0.85,0.80,0.20,0.42||13.86,4.02,2.75,8.66,2.58||0.00,0.00,0.49,0.58,0.00||55.91,197.64,1157.23,60.91,18.05||15.21,4.70,10.24||0.15,0.47,1.07,1.12,1.89,0.18||
2.91,18.32,12.08,4.55,6.12,5.00,2.93||0.00,0.00,0.00,0.04,0.04,0.04||3.35,7.89,0.94,22.85,18.18,11.18||5.06,0.85,0.80,0.20,0.42||14.07,4.05,2.84,8.74,2.59||0.00,0.00,0.49,0.58,0.00||73.55,595.47,4219.98,68.10,34.52||17.62,5.33,11.53||0.03,0.10,0.16,0.28,0.57,0.04||
2.91,18.32,12.08,4.55,6.12,5.00,2.93||0.00,0.00,0.00,0.04,0.04,0.04||3.35,7.89,0.94,22.85,18.18,11.18||5.06,0.85,0.80,0.20,0.42||14.23,4.07,2.91,8.80,2.60||0.00,0.00,0.49,0.58,0.00||59.42,252.43,1542.01,62.42,20.84||16.11,4.94,10.73||0.08,0.25,0.49,0.64,1.16,0.09||
2.91,18.32,12.08,4.55,6.12,5.00,2.93||0.00,0.00,0.00,0.04,0.04,0.04||3.32,7.88,0.93,22.75,18.13,11.09||5.00,0.84,0.77,0.20,0.42||14.26,4.07,2.92,8.81,2.60||0.00,0.00,0.49,0.58,0.00||29.01,14.11,52.31,46.60,3.82||16.67,5.08,11.02||0.48,1.41,4.20,3.01,4.48,0.60||
