4.58,34.68,19.94,8.08,10.79,7.89,4.67||0.00,0.00,0.00,0.08,0.07,0.08||61.60,14.59,70.65,78.50,35.66,80.91||12.91,1.43,3.37,0.47,0.70||53.89,7.06,48.60,20.03,4.39||0.02,0.05,0.70,0.81,0.01||48.25,109.26,577.39,57.34,12.73||29.45,8.25,17.43||1.28,3.49,12.93,6.81,9.12,1.60||
3.10,20.13,13.01,4.95,6.65,5.35,3.14||0.00,0.00,0.00,0.04,0.04,0.04||5.17,8.65,1.79,27.46,20.09,15.00||5.55,0.89,0.91,0.22,0.44||17.61,4.44,4.56,10.04,2.83||0.00,0.01,0.53,0.63,0.00||61.49,289.73,1812.59,63.30,22.60||16.13,4.94,10.73||48.80,105.15,894.30,147.25,132.14,63.77||
2.89,18.25,12.05,4.53,6.10,4.99,2.92||0.00,0.00,0.00,0.03,0.04,0.04||3.28,7.86,0.91,22.64,18.08,11.01||4.72,0.82,0.71,0.19,0.41||14.52,4.10,3.03,8.91,2.62||0.00,0.01,0.50,0.60,0.00||67.16,413.10,2748.04,65.62,27.84||17.92,5.40,11.68||109.87,224.53,2297.01,291.95,239.65,144.86||
2.85,17.91,11.87,4.46,5.99,4.92,2.88||0.00,0.00,0.00,0.03,0.04,0.04||2.97,7.70,0.79,21.71,17.67,10.29||4.58,0.80,0.67,0.18,0.40||14.20,4.06,2.89,8.79,2.60||0.00,0.00,0.50,0.59,0.00||70.94,514.88,3558.23,67.10,31.69||18.99,5.68,12.25||152.69,305.40,3367.37,385.34,305.07,202.04||
2.84,17.84,11.83,4.44,5.97,4.91,2.88||0.00,0.00,0.00,0.03,0.04,0.04||2.92,7.67,0.76,21.53,17.59,10.15||4.52,0.80,0.66,0.18,0.40||13.91,4.03,2.77,8.68,2.58||0.00,0.00,0.50,0.59,0.00||86.79,1158.53,9212.75,72.85,51.07||20.08,5.95,12.81||22.99,52.03,372.87,78.05,76.09,29.80||
2.84,17.82,11.82,4.44,5.97,4.91,2.87||0.00,0.00,0.00,0.03,0.04,0.04||2.93,7.67,0.77,21.58,17.62,10.19||4.51,0.80,0.66,0.18,0.40||13.97,4.04,2.80,8.70,2.58||0.00,0.00,0.50,0.59,0.00||80.35,849.79,6404.70,70.60,42.56||21.11,6.21,13.34||1.93,5.15,20.99,9.68,12.38,2.44||
2.84,17.82,11.82,4.44,5.97,4.91,2.87||0.00,0.00,0.00,0.03,0.04,0.04||2.94,7.68,0.77,21.59,17.62,10.20||4.51,0.80,0.66,0.18,0.40||13.76,4.01,2.71,8.62,2.57||0.00,0.00,0.50,0.59,0.00||112.97,3346.15,31970.77,81.12,95.30||19.47,5.80,12.49||3.32,8.52,39.32,15.26,18.40,4.21||
2.84,17.82,11.82,4.44,5.97,4.91,2.87||0.00,0.00,0.00,0.03,0.04,0.04||2.94,7.68,0.77,21.60,17.62,10.20||4.51,0.80,0.66,0.18,0.40||13.83,4.02,2.74,8.65,2.57||0.00,0.00,0.50,0.59,0.00||78.87,788.41,5865.51,70.06,40.72||15.54,4.79,10.42||45.87,99.25,832.26,139.77,126.28,59.90||
2.84,17.78,11.80,4.43,5.96,4.90,2.87||0.00,0.00,0.00,0.03,0.04,0.04||2.91,7.66,0.76,21.51,17.58,10.14||4.51,0.80,0.66,0.18,0.40||13.84,4.02,2.74,8.65,2.57||0.00,0.00,0.50,0.59,0.00||120.54,4343.01,43410.92,83.30,111.09||20.92,6.17,13.24||5.20,12.97,66.30,22.29,25.59,6.63||
2.83,17.73,11.78,4.42,5.94,4.89,2.86||0.00,0.00,0.00,0.03,0.04,0.04||2.90,7.66,0.76,21.49,17.57,10.12||4.51,0.80,0.66,0.18,0.40||13.85,4.02,2.74,8.65,2.57||0.00,0.00,0.50,0.59,0.00||65.77,379.74,2489.59,65.06,26.50||19.52,5.81,12.52||1.20,3.30,12.08,6.48,8.74,1.51||
2.84,17.80,11.81,4.43,5.96,4.90,2.87||0.00,0.00,0.00,0.03,0.04,0.04||2.90,7.66,0.76,21.49,17.57,10.12||4.51,0.80,0.66,0.18,0.40||13.96,4.03,2.79,8.70,2.58||0.00,0.00,0.50,0.59,0.00||61.63,292.42,1832.38,63.36,22.72||18.86,5.65,12.18||2.39,6.26,26.78,11.55,14.44,3.02||
2.84,17.78,11.80,4.43,5.96,4.90,2.87||0.00,0.00,0.00,0.03,0.04,0.04||2.90,7.66,0.76,21.49,17.57,10.12||4.51,0.80,0.66,0.18,0.40||13.87,4.02,2.75,8.66,2.58||0.00,0.00,0.50,0.59,0.00||71.11,519.85,3598.51,67.17,31.87||19.25,5.74,12.38||1.65,4.43,17.41,8.45,11.00,2.07||
2.83,17.73,11.78,4.42,5.94,4.89,2.86||0.00,0.00,0.00,0.03,0.04,0.04||2.90,7.66,0.76,21.49,17.57,10.12||4.51,0.80,0.66,0.18,0.40||13.74,4.01,2.70,8.61,2.57||0.00,0.00,0.50,0.59,0.00||181.38,22474.37,298575.97,98.40,292.15||16.85,5.13,11.12||1.25,3.41,12.59,6.68,8.97,1.56||
2.83,17.72,11.77,4.42,5.94,4.89,2.86||0.00,0.00,0.00,0.03,0.04,0.04||2.90,7.66,0.76,21.49,17.57,10.12||4.51,0.80,0.66,0.18,0.40||13.94,4.03,2.78,8.69,2.58||0.00,0.00,0.50,0.59,0.00||117.86,3967.89,39046.09,82.54,105.35||16.85,5.13,11.12||1.12,3.09,11.12,6.10,8.29,1.40||
2.84,17.80,11.81,4.43,5.96,4.90,2.87||0.00,0.00,0.00,0.03,0.04,0.04||2.90,7.66,0.76,21.49,17.57,10.12||4.52,0.80,0.66,0.18,0.40||13.97,4.04,2.80,8.70,2.58||0.00,0.00,0.50,0.59,0.00||67.95,432.99,2903.90,65.93,28.62||15.89,4.88,10.61||7.22,17.63,97.07,29.40,32.55,9.24||
2.83,17.74,11.78,4.42,5.94,4.89,2.86||0.00,0.00,0.00,0.03,0.04,0.04||2.93,7.67,0.77,21.58,17.61,10.19||4.55,0.80,0.67,0.18,0.40||13.55,3.99,2.62,8.54,2.55||0.00,0.00,0.50,0.59,0.00||67.14,412.58,2743.96,65.61,27.82||22.99,6.68,14.28||189.99,374.61,4341.09,463.31,358.10,251.99||
2.84,17.76,11.79,4.42,5.95,4.89,2.87||0.00,0.00,0.00,0.03,0.04,0.04||2.91,7.66,0.76,21.50,17.58,10.13||4.52,0.80,0.66,0.18,0.40||14.00,4.04,2.81,8.71,2.59||0.00,0.00,0.50,0.59,0.00||99.81,2033.13,17820.55,77.13,71.09||22.88,6.65,14.22||18.56,42.61,290.81,65.17,65.04,24.00||
2.84,17.77,11.80,4.43,5.95,4.90,2.87||0.00,0.00,0.00,0.03,0.04,0.04||2.90,7.66,0.76,21.49,17.57,10.12||4.51,0.80,0.66,0.18,0.40||13.88,4.03,2.76,8.67,2.58||0.00,0.00,0.50,0.59,0.00||127.42,5430.62,56423.00,85.20,126.70||15.55,4.79,10.43||39.15,85.58,692.21,122.28,112.42,51.03||
2.83,17.69,11.76,4.41,5.93,4.88,2.86||0.00,0.00,0.00,0.03,0.04,0.04||2.90,7.66,0.76,21.49,17.57,10.12||4.52,0.80,0.66,0.18,0.40||13.96,4.04,2.79,8.70,2.58||0.00,0.00,0.50,0.59,0.00||107.99,2791.51,25847.89,79.65,85.66||16.13,4.94,10.74||16.52,38.20,253.90,59.06,59.70,21.33||
2.83,17.72,11.77,4.41,5.94,4.88,2.86||0.00,0.00,0.00,0.03,0.04,0.04||2.90,7.66,0.76,21.49,17.57,10.12||4.51,0.80,0.66,0.18,0.40||13.87,4.02,2.75,8.66,2.58||0.00,0.00,0.50,0.59,0.00||48.42,110.76,586.68,57.42,12.84||11.97,3.83,8.45||22.15,50.24,356.98,75.63,74.02,28.69||
2.83,17.72,11.77,4.41,5.94,4.89,2.86||0.00,0.00,0.00,0.03,0.04,0.04||2.90,7.66,0.76,21.49,17.57,10.12||4.54,0.80,0.66,0.18,0.40||13.85,4.02,2.74,8.65,2.57||0.00,0.00,0.50,0.59,0.00||65.24,367.52,2395.86,64.85,25.99||11.93,3.82,8.42||2.90,7.52,33.65,13.63,16.68,3.68||
2.84,17.80,11.81,4.43,5.96,4.90,2.87||0.00,0.00,0.00,0.03,0.04,0.04||2.90,7.66,0.76,21.49,17.57,10.12||4.53,0.80,0.66,0.18,0.40||13.74,4.01,2.70,8.61,2.57||0.00,0.00,0.49,0.59,0.00||80.31,848.06,6389.39,70.58,42.51||15.20,4.70,10.24||21.95,49.83,353.30,75.06,73.54,28.43||
2.83,17.74,11.78,4.42,5.94,4.89,2.86||0.00,0.00,0.00,0.03,0.04,0.04||2.90,7.66,0.76,21.49,17.57,10.12||4.52,0.80,0.66,0.18,0.40||13.71,4.01,2.69,8.60,2.57||0.00,0.00,0.49,0.59,0.00||156.83,12519.26,150302.33,92.73,207.08||18.57,5.57,12.02||4.14,10.49,50.88,18.40,21.65,5.27||
2.83,17.72,11.77,4.42,5.94,4.89,2.86||0.00,0.00,0.00,0.03,0.04,0.04||2.90,7.66,0.76,21.49,17.57,10.12||4.55,0.80,0.67,0.18,0.40||13.82,4.02,2.73,8.64,2.57||0.00,0.00,0.49,0.59,0.00||75.65,666.68,4817.99,68.88,36.90||20.52,6.06,13.03||4.40,11.10,54.59,19.36,22.63,5.60||
2.82,17.64,11.73,4.40,5.92,4.87,2.85||0.00,0.00,0.00,0.03,0.04,0.04||2.90,7.66,0.76,21.49,17.57,10.12||4.59,0.80,0.68,0.18,0.40||14.06,4.05,2.83,8.74,2.59||0.00,0.00,0.49,0.59,0.00||119.23,4155.94,41225.66,82.92,108.25||15.54,4.79,10.42||79.55,166.02,1578.02,222.33,189.10,104.50||
2.82,17.67,11.74,4.40,5.92,4.88,2.86||0.00,0.00,0.00,0.03,0.04,0.04||2.90,7.66,0.76,21.49,17.57,10.12||4.58,0.80,0.67,0.18,0.40||14.11,4.05,2.86,8.76,2.59||0.00,0.00,0.50,0.59,0.00||99.39,1999.18,17472.08,77.00,70.39||23.14,6.72,14.36||18.42,42.30,288.21,64.75,64.67,23.82||
2.83,17.67,11.75,4.40,5.92,4.88,2.86||0.00,0.00,0.00,0.03,0.04,0.04||2.90,7.66,0.76,21.49,17.57,10.12||4.56,0.80,0.67,0.18,0.40||14.01,4.04,2.81,8.72,2.59||0.00,0.00,0.50,0.59,0.00||104.26,2422.62,21888.56,78.51,78.81||15.99,4.91,10.66||568.72,1043.94,15526.45,1168.02,800.33,763.44||
2.83,17.75,11.79,4.42,5.95,4.89,2.87||0.00,0.00,0.00,0.03,0.04,0.04||2.90,7.66,0.76,21.49,17.57,10.12||4.57,0.80,0.67,0.18,0.40||13.77,4.01,2.71,8.62,2.57||0.00,0.00,0.50,0.59,0.00||92.90,1523.63,12704.36,74.90,60.00||20.67,6.10,13.11||18.11,41.64,282.61,63.84,63.88,23.41||
2.84,17.81,11.82,4.43,5.96,4.90,2.87||0.00,0.00,0.00,0.03,0.04,0.04||2.90,7.66,0.76,21.49,17.57,10.12||4.59,0.80,0.68,0.18,0.40||13.94,4.03,2.78,8.69,2.58||0.00,0.00,0.50,0.59,0.00||125.71,5142.18,52923.82,84.73,122.70||18.85,5.64,12.17||1.86,4.95,20.00,9.34,12.01,2.34||
2.85,17.86,11.84,4.44,5.98,4.91,2.88||0.00,0.00,0.00,0.03,0.04,0.04||2.90,7.66,0.76,21.49,17.57,10.12||4.59,0.80,0.68,0.18,0.40||13.76,4.01,2.71,8.62,2.57||0.00,0.00,0.50,0.59,0.00||61.11,282.58,1760.22,63.14,22.27||17.35,5.26,11.38||2.09,5.52,22.93,10.32,13.09,2.63||
2.87,18.03,11.93,4.48,6.03,4.95,2.90||0.00,0.00,0.00,0.03,0.04,0.04||2.90,7.66,0.76,21.49,17.57,10.12||4.66,0.81,0.69,0.19,0.40||14.16,4.06,2.88,8.77,2.60||0.00,0.00,0.50,0.59,0.00||113.26,3381.04,32362.12,81.21,95.88||18.62,5.58,12.05||3.35,8.60,39.77,15.39,18.53,4.25||
2.87,18.06,11.95,4.49,6.04,4.95,2.90||0.00,0.00,0.00,0.03,0.04,0.04||2.93,7.67,0.77,21.58,17.61,10.19||4.75,0.82,0.71,0.19,0.41||14.02,4.04,2.82,8.72,2.59||0.00,0.00,0.50,0.59,0.00||124.47,4941.25,50506.28,84.39,119.86||22.03,6.44,13.80||6.77,16.60,90.04,27.84,31.04,8.66||
2.87,18.07,11.95,4.49,6.04,4.95,2.90||0.00,0.00,0.00,0.03,0.04,0.04||2.91,7.66,0.76,21.50,17.58,10.13||4.77,0.82,0.72,0.19,0.41||13.99,4.04,2.80,8.71,2.59||0.00,0.00,0.50,0.59,0.00||81.54,901.32,6862.60,71.02,44.06||20.32,6.02,12.93||6.84,16.76,91.12,28.08,31.27,8.75||
2.88,18.19,12.02,4.52,6.08,4.98,2.92||0.00,0.00,0.00,0.03,0.04,0.04||2.96,7.69,0.78,21.67,17.65,10.26||4.84,0.83,0.74,0.19,0.41||13.99,4.04,2.80,8.71,2.58||0.00,0.00,0.50,0.59,0.00||86.60,1148.35,9117.88,72.79,50.80||12.12,3.88,8.53||1.07,2.95,10.50,5.85,8.00,1.34||
2.90,18.30,12.07,4.54,6.11,5.00,2.93||0.00,0.00,0.00,0.03,0.04,0.04||3.06,7.74,0.82,21.97,17.79,10.48||4.93,0.84,0.76,0.20,0.42||13.87,4.02,2.76,8.66,2.58||0.00,0.00,0.50,0.59,0.00||78.10,758.01,5601.05,69.79,39.79||18.43,5.54,11.95||1.18,3.24,11.80,6.37,8.61,1.48||
2.90,18.32,12.08,4.55,6.12,5.00,2.93||0.00,0.00,0.00,0.03,0.04,0.04||3.08,7.75,0.83,22.03,17.81,10.53||4.95,0.84,0.76,0.20,0.42||13.96,4.04,2.79,8.70,2.58||0.00,0.00,0.50,0.59,0.00||63.57,331.27,2121.11,64.17,24.45||19.09,5.70,12.30||2.60,6.79,29.61,12.42,15.38,3.29||
2.90,18.32,12.08,4.55,6.12,5.00,2.93||0.00,0.00,0.00,0.03,0.04,0.04||3.08,7.76,0.83,22.04,17.82,10.54||5.03,0.85,0.78,0.20,0.42||13.98,4.04,2.80,8.71,2.58||0.00,0.00,0.50,0.59,0.00||109.74,2977.04,27874.53,80.17,88.97||19.93,5.92,12.73||1.66,4.46,17.55,8.50,11.06,2.09||
2.90,18.36,12.10,4.56,6.13,5.01,2.94||0.00,0.00,0.00,0.04,0.04,0.04||3.08,7.76,0.83,22.04,17.82,10.54||5.05,0.85,0.78,0.20,0.42||13.76,4.01,2.71,8.62,2.57||0.00,0.00,0.50,0.59,0.00||138.87,7676.48,84680.80,88.25,155.31||21.42,6.29,13.49||0.51,1.48,4.46,3.15,4.66,0.63||
2.91,18.45,12.15,4.58,6.16,5.03,2.95||0.00,0.00,0.00,0.04,0.04,0.04||3.08,7.76,0.83,22.04,17.82,10.54||5.13,0.85,0.80,0.20,0.42||13.83,4.02,2.74,8.65,2.57||0.00,0.00,0.50,0.59,0.00||157.98,12893.87,155591.55,93.01,210.70||20.71,6.11,13.13||6.96,17.04,93.02,28.50,31.68,8.91||
2.93,18.56,12.20,4.60,6.19,5.05,2.96||0.00,0.00,0.00,0.04,0.04,0.04||3.08,7.76,0.83,22.04,17.82,10.54||5.22,0.86,0.83,0.21,0.43||13.95,4.03,2.79,8.69,2.58||0.00,0.00,0.50,0.59,0.00||76.01,679.50,4926.81,69.02,37.31||21.84,6.40,13.70||18.78,43.06,294.69,65.80,65.59,24.28||
2.93,18.58,12.21,4.61,6.19,5.05,2.96||0.00,0.00,0.00,0.04,0.04,0.04||3.08,7.76,0.83,22.04,17.82,10.54||5.24,0.86,0.83,0.21,0.43||14.09,4.05,2.85,8.75,2.59||0.00,0.00,0.50,0.59,0.00||59.39,251.87,1538.00,62.41,20.81||16.83,5.12,11.11||7.85,19.07,106.99,31.55,34.61,10.06||
2.93,18.58,12.22,4.61,6.19,5.05,2.96||0.00,0.00,0.00,0.04,0.04,0.04||3.08,7.76,0.83,22.04,17.82,10.54||5.32,0.87,0.85,0.21,0.43||14.23,4.07,2.91,8.80,2.60||0.00,0.01,0.50,0.60,0.00||83.73,1002.69,7776.64,71.79,46.91||15.48,4.77,10.39||0.52,1.52,4.60,3.22,4.75,0.65||
2.93,18.58,12.22,4.61,6.19,5.05,2.96||0.00,0.00,0.00,0.04,0.04,0.04||3.08,7.76,0.83,22.04,17.82,10.54||5.34,0.87,0.86,0.21,0.43||14.14,4.06,2.87,8.77,2.60||0.00,0.01,0.50,0.60,0.00||61.06,281.55,1752.67,63.12,22.22||17.87,5.39,11.66||3.48,8.91,41.54,15.88,19.05,4.42||
2.93,18.58,12.22,4.61,6.19,5.05,2.96||0.00,0.00,0.00,0.04,0.04,0.04||3.11,7.77,0.84,22.13,17.86,10.61||5.42,0.88,0.88,0.21,0.44||14.35,4.08,2.96,8.85,2.61||0.00,0.00,0.50,0.60,0.00||119.50,4194.89,41679.21,83.00,108.85||17.74,5.36,11.59||8.02,19.44,109.63,32.11,35.14,10.28||
2.94,18.71,12.28,4.63,6.23,5.08,2.98||0.00,0.00,0.00,0.04,0.04,0.04||3.09,7.76,0.83,22.06,17.83,10.56||5.44,0.88,0.88,0.22,0.44||14.39,4.09,2.98,8.86,2.61||0.00,0.00,0.50,0.60,0.00||89.92,1335.88,10888.14,73.91,55.53||18.54,5.56,12.01||33.00,72.95,567.60,105.88,99.19,42.94||
2.95,18.77,12.32,4.65,6.25,5.09,2.98||0.00,0.00,0.00,0.04,0.04,0.04||3.08,7.76,0.83,22.05,17.82,10.55||5.48,0.89,0.89,0.22,0.44||14.18,4.06,2.88,8.78,2.60||0.00,0.00,0.50,0.60,0.00||103.13,2319.30,20797.64,78.16,76.82||22.69,6.61,14.13||3.01,7.78,35.07,14.05,17.12,3.81||
2.96,18.83,12.34,4.66,6.27,5.10,2.99||0.00,0.00,0.00,0.04,0.04,0.04||3.14,7.79,0.85,22.22,17.90,10.68||5.53,0.89,0.90,0.22,0.44||14.25,4.07,2.91,8.81,2.60||0.00,0.01,0.50,0.60,0.00||66.88,406.19,2694.18,65.51,27.57||20.41,6.04,12.98||18.66,42.82,292.62,65.47,65.30,24.13||
2.96,18.84,12.35,4.66,6.27,5.10,2.99||0.00,0.00,0.00,0.04,0.04,0.04||3.25,7.84,0.90,22.54,18.04,10.92||5.55,0.89,0.91,0.22,0.44||14.04,4.04,2.82,8.73,2.59||0.00,0.00,0.50,0.59,0.00||128.17,5560.09,58004.16,85.41,128.47||17.64,5.33,11.54||31.41,69.65,535.84,101.54,95.65,40.84||
2.96,18.84,12.35,4.67,6.27,5.10,2.99||0.00,0.00,0.00,0.04,0.04,0.04||3.27,7.85,0.90,22.60,18.06,10.97||5.63,0.90,0.93,0.22,0.45||13.99,4.04,2.81,8.71,2.59||0.00,0.00,0.50,0.59,0.00||40.41,53.53,250.02,53.34,8.37||18.69,5.60,12.09||128.63,260.18,2758.92,333.46,269.02,169.89||
2.96,18.84,12.35,4.67,6.27,5.10,2.99||0.00,0.00,0.00,0.04,0.04,0.04||3.27,7.85,0.91,22.61,18.07,10.98||5.65,0.90,0.93,0.22,0.45||14.10,4.05,2.85,8.75,2.59||0.00,0.00,0.50,0.59,0.00||37.07,37.84,166.43,51.50,6.83||16.76,5.11,11.07||6.21,15.30,81.40,25.87,29.12,7.93||
2.96,18.84,12.35,4.67,6.27,5.10,2.99||0.00,0.00,0.00,0.04,0.04,0.04||3.27,7.85,0.91,22.61,18.07,10.98||5.70,0.91,0.95,0.22,0.45||14.12,4.05,2.86,8.76,2.59||0.00,0.00,0.50,0.59,0.00||65.94,383.79,2520.76,65.13,26.66||14.51,4.52,9.86||12.69,29.85,186.86,47.28,49.20,16.34||
2.96,18.88,12.37,4.67,6.28,5.11,3.00||0.00,0.00,0.00,0.04,0.04,0.04||3.27,7.85,0.91,22.61,18.07,10.98||5.75,0.91,0.96,0.23,0.45||14.01,4.04,2.81,8.72,2.59||0.00,0.00,0.50,0.60,0.00||56.12,200.64,1177.86,60.99,18.21||14.80,4.59,10.02||1.42,3.85,14.63,7.45,9.86,1.78||
2.98,19.02,12.44,4.71,6.32,5.14,3.01||0.00,0.00,0.00,0.04,0.04,0.04||3.27,7.85,0.91,22.61,18.07,10.98||5.76,0.91,0.96,0.23,0.45||14.10,4.05,2.85,8.75,2.59||0.00,0.00,0.50,0.59,0.00||82.52,945.88,7262.32,71.37,45.33||18.62,5.58,12.05||69.95,147.21,1358.92,199.48,172.07,91.76||
2.99,19.09,12.48,4.72,6.35,5.15,3.02||0.00,0.00,0.00,0.04,0.04,0.04||3.27,7.85,0.91,22.61,18.07,10.98||5.85,0.92,0.99,0.23,0.46||14.01,4.04,2.81,8.72,2.59||0.00,0.00,0.50,0.59,0.00||84.47,1038.97,8107.68,72.05,47.90||16.21,4.96,10.78||8.19,19.83,112.34,32.69,35.69,10.50||
2.99,19.10,12.49,4.72,6.35,5.15,3.02||0.00,0.00,0.00,0.04,0.04,0.04||3.27,7.85,0.91,22.61,18.07,10.98||5.87,0.92,0.99,0.23,0.46||14.21,4.07,2.90,8.79,2.60||0.00,0.00,0.50,0.59,0.00||84.55,1043.12,8145.73,72.08,48.01||12.88,4.08,8.96||7.61,18.52,103.18,30.73,33.82,9.75||
2.99,19.11,12.49,4.72,6.35,5.16,3.02||0.00,0.00,0.00,0.04,0.04,0.04||3.27,7.85,0.91,22.61,18.07,10.98||5.87,0.92,0.99,0.23,0.46||14.25,4.07,2.92,8.81,2.60||0.00,0.01,0.50,0.60,0.00||95.20,1680.68,14253.84,75.65,63.56||10.91,3.54,7.84||1.47,3.98,15.23,7.67,10.12,1.85||
2.99,19.11,12.49,4.72,6.35,5.16,3.02||0.00,0.00,0.00,0.04,0.04,0.04||3.27,7.85,0.91,22.61,18.07,10.98||5.96,0.93,1.01,0.23,0.46||14.26,4.07,2.92,8.81,2.60||0.00,0.01,0.50,0.60,0.00||111.52,3176.13,30073.71,80.70,92.42||15.64,4.81,10.48||8.14,19.70,111.46,32.50,35.51,10.42||
2.99,19.11,12.49,4.72,6.35,5.16,3.02||0.00,0.00,0.00,0.04,0.04,0.04||3.27,7.85,0.91,22.61,18.07,10.98||5.98,0.93,1.02,0.23,0.46||14.38,4.08,2.97,8.86,2.61||0.00,0.01,0.50,0.60,0.00||70.06,489.57,3353.91,66.76,30.77||16.75,5.10,11.07||6.61,16.22,87.54,27.28,30.49,8.45||
2.99,19.11,12.49,4.72,6.35,5.16,3.02||0.00,0.00,0.00,0.04,0.04,0.04||3.40,7.92,0.96,22.99,18.23,11.27||5.98,0.93,1.02,0.23,0.46||14.17,4.06,2.88,8.78,2.60||0.00,0.01,0.50,0.60,0.00||104.36,2432.33,21991.51,78.54,79.00||15.74,4.84,10.52||0.64,1.83,5.79,3.80,5.49,0.80||
3.00,19.19,12.53,4.74,6.38,5.17,3.03||0.00,0.00,0.00,0.04,0.04,0.05||3.46,7.95,0.98,23.15,18.30,11.41||6.07,0.94,1.04,0.24,0.47||14.13,4.06,2.87,8.76,2.60||0.00,0.01,0.50,0.60,0.00||76.47,696.44,5071.18,69.19,37.86||12.47,3.97,8.73||1.88,5.01,20.32,9.45,12.13,2.37||
2.99,19.17,12.52,4.74,6.37,5.17,3.03||0.00,0.00,0.00,0.04,0.04,0.05||3.47,7.95,0.99,23.19,18.32,11.44||6.09,0.94,1.05,0.24,0.47||14.13,4.06,2.86,8.76,2.60||0.00,0.00,0.50,0.60,0.00||84.73,1052.03,8227.41,72.14,48.25||15.25,4.71,10.26||15.37,35.72,233.52,55.58,56.63,19.83||
3.01,19.34,12.60,4.78,6.42,5.20,3.05||0.00,0.00,0.00,0.04,0.04,0.05||3.48,7.95,0.99,23.20,18.32,11.44||6.09,0.94,1.05,0.24,0.47||14.12,4.05,2.86,8.76,2.60||0.00,0.00,0.50,0.60,0.00||89.43,1306.94,10612.05,73.75,54.82||14.21,4.44,9.69||4.26,10.77,52.56,18.84,22.10,5.42||
3.02,19.37,12.62,4.78,6.43,5.21,3.05||0.00,0.00,0.00,0.04,0.04,0.05||3.48,7.95,0.99,23.20,18.32,11.44||6.11,0.94,1.06,0.24,0.47||14.24,4.07,2.91,8.80,2.60||0.00,0.00,0.50,0.59,0.00||131.58,6179.65,65657.24,86.33,136.71||16.84,5.13,11.11||2.81,7.30,32.44,13.27,16.30,3.56||
3.02,19.38,12.63,4.78,6.43,5.21,3.05||0.00,0.00,0.00,0.04,0.04,0.05||3.48,7.96,0.99,23.20,18.32,11.44||6.19,0.95,1.08,0.24,0.47||14.15,4.06,2.87,8.77,2.60||0.00,0.00,0.50,0.59,0.00||150.46,10596.22,123595.13,91.18,187.73||13.81,4.33,9.47||0.82,2.31,7.77,4.71,6.62,1.03||
3.02,19.38,12.63,4.78,6.43,5.21,3.05||0.00,0.00,0.00,0.04,0.04,0.05||3.48,7.96,0.99,23.20,18.32,11.44||6.21,0.95,1.08,0.24,0.47||14.13,4.06,2.86,8.76,2.60||0.00,0.00,0.50,0.60,0.00||109.16,2914.81,27192.19,80.00,87.87||17.57,5.31,11.50||1.39,3.78,14.31,7.33,9.73,1.75||
3.02,19.38,12.63,4.78,6.43,5.21,3.05||0.00,0.00,0.00,0.04,0.04,0.05||3.48,7.96,0.99,23.20,18.32,11.44||6.21,0.95,1.08,0.24,0.47||14.24,4.07,2.91,8.80,2.60||0.00,0.00,0.50,0.60,0.00||70.54,503.18,3463.50,66.95,31.27||21.72,6.37,13.64||2.92,7.57,33.91,13.71,16.76,3.70||
3.02,19.38,12.63,4.78,6.43,5.21,3.05||0.00,0.00,0.00,0.04,0.04,0.05||3.48,7.96,0.99,23.20,18.32,11.44||6.23,0.95,1.09,0.24,0.47||14.15,4.06,2.87,8.77,2.60||0.00,0.00,0.50,0.59,0.00||92.06,1468.86,12170.36,74.63,58.72||23.53,6.81,14.55||4.76,11.93,59.73,20.67,23.96,6.06||
3.02,19.38,12.63,4.78,6.43,5.21,3.05||0.00,0.00,0.00,0.04,0.04,0.05||3.48,7.96,0.99,23.20,18.32,11.44||6.31,0.96,1.11,0.25,0.48||14.24,4.07,2.91,8.80,2.60||0.00,0.01,0.50,0.60,0.00||78.70,781.65,5806.54,70.00,40.52||15.21,4.70,10.24||4.31,10.89,53.33,19.04,22.30,5.49||
3.02,19.38,12.63,4.78,6.43,5.21,3.05||0.00,0.00,0.00,0.04,0.04,0.05||3.51,7.97,1.01,23.29,18.36,11.52||6.32,0.96,1.11,0.25,0.48||14.37,4.08,2.97,8.85,2.61||0.00,0.00,0.50,0.60,0.00||97.23,1830.01,15750.67,76.31,66.82||19.17,5.72,12.34||35.71,78.52,621.98,113.14,105.08,46.50||
3.02,19.38,12.63,4.78,6.43,5.21,3.05||0.00,0.00,0.00,0.04,0.04,0.05||3.52,7.97,1.01,23.31,18.37,11.53||6.33,0.96,1.11,0.25,0.48||14.17,4.06,2.88,8.78,2.60||0.00,0.00,0.50,0.60,0.00||81.35,892.99,6788.26,70.95,43.82||14.22,4.44,9.70||10.85,25.79,155.75,41.43,43.86,13.94||
3.02,19.42,12.65,4.79,6.44,5.22,3.06||0.00,0.00,0.00,0.04,0.04,0.05||3.55,7.99,1.02,23.41,18.41,11.61||6.33,0.96,1.11,0.25,0.48||14.24,4.07,2.91,8.81,2.60||0.00,0.00,0.50,0.59,0.00||120.42,4326.50,43217.45,83.26,110.85||15.17,4.69,10.22||104.44,214.13,2165.49,279.72,230.89,137.62||
3.04,19.56,12.72,4.83,6.48,5.24,3.08||0.00,0.00,0.00,0.04,0.04,0.05||3.59,8.01,1.04,23.52,18.46,11.70||6.35,0.96,1.12,0.25,0.48||14.37,4.08,2.97,8.85,2.61||0.00,0.00,0.50,0.60,0.00||106.86,2675.67,24594.16,79.30,83.55||15.18,4.69,10.22||14.93,34.76,225.77,54.24,55.44,19.26||
3.05,19.63,12.76,4.84,6.51,5.26,3.08||0.00,0.00,0.00,0.04,0.04,0.05||3.64,8.03,1.06,23.64,18.52,11.80||6.43,0.97,1.14,0.25,0.48||14.17,4.06,2.88,8.78,2.60||0.00,0.00,0.50,0.60,0.00||97.47,1848.22,15934.67,76.39,67.21||19.96,5.92,12.75||7.81,18.97,106.30,31.40,34.47,10.00||
3.05,19.65,12.76,4.84,6.51,5.26,3.09||0.00,0.00,0.00,0.04,0.04,0.05||3.68,8.05,1.08,23.76,18.57,11.89||6.44,0.97,1.14,0.25,0.48||14.25,4.07,2.91,8.81,2.60||0.00,0.00,0.50,0.59,0.00||99.19,1982.81,17304.30,76.93,70.05||13.70,4.30,9.42||10.86,25.81,155.95,41.47,43.90,13.96||
3.05,19.65,12.77,4.85,6.51,5.26,3.09||0.00,0.00,0.00,0.04,0.04,0.05||3.69,8.06,1.08,23.79,18.58,11.91||6.45,0.97,1.15,0.25,0.48||14.37,4.08,2.97,8.86,2.61||0.00,0.00,0.50,0.59,0.00||111.43,3166.07,29961.95,80.67,92.25||16.53,5.05,10.95||1.56,4.20,16.33,8.07,10.57,1.96||
3.05,19.65,12.77,4.85,6.51,5.26,3.09||0.00,0.00,0.00,0.04,0.04,0.05||3.69,8.06,1.08,23.79,18.58,11.92||6.47,0.97,1.15,0.25,0.48||14.40,4.09,2.98,8.87,2.61||0.00,0.00,0.50,0.59,0.00||113.20,3374.07,32283.92,81.19,95.76||18.88,5.65,12.19||1.90,5.05,20.52,9.52,12.21,2.39||
3.05,19.65,12.77,4.85,6.51,5.26,3.09||0.00,0.00,0.00,0.04,0.04,0.05||3.69,8.06,1.08,23.79,18.58,11.92||6.51,0.98,1.16,0.25,0.48||14.29,4.07,2.93,8.82,2.61||0.00,0.00,0.50,0.59,0.00||94.78,1651.13,13960.25,75.52,62.90||17.01,5.17,11.20||4.59,11.53,57.25,20.04,23.32,5.84||
3.05,19.65,12.77,4.85,6.51,5.26,3.09||0.00,0.00,0.00,0.04,0.04,0.05||3.69,8.06,1.08,23.79,18.58,11.92||6.56,0.98,1.18,0.25,0.49||14.16,4.06,2.88,8.77,2.60||0.00,0.00,0.50,0.60,0.00||83.26,980.45,7574.62,71.63,46.29||14.11,4.41,9.64||1.55,4.18,16.21,8.02,10.52,1.95||
3.05,19.65,12.77,4.85,6.51,5.26,3.09||0.00,0.00,0.00,0.04,0.04,0.05||3.69,8.06,1.08,23.79,18.58,11.92||6.57,0.98,1.18,0.26,0.49||14.13,4.06,2.86,8.76,2.60||0.00,0.01,0.50,0.60,0.00||61.54,290.63,1819.20,63.32,22.64||17.47,5.29,11.45||10.08,24.07,142.97,38.93,41.55,12.94||
3.05,19.65,12.77,4.85,6.51,5.26,3.09||0.00,0.00,0.00,0.04,0.04,0.05||3.69,8.06,1.08,23.79,18.58,11.92||6.57,0.98,1.18,0.26,0.49||14.01,4.04,2.81,8.72,2.59||0.00,0.01,0.50,0.60,0.00||111.15,3134.68,29613.76,80.59,91.71||12.88,4.08,8.96||7.59,18.46,102.78,30.64,33.74,9.71||
3.05,19.65,12.77,4.85,6.51,5.26,3.09||0.00,0.00,0.00,0.04,0.04,0.05||3.69,8.06,1.08,23.79,18.58,11.92||6.51,0.98,1.16,0.25,0.48||14.33,4.08,2.95,8.84,2.61||0.00,0.01,0.50,0.60,0.00||66.71,402.10,2662.43,65.44,27.40||18.44,5.54,11.96||15.94,36.95,243.58,57.31,58.16,20.57||
3.05,19.65,12.77,4.85,6.51,5.26,3.09||0.00,0.00,0.00,0.04,0.04,0.05||3.69,8.06,1.08,23.79,18.58,11.92||6.44,0.97,1.14,0.25,0.48||14.28,4.07,2.93,8.82,2.61||0.00,0.01,0.50,0.60,0.00||98.09,1895.83,16417.23,76.58,68.23||17.88,5.39,11.66||4.59,11.54,57.28,20.05,23.33,5.84||
3.05,19.65,12.77,4.85,6.51,5.26,3.09||0.00,0.00,0.00,0.04,0.04,0.05||3.69,8.06,1.08,23.79,18.58,11.92||6.33,0.96,1.11,0.25,0.48||14.27,4.07,2.92,8.81,2.61||0.00,0.01,0.50,0.60,0.00||111.46,3170.04,30006.07,80.68,92.32||12.51,3.98,8.75||1.20,3.30,12.07,6.48,8.74,1.51||
3.05,19.65,12.77,4.85,6.51,5.26,3.09||0.00,0.00,0.00,0.04,0.04,0.05||3.69,8.06,1.08,23.79,18.58,11.92||6.23,0.95,1.09,0.24,0.47||14.26,4.07,2.92,8.81,2.61||0.00,0.01,0.50,0.60,0.00||79.05,795.67,5928.89,70.13,40.94||17.70,5.35,11.57||8.22,19.89,112.76,32.77,35.77,10.53||
3.05,19.65,12.77,4.85,6.51,5.26,3.09||0.00,0.00,0.00,0.04,0.04,0.05||3.66,8.04,1.07,23.70,18.54,11.84||6.12,0.94,1.06,0.24,0.47||14.15,4.06,2.87,8.77,2.60||0.00,0.01,0.50,0.60,0.00||144.69,9054.93,102782.89,89.74,171.15||17.12,5.20,11.26||14.59,34.01,219.72,53.18,54.50,18.81||
3.03,19.48,12.68,4.81,6.46,5.23,3.07||0.00,0.00,0.00,0.04,0.04,0.05||3.68,8.05,1.08,23.78,18.57,11.90||6.01,0.93,1.03,0.24,0.46||14.24,4.07,2.91,8.81,2.60||0.00,0.01,0.50,0.60,0.00||45.62,87.15,442.85,56.04,11.15||16.51,5.04,10.94||3.46,8.86,41.25,15.80,18.97,4.39||
3.02,19.40,12.64,4.79,6.44,5.21,3.06||0.00,0.00,0.00,0.04,0.04,0.05||3.65,8.04,1.07,23.69,18.54,11.84||5.90,0.92,1.00,0.23,0.46||14.37,4.08,2.97,8.85,2.61||0.00,0.01,0.50,0.60,0.00||78.62,778.38,5778.04,69.97,40.42||11.92,3.82,8.41||4.67,11.72,58.45,20.35,23.63,5.95||
3.02,19.38,12.63,4.79,6.43,5.21,3.06||0.00,0.00,0.00,0.04,0.04,0.05||3.51,7.97,1.01,23.30,18.37,11.52||5.88,0.92,0.99,0.23,0.46||14.40,4.09,2.98,8.86,2.61||0.00,0.01,0.50,0.60,0.00||91.89,1458.20,12066.79,74.57,58.47||20.03,5.94,12.78||2.55,6.66,28.93,12.22,15.16,3.23||
3.02,19.38,12.63,4.78,6.43,5.21,3.05||0.00,0.00,0.00,0.04,0.04,0.05||3.52,7.97,1.01,23.31,18.37,11.53||5.78,0.91,0.97,0.23,0.45||14.18,4.06,2.88,8.78,2.60||0.00,0.01,0.50,0.60,0.00||76.60,701.24,5112.26,69.24,38.01||17.15,5.21,11.28||0.87,2.45,8.34,4.96,6.92,1.09||
3.02,19.38,12.63,4.78,6.43,5.21,3.05||0.00,0.00,0.00,0.04,0.04,0.05||3.48,7.96,0.99,23.22,18.33,11.46||5.77,0.91,0.96,0.23,0.45||14.13,4.06,2.87,8.76,2.60||0.00,0.01,0.50,0.60,0.00||134.99,6849.27,74078.99,87.23,145.23||14.72,4.57,9.97||6.64,16.30,88.06,27.39,30.61,8.49||
3.02,19.38,12.63,4.78,6.43,5.21,3.05||0.00,0.00,0.00,0.04,0.04,0.05||3.48,7.96,0.99,23.20,18.33,11.45||5.69,0.91,0.94,0.22,0.45||14.24,4.07,2.91,8.80,2.60||0.00,0.01,0.50,0.60,0.00||102.54,2266.12,20239.32,77.98,75.78||14.27,4.45,9.73||1.32,3.60,13.45,7.01,9.35,1.66||
3.01,19.33,12.60,4.78,6.42,5.20,3.05||0.00,0.00,0.00,0.04,0.04,0.05||3.48,7.96,0.99,23.20,18.32,11.44||5.66,0.90,0.94,0.22,0.45||14.26,4.07,2.92,8.81,2.60||0.00,0.00,0.50,0.60,0.00||126.02,5193.72,53546.71,84.82,123.42||19.00,5.68,12.25||3.17,8.16,37.23,14.67,17.78,4.02||
3.00,19.20,12.53,4.74,6.38,5.17,3.03||0.00,0.00,0.00,0.04,0.04,0.05||3.48,7.96,0.99,23.20,18.32,11.44||5.57,0.90,0.91,0.22,0.44||14.26,4.07,2.92,8.81,2.60||0.00,0.00,0.50,0.59,0.00||52.42,152.47,853.53,59.31,15.49||16.16,4.95,10.76||3.42,8.76,40.66,15.64,18.79,4.34||
2.99,19.13,12.50,4.73,6.36,5.16,3.03||0.00,0.00,0.00,0.04,0.04,0.04||3.48,7.96,0.99,23.20,18.32,11.44||5.55,0.89,0.91,0.22,0.44||14.15,4.06,2.87,8.77,2.60||0.00,0.00,0.50,0.60,0.00||70.62,505.58,3482.92,66.98,31.36||17.56,5.31,11.50||0.60,1.74,5.43,3.63,5.28,0.75||
2.99,19.11,12.49,4.73,6.35,5.16,3.02||0.00,0.00,0.00,0.04,0.04,0.04||3.48,7.96,0.99,23.20,18.32,11.44||5.55,0.89,0.91,0.22,0.44||14.13,4.06,2.86,8.76,2.60||0.00,0.00,0.50,0.60,0.00||123.29,4755.63,48287.89,84.07,117.19||19.09,5.70,12.30||2.39,6.27,26.84,11.57,14.46,3.02||
2.99,19.11,12.49,4.72,6.35,5.16,3.02||0.00,0.00,0.00,0.04,0.04,0.04||3.48,7.96,0.99,23.20,18.32,11.44||5.47,0.89,0.89,0.22,0.44||14.12,4.05,2.86,8.76,2.59||0.00,0.00,0.50,0.60,0.00||121.98,4555.24,45909.88,83.70,114.26||21.29,6.26,13.42||1.89,5.04,20.47,9.50,12.19,2.39||
2.99,19.11,12.49,4.72,6.35,5.16,3.02||0.00,0.00,0.00,0.04,0.04,0.04||3.48,7.96,0.99,23.20,18.32,11.44||5.45,0.88,0.88,0.22,0.44||14.12,4.05,2.86,8.76,2.59||0.00,0.01,0.50,0.60,0.00||136.53,7169.39,78156.90,87.64,149.19||16.38,5.01,10.87||6.55,16.10,86.69,27.08,30.30,8.38||
2.99,19.11,12.49,4.72,6.35,5.16,3.02||0.00,0.00,0.00,0.04,0.04,0.04||3.48,7.96,0.99,23.20,18.32,11.44||5.38,0.88,0.87,0.21,0.44||14.12,4.05,2.86,8.76,2.59||0.00,0.01,0.50,0.60,0.00||79.84,828.20,6214.18,70.42,41.92||13.93,4.36,9.54||9.82,23.49,138.65,38.08,40.76,12.60||
2.98,19.06,12.47,4.72,6.34,5.15,3.02||0.00,0.00,0.00,0.04,0.04,0.04||3.48,7.96,0.99,23.20,18.32,11.44||5.35,0.88,0.86,0.21,0.43||14.12,4.05,2.86,8.76,2.59||0.00,0.01,0.50,0.60,0.00||50.94,135.83,745.32,58.62,14.47||14.51,4.52,9.86||1.93,5.14,20.97,9.67,12.37,2.44||
2.98,19.06,12.46,4.71,6.34,5.15,3.02||0.00,0.00,0.00,0.04,0.04,0.04||3.48,7.96,0.99,23.20,18.32,11.44||5.34,0.87,0.86,0.21,0.43||14.23,4.07,2.91,8.80,2.60||0.00,0.00,0.50,0.60,0.00||98.53,1930.01,16764.98,76.72,68.95||12.02,3.85,8.47||3.06,7.90,35.75,14.24,17.33,3.88||
2.97,18.97,12.42,4.69,6.31,5.13,3.01||0.00,0.00,0.00,0.04,0.04,0.04||3.44,7.94,0.98,23.10,18.28,11.37||5.34,0.87,0.86,0.21,0.43||13.92,4.03,2.78,8.68,2.58||0.00,0.00,0.50,0.59,0.00||96.19,1752.66,14972.61,75.98,65.15||16.03,4.92,10.69||10.09,24.09,143.14,38.97,41.58,12.96||
2.96,18.87,12.36,4.67,6.28,5.11,3.00||0.00,0.00,0.00,0.04,0.04,0.04||3.47,7.95,0.99,23.18,18.32,11.43||5.26,0.87,0.84,0.21,0.43||13.86,4.02,2.75,8.66,2.58||0.00,0.00,0.50,0.59,0.00||62.98,318.99,2029.15,63.92,23.92||15.51,4.78,10.41||3.91,9.93,47.54,17.51,20.74,4.97||
2.96,18.85,12.35,4.67,6.27,5.11,2.99||0.00,0.00,0.00,0.04,0.04,0.04||3.44,7.94,0.98,23.10,18.28,11.36||5.25,0.87,0.83,0.21,0.43||14.18,4.06,2.89,8.78,2.60||0.00,0.00,0.50,0.59,0.00||59.49,253.60,1550.40,62.45,20.90||22.87,6.65,14.22||19.88,45.43,314.96,69.06,68.40,25.73||
2.96,18.84,12.35,4.67,6.27,5.10,2.99||0.00,0.00,0.00,0.04,0.04,0.04||3.31,7.87,0.92,22.71,18.11,11.06||5.24,0.87,0.83,0.21,0.43||14.14,4.06,2.87,8.76,2.60||0.00,0.00,0.50,0.59,0.00||59.75,258.09,1582.61,62.57,21.11||16.65,5.08,11.02||3.93,9.99,47.88,17.60,20.83,5.00||
2.96,18.84,12.35,4.67,6.27,5.10,2.99||0.00,0.00,0.00,0.04,0.04,0.04||3.31,7.87,0.92,22.73,18.12,11.07||5.21,0.86,0.82,0.21,0.43||14.13,4.06,2.86,8.76,2.60||0.00,0.00,0.50,0.59,0.00||84.68,1049.26,8201.98,72.12,48.18||9.69,3.20,7.13||2.65,6.91,30.27,12.62,15.60,3.35||
2.96,18.84,12.35,4.67,6.27,5.10,2.99||0.00,0.00,0.00,0.04,0.04,0.04||3.28,7.86,0.91,22.64,18.08,11.00||5.16,0.86,0.81,0.21,0.43||14.12,4.05,2.86,8.76,2.60||0.00,0.00,0.50,0.59,0.00||91.90,1458.61,12070.77,74.57,58.48||14.87,4.61,10.05||2.86,7.42,33.08,13.46,16.50,3.62||
2.96,18.84,12.35,4.67,6.27,5.10,2.99||0.00,0.00,0.00,0.04,0.04,0.04||3.27,7.86,0.91,22.62,18.07,10.99||5.15,0.86,0.81,0.20,0.43||14.12,4.05,2.86,8.76,2.59||0.00,0.00,0.50,0.60,0.00||90.79,1388.69,11394.86,74.20,56.81||23.88,6.90,14.72||17.14,39.54,265.00,60.92,61.34,22.14||
2.96,18.84,12.35,4.67,6.27,5.10,2.99||0.00,0.00,0.00,0.04,0.04,0.04||3.27,7.85,0.91,22.61,18.07,10.98||5.15,0.86,0.81,0.20,0.43||13.90,4.03,2.77,8.67,2.58||0.00,0.00,0.50,0.60,0.00||104.88,2481.33,22512.12,78.70,79.93||13.60,4.27,9.36||1.40,3.81,14.44,7.38,9.78,1.76||
2.96,18.84,12.35,4.67,6.27,5.10,2.99||0.00,0.00,0.00,0.04,0.04,0.04||3.27,7.85,0.91,22.61,18.07,10.98||5.15,0.86,0.81,0.20,0.43||13.75,4.01,2.70,8.62,2.57||0.00,0.00,0.50,0.60,0.00||115.07,3603.14,34869.91,81.73,99.54||15.22,4.70,10.25||2.75,7.14,31.53,13.00,16.01,3.48||
2.96,18.84,12.35,4.67,6.27,5.10,2.99||0.00,0.00,0.00,0.04,0.04,0.04||3.27,7.85,0.91,22.61,18.07,10.98||5.13,0.85,0.80,0.20,0.43||14.16,4.06,2.88,8.77,2.60||0.00,0.01,0.50,0.60,0.00||134.99,6847.96,74062.45,87.23,145.22||16.99,5.16,11.19||0.99,2.76,9.66,5.51,7.59,1.24||
2.96,18.84,12.35,4.67,6.27,5.10,2.99||0.00,0.00,0.00,0.04,0.04,0.04||3.27,7.85,0.91,22.61,18.07,10.98||5.07,0.85,0.79,0.20,0.42||14.02,4.04,2.82,8.72,2.59||0.00,0.01,0.50,0.60,0.00||62.29,305.06,1925.60,63.63,23.30||17.27,5.24,11.35||1.00,2.79,9.79,5.56,7.65,1.26||
2.96,18.84,12.35,4.67,6.27,5.10,2.99||0.00,0.00,0.00,0.04,0.04,0.04||3.27,7.85,0.91,22.61,18.07,10.98||5.05,0.85,0.79,0.20,0.42||13.99,4.04,2.80,8.71,2.59||0.00,0.01,0.50,0.60,0.00||130.11,5906.62,62267.53,85.93,133.12||15.30,4.72,10.29||2.34,6.15,26.22,11.37,14.25,2.96||
2.94,18.72,12.29,4.64,6.23,5.08,2.98||0.00,0.00,0.00,0.04,0.04,0.04||3.27,7.85,0.91,22.61,18.07,10.98||5.05,0.85,0.78,0.20,0.42||14.10,4.05,2.85,8.75,2.59||0.00,0.01,0.50,0.60,0.00||66.18,389.28,2563.11,65.23,26.89||15.39,4.75,10.34||2.04,5.42,22.38,10.14,12.89,2.58||
2.95,18.73,12.30,4.64,6.24,5.08,2.98||0.00,0.00,0.00,0.04,0.04,0.04||3.27,7.85,0.91,22.61,18.07,10.98||5.05,0.85,0.78,0.20,0.42||13.89,4.03,2.76,8.67,2.58||0.00,0.01,0.50,0.60,0.00||144.27,8949.57,101381.34,89.63,169.98||18.03,5.43,11.74||3.86,9.81,46.82,17.32,20.54,4.90||
2.94,18.65,12.25,4.62,6.22,5.07,2.97||0.00,0.00,0.00,0.04,0.04,0.04||3.27,7.85,0.91,22.61,18.07,10.98||5.03,0.85,0.78,0.20,0.42||13.85,4.02,2.75,8.66,2.58||0.00,0.01,0.50,0.60,0.00||71.15,521.13,3608.94,67.18,31.92||14.81,4.60,10.02||1.99,5.29,21.73,9.93,12.66,2.51||
2.93,18.59,12.22,4.61,6.20,5.06,2.96||0.00,0.00,0.00,0.04,0.04,0.04||3.27,7.85,0.91,22.61,18.07,10.98||5.00,0.84,0.77,0.20,0.42||13.96,4.04,2.79,8.70,2.58||0.00,0.01,0.50,0.60,0.00||95.07,1671.86,14166.18,75.61,63.36||21.23,6.24,13.39||2.29,6.03,25.55,11.16,14.02,2.89||
2.93,18.58,12.22,4.61,6.20,5.05,2.96||0.00,0.00,0.00,0.04,0.04,0.04||3.27,7.85,0.91,22.61,18.07,10.98||4.96,0.84,0.76,0.20,0.42||13.87,4.02,2.75,8.66,2.58||0.00,0.01,0.50,0.60,0.00||89.51,1311.55,10655.95,73.77,54.93||14.68,4.56,9.95||1.26,3.45,12.75,6.74,9.04,1.58||
2.93,18.58,12.22,4.61,6.19,5.05,2.96||0.00,0.00,0.00,0.04,0.04,0.04||3.27,7.85,0.91,22.61,18.07,10.98||4.96,0.84,0.76,0.20,0.42||14.18,4.06,2.89,8.78,2.60||0.00,0.01,0.50,0.60,0.00||125.12,5045.92,51763.48,84.57,121.34||17.85,5.39,11.65||6.16,15.19,80.68,25.71,28.96,7.87||
2.93,18.58,12.22,4.61,6.19,5.05,2.96||0.00,0.00,0.00,0.04,0.04,0.04||3.27,7.85,0.91,22.61,18.07,10.98||4.96,0.84,0.76,0.20,0.42||14.14,4.06,2.87,8.76,2.60||0.00,0.01,0.50,0.60,0.00||140.40,8022.15,89170.84,88.64,159.38||18.12,5.46,11.79||2.22,5.84,24.59,10.86,13.68,2.80||
2.93,18.58,12.22,4.61,6.19,5.05,2.96||0.00,0.00,0.00,0.04,0.04,0.04||3.27,7.85,0.91,22.61,18.07,10.98||4.96,0.84,0.76,0.20,0.42||13.90,4.03,2.77,8.68,2.58||0.00,0.01,0.50,0.60,0.00||67.73,427.24,2858.70,65.85,28.40||16.84,5.13,11.12||3.08,7.95,36.06,14.33,17.42,3.91||
2.93,18.58,12.22,4.61,6.19,5.05,2.96||0.00,0.00,0.00,0.04,0.04,0.04||3.27,7.85,0.91,22.61,18.07,10.98||4.96,0.84,0.76,0.20,0.42||13.97,4.04,2.79,8.70,2.58||0.00,0.01,0.50,0.60,0.00||101.37,2164.03,19173.85,77.62,73.75||21.38,6.28,13.47||5.33,13.28,68.23,22.76,26.05,6.80||
2.93,18.58,12.22,4.61,6.19,5.05,2.96||0.00,0.00,0.00,0.04,0.04,0.04||3.27,7.85,0.91,22.61,18.07,10.98||4.96,0.84,0.76,0.20,0.42||13.98,4.04,2.80,8.71,2.58||0.00,0.01,0.50,0.60,0.00||112.45,3284.63,31282.34,80.97,94.26||16.01,4.91,10.67||6.80,16.66,90.46,27.93,31.13,8.69||
2.93,18.58,12.22,4.61,6.19,5.05,2.96||0.00,0.00,0.00,0.04,0.04,0.04||3.27,7.85,0.91,22.61,18.07,10.98||4.94,0.84,0.76,0.20,0.42||13.98,4.04,2.80,8.71,2.58||0.00,0.01,0.50,0.60,0.00||140.91,8138.68,90692.32,88.77,160.74||20.61,6.09,13.08||2.65,6.91,30.30,12.63,15.61,3.36||
2.93,18.58,12.22,4.61,6.19,5.05,2.96||0.00,0.00,0.00,0.04,0.04,0.04||3.27,7.85,0.91,22.61,18.07,10.98||4.91,0.83,0.75,0.20,0.41||13.98,4.04,2.80,8.71,2.58||0.00,0.01,0.50,0.60,0.00||101.27,2155.56,19085.93,77.59,73.58||21.51,6.31,13.53||1.55,4.18,16.19,8.01,10.51,1.95||
2.93,18.58,12.22,4.61,6.19,5.05,2.96||0.00,0.00,0.00,0.04,0.04,0.04||3.24,7.84,0.89,22.52,18.03,10.91||4.87,0.83,0.74,0.19,0.41||13.87,4.02,2.75,8.66,2.58||0.00,0.01,0.50,0.60,0.00||55.20,187.62,1088.75,60.57,17.50||16.78,5.11,11.08||1.82,4.87,19.61,9.21,11.86,2.30||
2.93,18.58,12.22,4.61,6.19,5.05,2.96||0.00,0.00,0.00,0.04,0.04,0.04||3.24,7.84,0.89,22.50,18.02,10.90||4.86,0.83,0.74,0.19,0.41||13.96,4.04,2.79,8.70,2.58||0.00,0.01,0.50,0.60,0.00||88.64,1261.28,10178.38,73.48,53.68||14.46,4.50,9.83||1.71,4.58,18.18,8.72,11.31,2.15||
2.93,18.58,12.22,4.61,6.19,5.05,2.96||0.00,0.00,0.00,0.04,0.04,0.04||3.14,7.79,0.85,22.23,17.90,10.68||4.86,0.83,0.74,0.19,0.41||14.09,4.05,2.85,8.75,2.59||0.00,0.01,0.50,0.60,0.00||115.67,3679.60,35739.47,81.91,100.77||14.76,4.58,10.00||1.67,4.48,17.67,8.54,11.11,2.10||
2.92,18.54,12.20,4.60,6.18,5.05,2.96||0.00,0.00,0.00,0.04,0.04,0.04||3.15,7.79,0.86,22.26,17.92,10.71||4.86,0.83,0.74,0.19,0.41||14.01,4.04,2.81,8.71,2.59||0.00,0.01,0.50,0.60,0.00||83.62,997.46,7729.08,71.76,46.76||14.37,4.48,9.78||2.09,5.53,22.94,10.32,13.10,2.64||
2.91,18.45,12.15,4.58,6.16,5.03,2.95||0.00,0.00,0.00,0.04,0.04,0.04||3.16,7.79,0.86,22.27,17.92,10.72||4.86,0.83,0.74,0.19,0.41||13.99,4.04,2.80,8.71,2.59||0.00,0.01,0.50,0.60,0.00||108.85,2881.96,26833.07,79.90,87.28||15.06,4.66,10.16||10.27,24.50,146.13,39.56,42.13,13.19||
2.91,18.43,12.14,4.57,6.15,5.02,2.95||0.00,0.00,0.00,0.04,0.04,0.04||3.13,7.78,0.85,22.18,17.88,10.65||4.86,0.83,0.74,0.19,0.41||13.98,4.04,2.80,8.71,2.58||0.00,0.01,0.50,0.60,0.00||69.15,464.62,3154.30,66.41,29.84||17.03,5.18,11.22||2.31,6.08,25.83,11.25,14.12,2.92||
2.91,18.39,12.12,4.56,6.14,5.02,2.94||0.00,0.00,0.00,0.04,0.04,0.04||3.12,7.78,0.84,22.16,17.87,10.63||4.86,0.83,0.74,0.19,0.41||13.87,4.02,2.75,8.66,2.58||0.00,0.01,0.50,0.60,0.00||145.54,9270.07,105653.44,89.95,173.53||15.19,4.70,10.23||103.61,212.55,2145.57,277.85,229.55,136.52||
2.91,18.42,12.13,4.57,6.15,5.02,2.94||0.00,0.00,0.00,0.04,0.04,0.04||3.12,7.78,0.84,22.16,17.87,10.63||4.86,0.83,0.74,0.19,0.41||14.07,4.05,2.84,8.74,2.59||0.00,0.01,0.50,0.60,0.00||67.74,427.60,2861.54,65.85,28.41||17.83,5.38,11.64||5.33,13.27,68.19,22.75,26.04,6.80||
2.91,18.38,12.11,4.56,6.14,5.02,2.94||0.00,0.00,0.00,0.04,0.04,0.04||3.09,7.76,0.83,22.07,17.83,10.56||4.85,0.83,0.74,0.19,0.41||13.89,4.03,2.76,8.67,2.58||0.00,0.01,0.50,0.60,0.00||73.27,586.44,4145.07,67.99,34.22||20.23,5.99,12.89||32.01,70.90,547.78,103.18,96.99,41.64||
2.90,18.34,12.09,4.55,6.12,5.01,2.93||0.00,0.00,0.00,0.04,0.04,0.04||3.11,7.77,0.84,22.14,17.86,10.62||4.82,0.83,0.73,0.19,0.41||13.74,4.01,2.70,8.61,2.57||0.00,0.01,0.50,0.60,0.00||76.67,703.51,5131.64,69.26,38.08||17.72,5.35,11.58||24.13,54.43,394.37,81.30,78.83,31.29||
2.90,18.33,12.09,4.55,6.12,5.00,2.93||0.00,0.00,0.00,0.04,0.04,0.04||3.09,7.76,0.83,22.06,17.83,10.56||4.79,0.82,0.72,0.19,0.41||13.94,4.03,2.78,8.69,2.58||0.00,0.01,0.50,0.60,0.00||77.60,738.80,5434.87,69.60,39.19||10.38,3.40,7.53||1.84,4.90,19.77,9.27,11.93,2.32||
2.90,18.32,12.08,4.55,6.12,5.00,2.93||0.00,0.00,0.00,0.04,0.04,0.04||3.08,7.76,0.83,22.05,17.82,10.55||4.78,0.82,0.72,0.19,0.41||13.97,4.04,2.80,8.70,2.58||0.00,0.01,0.50,0.60,0.00||72.11,550.01,3844.61,67.55,32.95||12.94,4.10,8.99||2.32,6.10,25.93,11.28,14.15,2.93||
2.90,18.32,12.08,4.55,6.12,5.00,2.93||0.00,0.00,0.00,0.04,0.04,0.04||3.08,7.76,0.83,22.04,17.82,10.54||4.77,0.82,0.72,0.19,0.41||13.87,4.02,2.75,8.66,2.58||0.00,0.01,0.50,0.60,0.00||91.23,1416.52,11663.13,74.35,57.48||15.33,4.73,10.30||3.20,8.24,37.69,14.80,17.92,4.06||
2.90,18.32,12.08,4.55,6.12,5.00,2.93||0.00,0.00,0.00,0.04,0.04,0.04||3.08,7.76,0.83,22.04,17.82,10.54||4.79,0.82,0.72,0.19,0.41||13.96,4.04,2.79,8.70,2.58||0.00,0.01,0.50,0.60,0.00||59.76,258.23,1583.62,62.57,21.12||19.46,5.80,12.49||4.86,12.18,61.27,21.05,24.34,6.19||
2.90,18.32,12.08,4.55,6.12,5.00,2.93||0.00,0.00,0.00,0.04,0.04,0.04||3.08,7.76,0.83,22.04,17.82,10.54||4.77,0.82,0.72,0.19,0.41||13.76,4.01,2.71,8.62,2.57||0.00,0.01,0.50,0.60,0.00||70.76,509.59,3515.37,67.03,31.50||17.27,5.24,11.34||6.61,16.23,87.56,27.28,30.50,8.45||
2.90,18.32,12.08,4.55,6.12,5.00,2.93||0.00,0.00,0.00,0.04,0.04,0.04||3.08,7.76,0.83,22.04,17.82,10.54||4.77,0.82,0.72,0.19,0.41||13.61,3.99,2.65,8.56,2.56||0.00,0.01,0.50,0.60,0.00||126.03,5195.27,53565.41,84.82,123.44||14.08,4.40,9.62||7.38,17.98,99.47,29.92,33.05,9.44||
2.90,18.32,12.08,4.55,6.12,5.00,2.93||0.00,0.00,0.00,0.04,0.04,0.04||3.08,7.76,0.83,22.04,17.82,10.54||4.77,0.82,0.72,0.19,0.41||14.02,4.04,2.82,8.72,2.59||0.00,0.01,0.50,0.60,0.00||55.66,194.07,1132.77,60.78,17.85||15.05,4.66,10.16||7.71,18.74,104.69,31.06,34.14,9.87||
2.90,18.32,12.08,4.55,6.12,5.00,2.93||0.00,0.00,0.00,0.04,0.04,0.04||3.08,7.76,0.83,22.04,17.82,10.54||4.77,0.82,0.72,0.19,0.41||13.99,4.04,2.80,8.71,2.59||0.00,0.01,0.50,0.60,0.00||50.50,131.24,715.90,58.42,14.18||10.51,3.43,7.60||2.26,5.96,25.21,11.05,13.90,2.86||
2.90,18.32,12.08,4.55,6.12,5.00,2.93||0.00,0.00,0.00,0.04,0.04,0.04||3.08,7.76,0.83,22.04,17.82,10.54||4.77,0.82,0.72,0.19,0.41||13.99,4.04,2.80,8.71,2.58||0.00,0.01,0.50,0.60,0.00||64.07,341.67,2199.43,64.37,24.90||13.22,4.17,9.15||2.97,7.68,34.51,13.88,16.95,3.76||
2.90,18.32,12.08,4.55,6.12,5.00,2.93||0.00,0.00,0.00,0.04,0.04,0.04||3.08,7.76,0.83,22.04,17.82,10.54||4.77,0.82,0.72,0.19,0.41||14.10,4.05,2.85,8.75,2.59||0.00,0.01,0.51,0.60,0.00||45.65,87.45,444.65,56.06,11.17||13.98,4.38,9.57||2.29,6.04,25.59,11.18,14.03,2.90||
2.90,18.32,12.08,4.55,6.12,5.00,2.93||0.00,0.00,0.00,0.04,0.04,0.04||3.08,7.76,0.83,22.04,17.82,10.54||4.77,0.82,0.72,0.19,0.41||14.00,4.04,2.81,8.71,2.59||0.00,0.01,0.51,0.60,0.00||52.30,151.08,844.42,59.26,15.41||17.92,5.40,11.68||0.97,2.69,9.39,5.40,7.45,1.21||
2.90,18.32,12.08,4.55,6.12,5.00,2.93||0.00,0.00,0.00,0.04,0.04,0.04||3.08,7.76,0.83,22.04,17.82,10.54||4.76,0.82,0.71,0.19,0.41||13.99,4.04,2.80,8.71,2.59||0.00,0.01,0.51,0.60,0.00||84.49,1040.27,8119.60,72.06,47.93||20.78,6.13,13.17||12.72,29.93,187.47,47.39,49.30,16.38||
2.90,18.32,12.08,4.55,6.12,5.00,2.93||0.00,0.00,0.00,0.04,0.04,0.04||3.08,7.76,0.83,22.04,17.82,10.54||4.74,0.82,0.71,0.19,0.41||13.98,4.04,2.80,8.71,2.58||0.00,0.01,0.51,0.60,0.00||90.03,1342.87,10955.04,73.95,55.70||17.62,5.33,11.53||4.85,12.14,61.05,21.00,24.29,6.17||
2.90,18.32,12.08,4.55,6.12,5.00,2.93||0.00,0.00,0.00,0.04,0.04,0.04||3.08,7.76,0.83,22.04,17.82,10.54||4.71,0.81,0.70,0.19,0.41||13.98,4.04,2.80,8.71,2.58||0.00,0.01,0.51,0.60,0.00||99.58,2014.39,17628.06,77.05,70.70||20.71,6.11,13.13||2.62,6.83,29.85,12.49,15.46,3.31||
2.90,18.32,12.08,4.55,6.12,5.00,2.93||0.00,0.00,0.00,0.04,0.04,0.04||3.08,7.76,0.83,22.04,17.82,10.54||4.70,0.81,0.70,0.19,0.41||13.98,4.04,2.80,8.71,2.58||0.00,0.01,0.51,0.60,0.00||79.67,821.30,6153.58,70.36,41.71||13.30,4.19,9.19||3.00,7.75,34.94,14.01,17.08,3.80||
2.90,18.32,12.08,4.55,6.12,5.00,2.93||0.00,0.00,0.00,0.04,0.04,0.04||3.08,7.76,0.83,22.04,17.82,10.54||4.69,0.81,0.70,0.19,0.40||13.87,4.02,2.75,8.66,2.58||0.00,0.01,0.51,0.60,0.00||129.13,5729.95,60088.36,85.67,130.76||20.24,5.99,12.89||1.04,2.89,10.22,5.74,7.86,1.30||
2.89,18.28,12.06,4.54,6.11,5.00,2.93||0.00,0.00,0.00,0.04,0.04,0.04||3.08,7.76,0.83,22.04,17.82,10.54||4.68,0.81,0.70,0.19,0.40||13.85,4.02,2.75,8.66,2.58||0.00,0.01,0.51,0.60,0.00||110.10,3016.43,28307.64,80.27,89.66||16.68,5.08,11.03||4.46,11.23,55.41,19.57,22.85,5.68||
2.90,18.31,12.08,4.55,6.12,5.00,2.93||0.00,0.00,0.00,0.04,0.04,0.04||3.08,7.76,0.83,22.04,17.82,10.54||4.68,0.81,0.70,0.19,0.40||14.07,4.05,2.84,8.74,2.59||0.00,0.01,0.51,0.60,0.00||80.47,854.84,6449.36,70.64,42.71||19.55,5.82,12.54||12.31,29.03,180.47,46.10,48.13,15.85||
2.90,18.32,12.08,4.55,6.12,5.00,2.93||0.00,0.00,0.00,0.04,0.04,0.04||3.08,7.76,0.83,22.04,17.82,10.54||4.68,0.81,0.70,0.19,0.40||13.89,4.03,2.76,8.67,2.58||0.00,0.01,0.51,0.60,0.00||86.69,1153.43,9165.23,72.82,50.93||16.99,5.17,11.20||4.03,10.22,49.25,17.97,21.21,5.12||
2.88,18.16,12.00,4.51,6.07,4.97,2.91||0.00,0.00,0.00,0.04,0.04,0.04||3.08,7.76,0.83,22.04,17.82,10.54||4.68,0.81,0.70,0.19,0.40||14.08,4.05,2.84,8.74,2.59||0.00,0.01,0.51,0.60,0.00||74.89,640.14,4593.77,68.60,36.03||14.69,4.56,9.96||0.52,1.51,4.58,3.21,4.74,0.65||
2.88,18.13,11.98,4.51,6.06,4.97,2.91||0.00,0.00,0.00,0.04,0.04,0.04||3.08,7.76,0.83,22.04,17.82,10.54||4.68,0.81,0.70,0.19,0.40||13.89,4.03,2.76,8.67,2.58||0.00,0.01,0.50,0.60,0.00||85.30,1080.79,8491.80,72.34,49.02||13.12,4.14,9.09||2.83,7.34,32.64,13.33,16.36,3.58||
2.89,18.20,12.02,4.52,6.08,4.98,2.92||0.00,0.00,0.00,0.04,0.04,0.04||3.08,7.76,0.83,22.04,17.82,10.54||4.68,0.81,0.70,0.19,0.40||14.19,4.06,2.89,8.78,2.60||0.00,0.01,0.50,0.60,0.00||101.94,2213.14,19685.37,77.79,74.73||12.20,3.90,8.58||0.78,2.20,7.28,4.49,6.35,0.97||
