4.58,34.68,19.94,8.08,10.79,7.89,4.67||0.00,0.00,0.00,0.08,0.07,0.08||61.60,14.59,70.65,78.50,35.66,80.91||12.91,1.43,3.37,0.47,0.70||55.01,7.12,50.76,20.28,4.43||0.02,0.05,0.70,0.81,0.01||15.54,1.15,2.75,36.13,0.87||8.65,2.91,6.50||0.00,0.00,0.00,0.02,0.05,0.00||
3.10,20.13,13.01,4.95,6.65,5.35,3.14||0.00,0.00,0.00,0.04,0.04,0.04||5.33,8.71,1.87,27.81,20.23,15.31||5.55,0.89,0.91,0.22,0.44||18.27,4.51,4.93,10.27,2.87||0.00,0.01,0.53,0.63,0.00||10.94,0.28,0.52,31.31,0.38||4.76,1.75,4.02||0.00,0.01,0.00,0.02,0.05,0.00||
2.89,18.25,12.05,4.53,6.10,4.99,2.92||0.00,0.00,0.00,0.03,0.04,0.04||3.43,7.93,0.97,23.07,18.27,11.35||4.78,0.82,0.72,0.19,0.41||15.11,4.17,3.30,9.13,2.66||0.00,0.01,0.50,0.60,0.00||11.11,0.30,0.56,31.51,0.39||3.69,1.41,3.27||0.00,0.01,0.01,0.03,0.08,0.00||
2.85,17.91,11.87,4.46,5.99,4.92,2.88||0.00,0.00,0.00,0.03,0.04,0.04||3.15,7.79,0.86,22.25,17.91,10.70||4.67,0.81,0.69,0.19,0.40||14.44,4.09,3.00,8.88,2.62||0.00,0.01,0.50,0.60,0.00||17.23,1.74,4.48,37.68,1.11||4.45,1.65,3.81||0.00,0.01,0.01,0.04,0.11,0.00||
2.84,17.84,11.83,4.44,5.97,4.91,2.88||0.00,0.00,0.00,0.03,0.04,0.04||3.09,7.76,0.83,22.08,17.84,10.57||4.68,0.81,0.70,0.19,0.40||14.31,4.08,2.94,8.83,2.61||0.00,0.00,0.50,0.60,0.00||22.08,4.70,14.42,41.69,2.00||5.16,1.87,4.29||0.00,0.02,0.02,0.06,0.14,0.01||
2.84,17.82,11.82,4.44,5.97,4.91,2.87||0.00,0.00,0.00,0.03,0.04,0.04||3.08,7.76,0.83,22.05,17.82,10.55||4.68,0.81,0.70,0.19,0.40||14.40,4.09,2.98,8.87,2.61||0.00,0.01,0.50,0.60,0.00||14.12,0.78,1.75,34.74,0.70||5.57,2.00,4.56||0.01,0.05,0.06,0.14,0.31,0.01||
2.86,17.99,11.91,4.47,6.02,4.94,2.89||0.00,0.00,0.00,0.03,0.04,0.04||3.08,7.76,0.83,22.05,17.82,10.54||4.69,0.81,0.70,0.19,0.40||14.30,4.08,2.94,8.83,2.61||0.00,0.00,0.50,0.59,0.00||13.02,0.56,1.19,33.61,0.57||5.58,2.00,4.57||0.00,0.01,0.00,0.02,0.06,0.00||
2.86,17.94,11.88,4.46,6.00,4.93,2.89||0.00,0.00,0.00,0.03,0.04,0.04||3.08,7.76,0.83,22.04,17.82,10.54||4.69,0.81,0.70,0.19,0.41||14.16,4.06,2.88,8.77,2.60||0.00,0.00,0.50,0.59,0.00||16.82,1.57,3.99,37.31,1.05||6.13,2.17,4.93||0.00,0.01,0.01,0.05,0.12,0.00||
2.86,18.01,11.92,4.48,6.03,4.94,2.90||0.00,0.00,0.00,0.03,0.04,0.04||3.11,7.77,0.84,22.13,17.86,10.61||4.75,0.82,0.71,0.19,0.41||14.13,4.06,2.86,8.76,2.60||0.00,0.00,0.50,0.60,0.00||15.17,1.04,2.45,35.77,0.82||4.64,1.71,3.94||0.01,0.04,0.04,0.11,0.25,0.01||
2.87,18.07,11.95,4.49,6.04,4.95,2.90||0.00,0.00,0.00,0.03,0.04,0.04||3.09,7.76,0.83,22.06,17.83,10.56||4.76,0.82,0.72,0.19,0.41||14.13,4.05,2.86,8.76,2.60||0.00,0.00,0.50,0.59,0.00||13.42,0.64,1.38,34.03,0.62||5.11,1.86,4.25||0.00,0.01,0.01,0.04,0.10,0.00||
2.87,18.08,11.96,4.49,6.05,4.96,2.90||0.00,0.00,0.00,0.03,0.04,0.04||3.08,7.76,0.83,22.05,17.82,10.55||4.76,0.82,0.72,0.19,0.41||14.24,4.07,2.91,8.81,2.60||0.00,0.00,0.50,0.59,0.00||21.99,4.63,14.16,41.62,1.98||4.94,1.81,4.14||0.00,0.01,0.01,0.03,0.09,0.00||
2.88,18.12,11.98,4.50,6.06,4.96,2.91||0.00,0.00,0.00,0.03,0.04,0.04||3.08,7.76,0.83,22.04,17.82,10.54||4.76,0.82,0.72,0.19,0.41||14.27,4.07,2.92,8.82,2.61||0.00,0.01,0.50,0.60,0.00||18.51,2.32,6.28,38.80,1.32||5.79,2.07,4.70||0.00,0.01,0.01,0.03,0.09,0.00||
2.87,18.09,11.96,4.50,6.05,4.96,2.91||0.00,0.00,0.00,0.03,0.04,0.04||3.08,7.76,0.83,22.04,17.82,10.54||4.76,0.82,0.72,0.19,0.41||14.39,4.09,2.98,8.86,2.61||0.00,0.01,0.50,0.60,0.00||16.81,1.57,3.99,37.30,1.05||6.96,2.42,5.46||0.04,0.14,0.24,0.38,0.74,0.05||
2.90,18.30,12.07,4.54,6.11,5.00,2.93||0.00,0.00,0.00,0.03,0.04,0.04||3.11,7.77,0.84,22.13,17.86,10.61||4.76,0.82,0.72,0.19,0.41||14.42,4.09,2.99,8.87,2.62||0.00,0.01,0.50,0.60,0.00||20.47,3.47,10.10,40.42,1.67||7.22,2.49,5.62||0.00,0.00,0.00,0.02,0.05,0.00||
2.90,18.34,12.09,4.55,6.12,5.01,2.93||0.00,0.00,0.00,0.03,0.04,0.04||3.17,7.80,0.87,22.32,17.94,10.75||4.76,0.82,0.72,0.19,0.41||14.42,4.09,2.99,8.87,2.62||0.00,0.01,0.50,0.60,0.00||17.89,2.02,5.35,38.26,1.22||6.98,2.42,5.47||0.00,0.01,0.01,0.03,0.09,0.00||
2.90,18.35,12.10,4.55,6.12,5.01,2.94||0.00,0.00,0.00,0.03,0.04,0.04||3.13,7.78,0.85,22.18,17.88,10.65||4.76,0.82,0.72,0.19,0.41||14.30,4.08,2.94,8.83,2.61||0.00,0.01,0.50,0.60,0.00||21.59,4.30,12.99,41.31,1.90||8.62,2.90,6.49||0.00,0.01,0.01,0.05,0.13,0.00||
2.90,18.35,12.10,4.55,6.13,5.01,2.94||0.00,0.00,0.00,0.03,0.04,0.04||3.21,7.82,0.88,22.42,17.98,10.83||4.76,0.82,0.72,0.19,0.41||14.16,4.06,2.88,8.77,2.60||0.00,0.01,0.50,0.60,0.00||27.44,11.28,40.25,45.55,3.35||7.60,2.61,5.86||0.00,0.02,0.02,0.05,0.14,0.00||
2.90,18.35,12.10,4.55,6.13,5.01,2.94||0.00,0.00,0.00,0.03,0.04,0.04||3.25,7.84,0.90,22.55,18.04,10.93||4.76,0.82,0.72,0.19,0.41||14.37,4.08,2.97,8.85,2.61||0.00,0.01,0.50,0.60,0.00||20.25,3.32,9.59,40.24,1.63||5.85,2.09,4.75||0.01,0.04,0.05,0.12,0.28,0.01||
2.90,18.35,12.10,4.55,6.13,5.01,2.94||0.00,0.00,0.00,0.03,0.04,0.04||3.23,7.83,0.89,22.49,18.02,10.89||4.78,0.82,0.72,0.19,0.41||14.29,4.07,2.93,8.83,2.61||0.00,0.01,0.50,0.60,0.00||14.33,0.83,1.88,34.96,0.72||4.22,1.58,3.65||0.01,0.02,0.02,0.07,0.17,0.01||
2.90,18.35,12.10,4.55,6.13,5.01,2.94||0.00,0.00,0.00,0.03,0.04,0.04||3.26,7.85,0.90,22.56,18.05,10.95||4.78,0.82,0.72,0.19,0.41||14.52,4.10,3.03,8.91,2.62||0.00,0.01,0.50,0.60,0.00||19.15,2.65,7.37,39.34,1.43||4.60,1.70,3.91||0.01,0.03,0.03,0.08,0.19,0.01||
2.90,18.35,12.10,4.55,6.13,5.01,2.94||0.00,0.00,0.00,0.03,0.04,0.04||3.26,7.85,0.90,22.58,18.05,10.96||4.78,0.82,0.72,0.19,0.41||14.44,4.09,3.00,8.88,2.62||0.00,0.01,0.51,0.60,0.00||20.73,3.65,10.71,40.63,1.72||5.60,2.01,4.58||0.01,0.05,0.07,0.15,0.33,0.02||
2.90,18.35,12.10,4.55,6.13,5.01,2.94||0.00,0.00,0.00,0.03,0.03,0.04||3.26,7.85,0.90,22.58,18.06,10.96||4.81,0.82,0.73,0.19,0.41||14.31,4.08,2.94,8.83,2.61||0.00,0.01,0.51,0.60,0.00||25.93,8.99,30.84,44.52,2.93||6.38,2.24,5.09||0.02,0.07,0.10,0.20,0.43,0.02||
2.90,18.35,12.10,4.55,6.13,5.01,2.94||0.00,0.00,0.00,0.03,0.03,0.04||3.26,7.85,0.90,22.58,18.06,10.96||4.84,0.83,0.74,0.19,0.41||14.28,4.07,2.93,8.82,2.61||0.00,0.01,0.51,0.60,0.00||20.95,3.81,11.27,40.81,1.77||6.75,2.36,5.33||0.01,0.05,0.06,0.14,0.31,0.02||
2.90,18.35,12.10,4.55,6.13,5.01,2.94||0.00,0.00,0.00,0.03,0.04,0.04||3.26,7.85,0.90,22.58,18.06,10.96||4.79,0.82,0.72,0.19,0.41||14.27,4.07,2.93,8.82,2.61||0.00,0.01,0.51,0.60,0.00||20.69,3.62,10.61,40.60,1.72||6.24,2.20,5.00||0.01,0.04,0.05,0.12,0.28,0.01||
2.90,18.35,12.10,4.55,6.13,5.01,2.94||0.00,0.00,0.00,0.03,0.03,0.04||3.26,7.85,0.90,22.58,18.06,10.96||4.77,0.82,0.72,0.19,0.41||14.39,4.09,2.98,8.86,2.61||0.00,0.01,0.51,0.60,0.00||15.67,1.18,2.86,36.25,0.89||7.16,2.48,5.58||0.19,0.59,1.42,1.37,2.26,0.23||
2.90,18.35,12.10,4.55,6.13,5.01,2.94||0.00,0.00,0.00,0.03,0.04,0.04||3.26,7.85,0.90,22.58,18.06,10.96||4.77,0.82,0.72,0.19,0.41||14.54,4.10,3.04,8.92,2.62||0.00,0.01,0.51,0.60,0.00||11.65,0.36,0.71,32.12,0.44||7.96,2.71,6.08||0.28,0.83,2.18,1.87,2.97,0.34||
2.91,18.39,12.12,4.56,6.14,5.02,2.94||0.00,0.00,0.00,0.03,0.03,0.04||3.26,7.85,0.90,22.58,18.06,10.96||4.76,0.82,0.72,0.19,0.41||14.33,4.08,2.95,8.84,2.61||0.00,0.01,0.51,0.60,0.00||20.45,3.45,10.04,40.40,1.67||7.32,2.52,5.68||0.01,0.05,0.07,0.16,0.35,0.02||
2.90,18.36,12.10,4.56,6.13,5.01,2.94||0.00,0.00,0.00,0.03,0.03,0.04||3.26,7.85,0.90,22.58,18.06,10.96||4.76,0.82,0.72,0.19,0.41||14.28,4.07,2.93,8.82,2.61||0.00,0.01,0.51,0.60,0.00||25.94,9.00,30.87,44.52,2.93||7.97,2.71,6.09||0.02,0.08,0.12,0.22,0.47,0.03||
2.90,18.35,12.10,4.56,6.13,5.01,2.94||0.00,0.00,0.00,0.03,0.03,0.04||3.26,7.85,0.90,22.58,18.06,10.96||4.76,0.82,0.72,0.19,0.41||14.40,4.09,2.98,8.86,2.61||0.00,0.01,0.51,0.60,0.00||23.00,5.54,17.48,42.39,2.21||7.48,2.57,5.78||0.01,0.02,0.02,0.07,0.17,0.01||
2.92,18.48,12.16,4.58,6.16,5.03,2.95||0.00,0.00,0.00,0.03,0.04,0.04||3.26,7.85,0.90,22.58,18.06,10.96||4.78,0.82,0.72,0.19,0.41||14.42,4.09,2.99,8.87,2.62||0.00,0.01,0.51,0.60,0.00||15.68,1.19,2.87,36.26,0.89||7.01,2.43,5.49||0.05,0.16,0.28,0.42,0.82,0.06||
2.93,18.59,12.22,4.61,6.20,5.06,2.96||0.00,0.00,0.00,0.03,0.04,0.04||3.26,7.85,0.90,22.58,18.06,10.96||4.84,0.83,0.73,0.19,0.41||14.42,4.09,2.99,8.87,2.62||0.00,0.01,0.51,0.60,0.00||22.92,5.47,17.21,42.33,2.19||6.70,2.34,5.29||0.07,0.24,0.46,0.61,1.12,0.09||
2.93,18.61,12.23,4.61,6.20,5.06,2.97||0.00,0.00,0.00,0.03,0.04,0.04||3.26,7.85,0.90,22.58,18.06,10.96||4.93,0.84,0.76,0.20,0.42||14.18,4.06,2.89,8.78,2.60||0.00,0.01,0.51,0.60,0.00||19.39,2.79,7.81,39.53,1.47||6.81,2.37,5.36||0.01,0.05,0.06,0.15,0.32,0.02||
2.93,18.62,12.24,4.61,6.21,5.06,2.97||0.00,0.00,0.00,0.03,0.04,0.04||3.38,7.91,0.95,22.93,18.21,11.23||5.01,0.84,0.78,0.20,0.42||14.38,4.08,2.97,8.86,2.61||0.00,0.01,0.51,0.60,0.00||16.74,1.55,3.91,37.24,1.04||7.35,2.53,5.70||0.05,0.16,0.27,0.42,0.80,0.06||
2.93,18.62,12.24,4.62,6.21,5.06,2.97||0.00,0.00,0.00,0.03,0.04,0.04||3.44,7.94,0.98,23.09,18.28,11.36||5.10,0.85,0.80,0.20,0.42||14.29,4.08,2.93,8.83,2.61||0.00,0.01,0.51,0.60,0.00||19.66,2.95,8.35,39.77,1.52||7.01,2.43,5.49||0.04,0.13,0.23,0.36,0.71,0.05||
2.93,18.62,12.24,4.62,6.21,5.06,2.97||0.00,0.00,0.00,0.03,0.04,0.04||3.45,7.94,0.98,23.13,18.29,11.39||5.12,0.85,0.80,0.20,0.42||14.40,4.09,2.98,8.87,2.61||0.00,0.01,0.51,0.60,0.00||29.71,15.54,58.60,47.06,4.04||6.87,2.39,5.40||0.01,0.05,0.06,0.14,0.30,0.01||
2.93,18.62,12.24,4.62,6.21,5.06,2.97||0.00,0.00,0.00,0.03,0.04,0.04||3.45,7.94,0.98,23.13,18.30,11.39||5.14,0.86,0.81,0.20,0.43||14.42,4.09,2.99,8.87,2.62||0.00,0.01,0.51,0.60,0.00||30.39,17.02,65.20,47.49,4.27||6.49,2.28,5.16||0.03,0.09,0.15,0.26,0.54,0.03||
2.93,18.62,12.24,4.62,6.21,5.06,2.97||0.00,0.00,0.00,0.03,0.04,0.04||3.45,7.94,0.98,23.13,18.30,11.39||5.20,0.86,0.82,0.21,0.43||14.30,4.08,2.94,8.83,2.61||0.00,0.01,0.51,0.60,0.00||18.01,2.07,5.51,38.36,1.24||4.79,1.76,4.04||0.01,0.04,0.05,0.11,0.26,0.01||
2.93,18.62,12.24,4.62,6.21,5.06,2.97||0.00,0.00,0.00,0.04,0.04,0.04||3.45,7.94,0.98,23.13,18.30,11.39||5.22,0.86,0.82,0.21,0.43||14.52,4.10,3.03,8.91,2.62||0.00,0.01,0.51,0.60,0.00||28.02,12.27,44.40,45.94,3.52||6.13,2.17,4.93||0.01,0.03,0.03,0.09,0.21,0.01||
2.93,18.62,12.24,4.62,6.21,5.06,2.97||0.00,0.00,0.00,0.04,0.04,0.04||3.45,7.94,0.98,23.13,18.30,11.39||5.22,0.86,0.83,0.21,0.43||14.44,4.09,3.00,8.88,2.62||0.00,0.01,0.51,0.60,0.00||26.40,9.65,33.52,44.84,3.06||6.10,2.16,4.91||0.16,0.50,1.15,1.18,1.98,0.20||
2.93,18.62,12.24,4.62,6.21,5.06,2.97||0.00,0.00,0.00,0.04,0.04,0.04||3.45,7.94,0.98,23.13,18.30,11.39||5.22,0.86,0.83,0.21,0.43||14.43,4.09,2.99,8.88,2.62||0.00,0.01,0.51,0.60,0.00||20.11,3.23,9.29,40.13,1.61||5.11,1.86,4.26||0.11,0.36,0.77,0.88,1.54,0.14||
2.94,18.66,12.26,4.62,6.22,5.07,2.97||0.00,0.00,0.00,0.04,0.04,0.04||3.49,7.96,1.00,23.22,18.33,11.46||5.22,0.86,0.83,0.21,0.43||14.42,4.09,2.99,8.88,2.62||0.00,0.01,0.50,0.60,0.00||20.60,3.56,10.40,40.53,1.70||7.40,2.55,5.73||0.08,0.27,0.53,0.67,1.21,0.10||
2.93,18.63,12.24,4.62,6.21,5.06,2.97||0.00,0.00,0.00,0.04,0.04,0.04||3.46,7.95,0.98,23.15,18.30,11.41||5.22,0.86,0.83,0.21,0.43||14.55,4.10,3.04,8.92,2.63||0.00,0.01,0.50,0.60,0.00||25.62,8.56,29.10,44.29,2.85||7.45,2.56,5.76||0.02,0.07,0.10,0.20,0.42,0.02||
2.93,18.62,12.24,4.62,6.21,5.06,2.97||0.00,0.00,0.00,0.04,0.04,0.04||3.45,7.95,0.98,23.14,18.30,11.40||5.22,0.86,0.83,0.21,0.43||14.33,4.08,2.95,8.84,2.61||0.00,0.01,0.50,0.60,0.00||24.82,7.54,25.07,43.73,2.64||5.02,1.83,4.20||0.01,0.04,0.05,0.12,0.27,0.01||
2.93,18.62,12.24,4.62,6.21,5.06,2.97||0.00,0.00,0.00,0.04,0.04,0.04||3.49,7.96,1.00,23.22,18.34,11.46||5.22,0.86,0.83,0.21,0.43||14.77,4.13,3.15,9.01,2.64||0.00,0.01,0.50,0.60,0.00||34.27,27.58,114.87,49.88,5.67||7.86,2.68,6.02||0.01,0.02,0.03,0.07,0.18,0.01||
2.93,18.62,12.24,4.62,6.21,5.06,2.97||0.00,0.00,0.00,0.04,0.04,0.04||3.46,7.95,0.98,23.15,18.30,11.41||5.22,0.86,0.83,0.21,0.43||14.61,4.11,3.08,8.95,2.63||0.00,0.01,0.50,0.60,0.00||25.22,8.03,27.02,44.01,2.74||8.51,2.87,6.42||0.01,0.03,0.04,0.10,0.24,0.01||
2.93,18.62,12.24,4.62,6.21,5.06,2.97||0.00,0.00,0.00,0.04,0.04,0.04||3.45,7.95,0.98,23.14,18.30,11.40||5.22,0.86,0.83,0.21,0.43||14.34,4.08,2.95,8.84,2.61||0.00,0.01,0.50,0.60,0.00||27.55,11.46,40.98,45.62,3.38||7.59,2.60,5.85||0.01,0.05,0.07,0.16,0.35,0.02||
2.93,18.62,12.24,4.62,6.21,5.06,2.97||0.00,0.00,0.00,0.04,0.04,0.04||3.45,7.94,0.98,23.14,18.30,11.39||5.22,0.86,0.83,0.21,0.43||14.41,4.09,2.98,8.87,2.62||0.00,0.01,0.51,0.60,0.00||28.40,12.96,47.36,46.20,3.63||6.93,2.41,5.44||0.01,0.05,0.06,0.15,0.32,0.02||
2.93,18.62,12.24,4.62,6.21,5.06,2.97||0.00,0.00,0.00,0.04,0.04,0.04||3.49,7.96,1.00,23.22,18.33,11.46||5.22,0.86,0.83,0.21,0.43||14.54,4.10,3.04,8.92,2.62||0.00,0.01,0.50,0.60,0.00||33.46,25.06,102.62,49.39,5.36||5.82,2.08,4.72||0.03,0.09,0.14,0.25,0.52,0.03||
2.93,18.62,12.24,4.62,6.21,5.06,2.97||0.00,0.00,0.00,0.04,0.04,0.04||3.49,7.96,1.00,23.24,18.34,11.48||5.22,0.86,0.83,0.21,0.43||14.69,4.12,3.11,8.98,2.64||0.00,0.01,0.50,0.60,0.00||34.81,29.36,123.58,50.19,5.88||9.17,3.06,6.81||0.00,0.01,0.01,0.04,0.11,0.00||
2.93,18.62,12.24,4.62,6.21,5.06,2.97||0.00,0.00,0.00,0.04,0.04,0.04||3.46,7.95,0.99,23.16,18.31,11.41||5.22,0.86,0.83,0.21,0.43||14.72,4.13,3.12,8.99,2.64||0.00,0.01,0.50,0.60,0.00||37.59,40.00,177.63,51.79,7.05||6.97,2.42,5.46||0.02,0.07,0.10,0.20,0.43,0.02||
2.93,18.62,12.24,4.62,6.21,5.06,2.97||0.00,0.00,0.00,0.04,0.04,0.04||3.46,7.95,0.98,23.14,18.30,11.40||5.17,0.86,0.81,0.21,0.43||14.61,4.11,3.07,8.94,2.63||0.00,0.01,0.50,0.60,0.00||31.79,20.40,80.63,48.37,4.75||6.52,2.29,5.18||0.00,0.01,0.01,0.04,0.11,0.00||
2.93,18.62,12.24,4.62,6.21,5.06,2.97||0.00,0.00,0.00,0.04,0.04,0.04||3.45,7.94,0.98,23.14,18.30,11.39||5.15,0.86,0.81,0.20,0.43||14.46,4.09,3.01,8.89,2.62||0.00,0.01,0.50,0.60,0.00||21.85,4.51,13.72,41.51,1.95||7.90,2.69,6.04||0.00,0.01,0.01,0.04,0.11,0.00||
2.93,18.62,12.24,4.62,6.21,5.06,2.97||0.00,0.00,0.00,0.04,0.04,0.04||3.45,7.94,0.98,23.14,18.30,11.39||5.13,0.85,0.80,0.20,0.43||14.92,4.15,3.21,9.06,2.65||0.00,0.01,0.50,0.60,0.00||32.70,22.85,92.11,48.93,5.07||9.25,3.08,6.86||0.01,0.03,0.03,0.09,0.22,0.01||
2.93,18.62,12.24,4.62,6.21,5.06,2.97||0.00,0.00,0.00,0.04,0.04,0.04||3.45,7.94,0.98,23.13,18.30,11.39||5.13,0.85,0.80,0.20,0.42||14.89,4.14,3.20,9.05,2.65||0.00,0.01,0.50,0.60,0.00||33.76,25.97,107.01,49.57,5.47||7.53,2.59,5.82||0.02,0.06,0.07,0.16,0.35,0.02||
2.93,18.57,12.21,4.61,6.19,5.05,2.96||0.00,0.00,0.00,0.04,0.04,0.04||3.45,7.94,0.98,23.13,18.30,11.39||5.13,0.85,0.80,0.20,0.42||14.52,4.10,3.03,8.91,2.62||0.00,0.01,0.50,0.60,0.00||13.53,0.66,1.43,34.14,0.63||6.42,2.26,5.11||0.01,0.02,0.02,0.07,0.17,0.01||
2.92,18.48,12.16,4.58,6.16,5.03,2.95||0.00,0.00,0.00,0.04,0.04,0.04||3.45,7.94,0.98,23.13,18.30,11.39||5.13,0.85,0.80,0.20,0.42||14.44,4.09,3.00,8.88,2.62||0.00,0.01,0.50,0.60,0.00||12.30,0.45,0.91,32.84,0.50||5.73,2.05,4.67||0.00,0.01,0.01,0.05,0.12,0.00||
2.91,18.46,12.15,4.58,6.16,5.03,2.95||0.00,0.00,0.00,0.04,0.04,0.04||3.45,7.94,0.98,23.13,18.30,11.39||5.13,0.85,0.80,0.20,0.42||14.55,4.10,3.05,8.92,2.63||0.00,0.01,0.50,0.60,0.00||14.29,0.82,1.85,34.91,0.72||7.76,2.65,5.96||0.02,0.08,0.12,0.22,0.47,0.03||
2.92,18.54,12.20,4.60,6.18,5.05,2.96||0.00,0.00,0.00,0.04,0.04,0.04||3.45,7.94,0.98,23.13,18.30,11.39||5.13,0.85,0.80,0.20,0.42||14.82,4.14,3.17,9.02,2.64||0.00,0.01,0.50,0.60,0.00||23.27,5.81,18.48,42.59,2.27||7.69,2.63,5.91||0.07,0.24,0.46,0.61,1.11,0.09||
2.91,18.43,12.14,4.57,6.15,5.02,2.95||0.00,0.00,0.00,0.04,0.04,0.04||3.45,7.94,0.98,23.13,18.30,11.39||5.11,0.85,0.80,0.20,0.42||14.38,4.09,2.97,8.86,2.61||0.00,0.01,0.50,0.60,0.00||22.33,4.93,15.23,41.88,2.06||6.35,2.24,5.07||0.00,0.00,0.00,0.02,0.05,0.00||
2.90,18.36,12.10,4.56,6.13,5.01,2.94||0.00,0.00,0.00,0.04,0.04,0.04||3.45,7.94,0.98,23.13,18.30,11.39||5.11,0.85,0.80,0.20,0.42||14.42,4.09,2.99,8.87,2.62||0.00,0.01,0.50,0.60,0.00||24.45,7.09,23.35,43.46,2.55||8.77,2.94,6.57||0.04,0.13,0.21,0.35,0.68,0.05||
2.90,18.35,12.10,4.56,6.13,5.01,2.94||0.00,0.00,0.00,0.04,0.04,0.04||3.45,7.94,0.98,23.13,18.30,11.39||5.05,0.85,0.78,0.20,0.42||14.42,4.09,2.99,8.87,2.62||0.00,0.01,0.50,0.60,0.00||14.86,0.96,2.22,35.47,0.78||10.05,3.30,7.34||0.02,0.06,0.08,0.17,0.36,0.02||
2.90,18.35,12.10,4.55,6.13,5.01,2.94||0.00,0.00,0.00,0.04,0.04,0.04||3.45,7.94,0.98,23.13,18.30,11.39||5.04,0.85,0.78,0.20,0.42||14.55,4.10,3.04,8.92,2.63||0.00,0.01,0.50,0.60,0.00||26.13,9.26,31.92,44.65,2.98||8.34,2.82,6.31||0.01,0.05,0.06,0.15,0.32,0.02||
2.90,18.35,12.10,4.55,6.13,5.01,2.94||0.00,0.00,0.00,0.04,0.04,0.04||3.45,7.94,0.98,23.13,18.30,11.39||5.03,0.85,0.78,0.20,0.42||14.57,4.11,3.06,8.93,2.63||0.00,0.01,0.50,0.60,0.00||31.34,19.24,75.29,48.09,4.59||7.75,2.65,5.95||0.03,0.11,0.17,0.29,0.59,0.04||
2.91,18.43,12.14,4.57,6.15,5.03,2.95||0.00,0.00,0.00,0.04,0.04,0.04||3.45,7.94,0.98,23.13,18.30,11.39||5.03,0.85,0.78,0.20,0.42||14.82,4.14,3.17,9.02,2.64||0.00,0.01,0.50,0.60,0.00||32.29,21.70,86.70,48.68,4.92||8.17,2.77,6.21||0.03,0.09,0.15,0.26,0.54,0.03||
2.91,18.45,12.15,4.58,6.16,5.03,2.95||0.00,0.00,0.00,0.04,0.04,0.04||3.45,7.94,0.98,23.13,18.30,11.39||5.03,0.85,0.78,0.20,0.42||14.75,4.13,3.13,9.00,2.64||0.00,0.01,0.50,0.60,0.00||27.53,11.43,40.85,45.61,3.37||5.76,2.06,4.68||0.00,0.02,0.02,0.05,0.13,0.00||
2.93,18.58,12.22,4.61,6.20,5.05,2.96||0.00,0.00,0.00,0.04,0.04,0.04||3.45,7.94,0.98,23.13,18.30,11.39||5.03,0.85,0.78,0.20,0.42||14.86,4.14,3.18,9.04,2.65||0.00,0.01,0.50,0.60,0.00||13.06,0.57,1.21,33.65,0.58||7.26,2.51,5.65||0.04,0.12,0.21,0.34,0.67,0.04||
2.93,18.57,12.21,4.60,6.19,5.05,2.96||0.00,0.00,0.00,0.04,0.04,0.04||3.45,7.94,0.98,23.13,18.30,11.39||5.03,0.85,0.78,0.20,0.42||14.51,4.10,3.03,8.91,2.62||0.00,0.01,0.50,0.60,0.00||21.91,4.56,13.91,41.56,1.97||7.74,2.65,5.95||0.04,0.13,0.21,0.34,0.68,0.04||
2.93,18.61,12.23,4.61,6.20,5.06,2.97||0.00,0.00,0.00,0.04,0.04,0.04||3.45,7.94,0.98,23.13,18.30,11.39||5.03,0.85,0.78,0.20,0.42||14.93,4.15,3.22,9.07,2.65||0.00,0.01,0.50,0.60,0.00||16.27,1.38,3.41,36.81,0.97||6.42,2.26,5.12||0.00,0.01,0.01,0.05,0.12,0.00||
2.93,18.62,12.24,4.61,6.20,5.06,2.97||0.00,0.00,0.00,0.04,0.04,0.04||3.45,7.94,0.98,23.13,18.30,11.39||5.03,0.85,0.78,0.20,0.42||14.52,4.10,3.03,8.91,2.62||0.00,0.01,0.50,0.60,0.00||17.26,1.75,4.51,37.70,1.12||6.21,2.19,4.98||0.01,0.03,0.04,0.10,0.23,0.01||
2.93,18.62,12.24,4.62,6.21,5.06,2.97||0.00,0.00,0.00,0.04,0.04,0.05||3.45,7.94,0.98,23.13,18.30,11.39||5.03,0.85,0.78,0.20,0.42||14.32,4.08,2.95,8.84,2.61||0.00,0.01,0.50,0.60,0.00||21.58,4.29,12.96,41.30,1.90||7.22,2.49,5.62||0.21,0.64,1.56,1.47,2.41,0.25||
2.93,18.57,12.21,4.61,6.19,5.05,2.96||0.00,0.00,0.00,0.04,0.04,0.04||3.45,7.94,0.98,23.13,18.30,11.39||5.03,0.85,0.78,0.20,0.42||14.65,4.12,3.09,8.96,2.63||0.00,0.01,0.50,0.60,0.00||16.08,1.32,3.24,36.64,0.95||6.13,2.17,4.93||0.06,0.19,0.35,0.49,0.93,0.07||
2.93,18.61,12.23,4.61,6.20,5.06,2.97||0.00,0.00,0.00,0.04,0.04,0.04||3.45,7.94,0.98,23.13,18.30,11.39||5.03,0.85,0.78,0.20,0.42||14.96,4.15,3.23,9.08,2.65||0.00,0.01,0.50,0.60,0.00||26.25,9.44,32.66,44.74,3.02||6.04,2.14,4.87||0.01,0.02,0.02,0.07,0.17,0.01||
2.93,18.57,12.21,4.61,6.19,5.05,2.96||0.00,0.00,0.00,0.04,0.04,0.04||3.45,7.94,0.98,23.13,18.30,11.39||5.03,0.85,0.78,0.20,0.42||14.53,4.10,3.04,8.92,2.62||0.00,0.01,0.50,0.60,0.00||35.19,30.68,130.12,50.42,6.03||8.43,2.85,6.37||0.01,0.04,0.05,0.12,0.26,0.01||
2.93,18.61,12.23,4.61,6.20,5.06,2.97||0.00,0.00,0.00,0.04,0.04,0.04||3.45,7.94,0.98,23.13,18.30,11.39||5.03,0.85,0.78,0.20,0.42||14.45,4.09,3.00,8.88,2.62||0.00,0.01,0.50,0.60,0.00||26.36,9.60,33.31,44.81,3.05||6.51,2.28,5.17||0.08,0.27,0.53,0.67,1.21,0.10||
2.93,18.62,12.24,4.61,6.20,5.06,2.97||0.00,0.00,0.00,0.04,0.04,0.05||3.45,7.94,0.98,23.13,18.30,11.39||5.03,0.85,0.78,0.20,0.42||14.31,4.08,2.94,8.83,2.61||0.00,0.01,0.50,0.60,0.00||18.74,2.43,6.66,38.99,1.36||7.62,2.61,5.87||0.01,0.02,0.03,0.08,0.19,0.01||
2.93,18.62,12.24,4.62,6.21,5.06,2.97||0.00,0.00,0.00,0.04,0.04,0.05||3.45,7.94,0.98,23.13,18.30,11.39||5.03,0.85,0.78,0.20,0.42||14.40,4.09,2.98,8.87,2.61||0.00,0.01,0.50,0.60,0.00||29.88,15.90,60.19,47.17,4.10||7.05,2.45,5.52||0.01,0.03,0.04,0.10,0.23,0.01||
2.93,18.62,12.24,4.62,6.21,5.06,2.97||0.00,0.00,0.00,0.04,0.04,0.05||3.45,7.94,0.98,23.13,18.30,11.39||5.03,0.85,0.78,0.20,0.42||14.42,4.09,2.99,8.87,2.62||0.00,0.01,0.50,0.60,0.00||15.11,1.02,2.41,35.71,0.82||9.04,3.02,6.74||0.01,0.03,0.03,0.08,0.20,0.01||
2.93,18.62,12.24,4.62,6.21,5.06,2.97||0.00,0.00,0.00,0.04,0.04,0.04||3.45,7.94,0.98,23.13,18.30,11.39||5.03,0.85,0.78,0.20,0.42||14.67,4.12,3.10,8.97,2.63||0.00,0.01,0.50,0.60,0.00||22.19,4.80,14.78,41.77,2.03||6.52,2.29,5.18||0.03,0.09,0.14,0.25,0.52,0.03||
2.93,18.62,12.24,4.62,6.21,5.06,2.97||0.00,0.00,0.00,0.04,0.04,0.05||3.45,7.94,0.98,23.13,18.30,11.39||5.03,0.85,0.78,0.20,0.42||14.72,4.12,3.12,8.99,2.64||0.00,0.01,0.50,0.60,0.00||31.89,20.65,81.77,48.43,4.78||6.16,2.18,4.94||0.01,0.02,0.02,0.06,0.16,0.01||
2.93,18.62,12.24,4.62,6.21,5.06,2.97||0.00,0.00,0.00,0.04,0.04,0.05||3.45,7.94,0.98,23.13,18.30,11.39||5.03,0.85,0.78,0.20,0.42||14.73,4.13,3.13,8.99,2.64||0.00,0.01,0.50,0.60,0.00||32.17,21.39,85.26,48.61,4.88||5.77,2.06,4.69||0.00,0.02,0.02,0.06,0.14,0.01||
2.93,18.62,12.24,4.62,6.21,5.06,2.97||0.00,0.00,0.00,0.04,0.04,0.05||3.45,7.94,0.98,23.13,18.30,11.39||5.03,0.85,0.78,0.20,0.42||14.48,4.10,3.02,8.90,2.62||0.00,0.01,0.50,0.60,0.00||23.86,6.43,20.81,43.03,2.41||7.68,2.63,5.91||0.01,0.03,0.03,0.09,0.21,0.01||
2.93,18.62,12.24,4.62,6.21,5.06,2.97||0.00,0.00,0.00,0.04,0.04,0.05||3.45,7.94,0.98,23.13,18.30,11.39||5.03,0.85,0.78,0.20,0.42||14.68,4.12,3.10,8.97,2.63||0.00,0.01,0.50,0.60,0.00||16.89,1.60,4.08,37.38,1.06||6.03,2.14,4.86||0.01,0.03,0.04,0.10,0.23,0.01||
2.93,18.62,12.24,4.62,6.21,5.06,2.97||0.00,0.00,0.00,0.04,0.04,0.05||3.45,7.94,0.98,23.13,18.30,11.39||5.03,0.85,0.78,0.20,0.42||14.60,4.11,3.07,8.94,2.63||0.00,0.01,0.50,0.60,0.00||26.35,9.59,33.25,44.81,3.04||6.00,2.13,4.84||0.00,0.01,0.01,0.04,0.11,0.00||
2.93,18.62,12.24,4.62,6.21,5.06,2.97||0.00,0.00,0.00,0.04,0.04,0.05||3.45,7.94,0.98,23.13,18.30,11.39||5.03,0.85,0.78,0.20,0.42||14.46,4.09,3.01,8.89,2.62||0.00,0.01,0.50,0.60,0.00||21.93,4.58,13.97,41.57,1.97||5.76,2.06,4.68||0.01,0.03,0.03,0.09,0.21,0.01||
2.93,18.62,12.24,4.62,6.21,5.06,2.97||0.00,0.00,0.00,0.04,0.04,0.05||3.45,7.94,0.98,23.13,18.30,11.39||5.08,0.85,0.79,0.20,0.42||14.31,4.08,2.94,8.83,2.61||0.00,0.00,0.50,0.59,0.00||25.48,8.37,28.37,44.20,2.81||6.95,2.42,5.45||0.01,0.02,0.02,0.07,0.17,0.01||
2.93,18.62,12.24,4.62,6.21,5.06,2.97||0.00,0.00,0.00,0.04,0.04,0.05||3.45,7.94,0.98,23.13,18.30,11.39||5.12,0.85,0.80,0.20,0.42||14.52,4.10,3.03,8.91,2.62||0.00,0.00,0.49,0.59,0.00||31.68,20.11,79.29,48.30,4.71||10.06,3.31,7.34||0.07,0.25,0.48,0.62,1.14,0.09||
2.94,18.66,12.26,4.62,6.22,5.07,2.97||0.00,0.00,0.00,0.04,0.04,0.04||3.45,7.94,0.98,23.13,18.30,11.39||5.12,0.85,0.80,0.20,0.42||14.44,4.09,3.00,8.88,2.62||0.00,0.00,0.50,0.59,0.00||31.24,19.00,74.17,48.02,4.55||7.56,2.59,5.84||0.02,0.09,0.13,0.24,0.50,0.03||
2.93,18.63,12.24,4.62,6.21,5.06,2.97||0.00,0.00,0.00,0.04,0.04,0.04||3.45,7.94,0.98,23.13,18.30,11.39||5.12,0.85,0.80,0.20,0.42||14.55,4.10,3.05,8.92,2.63||0.00,0.00,0.50,0.59,0.00||23.94,6.51,21.12,43.08,2.42||6.31,2.22,5.04||0.00,0.01,0.01,0.03,0.08,0.00||
2.93,18.62,12.24,4.62,6.21,5.06,2.97||0.00,0.00,0.00,0.04,0.04,0.04||3.45,7.94,0.98,23.13,18.30,11.39||5.05,0.85,0.78,0.20,0.42||14.45,4.09,3.00,8.88,2.62||0.00,0.00,0.50,0.59,0.00||14.14,0.78,1.76,34.76,0.70||5.93,2.11,4.80||0.00,0.00,0.00,0.01,0.03,0.00||
2.93,18.62,12.24,4.62,6.21,5.06,2.97||0.00,0.00,0.00,0.04,0.04,0.04||3.45,7.94,0.98,23.13,18.30,11.39||5.04,0.85,0.78,0.20,0.42||14.31,4.08,2.94,8.83,2.61||0.00,0.00,0.50,0.59,0.00||18.50,2.31,6.27,38.79,1.32||7.08,2.45,5.53||0.00,0.01,0.01,0.03,0.09,0.00||
2.93,18.62,12.24,4.62,6.21,5.06,2.97||0.00,0.00,0.00,0.04,0.04,0.04||3.45,7.94,0.98,23.13,18.30,11.39||5.03,0.85,0.78,0.20,0.42||14.40,4.09,2.98,8.87,2.61||0.00,0.00,0.50,0.59,0.00||17.51,1.85,4.83,37.93,1.16||6.12,2.17,4.92||0.01,0.02,0.02,0.07,0.16,0.01||
2.93,18.62,12.24,4.62,6.21,5.06,2.97||0.00,0.00,0.00,0.04,0.04,0.04||3.45,7.94,0.98,23.13,18.30,11.39||4.99,0.84,0.77,0.20,0.42||14.54,4.10,3.04,8.92,2.62||0.00,0.00,0.50,0.59,0.00||12.79,0.52,1.10,33.37,0.55||5.49,1.97,4.51||0.00,0.00,0.00,0.01,0.04,0.00||
2.93,18.62,12.24,4.62,6.21,5.06,2.97||0.00,0.00,0.00,0.04,0.04,0.04||3.45,7.94,0.98,23.13,18.30,11.39||4.95,0.84,0.76,0.20,0.42||14.33,4.08,2.95,8.84,2.61||0.00,0.00,0.50,0.59,0.00||16.37,1.41,3.51,36.90,0.99||7.50,2.58,5.80||0.01,0.02,0.03,0.08,0.19,0.01||
2.93,18.62,12.24,4.62,6.21,5.06,2.97||0.00,0.00,0.00,0.04,0.04,0.04||3.42,7.93,0.97,23.05,18.26,11.32||4.91,0.83,0.75,0.20,0.42||14.28,4.07,2.93,8.82,2.61||0.00,0.00,0.50,0.59,0.00||22.63,5.20,16.22,42.11,2.12||7.07,2.45,5.53||0.00,0.00,0.00,0.02,0.05,0.00||
2.93,18.62,12.24,4.62,6.21,5.06,2.97||0.00,0.00,0.00,0.04,0.04,0.04||3.35,7.90,0.94,22.85,18.17,11.17||4.86,0.83,0.74,0.19,0.41||14.40,4.09,2.98,8.86,2.61||0.00,0.00,0.50,0.59,0.00||28.23,12.64,45.99,46.08,3.58||8.41,2.84,6.36||0.00,0.01,0.01,0.05,0.12,0.00||
2.93,18.62,12.24,4.62,6.21,5.06,2.97||0.00,0.00,0.00,0.04,0.04,0.04||3.28,7.86,0.91,22.64,18.08,11.00||4.84,0.83,0.73,0.19,0.41||14.30,4.08,2.94,8.83,2.61||0.00,0.00,0.50,0.59,0.00||25.16,7.96,26.73,43.97,2.73||6.05,2.15,4.88||0.01,0.05,0.07,0.15,0.34,0.02||
2.93,18.62,12.24,4.62,6.21,5.06,2.97||0.00,0.00,0.00,0.04,0.04,0.04||3.27,7.85,0.90,22.59,18.06,10.97||4.82,0.83,0.73,0.19,0.41||14.40,4.09,2.98,8.87,2.61||0.00,0.00,0.50,0.59,0.00||13.13,0.58,1.24,33.73,0.59||6.09,2.16,4.90||0.01,0.04,0.06,0.13,0.30,0.01||
2.93,18.62,12.24,4.62,6.21,5.06,2.97||0.00,0.00,0.00,0.04,0.04,0.04||3.26,7.85,0.90,22.59,18.06,10.96||4.78,0.82,0.72,0.19,0.41||14.42,4.09,2.99,8.87,2.62||0.00,0.00,0.50,0.59,0.00||19.94,3.12,8.91,39.99,1.57||6.14,2.17,4.93||0.01,0.03,0.03,0.09,0.21,0.01||
2.93,18.62,12.24,4.62,6.21,5.06,2.97||0.00,0.00,0.00,0.04,0.04,0.04||3.26,7.85,0.90,22.58,18.06,10.96||4.77,0.82,0.72,0.19,0.41||14.30,4.08,2.94,8.83,2.61||0.00,0.00,0.50,0.59,0.00||17.67,1.92,5.04,38.07,1.18||8.80,2.95,6.59||0.03,0.11,0.17,0.29,0.59,0.04||
2.93,18.62,12.24,4.62,6.21,5.06,2.97||0.00,0.00,0.00,0.04,0.04,0.04||3.26,7.85,0.90,22.58,18.06,10.96||4.77,0.82,0.72,0.19,0.41||14.28,4.07,2.93,8.82,2.61||0.00,0.00,0.50,0.59,0.00||15.48,1.13,2.70,36.07,0.86||7.00,2.43,5.48||0.01,0.03,0.03,0.09,0.20,0.01||
2.93,18.62,12.24,4.62,6.21,5.06,2.97||0.00,0.00,0.00,0.04,0.04,0.04||3.26,7.85,0.90,22.58,18.06,10.96||4.70,0.81,0.70,0.19,0.41||14.28,4.07,2.93,8.82,2.61||0.00,0.00,0.50,0.59,0.00||20.41,3.43,9.95,40.37,1.66||5.72,2.05,4.66||0.29,0.86,2.28,1.93,3.05,0.35||
2.93,18.62,12.24,4.62,6.21,5.06,2.97||0.00,0.00,0.00,0.04,0.04,0.04||3.26,7.85,0.90,22.58,18.06,10.96||4.68,0.81,0.70,0.19,0.40||14.39,4.09,2.98,8.86,2.61||0.00,0.00,0.50,0.59,0.00||18.28,2.20,5.92,38.60,1.28||4.49,1.67,3.84||0.01,0.03,0.03,0.09,0.21,0.01||
2.93,18.62,12.24,4.62,6.21,5.06,2.97||0.00,0.00,0.00,0.04,0.04,0.04||3.26,7.85,0.90,22.58,18.06,10.96||4.68,0.81,0.70,0.19,0.40||14.30,4.08,2.94,8.83,2.61||0.00,0.00,0.50,0.59,0.00||27.91,12.08,43.62,45.87,3.49||6.77,2.36,5.34||0.00,0.01,0.01,0.05,0.12,0.00||
2.93,18.62,12.24,4.62,6.21,5.06,2.97||0.00,0.00,0.00,0.04,0.04,0.04||3.26,7.85,0.90,22.58,18.06,10.96||4.65,0.81,0.69,0.19,0.40||14.16,4.06,2.88,8.77,2.60||0.00,0.00,0.50,0.59,0.00||20.25,3.32,9.60,40.25,1.63||6.01,2.13,4.85||0.00,0.01,0.01,0.04,0.11,0.00||
2.93,18.62,12.24,4.62,6.21,5.06,2.97||0.00,0.00,0.00,0.04,0.04,0.04||3.26,7.85,0.90,22.58,18.06,10.96||4.62,0.81,0.68,0.19,0.40||14.49,4.10,3.02,8.90,2.62||0.00,0.00,0.50,0.59,0.00||38.90,45.94,208.98,52.52,7.65||7.72,2.64,5.93||0.00,0.02,0.02,0.06,0.14,0.01||
2.93,18.62,12.24,4.62,6.21,5.06,2.97||0.00,0.00,0.00,0.04,0.04,0.04||3.26,7.85,0.90,22.58,18.06,10.96||4.60,0.80,0.68,0.19,0.40||14.32,4.08,2.94,8.83,2.61||0.00,0.00,0.50,0.59,0.00||20.63,3.58,10.47,40.55,1.71||5.68,2.03,4.64||0.01,0.04,0.05,0.12,0.27,0.01||
2.93,18.62,12.24,4.62,6.21,5.06,2.97||0.00,0.00,0.00,0.04,0.04,0.04||3.23,7.83,0.89,22.50,18.02,10.89||4.59,0.80,0.68,0.18,0.40||14.28,4.07,2.93,8.82,2.61||0.00,0.01,0.50,0.60,0.00||19.41,2.80,7.85,39.55,1.48||8.03,2.73,6.12||0.01,0.02,0.02,0.07,0.16,0.01||
2.93,18.62,12.24,4.62,6.21,5.06,2.97||0.00,0.00,0.00,0.04,0.04,0.04||3.17,7.80,0.86,22.31,17.93,10.74||4.53,0.80,0.66,0.18,0.40||14.28,4.07,2.93,8.82,2.61||0.00,0.01,0.50,0.60,0.00||25.38,8.24,27.82,44.12,2.78||7.88,2.69,6.03||0.02,0.06,0.08,0.18,0.38,0.02||
2.93,18.57,12.21,4.61,6.19,5.05,2.96||0.00,0.00,0.00,0.04,0.04,0.04||3.13,7.78,0.85,22.18,17.88,10.65||4.51,0.80,0.66,0.18,0.40||14.15,4.06,2.87,8.77,2.60||0.00,0.01,0.50,0.60,0.00||16.84,1.58,4.01,37.32,1.05||6.57,2.30,5.21||0.06,0.19,0.35,0.49,0.93,0.07||
2.92,18.52,12.19,4.59,6.18,5.04,2.96||0.00,0.00,0.00,0.04,0.04,0.04||3.12,7.78,0.84,22.16,17.87,10.63||4.50,0.79,0.66,0.18,0.40||14.13,4.06,2.86,8.76,2.60||0.00,0.01,0.50,0.60,0.00||12.38,0.46,0.94,32.92,0.51||6.18,2.19,4.96||0.01,0.03,0.03,0.08,0.20,0.01||
2.91,18.43,12.14,4.57,6.15,5.02,2.94||0.00,0.00,0.00,0.04,0.04,0.04||3.09,7.76,0.83,22.07,17.83,10.56||4.44,0.79,0.64,0.18,0.39||14.13,4.05,2.86,8.76,2.60||0.00,0.01,0.50,0.60,0.00||20.08,3.21,9.22,40.11,1.60||6.64,2.32,5.26||0.02,0.05,0.07,0.16,0.35,0.02||
2.91,18.45,12.15,4.58,6.16,5.03,2.95||0.00,0.00,0.00,0.04,0.04,0.04||3.08,7.76,0.83,22.05,17.82,10.55||4.43,0.79,0.64,0.18,0.39||14.24,4.07,2.91,8.81,2.60||0.00,0.01,0.50,0.60,0.00||27.42,11.25,40.13,45.54,3.34||6.08,2.16,4.90||0.03,0.11,0.18,0.31,0.62,0.04||
2.90,18.37,12.11,4.56,6.13,5.01,2.94||0.00,0.00,0.00,0.04,0.04,0.04||3.08,7.76,0.83,22.04,17.82,10.54||4.43,0.79,0.64,0.18,0.39||14.27,4.07,2.92,8.82,2.61||0.00,0.01,0.50,0.60,0.00||12.67,0.50,1.05,33.24,0.54||5.88,2.09,4.77||0.01,0.05,0.07,0.16,0.34,0.02||
2.90,18.35,12.10,4.56,6.13,5.01,2.94||0.00,0.00,0.00,0.04,0.04,0.04||3.08,7.76,0.83,22.04,17.82,10.54||4.43,0.79,0.64,0.18,0.39||14.03,4.04,2.82,8.73,2.59||0.00,0.01,0.50,0.60,0.00||18.27,2.20,5.90,38.59,1.28||7.11,2.46,5.55||0.01,0.05,0.06,0.15,0.32,0.02||
2.90,18.35,12.10,4.56,6.13,5.01,2.94||0.00,0.00,0.00,0.04,0.04,0.04||3.08,7.76,0.83,22.04,17.82,10.54||4.40,0.79,0.63,0.18,0.39||13.99,4.04,2.80,8.71,2.59||0.00,0.01,0.50,0.60,0.00||23.07,5.61,17.74,42.44,2.22||6.86,2.39,5.40||0.02,0.06,0.09,0.18,0.39,0.02||
2.90,18.35,12.10,4.55,6.13,5.01,2.94||0.00,0.00,0.00,0.04,0.04,0.04||3.08,7.76,0.83,22.04,17.82,10.54||4.37,0.78,0.63,0.18,0.39||13.98,4.04,2.80,8.70,2.58||0.00,0.00,0.50,0.59,0.00||18.54,2.33,6.32,38.82,1.32||8.60,2.90,6.47||0.24,0.72,1.81,1.64,2.64,0.29||
2.90,18.35,12.10,4.55,6.13,5.01,2.94||0.00,0.00,0.00,0.04,0.04,0.04||3.08,7.76,0.83,22.04,17.82,10.54||4.35,0.78,0.62,0.18,0.39||13.98,4.04,2.80,8.70,2.58||0.00,0.00,0.50,0.59,0.00||22.41,5.00,15.48,41.94,2.07||10.26,3.36,7.46||0.02,0.09,0.13,0.24,0.49,0.03||
2.90,18.35,12.10,4.55,6.13,5.01,2.94||0.00,0.00,0.00,0.04,0.04,0.04||3.08,7.76,0.83,22.04,17.82,10.54||4.35,0.78,0.62,0.18,0.39||14.21,4.07,2.90,8.79,2.60||0.00,0.00,0.49,0.59,0.00||29.13,14.35,53.38,46.68,3.86||7.60,2.61,5.86||0.00,0.01,0.01,0.04,0.12,0.00||
2.90,18.35,12.10,4.55,6.13,5.01,2.94||0.00,0.00,0.00,0.04,0.04,0.04||3.05,7.74,0.82,21.96,17.78,10.48||4.35,0.78,0.62,0.18,0.39||14.14,4.06,2.87,8.77,2.60||0.00,0.00,0.49,0.59,0.00||21.45,4.19,12.60,41.20,1.87||6.87,2.39,5.40||0.01,0.04,0.06,0.13,0.30,0.01||
2.90,18.35,12.10,4.55,6.13,5.01,2.94||0.00,0.00,0.00,0.03,0.04,0.04||3.08,7.75,0.83,22.03,17.81,10.53||4.35,0.78,0.62,0.18,0.39||14.25,4.07,2.91,8.81,2.60||0.00,0.00,0.49,0.59,0.00||18.49,2.30,6.24,38.78,1.32||6.99,2.43,5.48||0.01,0.03,0.04,0.10,0.23,0.01||
2.90,18.35,12.10,4.55,6.13,5.01,2.94||0.00,0.00,0.00,0.04,0.04,0.04||3.08,7.76,0.83,22.04,17.82,10.54||4.35,0.78,0.62,0.18,0.39||14.15,4.06,2.87,8.77,2.60||0.00,0.00,0.49,0.59,0.00||22.10,4.72,14.49,41.70,2.01||6.48,2.28,5.15||0.02,0.06,0.08,0.17,0.37,0.02||
2.90,18.35,12.10,4.55,6.13,5.01,2.94||0.00,0.00,0.00,0.04,0.04,0.04||3.00,7.71,0.80,21.79,17.71,10.35||4.31,0.78,0.61,0.17,0.39||14.25,4.07,2.92,8.81,2.60||0.00,0.00,0.49,0.59,0.00||22.31,4.91,15.15,41.87,2.05||6.87,2.39,5.40||0.00,0.02,0.02,0.05,0.14,0.00||
2.90,18.35,12.10,4.55,6.13,5.01,2.94||0.00,0.00,0.00,0.04,0.04,0.04||2.95,7.69,0.78,21.65,17.65,10.25||4.29,0.77,0.61,0.17,0.39||14.15,4.06,2.87,8.77,2.60||0.00,0.00,0.50,0.60,0.00||21.39,4.14,12.43,41.16,1.86||9.42,3.13,6.96||0.01,0.02,0.03,0.08,0.18,0.01||
2.90,18.35,12.10,4.55,6.13,5.01,2.94||0.00,0.00,0.00,0.04,0.04,0.04||2.95,7.68,0.78,21.63,17.64,10.23||4.27,0.77,0.61,0.17,0.38||14.25,4.07,2.92,8.81,2.60||0.00,0.01,0.50,0.60,0.00||15.29,1.07,2.55,35.89,0.84||9.04,3.02,6.74||0.00,0.02,0.02,0.06,0.14,0.01||
2.90,18.35,12.10,4.55,6.13,5.01,2.94||0.00,0.00,0.00,0.04,0.04,0.04||2.92,7.67,0.76,21.54,17.60,10.16||4.27,0.77,0.60,0.17,0.38||14.27,4.07,2.92,8.82,2.61||0.00,0.01,0.50,0.60,0.00||18.93,2.53,6.98,39.15,1.39||4.70,1.73,3.98||0.00,0.01,0.01,0.05,0.13,0.00||
2.90,18.35,12.10,4.55,6.13,5.01,2.94||0.00,0.00,0.00,0.04,0.04,0.04||2.91,7.66,0.76,21.52,17.59,10.14||4.27,0.77,0.60,0.17,0.38||14.15,4.06,2.87,8.77,2.60||0.00,0.01,0.50,0.60,0.00||26.17,9.33,32.20,44.68,3.00||7.31,2.52,5.68||0.02,0.05,0.07,0.16,0.35,0.02||
2.90,18.35,12.10,4.55,6.13,5.01,2.94||0.00,0.00,0.00,0.04,0.04,0.04||2.91,7.66,0.76,21.52,17.59,10.14||4.27,0.77,0.60,0.17,0.38||14.13,4.06,2.86,8.76,2.60||0.00,0.01,0.50,0.60,0.00||28.60,13.33,48.94,46.33,3.69||10.04,3.30,7.33||0.00,0.02,0.02,0.06,0.16,0.01||
2.90,18.35,12.10,4.55,6.13,5.01,2.94||0.00,0.00,0.00,0.03,0.04,0.04||2.91,7.66,0.76,21.52,17.59,10.14||4.27,0.77,0.60,0.17,0.38||14.01,4.04,2.81,8.72,2.59||0.00,0.01,0.50,0.60,0.00||21.21,4.00,11.94,41.01,1.82||8.83,2.96,6.61||0.00,0.01,0.01,0.04,0.10,0.00||
2.90,18.30,12.07,4.55,6.11,5.00,2.93||0.00,0.00,0.00,0.03,0.04,0.04||2.91,7.66,0.76,21.52,17.59,10.14||4.27,0.77,0.60,0.17,0.38||14.22,4.07,2.90,8.80,2.60||0.00,0.01,0.50,0.60,0.00||14.17,0.79,1.78,34.80,0.70||5.51,1.98,4.52||0.01,0.02,0.02,0.07,0.17,0.01||
2.90,18.34,12.09,4.55,6.12,5.01,2.93||0.00,0.00,0.00,0.04,0.04,0.04||2.91,7.66,0.76,21.52,17.59,10.14||4.27,0.77,0.60,0.17,0.38||14.26,4.07,2.92,8.81,2.61||0.00,0.01,0.50,0.60,0.00||30.14,16.46,62.68,47.33,4.18||7.42,2.55,5.75||0.01,0.03,0.03,0.09,0.22,0.01||
2.90,18.30,12.07,4.54,6.11,5.00,2.93||0.00,0.00,0.00,0.03,0.04,0.04||2.94,7.68,0.77,21.60,17.62,10.20||4.27,0.77,0.60,0.17,0.38||14.27,4.07,2.92,8.82,2.61||0.00,0.01,0.50,0.60,0.00||38.84,45.66,207.46,52.49,7.62||9.40,3.12,6.95||0.05,0.16,0.29,0.43,0.83,0.06||
2.90,18.34,12.09,4.55,6.12,5.01,2.93||0.00,0.00,0.00,0.03,0.04,0.04||2.92,7.67,0.76,21.53,17.59,10.15||4.26,0.77,0.60,0.17,0.38||14.15,4.06,2.87,8.77,2.60||0.00,0.01,0.50,0.60,0.00||20.67,3.61,10.58,40.59,1.71||7.07,2.45,5.52||0.01,0.05,0.07,0.15,0.34,0.02||
2.88,18.17,12.01,4.52,6.07,4.97,2.92||0.00,0.00,0.00,0.03,0.04,0.04||2.91,7.66,0.76,21.52,17.59,10.14||4.27,0.77,0.60,0.17,0.38||14.13,4.06,2.86,8.76,2.60||0.00,0.01,0.50,0.60,0.00||21.00,3.85,11.40,40.85,1.78||7.98,2.72,6.09||0.01,0.04,0.04,0.11,0.25,0.01||
2.88,18.18,12.01,4.52,6.08,4.98,2.92||0.00,0.00,0.00,0.03,0.04,0.04||2.91,7.66,0.76,21.52,17.59,10.14||4.27,0.77,0.60,0.17,0.38||14.25,4.07,2.91,8.81,2.60||0.00,0.01,0.50,0.60,0.00||13.96,0.74,1.66,34.58,0.68||6.29,2.22,5.03||0.00,0.01,0.01,0.03,0.09,0.00||
2.88,18.19,12.01,4.52,6.08,4.98,2.92||0.00,0.00,0.00,0.03,0.04,0.04||2.91,7.66,0.76,21.52,17.59,10.14||4.27,0.77,0.60,0.17,0.38||14.27,4.07,2.92,8.82,2.61||0.00,0.01,0.50,0.60,0.00||12.46,0.47,0.97,33.01,0.52||8.77,2.94,6.58||0.06,0.21,0.39,0.54,1.01,0.08||
2.88,18.14,11.99,4.51,6.06,4.97,2.91||0.00,0.00,0.00,0.03,0.04,0.04||2.91,7.66,0.76,21.52,17.59,10.14||4.27,0.77,0.60,0.17,0.38||14.03,4.04,2.82,8.73,2.59||0.00,0.01,0.50,0.60,0.00||22.51,5.09,15.81,42.02,2.10||9.47,3.14,6.99||0.02,0.08,0.11,0.22,0.46,0.03||
2.88,18.14,11.99,4.51,6.06,4.97,2.91||0.00,0.00,0.00,0.03,0.04,0.04||2.91,7.66,0.76,21.52,17.59,10.14||4.27,0.77,0.60,0.17,0.38||14.11,4.05,2.85,8.75,2.59||0.00,0.01,0.50,0.60,0.00||26.06,9.17,31.57,44.61,2.97||6.61,2.31,5.24||0.02,0.08,0.11,0.22,0.46,0.03||
2.87,18.09,11.96,4.50,6.05,4.96,2.91||0.00,0.00,0.00,0.03,0.04,0.04||2.91,7.66,0.76,21.52,17.59,10.14||4.27,0.77,0.60,0.17,0.38||14.24,4.07,2.91,8.80,2.60||0.00,0.01,0.50,0.60,0.00||22.07,4.70,14.40,41.68,2.00||6.00,2.13,4.84||0.01,0.02,0.03,0.08,0.18,0.01||
2.88,18.17,12.00,4.51,6.07,4.97,2.91||0.00,0.00,0.00,0.03,0.04,0.04||2.91,7.66,0.76,21.52,17.59,10.14||4.27,0.77,0.60,0.17,0.38||14.39,4.09,2.98,8.86,2.61||0.00,0.00,0.50,0.60,0.00||19.62,2.93,8.27,39.73,1.51||6.37,2.24,5.08||0.00,0.01,0.01,0.05,0.12,0.00||
2.87,18.10,11.97,4.50,6.05,4.96,2.91||0.00,0.00,0.00,0.03,0.04,0.04||2.91,7.66,0.76,21.52,17.59,10.14||4.27,0.77,0.60,0.17,0.38||14.30,4.08,2.94,8.83,2.61||0.00,0.00,0.50,0.60,0.00||22.87,5.43,17.05,42.29,2.18||7.09,2.46,5.54||0.02,0.07,0.10,0.20,0.43,0.02||
2.87,18.09,11.96,4.50,6.05,4.96,2.90||0.00,0.00,0.00,0.03,0.04,0.04||2.91,7.66,0.76,21.52,17.59,10.14||4.27,0.77,0.60,0.17,0.38||14.28,4.07,2.93,8.82,2.61||0.00,0.00,0.50,0.60,0.00||28.45,13.04,47.70,46.23,3.65||6.85,2.38,5.39||0.07,0.23,0.43,0.58,1.07,0.08||
2.87,18.08,11.96,4.50,6.05,4.96,2.90||0.00,0.00,0.00,0.03,0.04,0.04||2.91,7.66,0.76,21.52,17.59,10.14||4.27,0.77,0.60,0.17,0.38||14.04,4.04,2.82,8.73,2.59||0.00,0.00,0.50,0.59,0.00||20.69,3.62,10.61,40.60,1.72||6.93,2.41,5.44||0.03,0.10,0.17,0.29,0.58,0.04||
2.87,18.08,11.96,4.50,6.05,4.96,2.90||0.00,0.00,0.00,0.03,0.04,0.04||2.91,7.66,0.76,21.52,17.59,10.14||4.27,0.77,0.60,0.17,0.38||14.11,4.05,2.85,8.75,2.59||0.00,0.00,0.50,0.59,0.00||13.29,0.61,1.32,33.89,0.60||7.01,2.43,5.49||0.04,0.12,0.20,0.34,0.67,0.04||
2.87,18.08,11.96,4.50,6.05,4.96,2.90||0.00,0.00,0.00,0.03,0.04,0.04||2.91,7.66,0.76,21.52,17.59,10.14||4.27,0.77,0.60,0.17,0.38||14.00,4.04,2.81,8.71,2.59||0.00,0.00,0.50,0.59,0.00||21.14,3.95,11.74,40.95,1.81||6.67,2.33,5.27||0.00,0.01,0.01,0.04,0.09,0.00||
2.87,18.08,11.96,4.50,6.05,4.96,2.90||0.00,0.00,0.00,0.03,0.04,0.04||2.91,7.66,0.76,21.52,17.59,10.14||4.27,0.77,0.60,0.17,0.38||14.22,4.07,2.90,8.80,2.60||0.00,0.00,0.50,0.59,0.00||29.84,15.80,59.74,47.14,4.08||8.49,2.86,6.40||0.01,0.03,0.03,0.09,0.22,0.01||
2.87,18.08,11.96,4.50,6.05,4.96,2.90||0.00,0.00,0.00,0.03,0.04,0.04||2.91,7.66,0.76,21.52,17.59,10.14||4.27,0.77,0.60,0.17,0.38||14.02,4.04,2.82,8.72,2.59||0.00,0.00,0.50,0.59,0.00||21.58,4.29,12.96,41.30,1.90||7.79,2.66,5.97||0.01,0.03,0.04,0.10,0.24,0.01||
2.87,18.08,11.96,4.50,6.05,4.96,2.90||0.00,0.00,0.00,0.03,0.04,0.04||2.91,7.66,0.76,21.52,17.59,10.14||4.27,0.77,0.60,0.17,0.38||14.10,4.05,2.85,8.75,2.59||0.00,0.00,0.50,0.59,0.00||12.81,0.53,1.11,33.39,0.55||6.25,2.21,5.00||0.02,0.06,0.09,0.18,0.39,0.02||
2.87,18.08,11.96,4.50,6.05,4.96,2.90||0.00,0.00,0.00,0.03,0.04,0.04||2.91,7.66,0.76,21.52,17.59,10.14||4.27,0.77,0.60,0.17,0.38||14.24,4.07,2.91,8.80,2.60||0.00,0.00,0.50,0.59,0.00||18.78,2.45,6.72,39.02,1.37||7.19,2.49,5.60||0.01,0.03,0.04,0.10,0.23,0.01||
2.87,18.08,11.96,4.50,6.05,4.96,2.90||0.00,0.00,0.00,0.03,0.04,0.04||2.91,7.66,0.76,21.52,17.59,10.14||4.26,0.77,0.60,0.17,0.38||13.91,4.03,2.77,8.68,2.58||0.00,0.00,0.50,0.59,0.00||25.51,8.41,28.52,44.22,2.82||6.47,2.27,5.15||0.00,0.01,0.01,0.03,0.07,0.00||
2.87,18.08,11.96,4.50,6.05,4.96,2.90||0.00,0.00,0.00,0.03,0.04,0.04||2.91,7.66,0.76,21.52,17.59,10.14||4.22,0.77,0.59,0.17,0.38||13.96,4.04,2.79,8.70,2.58||0.00,0.00,0.50,0.59,0.00||26.96,10.51,37.05,45.23,3.21||8.41,2.84,6.36||0.02,0.08,0.12,0.23,0.48,0.03||
2.87,18.08,11.96,4.50,6.05,4.96,2.90||0.00,0.00,0.00,0.03,0.04,0.04||2.91,7.66,0.76,21.52,17.59,10.14||4.21,0.77,0.59,0.17,0.38||14.21,4.07,2.90,8.79,2.60||0.00,0.00,0.50,0.59,0.00||24.02,6.60,21.46,43.14,2.44||6.67,2.33,5.27||0.01,0.05,0.07,0.16,0.34,0.02||
2.87,18.08,11.96,4.50,6.05,4.96,2.90||0.00,0.00,0.00,0.03,0.04,0.04||2.91,7.66,0.76,21.52,17.59,10.14||4.20,0.76,0.59,0.17,0.38||13.90,4.03,2.77,8.68,2.58||0.00,0.00,0.50,0.59,0.00||17.22,1.73,4.47,37.67,1.11||5.16,1.87,4.29||0.00,0.01,0.01,0.03,0.09,0.00||
2.87,18.08,11.96,4.50,6.05,4.96,2.90||0.00,0.00,0.00,0.03,0.04,0.04||2.91,7.66,0.76,21.52,17.59,10.14||4.19,0.76,0.59,0.17,0.38||14.20,4.06,2.89,8.79,2.60||0.00,0.00,0.50,0.59,0.00||22.59,5.16,16.07,42.08,2.11||6.01,2.13,4.85||0.04,0.14,0.23,0.37,0.72,0.05||
2.87,18.08,11.96,4.50,6.05,4.96,2.90||0.00,0.00,0.00,0.03,0.04,0.04||2.78,7.59,0.71,21.10,17.40,9.83||4.19,0.76,0.59,0.17,0.38||14.02,4.04,2.82,8.72,2.59||0.00,0.00,0.50,0.59,0.00||21.27,4.05,12.09,41.06,1.83||8.83,2.96,6.61||0.04,0.12,0.20,0.33,0.66,0.04||
2.87,18.08,11.96,4.50,6.05,4.96,2.90||0.00,0.00,0.00,0.03,0.04,0.04||2.78,7.59,0.71,21.10,17.40,9.83||4.19,0.76,0.59,0.17,0.38||13.98,4.04,2.80,8.71,2.58||0.00,0.00,0.50,0.59,0.00||21.88,4.54,13.82,41.53,1.96||7.47,2.57,5.78||0.11,0.36,0.78,0.89,1.55,0.14||
2.87,18.08,11.96,4.50,6.05,4.96,2.90||0.00,0.00,0.00,0.03,0.04,0.04||2.76,7.57,0.70,21.02,17.36,9.77||4.19,0.76,0.59,0.17,0.38||14.22,4.07,2.90,8.80,2.60||0.00,0.00,0.50,0.59,0.00||17.27,1.75,4.53,37.72,1.12||9.16,3.05,6.81||0.14,0.45,1.03,1.08,1.84,0.18||
