4.59,34.77,19.98,8.10,10.82,7.90,4.68||0.00,0.00,0.00,0.08,0.07,0.08||61.60,14.59,70.65,78.50,35.66,80.91||13.11,1.44,3.45,0.48,0.71||55.62,7.15,51.95,20.42,4.45||0.02,0.05,0.70,0.81,0.01||30.36,16.94,64.85,47.47,4.25||5.02,1.83,4.20||0.13,0.41,0.89,0.98,1.69,0.16||
3.11,20.18,13.04,4.96,6.67,5.36,3.15||0.00,0.00,0.00,0.04,0.04,0.04||5.28,8.69,1.84,27.69,20.18,15.20||5.55,0.89,0.91,0.22,0.44||18.14,4.50,4.86,10.22,2.86||0.00,0.01,0.53,0.63,0.00||22.08,4.71,14.44,41.69,2.00||2.96,1.17,2.74||0.08,0.28,0.55,0.69,1.25,0.10||
2.90,18.30,12.07,4.54,6.11,5.00,2.93||0.00,0.00,0.00,0.03,0.04,0.04||3.39,7.91,0.96,22.96,18.22,11.26||4.75,0.82,0.71,0.19,0.41||14.71,4.12,3.12,8.98,2.64||0.00,0.01,0.50,0.60,0.00||36.85,36.93,161.74,51.37,6.73||3.02,1.19,2.78||0.45,1.33,3.90,2.86,4.28,0.56||
2.86,17.95,11.89,4.47,6.01,4.93,2.89||0.00,0.00,0.00,0.03,0.04,0.04||3.11,7.77,0.84,22.13,17.86,10.61||4.61,0.81,0.68,0.19,0.40||14.24,4.07,2.91,8.80,2.60||0.00,0.00,0.50,0.59,0.00||38.43,43.71,197.12,52.26,7.43||3.38,1.31,3.05||0.91,2.53,8.69,5.10,7.10,1.13||
2.85,17.89,11.86,4.45,5.99,4.92,2.88||0.00,0.00,0.00,0.03,0.04,0.04||3.03,7.73,0.81,21.88,17.75,10.42||4.58,0.80,0.67,0.18,0.40||14.15,4.06,2.87,8.77,2.60||0.00,0.00,0.50,0.59,0.00||27.82,11.92,42.91,45.81,3.46||3.34,1.29,3.02||0.23,0.70,1.76,1.60,2.59,0.28||
2.85,17.87,11.85,4.45,5.98,4.92,2.88||0.00,0.00,0.00,0.03,0.04,0.04||3.01,7.72,0.80,21.83,17.73,10.38||4.58,0.80,0.67,0.18,0.40||14.13,4.06,2.86,8.76,2.60||0.00,0.00,0.50,0.59,0.00||26.35,9.59,33.24,44.81,3.04||4.57,1.69,3.89||0.19,0.59,1.41,1.37,2.26,0.23||
2.85,17.87,11.85,4.45,5.98,4.91,2.88||0.00,0.00,0.00,0.03,0.04,0.04||2.95,7.69,0.78,21.64,17.64,10.24||4.58,0.80,0.67,0.18,0.40||14.00,4.04,2.81,8.71,2.59||0.00,0.00,0.50,0.59,0.00||24.99,7.75,25.90,43.85,2.69||3.01,1.19,2.78||0.29,0.86,2.27,1.93,3.04,0.35||
2.85,17.87,11.85,4.45,5.98,4.91,2.88||0.00,0.00,0.00,0.03,0.04,0.04||2.97,7.69,0.78,21.69,17.67,10.28||4.58,0.80,0.67,0.18,0.40||14.10,4.05,2.85,8.75,2.59||0.00,0.00,0.50,0.59,0.00||23.13,5.67,17.95,42.48,2.23||3.64,1.39,3.24||0.74,2.11,6.91,4.32,6.14,0.93||
2.85,17.87,11.85,4.45,5.98,4.91,2.88||0.00,0.00,0.00,0.03,0.04,0.04||2.94,7.68,0.77,21.62,17.63,10.22||4.58,0.80,0.67,0.18,0.40||14.12,4.05,2.86,8.76,2.59||0.00,0.00,0.49,0.59,0.00||28.07,12.36,44.79,45.98,3.53||3.36,1.30,3.04||1.76,4.70,18.76,8.92,11.54,2.21||
2.85,17.87,11.85,4.45,5.98,4.91,2.88||0.00,0.00,0.00,0.03,0.04,0.04||2.91,7.66,0.76,21.51,17.58,10.14||4.58,0.80,0.67,0.18,0.40||14.12,4.05,2.86,8.76,2.59||0.00,0.00,0.49,0.59,0.00||37.19,38.34,169.00,51.57,6.88||4.38,1.63,3.76||1.16,3.19,11.57,6.28,8.50,1.45||
2.85,17.87,11.85,4.45,5.98,4.91,2.88||0.00,0.00,0.00,0.03,0.04,0.04||2.90,7.66,0.76,21.49,17.57,10.12||4.58,0.80,0.67,0.18,0.40||14.12,4.05,2.86,8.76,2.59||0.00,0.00,0.50,0.59,0.00||25.31,8.15,27.48,44.08,2.77||2.97,1.17,2.75||0.96,2.67,9.28,5.35,7.40,1.20||
2.85,17.87,11.85,4.45,5.98,4.91,2.88||0.00,0.00,0.00,0.03,0.04,0.04||2.90,7.66,0.76,21.49,17.57,10.12||4.58,0.80,0.67,0.18,0.40||14.37,4.08,2.97,8.85,2.61||0.00,0.00,0.50,0.59,0.00||24.91,7.64,25.47,43.79,2.66||2.84,1.13,2.65||0.37,1.09,3.03,2.38,3.65,0.45||
2.85,17.87,11.85,4.45,5.98,4.91,2.88||0.00,0.00,0.00,0.03,0.04,0.04||2.90,7.66,0.76,21.49,17.57,10.12||4.58,0.80,0.67,0.18,0.40||14.05,4.05,2.83,8.73,2.59||0.00,0.00,0.50,0.59,0.00||42.81,67.51,328.23,54.61,9.59||2.15,0.89,2.12||0.24,0.74,1.87,1.67,2.69,0.30||
2.85,17.87,11.85,4.45,5.98,4.91,2.88||0.00,0.00,0.00,0.03,0.04,0.04||2.90,7.66,0.76,21.49,17.57,10.12||4.58,0.80,0.67,0.18,0.40||14.23,4.07,2.91,8.80,2.60||0.00,0.00,0.50,0.59,0.00||25.28,8.11,27.34,44.06,2.76||3.70,1.41,3.28||1.19,3.26,11.91,6.41,8.66,1.49||
2.85,17.87,11.85,4.45,5.98,4.91,2.88||0.00,0.00,0.00,0.03,0.04,0.04||2.90,7.66,0.76,21.49,17.57,10.12||4.58,0.80,0.67,0.18,0.40||14.02,4.04,2.82,8.72,2.59||0.00,0.00,0.50,0.59,0.00||53.05,159.96,902.96,59.60,15.94||3.46,1.33,3.11||0.41,1.20,3.42,2.59,3.94,0.50||
2.85,17.87,11.85,4.45,5.98,4.91,2.88||0.00,0.00,0.00,0.03,0.04,0.04||2.90,7.66,0.76,21.49,17.57,10.12||4.58,0.80,0.67,0.18,0.40||14.23,4.07,2.90,8.80,2.60||0.00,0.00,0.50,0.59,0.00||28.39,12.94,47.25,46.19,3.63||3.22,1.25,2.93||0.40,1.17,3.33,2.54,3.87,0.49||
2.85,17.87,11.85,4.45,5.98,4.91,2.88||0.00,0.00,0.00,0.03,0.04,0.04||2.93,7.67,0.77,21.57,17.61,10.19||4.58,0.80,0.67,0.18,0.40||14.51,4.10,3.03,8.91,2.62||0.00,0.00,0.50,0.59,0.00||24.40,7.03,23.11,43.42,2.54||2.89,1.14,2.69||0.56,1.61,4.96,3.40,4.98,0.70||
2.85,17.87,11.85,4.45,5.98,4.91,2.88||0.00,0.00,0.00,0.03,0.04,0.04||2.91,7.66,0.76,21.50,17.58,10.13||4.58,0.80,0.67,0.18,0.40||14.45,4.09,3.00,8.88,2.62||0.00,0.00,0.50,0.59,0.00||33.73,25.88,106.61,49.55,5.46||3.66,1.40,3.25||0.14,0.44,0.99,1.05,1.80,0.17||
2.85,17.87,11.85,4.45,5.98,4.91,2.88||0.00,0.00,0.00,0.03,0.04,0.04||2.90,7.66,0.76,21.49,17.57,10.12||4.58,0.80,0.67,0.18,0.40||14.19,4.06,2.89,8.78,2.60||0.00,0.00,0.50,0.59,0.00||27.56,11.48,41.09,45.64,3.38||3.31,1.28,3.00||0.84,2.36,7.95,4.78,6.71,1.05||
2.84,17.83,11.83,4.44,5.97,4.91,2.87||0.00,0.00,0.00,0.03,0.04,0.04||2.93,7.67,0.77,21.58,17.61,10.19||4.58,0.80,0.67,0.18,0.40||13.89,4.03,2.76,8.67,2.58||0.00,0.00,0.50,0.59,0.00||44.13,76.29,378.84,55.29,10.31||4.26,1.59,3.67||0.61,1.75,5.48,3.65,5.31,0.76||
2.85,17.86,11.84,4.45,5.98,4.91,2.88||0.00,0.00,0.00,0.03,0.04,0.04||2.91,7.66,0.76,21.50,17.58,10.13||4.58,0.80,0.67,0.18,0.40||14.20,4.06,2.89,8.79,2.60||0.00,0.00,0.50,0.59,0.00||42.90,68.08,331.48,54.66,9.64||3.71,1.41,3.29||0.22,0.68,1.68,1.55,2.52,0.27||
2.85,17.87,11.85,4.45,5.98,4.91,2.88||0.00,0.00,0.00,0.03,0.04,0.04||2.90,7.66,0.76,21.49,17.57,10.12||4.58,0.80,0.67,0.18,0.40||14.26,4.07,2.92,8.81,2.60||0.00,0.00,0.50,0.59,0.00||38.58,44.41,200.80,52.34,7.50||4.09,1.54,3.56||0.35,1.03,2.85,2.27,3.51,0.43||
2.85,17.87,11.85,4.45,5.98,4.91,2.88||0.00,0.00,0.00,0.03,0.04,0.04||2.90,7.66,0.76,21.49,17.57,10.12||4.58,0.80,0.67,0.18,0.40||14.27,4.07,2.93,8.82,2.61||0.00,0.00,0.50,0.60,0.00||34.74,29.14,122.49,50.15,5.85||3.91,1.48,3.43||0.15,0.47,1.06,1.11,1.88,0.18||
2.84,17.79,11.81,4.43,5.96,4.90,2.87||0.00,0.00,0.00,0.03,0.04,0.04||2.90,7.66,0.76,21.49,17.57,10.12||4.58,0.80,0.67,0.18,0.40||14.28,4.07,2.93,8.82,2.61||0.00,0.01,0.50,0.60,0.00||25.12,7.90,26.50,43.94,2.72||2.53,1.02,2.42||0.77,2.18,7.21,4.46,6.31,0.96||
2.84,17.78,11.80,4.43,5.96,4.90,2.87||0.00,0.00,0.00,0.03,0.04,0.04||2.90,7.66,0.76,21.49,17.57,10.12||4.58,0.80,0.67,0.18,0.40||14.28,4.07,2.93,8.82,2.61||0.00,0.01,0.50,0.60,0.00||42.70,66.84,324.39,54.56,9.54||3.28,1.28,2.98||0.76,2.15,7.08,4.40,6.24,0.95||
2.84,17.77,11.80,4.43,5.95,4.90,2.87||0.00,0.00,0.00,0.03,0.04,0.04||2.90,7.66,0.76,21.49,17.57,10.12||4.58,0.80,0.67,0.18,0.40||14.28,4.07,2.93,8.82,2.61||0.00,0.01,0.50,0.60,0.00||60.72,275.32,1707.31,62.98,21.93||3.31,1.28,3.00||2.14,5.65,23.57,10.53,13.32,2.70||
2.84,17.81,11.82,4.43,5.97,4.90,2.87||0.00,0.00,0.00,0.03,0.04,0.04||2.90,7.66,0.76,21.49,17.57,10.12||4.58,0.80,0.67,0.18,0.40||14.28,4.07,2.93,8.82,2.61||0.00,0.01,0.50,0.60,0.00||34.82,29.42,123.87,50.20,5.89||3.98,1.50,3.48||0.70,2.00,6.49,4.13,5.90,0.88||
2.85,17.86,11.84,4.44,5.98,4.91,2.88||0.00,0.00,0.00,0.03,0.04,0.04||2.90,7.66,0.76,21.49,17.57,10.12||4.58,0.80,0.67,0.18,0.40||14.15,4.06,2.87,8.77,2.60||0.00,0.01,0.50,0.60,0.00||37.44,39.39,174.46,51.71,6.99||3.92,1.48,3.44||69.25,145.85,1343.26,197.81,170.82,90.84||
2.85,17.87,11.85,4.45,5.98,4.91,2.88||0.00,0.00,0.00,0.03,0.04,0.04||2.90,7.66,0.76,21.49,17.57,10.12||4.59,0.80,0.68,0.18,0.40||14.25,4.07,2.92,8.81,2.60||0.00,0.01,0.50,0.60,0.00||70.40,499.17,3431.21,66.89,31.12||3.50,1.35,3.14||6.02,14.87,78.53,25.21,28.47,7.69||
2.87,18.02,11.93,4.48,6.03,4.95,2.90||0.00,0.00,0.00,0.03,0.04,0.04||2.93,7.67,0.77,21.57,17.61,10.19||4.65,0.81,0.69,0.19,0.40||14.39,4.09,2.98,8.86,2.61||0.00,0.01,0.51,0.60,0.00||59.85,259.79,1594.88,62.61,21.20||4.77,1.75,4.03||0.14,0.44,1.00,1.06,1.81,0.17||
2.87,18.09,11.96,4.50,6.05,4.96,2.91||0.00,0.00,0.00,0.03,0.04,0.04||2.99,7.71,0.79,21.77,17.70,10.33||4.73,0.82,0.71,0.19,0.41||14.55,4.10,3.05,8.92,2.63||0.00,0.01,0.51,0.61,0.00||33.77,26.01,107.23,49.58,5.48||5.31,1.92,4.39||0.17,0.53,1.25,1.25,2.09,0.21||
2.87,18.11,11.97,4.50,6.05,4.96,2.91||0.00,0.00,0.00,0.03,0.04,0.04||3.06,7.75,0.82,21.99,17.80,10.50||4.82,0.83,0.73,0.19,0.41||14.83,4.14,3.17,9.03,2.65||0.00,0.01,0.51,0.61,0.00||44.38,78.06,389.16,55.42,10.45||4.01,1.51,3.50||0.34,1.00,2.74,2.21,3.43,0.42||
2.89,18.23,12.03,4.53,6.09,4.99,2.92||0.00,0.00,0.00,0.03,0.04,0.04||3.08,7.75,0.83,22.03,17.81,10.53||4.84,0.83,0.73,0.19,0.41||14.76,4.13,3.14,9.00,2.64||0.00,0.01,0.51,0.61,0.00||48.57,112.15,595.35,57.50,12.93||3.50,1.35,3.14||0.23,0.70,1.76,1.61,2.60,0.28||
2.90,18.33,12.09,4.55,6.12,5.01,2.93||0.00,0.00,0.00,0.03,0.04,0.04||3.08,7.76,0.83,22.04,17.82,10.54||4.92,0.84,0.75,0.20,0.42||14.50,4.10,3.02,8.90,2.62||0.00,0.01,0.51,0.61,0.00||46.58,94.79,488.75,56.52,11.71||4.33,1.61,3.72||0.07,0.24,0.47,0.61,1.12,0.09||
2.90,18.35,12.10,4.56,6.13,5.01,2.94||0.00,0.00,0.00,0.03,0.04,0.04||3.08,7.76,0.83,22.04,17.82,10.54||4.93,0.84,0.76,0.20,0.42||14.44,4.09,3.00,8.88,2.62||0.00,0.01,0.51,0.61,0.00||31.47,19.57,76.80,48.17,4.63||4.19,1.57,3.63||0.27,0.83,2.17,1.86,2.96,0.34||
2.90,18.36,12.10,4.56,6.13,5.01,2.94||0.00,0.00,0.00,0.03,0.04,0.04||3.08,7.76,0.83,22.04,17.82,10.54||5.01,0.84,0.78,0.20,0.42||14.68,4.12,3.11,8.97,2.64||0.00,0.01,0.51,0.61,0.00||34.46,28.22,117.98,49.99,5.74||3.40,1.31,3.06||1.62,4.37,17.13,8.35,10.89,2.04||
2.90,18.36,12.10,4.56,6.13,5.01,2.94||0.00,0.00,0.00,0.03,0.04,0.04||3.08,7.76,0.83,22.04,17.82,10.54||5.03,0.85,0.78,0.20,0.42||14.73,4.13,3.13,8.99,2.64||0.00,0.01,0.51,0.61,0.00||32.78,23.06,93.09,48.98,5.10||4.25,1.59,3.67||0.13,0.42,0.94,1.01,1.74,0.16||
2.91,18.44,12.14,4.58,6.15,5.03,2.95||0.00,0.00,0.00,0.03,0.04,0.04||3.08,7.76,0.83,22.04,17.82,10.54||5.11,0.85,0.80,0.20,0.42||14.49,4.10,3.02,8.90,2.62||0.00,0.01,0.51,0.61,0.00||21.96,4.60,14.05,41.59,1.98||3.00,1.18,2.77||0.29,0.87,2.31,1.95,3.08,0.36||
2.92,18.53,12.19,4.60,6.18,5.04,2.96||0.00,0.00,0.00,0.04,0.04,0.04||3.08,7.76,0.83,22.04,17.82,10.54||5.13,0.85,0.80,0.20,0.42||14.57,4.11,3.05,8.93,2.63||0.00,0.01,0.51,0.60,0.00||30.59,17.48,67.25,47.62,4.33||2.85,1.13,2.66||0.22,0.67,1.66,1.53,2.50,0.27||
2.93,18.59,12.22,4.61,6.20,5.06,2.96||0.00,0.00,0.00,0.04,0.04,0.04||3.11,7.77,0.84,22.13,17.86,10.61||5.21,0.86,0.82,0.21,0.43||14.46,4.09,3.01,8.89,2.62||0.00,0.01,0.50,0.60,0.00||56.83,211.00,1249.57,61.30,18.75||4.08,1.54,3.55||0.41,1.20,3.42,2.60,3.94,0.50||
2.93,18.61,12.23,4.61,6.20,5.06,2.97||0.00,0.00,0.00,0.04,0.04,0.04||3.12,7.77,0.84,22.15,17.87,10.63||5.26,0.87,0.83,0.21,0.43||14.56,4.11,3.05,8.93,2.63||0.00,0.01,0.50,0.60,0.00||47.43,101.93,532.18,56.94,12.22||4.69,1.73,3.97||1.05,2.90,10.28,5.76,7.89,1.31||
2.93,18.61,12.23,4.61,6.20,5.06,2.97||0.00,0.00,0.00,0.04,0.04,0.04||3.15,7.79,0.86,22.25,17.91,10.70||5.31,0.87,0.85,0.21,0.43||14.71,4.12,3.12,8.98,2.64||0.00,0.01,0.50,0.60,0.00||57.57,222.33,1328.61,61.63,19.34||5.29,1.91,4.38||0.27,0.83,2.17,1.87,2.96,0.34||
2.93,18.61,12.23,4.61,6.20,5.06,2.97||0.00,0.00,0.00,0.04,0.04,0.04||3.22,7.83,0.88,22.45,18.00,10.86||5.33,0.87,0.85,0.21,0.43||14.74,4.13,3.13,8.99,2.64||0.00,0.00,0.50,0.60,0.00||32.49,22.27,89.37,48.80,5.00||2.46,1.00,2.36||0.29,0.86,2.27,1.93,3.04,0.35||
2.94,18.65,12.25,4.62,6.21,5.07,2.97||0.00,0.00,0.00,0.04,0.04,0.04||3.26,7.85,0.90,22.58,18.06,10.96||5.41,0.88,0.87,0.21,0.44||14.74,4.13,3.13,9.00,2.64||0.00,0.01,0.50,0.60,0.00||31.26,19.05,74.42,48.04,4.56||2.80,1.11,2.62||0.19,0.59,1.41,1.37,2.26,0.23||
2.95,18.78,12.32,4.65,6.25,5.09,2.99||0.00,0.00,0.00,0.04,0.04,0.04||3.27,7.85,0.91,22.61,18.07,10.98||5.43,0.88,0.88,0.21,0.44||14.75,4.13,3.13,9.00,2.64||0.00,0.00,0.50,0.59,0.00||33.41,24.90,101.87,49.36,5.34||4.14,1.55,3.59||0.22,0.68,1.69,1.56,2.53,0.27||
2.95,18.81,12.33,4.66,6.26,5.10,2.99||0.00,0.00,0.00,0.04,0.04,0.04||3.27,7.85,0.91,22.61,18.07,10.98||5.50,0.89,0.89,0.22,0.44||14.75,4.13,3.13,9.00,2.64||0.00,0.00,0.50,0.59,0.00||49.88,124.82,674.99,58.12,13.77||3.34,1.29,3.02||0.30,0.89,2.37,1.99,3.13,0.37||
2.96,18.85,12.36,4.67,6.27,5.11,2.99||0.00,0.00,0.00,0.04,0.04,0.04||3.27,7.85,0.91,22.61,18.07,10.98||5.53,0.89,0.90,0.22,0.44||14.87,4.14,3.19,9.04,2.65||0.00,0.00,0.50,0.59,0.00||55.51,191.90,1117.90,60.71,17.74||2.34,0.96,2.27||4.00,10.16,48.90,17.88,21.11,5.09||
2.96,18.86,12.36,4.67,6.28,5.11,3.00||0.00,0.00,0.00,0.04,0.04,0.04||3.27,7.85,0.91,22.61,18.07,10.98||5.55,0.89,0.91,0.22,0.44||14.64,4.12,3.09,8.96,2.63||0.00,0.00,0.50,0.59,0.00||42.97,68.53,334.07,54.70,9.68||2.63,1.05,2.49||0.35,1.03,2.86,2.28,3.52,0.43||
2.96,18.86,12.36,4.67,6.28,5.11,3.00||0.00,0.00,0.00,0.04,0.04,0.04||3.27,7.85,0.91,22.61,18.07,10.98||5.62,0.90,0.93,0.22,0.45||14.85,4.14,3.18,9.04,2.65||0.00,0.00,0.49,0.59,0.00||23.51,6.06,19.42,42.77,2.32||4.16,1.56,3.60||2.38,6.26,26.77,11.55,14.44,3.01||
2.96,18.86,12.36,4.67,6.28,5.11,3.00||0.00,0.00,0.00,0.04,0.04,0.04||3.27,7.85,0.91,22.61,18.07,10.98||5.64,0.90,0.93,0.22,0.45||14.77,4.13,3.14,9.00,2.64||0.00,0.00,0.50,0.59,0.00||34.75,29.16,122.63,50.16,5.86||3.87,1.47,3.40||1.13,3.10,11.19,6.13,8.33,1.41||
2.96,18.86,12.36,4.67,6.28,5.11,3.00||0.00,0.00,0.00,0.04,0.04,0.04||3.27,7.85,0.91,22.61,18.07,10.98||5.69,0.91,0.94,0.22,0.45||14.62,4.11,3.08,8.95,2.63||0.00,0.00,0.49,0.59,0.00||26.01,9.10,31.27,44.57,2.95||4.51,1.67,3.85||13.89,32.49,207.58,51.03,52.58,17.90||
2.97,18.95,12.40,4.69,6.30,5.12,3.00||0.00,0.00,0.00,0.04,0.04,0.04||3.30,7.87,0.92,22.71,18.11,11.06||5.74,0.91,0.96,0.23,0.45||14.85,4.14,3.18,9.03,2.65||0.00,0.00,0.50,0.59,0.00||43.99,75.33,373.27,55.22,10.23||5.61,2.01,4.58||1.44,3.89,14.84,7.52,9.95,1.80||
2.96,18.88,12.37,4.67,6.28,5.11,3.00||0.00,0.00,0.00,0.04,0.04,0.04||3.34,7.89,0.94,22.82,18.16,11.14||5.75,0.91,0.96,0.23,0.45||14.89,4.14,3.20,9.05,2.65||0.00,0.00,0.50,0.59,0.00||25.44,8.32,28.17,44.17,2.80||3.51,1.35,3.15||0.28,0.85,2.22,1.90,3.00,0.35||
2.97,18.99,12.43,4.70,6.32,5.13,3.01||0.00,0.00,0.00,0.04,0.04,0.04||3.42,7.93,0.97,23.03,18.25,11.31||5.76,0.91,0.96,0.23,0.45||14.77,4.13,3.15,9.01,2.64||0.00,0.00,0.50,0.59,0.00||61.30,286.18,1786.56,63.22,22.44||4.78,1.76,4.03||0.31,0.94,2.52,2.08,3.25,0.39||
2.99,19.10,12.48,4.72,6.35,5.15,3.02||0.00,0.00,0.00,0.04,0.04,0.04||3.46,7.95,0.99,23.16,18.31,11.42||5.84,0.92,0.98,0.23,0.46||14.75,4.13,3.14,9.00,2.64||0.00,0.00,0.50,0.59,0.00||25.70,8.66,29.53,44.35,2.87||4.09,1.54,3.55||3.48,8.91,41.52,15.88,19.04,4.42||
2.99,19.12,12.49,4.73,6.35,5.16,3.02||0.00,0.00,0.00,0.04,0.04,0.04||3.47,7.95,0.99,23.19,18.32,11.44||5.85,0.92,0.99,0.23,0.46||14.75,4.13,3.13,9.00,2.64||0.00,0.00,0.50,0.59,0.00||19.98,3.15,9.00,40.02,1.58||3.31,1.28,3.00||0.48,1.40,4.15,2.99,4.45,0.60||
2.99,19.12,12.49,4.73,6.35,5.16,3.03||0.00,0.00,0.00,0.04,0.04,0.04||3.48,7.96,0.99,23.20,18.32,11.44||5.86,0.92,0.99,0.23,0.46||14.75,4.13,3.13,9.00,2.64||0.00,0.00,0.50,0.59,0.00||36.06,33.85,146.06,50.92,6.39||4.48,1.66,3.83||1.72,4.62,18.36,8.78,11.38,2.17||
2.99,19.12,12.50,4.73,6.35,5.16,3.03||0.00,0.00,0.00,0.04,0.04,0.04||3.48,7.96,0.99,23.20,18.32,11.44||5.95,0.93,1.01,0.23,0.46||14.75,4.13,3.13,9.00,2.64||0.00,0.00,0.50,0.59,0.00||40.11,51.93,241.27,53.18,8.22||4.93,1.80,4.14||1.91,5.07,20.62,9.55,12.24,2.40||
2.99,19.12,12.50,4.73,6.35,5.16,3.03||0.00,0.00,0.00,0.04,0.04,0.04||3.48,7.96,0.99,23.20,18.32,11.44||5.96,0.93,1.02,0.23,0.46||14.62,4.11,3.08,8.95,2.63||0.00,0.00,0.50,0.59,0.00||20.27,3.34,9.64,40.26,1.64||4.64,1.71,3.94||0.78,2.19,7.27,4.48,6.34,0.97||
2.99,19.12,12.50,4.73,6.35,5.16,3.03||0.00,0.00,0.00,0.04,0.04,0.04||3.48,7.96,0.99,23.20,18.32,11.44||5.97,0.93,1.02,0.23,0.46||14.85,4.14,3.18,9.03,2.65||0.00,0.00,0.50,0.59,0.00||27.68,11.68,41.94,45.72,3.42||3.68,1.41,3.27||0.55,1.60,4.91,3.37,4.95,0.69||
2.99,19.12,12.50,4.73,6.35,5.16,3.03||0.00,0.00,0.00,0.04,0.04,0.04||3.48,7.96,0.99,23.20,18.32,11.44||5.97,0.93,1.02,0.23,0.46||14.64,4.12,3.09,8.96,2.63||0.00,0.00,0.50,0.59,0.00||34.55,28.50,119.33,50.04,5.78||4.58,1.69,3.90||1.82,4.85,19.50,9.18,11.82,2.29||
2.99,19.12,12.50,4.73,6.35,5.16,3.03||0.00,0.00,0.00,0.04,0.04,0.04||3.48,7.96,0.99,23.20,18.32,11.44||6.06,0.94,1.04,0.24,0.47||14.85,4.14,3.18,9.04,2.65||0.00,0.00,0.50,0.59,0.00||35.13,30.46,129.06,50.38,6.01||2.72,1.09,2.56||1.82,4.85,19.52,9.18,11.83,2.29||
3.01,19.29,12.58,4.76,6.40,5.19,3.04||0.00,0.00,0.00,0.04,0.04,0.04||3.48,7.96,0.99,23.20,18.32,11.44||6.08,0.94,1.05,0.24,0.47||15.02,4.16,3.26,9.10,2.66||0.00,0.00,0.50,0.59,0.00||29.37,14.83,55.47,46.83,3.93||4.11,1.54,3.57||0.28,0.84,2.20,1.89,2.99,0.34||
3.00,19.24,12.56,4.75,6.39,5.18,3.04||0.00,0.00,0.00,0.04,0.04,0.04||3.48,7.96,0.99,23.20,18.32,11.44||6.08,0.94,1.05,0.24,0.47||14.67,4.12,3.10,8.97,2.63||0.00,0.00,0.50,0.59,0.00||51.12,137.86,758.40,58.71,14.60||3.31,1.29,3.00||0.34,1.01,2.77,2.23,3.45,0.42||
3.02,19.35,12.61,4.78,6.42,5.20,3.05||0.00,0.00,0.00,0.04,0.04,0.04||3.65,8.04,1.06,23.68,18.53,11.82||6.08,0.94,1.05,0.24,0.47||14.86,4.14,3.18,9.04,2.65||0.00,0.00,0.50,0.59,0.00||29.31,14.71,54.95,46.80,3.92||4.52,1.67,3.85||1.21,3.32,12.18,6.52,8.78,1.52||
3.02,19.38,12.63,4.78,6.43,5.21,3.05||0.00,0.00,0.00,0.04,0.04,0.04||3.58,8.00,1.03,23.48,18.45,11.67||6.16,0.95,1.07,0.24,0.47||14.89,4.15,3.20,9.05,2.65||0.00,0.00,0.50,0.59,0.00||29.41,14.90,55.78,46.86,3.95||3.95,1.49,3.46||0.10,0.32,0.67,0.79,1.40,0.12||
3.02,19.38,12.63,4.79,6.43,5.21,3.06||0.00,0.00,0.00,0.04,0.04,0.04||3.67,8.05,1.07,23.73,18.55,11.87||6.19,0.95,1.08,0.24,0.47||14.90,4.15,3.20,9.06,2.65||0.00,0.00,0.50,0.60,0.00||31.44,19.50,76.49,48.15,4.62||3.02,1.19,2.79||0.37,1.10,3.10,2.41,3.70,0.46||
3.02,19.38,12.63,4.79,6.43,5.21,3.06||0.00,0.00,0.00,0.04,0.04,0.04||3.69,8.05,1.08,23.79,18.58,11.91||6.20,0.95,1.08,0.24,0.47||14.90,4.15,3.21,9.06,2.65||0.00,0.00,0.50,0.60,0.00||35.72,32.57,139.60,50.72,6.25||3.40,1.32,3.07||0.24,0.72,1.83,1.65,2.66,0.29||
3.02,19.38,12.63,4.79,6.43,5.21,3.06||0.00,0.00,0.00,0.04,0.04,0.04||3.69,8.06,1.08,23.80,18.58,11.92||6.20,0.95,1.08,0.24,0.47||14.78,4.13,3.15,9.01,2.64||0.00,0.00,0.50,0.60,0.00||25.71,8.68,29.59,44.36,2.87||4.66,1.72,3.95||0.87,2.44,8.28,4.93,6.89,1.09||
3.02,19.38,12.63,4.79,6.43,5.21,3.06||0.00,0.00,0.00,0.04,0.04,0.04||3.69,8.06,1.08,23.80,18.58,11.92||6.20,0.95,1.08,0.24,0.47||14.88,4.14,3.19,9.05,2.65||0.00,0.00,0.50,0.60,0.00||23.47,6.02,19.26,42.74,2.31||3.05,1.20,2.81||1.20,3.30,12.08,6.48,8.74,1.51||
3.02,19.38,12.63,4.79,6.43,5.21,3.06||0.00,0.00,0.00,0.04,0.04,0.04||3.69,8.06,1.08,23.80,18.58,11.92||6.29,0.96,1.10,0.25,0.47||14.65,4.12,3.09,8.96,2.63||0.00,0.00,0.50,0.60,0.00||41.23,58.01,274.75,53.78,8.78||3.26,1.27,2.97||0.43,1.25,3.63,2.71,4.09,0.53||
3.02,19.38,12.63,4.79,6.43,5.21,3.06||0.00,0.00,0.00,0.04,0.04,0.04||3.69,8.06,1.08,23.80,18.58,11.92||6.31,0.96,1.11,0.25,0.48||14.98,4.15,3.24,9.08,2.66||0.00,0.00,0.50,0.59,0.00||50.75,133.86,732.65,58.54,14.35||3.94,1.49,3.45||0.99,2.76,9.67,5.52,7.59,1.24||
3.02,19.38,12.63,4.79,6.43,5.21,3.06||0.00,0.00,0.00,0.04,0.04,0.04||3.69,8.06,1.08,23.80,18.58,11.92||6.32,0.96,1.11,0.25,0.48||14.92,4.15,3.21,9.06,2.65||0.00,0.00,0.50,0.59,0.00||25.64,8.58,29.20,44.31,2.85||3.63,1.39,3.23||2.59,6.76,29.47,12.38,15.34,3.28||
3.03,19.47,12.67,4.80,6.46,5.22,3.07||0.00,0.00,0.00,0.04,0.04,0.04||3.69,8.06,1.08,23.80,18.58,11.92||6.32,0.96,1.11,0.25,0.48||14.65,4.12,3.09,8.96,2.63||0.00,0.00,0.50,0.59,0.00||37.05,37.75,165.95,51.49,6.82||4.68,1.73,3.97||0.23,0.69,1.74,1.59,2.57,0.28||
3.03,19.44,12.66,4.80,6.45,5.22,3.06||0.00,0.00,0.00,0.04,0.04,0.04||3.69,8.06,1.08,23.80,18.58,11.92||6.32,0.96,1.11,0.25,0.48||14.73,4.13,3.13,8.99,2.64||0.00,0.00,0.50,0.59,0.00||36.99,37.49,164.64,51.45,6.79||5.70,2.04,4.65||0.52,1.52,4.59,3.21,4.75,0.65||
3.03,19.48,12.68,4.81,6.46,5.23,3.07||0.00,0.00,0.00,0.04,0.04,0.04||3.69,8.06,1.08,23.80,18.58,11.92||6.34,0.96,1.12,0.25,0.48||14.74,4.13,3.13,9.00,2.64||0.00,0.00,0.50,0.59,0.00||29.14,14.37,53.46,46.69,3.86||3.33,1.29,3.01||0.74,2.09,6.86,4.30,6.11,0.92||
3.04,19.53,12.70,4.82,6.48,5.24,3.07||0.00,0.00,0.00,0.04,0.04,0.04||3.69,8.06,1.08,23.80,18.58,11.92||6.42,0.97,1.14,0.25,0.48||15.00,4.16,3.25,9.09,2.66||0.00,0.01,0.50,0.60,0.00||19.56,2.89,8.15,39.68,1.50||2.62,1.05,2.49||0.55,1.58,4.85,3.34,4.91,0.68||
3.05,19.63,12.75,4.84,6.50,5.25,3.08||0.00,0.00,0.00,0.04,0.04,0.04||3.73,8.07,1.10,23.89,18.62,12.00||6.43,0.97,1.14,0.25,0.48||14.80,4.13,3.16,9.02,2.64||0.00,0.00,0.50,0.59,0.00||44.17,76.55,380.35,55.31,10.33||4.51,1.67,3.85||0.18,0.55,1.29,1.28,2.13,0.22||
3.05,19.65,12.76,4.84,6.51,5.26,3.09||0.00,0.00,0.00,0.04,0.04,0.04||3.70,8.06,1.09,23.82,18.59,11.94||6.44,0.97,1.14,0.25,0.48||15.01,4.16,3.25,9.10,2.66||0.00,0.01,0.50,0.60,0.00||35.67,32.41,138.76,50.70,6.23||3.55,1.36,3.17||0.48,1.41,4.20,3.01,4.49,0.60||
3.05,19.65,12.77,4.85,6.51,5.26,3.09||0.00,0.00,0.00,0.04,0.04,0.04||3.76,8.09,1.12,24.00,18.67,12.08||6.44,0.97,1.14,0.25,0.48||14.92,4.15,3.22,9.06,2.65||0.00,0.00,0.50,0.59,0.00||41.44,59.23,281.52,53.89,8.88||2.87,1.14,2.68||0.62,1.78,5.61,3.72,5.39,0.77||
3.04,19.56,12.72,4.83,6.49,5.24,3.08||0.00,0.00,0.00,0.04,0.04,0.04||3.81,8.11,1.14,24.13,18.72,12.19||6.34,0.96,1.12,0.25,0.48||14.78,4.13,3.15,9.01,2.64||0.00,0.01,0.50,0.60,0.00||35.84,33.02,141.86,50.79,6.30||4.38,1.63,3.76||0.45,1.31,3.82,2.81,4.23,0.55||
3.02,19.42,12.65,4.79,6.44,5.22,3.06||0.00,0.00,0.00,0.04,0.04,0.04||3.75,8.08,1.11,23.96,18.65,12.05||6.23,0.95,1.09,0.24,0.47||14.75,4.13,3.14,9.00,2.64||0.00,0.01,0.50,0.60,0.00||30.77,17.87,69.04,47.73,4.39||4.26,1.59,3.68||0.92,2.57,8.87,5.18,7.19,1.15||
3.02,19.39,12.63,4.79,6.43,5.21,3.06||0.00,0.00,0.00,0.04,0.04,0.04||3.70,8.06,1.09,23.83,18.59,11.95||6.13,0.94,1.06,0.24,0.47||14.62,4.11,3.08,8.95,2.63||0.00,0.01,0.50,0.60,0.00||37.99,41.74,186.73,52.01,7.23||2.58,1.04,2.45||0.46,1.35,3.96,2.89,4.32,0.57||
3.02,19.39,12.63,4.79,6.43,5.21,3.06||0.00,0.00,0.00,0.04,0.04,0.04||3.69,8.06,1.08,23.80,18.58,11.93||6.02,0.93,1.03,0.24,0.46||14.72,4.12,3.12,8.99,2.64||0.00,0.01,0.50,0.60,0.00||66.12,387.89,2552.37,65.20,26.83||4.33,1.62,3.73||1.38,3.76,14.21,7.29,9.68,1.74||
3.02,19.38,12.63,4.79,6.43,5.21,3.06||0.00,0.00,0.00,0.04,0.04,0.04||3.69,8.06,1.08,23.80,18.58,11.92||5.98,0.93,1.02,0.23,0.46||14.74,4.13,3.13,8.99,2.64||0.00,0.01,0.50,0.60,0.00||77.19,723.09,5299.58,69.45,38.70||3.42,1.32,3.08||3.80,9.66,45.95,17.09,20.30,4.82||
3.01,19.34,12.61,4.78,6.42,5.20,3.05||0.00,0.00,0.00,0.04,0.04,0.04||3.69,8.06,1.08,23.80,18.58,11.92||5.88,0.92,0.99,0.23,0.46||14.87,4.14,3.19,9.04,2.65||0.00,0.01,0.50,0.60,0.00||30.49,17.23,66.14,47.55,4.30||3.43,1.32,3.09||2.20,5.80,24.34,10.78,13.60,2.78||
3.01,19.33,12.60,4.77,6.42,5.20,3.05||0.00,0.00,0.00,0.04,0.04,0.04||3.69,8.06,1.08,23.80,18.58,11.92||5.77,0.91,0.97,0.23,0.45||14.90,4.15,3.20,9.05,2.65||0.00,0.00,0.50,0.60,0.00||22.16,4.78,14.69,41.75,2.02||3.24,1.26,2.95||0.97,2.70,9.41,5.41,7.46,1.21||
3.00,19.25,12.56,4.76,6.39,5.18,3.04||0.00,0.00,0.00,0.04,0.04,0.04||3.69,8.06,1.08,23.80,18.58,11.92||5.75,0.91,0.96,0.23,0.45||14.78,4.13,3.15,9.01,2.64||0.00,0.01,0.50,0.60,0.00||45.41,85.58,433.55,55.94,11.03||4.31,1.61,3.71||1.17,3.23,11.76,6.36,8.59,1.47||
2.99,19.15,12.51,4.73,6.36,5.16,3.03||0.00,0.00,0.00,0.04,0.04,0.04||3.66,8.04,1.07,23.70,18.54,11.84||5.66,0.90,0.94,0.22,0.45||14.75,4.13,3.14,9.00,2.64||0.00,0.00,0.50,0.59,0.00||27.32,11.08,39.42,45.47,3.32||3.59,1.38,3.21||0.34,1.03,2.82,2.26,3.49,0.43||
2.99,19.13,12.50,4.73,6.36,5.16,3.03||0.00,0.00,0.00,0.04,0.04,0.04||3.61,8.02,1.05,23.59,18.49,11.75||5.64,0.90,0.93,0.22,0.45||14.75,4.13,3.13,9.00,2.64||0.00,0.01,0.50,0.60,0.00||37.85,41.15,183.64,51.94,7.17||3.37,1.31,3.05||1.30,3.55,13.24,6.93,9.26,1.63||
2.99,19.12,12.50,4.73,6.35,5.16,3.03||0.00,0.00,0.00,0.04,0.04,0.04||3.54,7.98,1.02,23.37,18.40,11.58||5.56,0.89,0.91,0.22,0.44||14.75,4.13,3.13,9.00,2.64||0.00,0.00,0.50,0.60,0.00||37.40,39.20,173.47,51.68,6.97||3.46,1.33,3.11||0.70,1.98,6.41,4.09,5.86,0.87||
2.99,19.12,12.50,4.73,6.35,5.16,3.03||0.00,0.00,0.00,0.04,0.04,0.04||3.59,8.01,1.04,23.52,18.46,11.70||5.52,0.89,0.90,0.22,0.44||14.49,4.10,3.02,8.90,2.62||0.00,0.00,0.50,0.60,0.00||38.79,45.38,206.00,52.46,7.60||3.06,1.20,2.82||0.36,1.08,3.02,2.37,3.64,0.45||
2.99,19.12,12.50,4.73,6.35,5.16,3.03||0.00,0.00,0.00,0.04,0.04,0.04||3.50,7.97,1.00,23.26,18.35,11.49||5.45,0.88,0.88,0.22,0.44||14.57,4.11,3.05,8.93,2.63||0.00,0.00,0.50,0.60,0.00||52.04,148.08,824.82,59.14,15.23||4.06,1.53,3.53||0.62,1.76,5.54,3.68,5.34,0.77||
2.99,19.12,12.50,4.73,6.35,5.16,3.03||0.00,0.00,0.00,0.04,0.04,0.04||3.48,7.96,0.99,23.21,18.33,11.45||5.43,0.88,0.88,0.22,0.44||14.58,4.11,3.06,8.94,2.63||0.00,0.00,0.50,0.60,0.00||26.71,10.12,35.41,45.05,3.14||2.74,1.10,2.58||5.85,14.47,75.91,24.60,27.87,7.46||
2.98,19.04,12.45,4.71,6.33,5.14,3.02||0.00,0.00,0.00,0.04,0.04,0.04||3.48,7.96,0.99,23.20,18.33,11.45||5.40,0.88,0.87,0.21,0.44||14.59,4.11,3.06,8.94,2.63||0.00,0.00,0.50,0.59,0.00||31.96,20.82,82.60,48.47,4.80||3.31,1.29,3.00||13.75,32.19,205.18,50.60,52.19,17.72||
2.97,18.94,12.40,4.69,6.30,5.12,3.00||0.00,0.00,0.00,0.04,0.04,0.04||3.48,7.96,0.99,23.20,18.32,11.44||5.34,0.87,0.86,0.21,0.43||14.71,4.12,3.12,8.98,2.64||0.00,0.00,0.50,0.59,0.00||33.03,23.79,96.58,49.13,5.20||1.98,0.83,1.99||0.29,0.86,2.28,1.93,3.05,0.35||
2.96,18.88,12.37,4.67,6.28,5.11,3.00||0.00,0.00,0.00,0.04,0.04,0.04||3.48,7.96,0.99,23.20,18.32,11.44||5.33,0.87,0.85,0.21,0.43||14.74,4.13,3.13,8.99,2.64||0.00,0.00,0.50,0.59,0.00||54.86,183.05,1057.66,60.42,17.25||3.52,1.35,3.15||0.18,0.56,1.32,1.30,2.17,0.22||
2.96,18.87,12.36,4.67,6.28,5.11,3.00||0.00,0.00,0.00,0.04,0.04,0.04||3.48,7.96,0.99,23.20,18.32,11.44||5.26,0.87,0.84,0.21,0.43||14.49,4.10,3.02,8.90,2.62||0.00,0.00,0.50,0.59,0.00||58.19,232.08,1397.19,61.89,19.83||3.44,1.33,3.09||0.45,1.33,3.89,2.85,4.27,0.56||
2.96,18.86,12.36,4.67,6.28,5.11,3.00||0.00,0.00,0.00,0.04,0.04,0.04||3.48,7.96,0.99,23.20,18.32,11.44||5.24,0.86,0.83,0.21,0.43||14.44,4.09,3.00,8.88,2.62||0.00,0.00,0.50,0.59,0.00||46.68,95.63,493.80,56.57,11.77||4.72,1.74,3.99||6.77,16.60,90.07,27.84,31.04,8.66||
2.96,18.86,12.36,4.67,6.28,5.11,3.00||0.00,0.00,0.00,0.04,0.04,0.04||3.48,7.96,0.99,23.20,18.32,11.44||5.23,0.86,0.83,0.21,0.43||14.43,4.09,3.00,8.88,2.62||0.00,0.00,0.50,0.59,0.00||30.53,17.32,66.56,47.58,4.31||3.23,1.26,2.94||0.35,1.05,2.91,2.31,3.56,0.44||
2.96,18.86,12.36,4.67,6.28,5.11,3.00||0.00,0.00,0.00,0.04,0.04,0.04||3.48,7.96,0.99,23.20,18.32,11.44||5.23,0.86,0.83,0.21,0.43||14.43,4.09,2.99,8.88,2.62||0.00,0.00,0.50,0.59,0.00||28.69,13.49,49.65,46.39,3.72||3.03,1.19,2.79||0.19,0.57,1.37,1.34,2.21,0.23||
2.96,18.86,12.36,4.67,6.28,5.11,3.00||0.00,0.00,0.00,0.04,0.04,0.04||3.44,7.94,0.98,23.10,18.28,11.37||5.15,0.86,0.81,0.20,0.43||14.68,4.12,3.10,8.97,2.63||0.00,0.00,0.50,0.59,0.00||28.29,12.76,46.51,46.13,3.60||3.23,1.26,2.94||0.21,0.65,1.61,1.50,2.45,0.26||
2.96,18.86,12.36,4.67,6.28,5.11,3.00||0.00,0.00,0.00,0.04,0.04,0.04||3.47,7.95,0.99,23.18,18.32,11.43||5.13,0.86,0.80,0.20,0.43||14.86,4.14,3.19,9.04,2.65||0.00,0.00,0.50,0.59,0.00||24.96,7.70,25.71,43.82,2.68||2.59,1.04,2.47||0.23,0.70,1.74,1.59,2.58,0.28||
2.94,18.70,12.28,4.63,6.23,5.08,2.98||0.00,0.00,0.00,0.04,0.04,0.04||3.38,7.91,0.95,22.91,18.20,11.22||5.13,0.85,0.80,0.20,0.43||14.64,4.12,3.09,8.96,2.63||0.00,0.00,0.50,0.59,0.00||25.62,8.56,29.10,44.29,2.85||3.84,1.46,3.38||0.13,0.40,0.88,0.97,1.67,0.15||
2.94,18.71,12.28,4.64,6.23,5.08,2.98||0.00,0.00,0.00,0.04,0.04,0.04||3.33,7.88,0.93,22.77,18.14,11.10||5.13,0.85,0.80,0.20,0.43||14.60,4.11,3.07,8.94,2.63||0.00,0.00,0.50,0.59,0.00||29.67,15.44,58.15,47.03,4.03||3.80,1.45,3.36||0.12,0.40,0.87,0.96,1.66,0.15||
2.93,18.63,12.24,4.62,6.21,5.06,2.97||0.00,0.00,0.00,0.04,0.04,0.04||3.32,7.88,0.92,22.74,18.12,11.08||5.08,0.85,0.79,0.20,0.42||14.46,4.10,3.01,8.89,2.62||0.00,0.00,0.50,0.59,0.00||41.81,61.38,293.54,54.09,9.07||2.62,1.05,2.48||0.35,1.04,2.87,2.29,3.53,0.43||
2.93,18.61,12.23,4.61,6.20,5.06,2.97||0.00,0.00,0.00,0.04,0.04,0.04||3.28,7.86,0.91,22.64,18.08,11.00||5.04,0.85,0.78,0.20,0.42||14.19,4.06,2.89,8.79,2.60||0.00,0.00,0.50,0.59,0.00||27.73,11.76,42.26,45.75,3.43||3.03,1.19,2.79||0.11,0.37,0.78,0.89,1.55,0.14||
2.93,18.61,12.23,4.61,6.20,5.06,2.97||0.00,0.00,0.00,0.04,0.04,0.04||3.27,7.86,0.91,22.62,18.07,10.99||5.04,0.85,0.78,0.20,0.42||14.38,4.09,2.97,8.86,2.61||0.00,0.00,0.50,0.59,0.00||39.30,47.84,219.14,52.74,7.83||3.46,1.34,3.11||0.17,0.54,1.26,1.26,2.10,0.21||
2.93,18.61,12.23,4.61,6.20,5.06,2.97||0.00,0.00,0.00,0.04,0.04,0.04||3.27,7.86,0.91,22.62,18.07,10.99||5.03,0.85,0.78,0.20,0.42||14.55,4.10,3.05,8.92,2.63||0.00,0.00,0.50,0.59,0.00||71.40,528.56,3669.32,67.28,32.19||4.25,1.59,3.67||0.25,0.75,1.91,1.70,2.73,0.30||
2.93,18.61,12.23,4.61,6.20,5.06,2.97||0.00,0.00,0.00,0.04,0.04,0.04||3.27,7.86,0.91,22.61,18.07,10.98||5.03,0.85,0.78,0.20,0.42||14.58,4.11,3.06,8.93,2.63||0.00,0.00,0.50,0.59,0.00||25.03,7.79,26.08,43.88,2.69||4.47,1.66,3.82||1.36,3.71,13.98,7.21,9.58,1.71||
2.93,18.61,12.23,4.61,6.20,5.06,2.97||0.00,0.00,0.00,0.04,0.04,0.04||3.27,7.86,0.91,22.61,18.07,10.98||5.03,0.85,0.78,0.20,0.42||14.46,4.09,3.01,8.89,2.62||0.00,0.00,0.50,0.59,0.00||38.40,43.61,196.56,52.25,7.42||3.04,1.20,2.80||1.84,4.91,19.79,9.27,11.93,2.32||
2.93,18.61,12.23,4.61,6.20,5.06,2.97||0.00,0.00,0.00,0.04,0.04,0.04||3.27,7.86,0.91,22.61,18.07,10.98||4.97,0.84,0.77,0.20,0.42||14.31,4.08,2.94,8.83,2.61||0.00,0.00,0.50,0.59,0.00||22.13,4.75,14.60,41.73,2.01||3.86,1.47,3.40||0.23,0.69,1.74,1.59,2.57,0.28||
2.93,18.61,12.23,4.61,6.20,5.06,2.97||0.00,0.00,0.00,0.04,0.04,0.04||3.27,7.86,0.91,22.61,18.07,10.98||4.95,0.84,0.76,0.20,0.42||14.41,4.09,2.98,8.87,2.62||0.00,0.00,0.50,0.59,0.00||29.59,15.28,57.45,46.98,4.00||3.47,1.34,3.12||0.23,0.71,1.80,1.63,2.62,0.29||
2.93,18.61,12.23,4.61,6.20,5.06,2.97||0.00,0.00,0.00,0.04,0.04,0.04||3.27,7.86,0.91,22.61,18.07,10.98||4.94,0.84,0.76,0.20,0.42||14.18,4.06,2.88,8.78,2.60||0.00,0.00,0.50,0.59,0.00||19.26,2.72,7.58,39.43,1.45||3.86,1.46,3.40||0.48,1.41,4.19,3.01,4.48,0.60||
2.93,18.61,12.23,4.61,6.20,5.06,2.97||0.00,0.00,0.00,0.04,0.04,0.04||3.27,7.86,0.91,22.61,18.07,10.98||4.94,0.84,0.76,0.20,0.42||14.26,4.07,2.92,8.81,2.60||0.00,0.00,0.50,0.59,0.00||42.44,65.19,315.04,54.42,9.40||3.80,1.45,3.35||0.16,0.49,1.13,1.16,1.96,0.19||
2.93,18.61,12.23,4.61,6.20,5.06,2.97||0.00,0.00,0.00,0.04,0.04,0.04||3.27,7.86,0.91,22.61,18.07,10.98||4.94,0.84,0.76,0.20,0.42||14.27,4.07,2.92,8.82,2.61||0.00,0.00,0.50,0.59,0.00||28.08,12.37,44.83,45.98,3.54||3.63,1.39,3.23||0.51,1.48,4.44,3.13,4.65,0.63||
2.93,18.61,12.23,4.61,6.20,5.06,2.97||0.00,0.00,0.00,0.04,0.04,0.04||3.27,7.86,0.91,22.61,18.07,10.98||4.94,0.84,0.76,0.20,0.42||14.40,4.09,2.98,8.87,2.61||0.00,0.00,0.50,0.59,0.00||21.25,4.03,12.04,41.04,1.83||3.00,1.18,2.77||0.24,0.72,1.81,1.64,2.64,0.29||
2.93,18.57,12.21,4.60,6.19,5.05,2.96||0.00,0.00,0.00,0.04,0.04,0.04||3.27,7.86,0.91,22.61,18.07,10.98||4.92,0.84,0.75,0.20,0.42||14.68,4.12,3.10,8.97,2.63||0.00,0.00,0.50,0.59,0.00||22.89,5.44,17.10,42.31,2.18||2.55,1.03,2.44||0.81,2.28,7.62,4.64,6.53,1.01||
2.92,18.48,12.16,4.58,6.16,5.03,2.95||0.00,0.00,0.00,0.04,0.04,0.04||3.27,7.86,0.91,22.61,18.07,10.98||4.86,0.83,0.74,0.19,0.41||14.23,4.07,2.91,8.80,2.60||0.00,0.00,0.50,0.59,0.00||27.23,10.94,38.84,45.41,3.29||2.98,1.17,2.76||1.16,3.20,11.62,6.30,8.52,1.46||
2.91,18.42,12.14,4.57,6.15,5.02,2.94||0.00,0.00,0.00,0.04,0.04,0.04||3.27,7.86,0.91,22.61,18.07,10.98||4.86,0.83,0.74,0.19,0.41||14.02,4.04,2.82,8.72,2.59||0.00,0.00,0.50,0.59,0.00||24.13,6.73,21.94,43.23,2.47||3.45,1.33,3.10||0.48,1.41,4.20,3.01,4.49,0.60||
2.90,18.37,12.11,4.56,6.13,5.01,2.94||0.00,0.00,0.00,0.04,0.04,0.04||3.27,7.86,0.91,22.61,18.07,10.98||4.85,0.83,0.74,0.19,0.41||14.47,4.10,3.01,8.89,2.62||0.00,0.00,0.50,0.59,0.00||34.55,28.50,119.36,50.04,5.78||3.90,1.48,3.42||1.59,4.28,16.70,8.20,10.72,2.00||
2.90,18.36,12.10,4.56,6.13,5.01,2.94||0.00,0.00,0.00,0.04,0.04,0.04||3.27,7.86,0.91,22.61,18.07,10.98||4.85,0.83,0.74,0.19,0.41||14.32,4.08,2.94,8.83,2.61||0.00,0.00,0.49,0.59,0.00||41.08,57.16,270.01,53.70,8.70||3.93,1.49,3.44||0.06,0.21,0.40,0.54,1.01,0.08||
2.90,18.36,12.10,4.56,6.13,5.01,2.94||0.00,0.00,0.00,0.04,0.04,0.04||3.21,7.82,0.88,22.43,17.99,10.84||4.85,0.83,0.74,0.19,0.41||14.53,4.10,3.04,8.92,2.62||0.00,0.00,0.49,0.59,0.00||36.45,35.36,153.73,51.15,6.56||3.46,1.33,3.11||0.15,0.47,1.07,1.12,1.90,0.18||
2.90,18.36,12.10,4.56,6.13,5.01,2.94||0.00,0.00,0.00,0.04,0.04,0.04||3.26,7.85,0.90,22.58,18.05,10.96||4.85,0.83,0.74,0.19,0.41||14.08,4.05,2.84,8.74,2.59||0.00,0.00,0.49,0.59,0.00||45.52,86.44,438.65,56.00,11.10||2.89,1.15,2.69||0.20,0.61,1.49,1.42,2.33,0.24||
2.90,18.36,12.10,4.56,6.13,5.01,2.94||0.00,0.00,0.00,0.04,0.04,0.04||3.21,7.82,0.88,22.42,17.99,10.84||4.85,0.83,0.74,0.19,0.41||14.36,4.08,2.96,8.85,2.61||0.00,0.00,0.49,0.59,0.00||43.65,73.00,359.74,55.05,10.05||3.96,1.50,3.47||0.15,0.47,1.08,1.13,1.91,0.19||
2.90,18.36,12.10,4.56,6.13,5.01,2.94||0.00,0.00,0.00,0.04,0.04,0.04||3.17,7.80,0.86,22.30,17.93,10.74||4.83,0.83,0.73,0.19,0.41||14.42,4.09,2.99,8.87,2.62||0.00,0.00,0.49,0.59,0.00||50.43,130.44,710.74,58.38,14.13||4.04,1.52,3.52||2.14,5.67,23.67,10.56,13.36,2.71||
2.90,18.36,12.10,4.56,6.13,5.01,2.94||0.00,0.00,0.00,0.04,0.04,0.04||3.13,7.78,0.85,22.19,17.88,10.65||4.83,0.83,0.73,0.19,0.41||14.55,4.11,3.05,8.92,2.63||0.00,0.00,0.49,0.59,0.00||44.55,79.21,395.94,55.50,10.54||3.40,1.31,3.07||0.23,0.70,1.75,1.59,2.58,0.28||
2.90,18.36,12.10,4.56,6.13,5.01,2.94||0.00,0.00,0.00,0.04,0.04,0.04||3.15,7.79,0.86,22.25,17.91,10.70||4.77,0.82,0.72,0.19,0.41||14.09,4.05,2.84,8.75,2.59||0.00,0.00,0.49,0.59,0.00||42.76,67.21,326.53,54.59,9.57||3.82,1.45,3.36||0.48,1.41,4.20,3.01,4.48,0.60||
2.90,18.36,12.10,4.56,6.13,5.01,2.94||0.00,0.00,0.00,0.04,0.04,0.04||3.10,7.76,0.83,22.09,17.84,10.58||4.76,0.82,0.71,0.19,0.41||14.12,4.05,2.86,8.76,2.59||0.00,0.00,0.49,0.59,0.00||19.91,3.10,8.85,39.96,1.57||2.89,1.15,2.69||0.27,0.81,2.11,1.83,2.91,0.33||
2.90,18.36,12.10,4.56,6.13,5.01,2.94||0.00,0.00,0.00,0.04,0.04,0.04||3.11,7.77,0.84,22.14,17.86,10.62||4.75,0.82,0.71,0.19,0.41||14.24,4.07,2.91,8.81,2.60||0.00,0.00,0.49,0.59,0.00||25.50,8.40,28.45,44.21,2.82||3.37,1.30,3.04||1.09,3.01,10.76,5.96,8.12,1.36||
2.90,18.36,12.10,4.56,6.13,5.01,2.94||0.00,0.00,0.00,0.04,0.04,0.04||3.15,7.79,0.86,22.24,17.91,10.70||4.75,0.82,0.71,0.19,0.41||14.27,4.07,2.92,8.82,2.61||0.00,0.00,0.50,0.59,0.00||25.21,8.03,26.99,44.01,2.74||3.15,1.23,2.88||0.80,2.24,7.47,4.57,6.45,0.99||
2.90,18.36,12.10,4.56,6.13,5.01,2.94||0.00,0.00,0.00,0.04,0.04,0.04||3.09,7.76,0.83,22.08,17.84,10.57||4.75,0.82,0.71,0.19,0.41||14.40,4.09,2.98,8.87,2.61||0.00,0.01,0.50,0.60,0.00||22.39,4.98,15.42,41.93,2.07||2.60,1.04,2.47||0.16,0.49,1.12,1.16,1.95,0.19||
2.90,18.36,12.10,4.56,6.13,5.01,2.94||0.00,0.00,0.00,0.04,0.04,0.04||3.08,7.76,0.83,22.05,17.82,10.55||4.75,0.82,0.71,0.19,0.41||14.67,4.12,3.10,8.97,2.63||0.00,0.01,0.51,0.60,0.00||28.66,13.43,49.38,46.37,3.71||3.30,1.28,2.99||0.86,2.40,8.13,4.86,6.80,1.07||
2.90,18.36,12.10,4.56,6.13,5.01,2.94||0.00,0.00,0.00,0.04,0.04,0.04||3.08,7.76,0.83,22.05,17.82,10.54||4.75,0.82,0.71,0.19,0.41||14.23,4.07,2.91,8.80,2.60||0.00,0.01,0.51,0.60,0.00||26.65,10.03,35.06,45.01,3.13||3.71,1.42,3.29||0.19,0.59,1.43,1.38,2.27,0.24||
2.90,18.36,12.10,4.56,6.13,5.01,2.94||0.00,0.00,0.00,0.04,0.04,0.04||3.08,7.76,0.83,22.04,17.82,10.54||4.75,0.82,0.71,0.19,0.41||14.15,4.06,2.87,8.77,2.60||0.00,0.00,0.50,0.60,0.00||33.96,26.59,110.04,49.69,5.55||3.92,1.49,3.44||1.37,3.72,14.03,7.23,9.60,1.72||
2.90,18.36,12.10,4.56,6.13,5.01,2.94||0.00,0.00,0.00,0.03,0.04,0.04||3.08,7.76,0.83,22.04,17.82,10.54||4.75,0.82,0.71,0.19,0.41||14.01,4.04,2.81,8.72,2.59||0.00,0.00,0.50,0.60,0.00||25.47,8.35,28.29,44.19,2.81||3.23,1.26,2.94||0.32,0.97,2.64,2.15,3.34,0.40||
2.90,18.36,12.10,4.56,6.13,5.01,2.94||0.00,0.00,0.00,0.04,0.04,0.04||3.08,7.76,0.83,22.04,17.82,10.54||4.75,0.82,0.71,0.19,0.41||14.34,4.08,2.96,8.84,2.61||0.00,0.00,0.50,0.59,0.00||38.81,45.51,206.64,52.47,7.61||3.86,1.46,3.39||0.19,0.59,1.42,1.37,2.27,0.23||
2.90,18.32,12.08,4.55,6.12,5.00,2.93||0.00,0.00,0.00,0.04,0.04,0.04||3.08,7.76,0.83,22.04,17.82,10.54||4.75,0.82,0.71,0.19,0.41||14.17,4.06,2.88,8.78,2.60||0.00,0.00,0.50,0.59,0.00||41.89,61.83,296.08,54.13,9.11||4.58,1.69,3.90||0.18,0.55,1.30,1.29,2.14,0.22||
2.90,18.35,12.10,4.56,6.13,5.01,2.94||0.00,0.00,0.00,0.04,0.04,0.04||3.08,7.76,0.83,22.04,17.82,10.54||4.74,0.82,0.71,0.19,0.41||14.25,4.07,2.92,8.81,2.60||0.00,0.00,0.50,0.59,0.00||48.54,111.87,593.62,57.48,12.91||4.22,1.58,3.65||0.38,1.12,3.17,2.45,3.75,0.47||
2.90,18.32,12.08,4.55,6.12,5.00,2.93||0.00,0.00,0.00,0.03,0.04,0.04||3.08,7.76,0.83,22.04,17.82,10.54||4.71,0.81,0.70,0.19,0.41||14.15,4.06,2.87,8.77,2.60||0.00,0.00,0.49,0.59,0.00||21.15,3.96,11.79,40.97,1.81||2.95,1.17,2.74||1.25,3.41,12.59,6.68,8.97,1.56||
2.90,18.35,12.10,4.56,6.13,5.01,2.94||0.00,0.00,0.00,0.03,0.04,0.04||3.08,7.76,0.83,22.04,17.82,10.54||4.69,0.81,0.70,0.19,0.40||14.13,4.06,2.86,8.76,2.60||0.00,0.00,0.49,0.59,0.00||36.40,35.15,152.63,51.12,6.54||3.00,1.18,2.77||0.62,1.77,5.57,3.70,5.36,0.77||
2.90,18.32,12.08,4.55,6.12,5.00,2.93||0.00,0.00,0.00,0.03,0.04,0.04||3.08,7.76,0.83,22.04,17.82,10.54||4.68,0.81,0.70,0.19,0.40||14.12,4.05,2.86,8.76,2.59||0.00,0.00,0.49,0.59,0.00||53.96,171.23,978.03,60.02,16.59||3.22,1.26,2.94||1.31,3.57,13.33,6.96,9.30,1.64||
2.89,18.27,12.06,4.54,6.10,4.99,2.93||0.00,0.00,0.00,0.03,0.04,0.04||3.08,7.76,0.83,22.04,17.82,10.54||4.71,0.82,0.70,0.19,0.41||14.37,4.08,2.97,8.85,2.61||0.00,0.00,0.49,0.59,0.00||24.25,6.87,22.47,43.32,2.50||2.81,1.12,2.63||0.63,1.80,5.69,3.75,5.43,0.78||
2.89,18.26,12.05,4.54,6.10,4.99,2.93||0.00,0.00,0.00,0.03,0.04,0.04||3.08,7.76,0.83,22.04,17.82,10.54||4.67,0.81,0.70,0.19,0.40||14.29,4.08,2.93,8.83,2.61||0.00,0.00,0.49,0.59,0.00||29.22,14.53,54.14,46.74,3.89||3.34,1.29,3.02||1.80,4.82,19.33,9.12,11.76,2.27||
2.88,18.18,12.01,4.52,6.08,4.98,2.92||0.00,0.00,0.00,0.03,0.04,0.04||3.08,7.76,0.83,22.04,17.82,10.54||4.67,0.81,0.69,0.19,0.40||14.28,4.07,2.93,8.82,2.61||0.00,0.00,0.49,0.59,0.00||22.52,5.09,15.83,42.03,2.10||2.27,0.93,2.21||1.08,2.98,10.62,5.90,8.06,1.35||
2.89,18.20,12.02,4.52,6.08,4.98,2.92||0.00,0.00,0.00,0.03,0.04,0.04||3.08,7.76,0.83,22.04,17.82,10.54||4.66,0.81,0.69,0.19,0.40||14.16,4.06,2.87,8.77,2.60||0.00,0.00,0.49,0.58,0.00||33.96,26.58,110.00,49.69,5.55||3.58,1.37,3.20||0.38,1.13,3.20,2.47,3.78,0.48||
2.88,18.17,12.00,4.51,6.07,4.97,2.91||0.00,0.00,0.00,0.03,0.04,0.04||3.08,7.76,0.83,22.04,17.82,10.54||4.66,0.81,0.69,0.19,0.40||14.01,4.04,2.81,8.72,2.59||0.00,0.00,0.49,0.58,0.00||40.13,52.06,241.99,53.19,8.23||4.85,1.78,4.08||0.57,1.64,5.08,3.46,5.06,0.71||
2.88,18.12,11.98,4.50,6.06,4.96,2.91||0.00,0.00,0.00,0.03,0.04,0.04||3.08,7.76,0.83,22.04,17.82,10.54||4.66,0.81,0.69,0.19,0.40||14.22,4.07,2.90,8.80,2.60||0.00,0.00,0.49,0.58,0.00||22.02,4.66,14.26,41.65,1.99||3.40,1.32,3.07||0.30,0.90,2.40,2.01,3.15,0.37||
2.88,18.11,11.98,4.50,6.06,4.96,2.91||0.00,0.00,0.00,0.03,0.04,0.04||3.08,7.76,0.83,22.04,17.82,10.54||4.66,0.81,0.69,0.19,0.40||14.02,4.04,2.82,8.72,2.59||0.00,0.00,0.49,0.58,0.00||25.06,7.83,26.23,43.90,2.70||3.68,1.41,3.27||2.49,6.51,28.14,11.97,14.90,3.15||
2.88,18.11,11.97,4.50,6.06,4.96,2.91||0.00,0.00,0.00,0.03,0.04,0.04||3.08,7.76,0.83,22.04,17.82,10.54||4.66,0.81,0.69,0.19,0.40||14.10,4.05,2.85,8.75,2.59||0.00,0.00,0.49,0.58,0.00||29.73,15.57,58.73,47.07,4.05||3.92,1.48,3.44||2.63,6.85,29.94,12.52,15.49,3.32||
2.88,18.11,11.97,4.50,6.06,4.96,2.91||0.00,0.00,0.00,0.03,0.04,0.04||3.08,7.76,0.83,22.04,17.82,10.54||4.66,0.81,0.69,0.19,0.40||14.24,4.07,2.91,8.81,2.60||0.00,0.00,0.49,0.58,0.00||40.08,51.79,240.53,53.16,8.21||3.41,1.32,3.07||0.38,1.13,3.20,2.47,3.78,0.48||
2.88,18.11,11.97,4.50,6.06,4.96,2.91||0.00,0.00,0.00,0.03,0.04,0.04||3.08,7.76,0.83,22.04,17.82,10.54||4.66,0.81,0.69,0.19,0.40||13.90,4.03,2.77,8.68,2.58||0.00,0.00,0.49,0.58,0.00||28.26,12.69,46.21,46.10,3.59||5.42,1.95,4.46||0.28,0.84,2.21,1.89,2.99,0.34||
2.88,18.11,11.97,4.50,6.06,4.96,2.91||0.00,0.00,0.00,0.03,0.04,0.04||3.08,7.76,0.83,22.04,17.82,10.54||4.66,0.81,0.69,0.19,0.40||14.32,4.08,2.95,8.84,2.61||0.00,0.00,0.49,0.58,0.00||34.46,28.22,117.98,49.99,5.74||4.28,1.60,3.69||0.32,0.95,2.57,2.11,3.29,0.39||
2.88,18.11,11.97,4.50,6.06,4.96,2.91||0.00,0.00,0.00,0.03,0.04,0.04||3.08,7.76,0.83,22.04,17.82,10.54||4.66,0.81,0.69,0.19,0.40||14.29,4.07,2.93,8.82,2.61||0.00,0.00,0.49,0.58,0.00||28.45,13.04,47.72,46.23,3.65||4.32,1.61,3.72||0.38,1.12,3.16,2.45,3.75,0.47||
2.88,18.11,11.97,4.50,6.06,4.96,2.91||0.00,0.00,0.00,0.03,0.04,0.04||3.08,7.76,0.83,22.04,17.82,10.54||4.66,0.81,0.69,0.19,0.40||14.40,4.09,2.98,8.87,2.61||0.00,0.00,0.49,0.58,0.00||21.18,3.98,11.86,40.99,1.82||3.18,1.24,2.91||0.57,1.64,5.08,3.46,5.06,0.71||
2.88,18.11,11.97,4.50,6.06,4.96,2.91||0.00,0.00,0.00,0.03,0.04,0.04||3.08,7.76,0.83,22.04,17.82,10.54||4.66,0.81,0.69,0.19,0.40||14.30,4.08,2.94,8.83,2.61||0.00,0.00,0.49,0.58,0.00||38.67,44.83,203.05,52.39,7.54||3.86,1.46,3.39||0.22,0.67,1.67,1.54,2.51,0.27||
