4.59,34.77,19.98,8.10,10.82,7.90,4.68||0.00,0.00,0.00,0.08,0.07,0.08||61.60,14.59,70.65,78.50,35.66,80.91||12.91,1.43,3.37,0.47,0.70||55.02,7.12,50.77,20.28,4.43||0.02,0.05,0.70,0.81,0.01||14.85,0.95,2.22,35.46,0.78||7.66,2.62,5.90||1.06,2.94,10.47,5.84,7.98,1.33||
3.10,20.14,13.01,4.95,6.65,5.35,3.14||0.00,0.00,0.00,0.04,0.04,0.04||5.33,8.71,1.87,27.81,20.23,15.31||5.55,0.89,0.91,0.22,0.44||18.27,4.51,4.93,10.27,2.87||0.00,0.01,0.53,0.63,0.00||21.88,4.54,13.83,41.54,1.96||5.89,2.10,4.77||0.27,0.81,2.11,1.83,2.90,0.33||
2.89,18.25,12.05,4.53,6.10,4.99,2.92||0.00,0.00,0.00,0.04,0.04,0.04||3.43,7.93,0.97,23.07,18.27,11.35||4.78,0.82,0.72,0.19,0.41||14.86,4.14,3.18,9.04,2.65||0.00,0.01,0.50,0.60,0.00||27.37,11.17,39.79,45.51,3.33||11.86,3.80,8.38||0.19,0.59,1.41,1.37,2.26,0.23||
2.87,18.11,11.97,4.50,6.05,4.96,2.91||0.00,0.00,0.00,0.03,0.04,0.04||3.15,7.79,0.86,22.25,17.91,10.70||4.63,0.81,0.69,0.19,0.40||14.27,4.07,2.92,8.82,2.61||0.00,0.00,0.50,0.59,0.00||56.17,201.32,1182.59,61.01,18.24||14.07,4.40,9.62||0.40,1.19,3.40,2.58,3.93,0.50||
2.87,18.04,11.93,4.49,6.03,4.95,2.90||0.00,0.00,0.00,0.03,0.04,0.04||3.09,7.76,0.83,22.08,17.84,10.57||4.60,0.80,0.68,0.19,0.40||14.15,4.06,2.87,8.77,2.60||0.00,0.00,0.50,0.59,0.00||33.90,26.41,109.16,49.66,5.52||15.60,4.80,10.45||1.15,3.17,11.50,6.25,8.47,1.45||
2.87,18.02,11.93,4.48,6.03,4.94,2.90||0.00,0.00,0.00,0.03,0.04,0.04||3.08,7.76,0.83,22.05,17.82,10.55||4.61,0.81,0.68,0.19,0.40||14.25,4.07,2.92,8.81,2.60||0.00,0.00,0.50,0.59,0.00||29.22,14.53,54.17,46.74,3.89||14.04,4.39,9.60||1.53,4.14,16.00,7.95,10.43,1.93||
2.87,18.06,11.95,4.49,6.04,4.95,2.90||0.00,0.00,0.00,0.03,0.04,0.04||3.08,7.76,0.83,22.05,17.82,10.54||4.60,0.80,0.68,0.18,0.40||14.27,4.07,2.92,8.82,2.61||0.00,0.00,0.50,0.59,0.00||20.78,3.69,10.85,40.67,1.74||9.98,3.29,7.30||1.69,4.54,17.98,8.65,11.23,2.13||
2.87,18.11,11.97,4.50,6.05,4.96,2.91||0.00,0.00,0.00,0.03,0.04,0.04||3.08,7.76,0.83,22.04,17.82,10.54||4.61,0.81,0.68,0.19,0.40||14.27,4.07,2.93,8.82,2.61||0.00,0.00,0.50,0.59,0.00||33.08,23.93,97.24,49.16,5.21||10.28,3.37,7.47||5.41,13.46,69.37,23.04,26.33,6.90||
2.88,18.12,11.98,4.50,6.06,4.96,2.91||0.00,0.00,0.00,0.03,0.04,0.04||3.08,7.76,0.83,22.04,17.82,10.54||4.64,0.81,0.69,0.19,0.40||14.40,4.09,2.98,8.86,2.61||0.00,0.00,0.50,0.59,0.00||25.71,8.68,29.60,44.36,2.87||11.09,3.59,7.94||9.51,22.79,133.57,37.06,39.81,12.20||
2.88,18.12,11.98,4.50,6.06,4.96,2.91||0.00,0.00,0.00,0.03,0.04,0.04||3.08,7.76,0.83,22.04,17.82,10.54||4.60,0.80,0.68,0.19,0.40||14.30,4.08,2.94,8.83,2.61||0.00,0.00,0.50,0.59,0.00||18.07,2.10,5.61,38.42,1.25||7.64,2.62,5.88||1.28,3.49,12.96,6.82,9.13,1.60||
2.87,18.04,11.94,4.49,6.03,4.95,2.90||0.00,0.00,0.00,0.03,0.04,0.04||3.08,7.76,0.83,22.04,17.82,10.54||4.60,0.80,0.68,0.18,0.40||14.28,4.07,2.93,8.82,2.61||0.00,0.00,0.50,0.59,0.00||25.84,8.86,30.33,44.45,2.91||4.76,1.75,4.02||0.20,0.62,1.51,1.43,2.35,0.25||
2.87,18.02,11.93,4.48,6.03,4.94,2.90||0.00,0.00,0.00,0.03,0.04,0.04||3.08,7.76,0.83,22.04,17.82,10.54||4.59,0.80,0.68,0.18,0.40||14.28,4.07,2.93,8.82,2.61||0.00,0.00,0.50,0.59,0.00||24.81,7.52,25.02,43.72,2.64||7.61,2.61,5.86||0.07,0.24,0.47,0.61,1.12,0.09||
2.87,18.10,11.97,4.50,6.05,4.96,2.91||0.00,0.00,0.00,0.03,0.04,0.04||3.08,7.76,0.83,22.04,17.82,10.54||4.59,0.80,0.68,0.18,0.40||14.40,4.09,2.98,8.86,2.61||0.00,0.00,0.50,0.59,0.00||24.22,6.83,22.33,43.29,2.49||11.15,3.61,7.98||0.28,0.83,2.18,1.87,2.97,0.34||
2.88,18.12,11.98,4.50,6.06,4.96,2.91||0.00,0.00,0.00,0.03,0.04,0.04||3.08,7.76,0.83,22.04,17.82,10.54||4.59,0.80,0.68,0.18,0.40||14.30,4.08,2.94,8.83,2.61||0.00,0.00,0.50,0.59,0.00||47.07,98.86,513.48,56.77,12.01||9.75,3.22,7.16||0.29,0.88,2.33,1.96,3.09,0.36||
2.87,18.08,11.96,4.49,6.05,4.96,2.90||0.00,0.00,0.00,0.03,0.04,0.04||3.08,7.76,0.83,22.04,17.82,10.54||4.59,0.80,0.68,0.18,0.40||14.28,4.07,2.93,8.82,2.61||0.00,0.00,0.50,0.59,0.00||21.11,3.93,11.68,40.93,1.80||6.94,2.41,5.45||0.65,1.87,5.95,3.88,5.59,0.82||
2.87,18.03,11.93,4.48,6.03,4.95,2.90||0.00,0.00,0.00,0.03,0.04,0.04||3.08,7.76,0.83,22.04,17.82,10.54||4.59,0.80,0.68,0.18,0.40||14.28,4.07,2.93,8.82,2.61||0.00,0.00,0.50,0.59,0.00||26.57,9.91,34.55,44.96,3.10||7.67,2.63,5.90||0.55,1.58,4.85,3.34,4.91,0.68||
2.86,17.94,11.89,4.46,6.00,4.93,2.89||0.00,0.00,0.00,0.03,0.04,0.04||3.08,7.76,0.83,22.04,17.82,10.54||4.59,0.80,0.68,0.18,0.40||14.40,4.09,2.98,8.86,2.61||0.00,0.00,0.50,0.59,0.00||25.26,8.09,27.23,44.04,2.75||5.74,2.05,4.67||0.11,0.36,0.77,0.88,1.53,0.14||
2.85,17.88,11.86,4.45,5.99,4.92,2.88||0.00,0.00,0.00,0.03,0.04,0.04||3.08,7.76,0.83,22.04,17.82,10.54||4.59,0.80,0.68,0.18,0.40||14.06,4.05,2.83,8.73,2.59||0.00,0.00,0.50,0.59,0.00||42.68,66.70,323.61,54.55,9.53||10.74,3.50,7.74||0.09,0.29,0.60,0.73,1.31,0.11||
2.87,18.03,11.93,4.48,6.03,4.95,2.90||0.00,0.00,0.00,0.03,0.04,0.04||3.08,7.76,0.83,22.04,17.82,10.54||4.59,0.80,0.68,0.18,0.40||14.23,4.07,2.91,8.80,2.60||0.00,0.00,0.50,0.59,0.00||39.95,51.12,236.86,53.09,8.15||8.54,2.88,6.44||0.86,2.42,8.20,4.89,6.84,1.08||
2.85,17.90,11.87,4.46,5.99,4.92,2.88||0.00,0.00,0.00,0.03,0.04,0.04||3.08,7.76,0.83,22.04,17.82,10.54||4.59,0.80,0.68,0.18,0.40||14.27,4.07,2.92,8.81,2.61||0.00,0.00,0.50,0.59,0.00||19.00,2.57,7.11,39.22,1.40||11.20,3.62,8.01||0.36,1.06,2.95,2.33,3.59,0.44||
2.85,17.92,11.87,4.46,6.00,4.92,2.88||0.00,0.00,0.00,0.03,0.04,0.04||3.08,7.76,0.83,22.04,17.82,10.54||4.59,0.80,0.68,0.18,0.40||14.15,4.06,2.87,8.77,2.60||0.00,0.00,0.50,0.59,0.00||30.11,16.40,62.42,47.31,4.17||9.73,3.21,7.15||0.59,1.69,5.26,3.54,5.17,0.73||
2.85,17.92,11.87,4.46,6.00,4.92,2.89||0.00,0.00,0.00,0.03,0.04,0.04||3.08,7.76,0.83,22.04,17.82,10.54||4.59,0.80,0.68,0.18,0.40||14.13,4.06,2.86,8.76,2.60||0.00,0.01,0.50,0.60,0.00||31.03,18.51,71.92,47.90,4.48||7.91,2.70,6.05||0.29,0.88,2.35,1.98,3.11,0.36||
2.82,17.60,11.71,4.39,5.90,4.86,2.85||0.00,0.00,0.00,0.03,0.04,0.04||3.08,7.76,0.83,22.04,17.82,10.54||4.59,0.80,0.68,0.18,0.40||14.25,4.07,2.91,8.81,2.60||0.00,0.00,0.50,0.60,0.00||27.29,11.04,39.22,45.45,3.31||10.68,3.48,7.70||5.42,13.48,69.54,23.08,26.37,6.92||
2.84,17.82,11.82,4.44,5.97,4.90,2.87||0.00,0.00,0.00,0.03,0.04,0.04||3.08,7.76,0.83,22.04,17.82,10.54||4.58,0.80,0.67,0.18,0.40||14.15,4.06,2.87,8.77,2.60||0.00,0.00,0.50,0.59,0.00||30.04,16.23,61.66,47.26,4.15||10.19,3.34,7.42||0.86,2.41,8.19,4.89,6.84,1.08||
2.85,17.86,11.84,4.45,5.98,4.91,2.88||0.00,0.00,0.00,0.03,0.04,0.04||3.08,7.76,0.83,22.04,17.82,10.54||4.59,0.80,0.68,0.18,0.40||14.13,4.06,2.86,8.76,2.60||0.00,0.00,0.50,0.59,0.00||37.81,40.97,182.70,51.92,7.15||8.69,2.92,6.53||0.71,2.01,6.52,4.14,5.92,0.88||
2.85,17.87,11.85,4.45,5.98,4.91,2.88||0.00,0.00,0.00,0.03,0.04,0.04||3.05,7.74,0.82,21.95,17.78,10.47||4.59,0.80,0.68,0.18,0.40||14.25,4.07,2.91,8.81,2.60||0.00,0.00,0.50,0.59,0.00||20.60,3.56,10.40,40.53,1.70||8.20,2.78,6.23||1.49,4.02,15.46,7.75,10.21,1.87||
2.85,17.91,11.87,4.46,5.99,4.92,2.88||0.00,0.00,0.00,0.03,0.04,0.04||3.08,7.75,0.83,22.03,17.81,10.53||4.59,0.80,0.68,0.18,0.40||14.27,4.07,2.92,8.82,2.61||0.00,0.00,0.50,0.59,0.00||21.64,4.34,13.12,41.35,1.91||6.72,2.35,5.31||0.84,2.37,7.99,4.80,6.73,1.05||
2.85,17.92,11.87,4.46,6.00,4.92,2.89||0.00,0.00,0.00,0.03,0.04,0.04||3.08,7.76,0.83,22.04,17.82,10.54||4.59,0.80,0.68,0.18,0.40||14.27,4.07,2.93,8.82,2.61||0.00,0.00,0.50,0.59,0.00||27.22,10.92,38.74,45.40,3.29||6.75,2.36,5.33||0.23,0.71,1.80,1.63,2.63,0.29||
2.85,17.88,11.85,4.45,5.99,4.92,2.88||0.00,0.00,0.00,0.03,0.04,0.04||3.08,7.76,0.83,22.04,17.82,10.54||4.59,0.80,0.68,0.18,0.40||14.28,4.07,2.93,8.82,2.61||0.00,0.00,0.50,0.59,0.00||47.64,103.80,543.71,57.05,12.36||8.62,2.90,6.49||2.84,7.37,32.80,13.38,16.41,3.60||
2.87,18.07,11.95,4.49,6.04,4.95,2.90||0.00,0.00,0.00,0.03,0.04,0.04||3.08,7.76,0.83,22.04,17.82,10.54||4.67,0.81,0.69,0.19,0.40||14.28,4.07,2.93,8.82,2.61||0.00,0.00,0.50,0.59,0.00||32.97,23.61,95.68,49.09,5.17||10.16,3.33,7.40||1.60,4.30,16.81,8.24,10.76,2.01||
2.88,18.19,12.01,4.52,6.08,4.98,2.92||0.00,0.00,0.00,0.04,0.04,0.04||3.08,7.76,0.83,22.04,17.82,10.54||4.80,0.82,0.72,0.19,0.41||14.28,4.07,2.93,8.82,2.61||0.00,0.00,0.50,0.59,0.00||44.60,79.63,398.36,55.53,10.57||11.58,3.73,8.22||2.09,5.52,22.92,10.32,13.09,2.63||
2.88,18.17,12.01,4.52,6.07,4.97,2.92||0.00,0.00,0.00,0.04,0.04,0.04||3.17,7.80,0.87,22.32,17.94,10.76||4.93,0.84,0.76,0.20,0.42||14.28,4.07,2.93,8.82,2.61||0.00,0.00,0.50,0.59,0.00||40.10,51.90,241.10,53.18,8.22||10.96,3.56,7.87||1.75,4.68,18.67,8.89,11.50,2.20||
2.90,18.33,12.09,4.55,6.12,5.01,2.93||0.00,0.00,0.00,0.04,0.04,0.04||3.26,7.85,0.90,22.56,18.05,10.94||5.04,0.85,0.78,0.20,0.42||14.40,4.09,2.98,8.86,2.61||0.00,0.00,0.50,0.59,0.00||31.53,19.74,77.56,48.21,4.65||10.06,3.31,7.34||0.90,2.52,8.64,5.08,7.07,1.13||
2.90,18.36,12.10,4.56,6.13,5.01,2.94||0.00,0.00,0.00,0.04,0.04,0.04||3.27,7.85,0.91,22.61,18.07,10.98||5.07,0.85,0.79,0.20,0.42||14.42,4.09,2.99,8.87,2.62||0.00,0.01,0.50,0.60,0.00||21.38,4.13,12.39,41.14,1.86||7.66,2.62,5.89||0.90,2.52,8.62,5.08,7.06,1.13||
2.91,18.45,12.15,4.58,6.16,5.03,2.95||0.00,0.00,0.00,0.04,0.04,0.04||3.28,7.86,0.91,22.62,18.07,10.99||5.14,0.86,0.81,0.20,0.43||14.42,4.09,2.99,8.88,2.62||0.00,0.01,0.51,0.60,0.00||23.79,6.35,20.51,42.97,2.39||12.92,4.09,8.98||1.61,4.34,16.97,8.30,10.83,2.03||
2.93,18.55,12.20,4.60,6.19,5.05,2.96||0.00,0.00,0.00,0.04,0.04,0.04||3.28,7.86,0.91,22.62,18.07,10.99||5.22,0.86,0.83,0.21,0.43||14.55,4.10,3.05,8.92,2.63||0.00,0.01,0.51,0.60,0.00||52.25,150.48,840.48,59.24,15.37||15.62,4.81,10.46||0.70,1.99,6.43,4.10,5.87,0.87||
2.93,18.61,12.23,4.61,6.20,5.06,2.97||0.00,0.00,0.00,0.04,0.04,0.04||3.28,7.86,0.91,22.62,18.07,10.99||5.26,0.87,0.83,0.21,0.43||14.33,4.08,2.95,8.84,2.61||0.00,0.01,0.51,0.61,0.00||51.12,137.79,757.97,58.71,14.60||13.24,4.18,9.16||0.92,2.56,8.80,5.15,7.15,1.14||
2.93,18.63,12.24,4.62,6.21,5.06,2.97||0.00,0.00,0.00,0.04,0.04,0.04||3.28,7.86,0.91,22.62,18.07,10.99||5.33,0.87,0.85,0.21,0.43||14.53,4.10,3.04,8.91,2.62||0.00,0.01,0.51,0.61,0.00||26.46,9.74,33.87,44.88,3.07||10.73,3.49,7.73||0.26,0.79,2.04,1.78,2.84,0.32||
2.93,18.63,12.24,4.62,6.21,5.06,2.97||0.00,0.00,0.00,0.04,0.04,0.04||3.28,7.86,0.91,22.62,18.07,10.99||5.36,0.88,0.86,0.21,0.44||14.45,4.09,3.00,8.88,2.62||0.00,0.01,0.51,0.61,0.00||42.96,68.49,333.82,54.69,9.68||11.29,3.65,8.06||0.42,1.24,3.58,2.68,4.06,0.52||
2.94,18.67,12.26,4.63,6.22,5.07,2.97||0.00,0.00,0.00,0.04,0.04,0.04||3.28,7.86,0.91,22.62,18.07,10.99||5.36,0.88,0.86,0.21,0.44||14.68,4.12,3.10,8.97,2.63||0.00,0.01,0.51,0.61,0.00||41.08,57.21,270.30,53.70,8.70||5.83,2.08,4.73||0.78,2.19,7.26,4.48,6.34,0.97||
2.94,18.72,12.29,4.64,6.24,5.08,2.98||0.00,0.00,0.00,0.04,0.04,0.04||3.28,7.86,0.91,22.62,18.07,10.99||5.37,0.88,0.86,0.21,0.44||14.48,4.10,3.01,8.89,2.62||0.00,0.01,0.51,0.61,0.00||39.45,48.60,223.22,52.82,7.91||10.06,3.31,7.34||2.71,7.06,31.12,12.88,15.87,3.44||
2.95,18.77,12.32,4.65,6.25,5.09,2.98||0.00,0.00,0.00,0.04,0.04,0.04||3.28,7.86,0.91,22.62,18.07,10.99||5.37,0.88,0.86,0.21,0.44||14.56,4.11,3.05,8.93,2.63||0.00,0.01,0.51,0.61,0.00||53.21,161.89,915.74,59.68,16.05||12.01,3.84,8.47||0.37,1.10,3.08,2.40,3.69,0.46||
2.96,18.87,12.36,4.67,6.28,5.11,3.00||0.00,0.00,0.00,0.04,0.04,0.04||3.44,7.94,0.98,23.09,18.28,11.36||5.45,0.88,0.88,0.22,0.44||14.33,4.08,2.95,8.84,2.61||0.00,0.01,0.51,0.61,0.00||21.68,4.37,13.23,41.38,1.92||6.52,2.29,5.18||0.46,1.33,3.92,2.86,4.29,0.57||
2.96,18.89,12.37,4.68,6.28,5.11,3.00||0.00,0.00,0.00,0.04,0.04,0.04||3.47,7.95,0.99,23.19,18.32,11.44||5.47,0.89,0.89,0.22,0.44||14.28,4.07,2.93,8.82,2.61||0.00,0.01,0.51,0.61,0.00||42.92,68.24,332.39,54.67,9.65||7.38,2.54,5.72||0.38,1.11,3.13,2.43,3.73,0.47||
2.96,18.89,12.38,4.68,6.29,5.11,3.00||0.00,0.00,0.00,0.04,0.04,0.04||3.48,7.96,0.99,23.21,18.33,11.45||5.47,0.89,0.89,0.22,0.44||14.52,4.10,3.03,8.91,2.62||0.00,0.01,0.51,0.61,0.00||23.01,5.56,17.55,42.40,2.21||10.15,3.33,7.40||0.27,0.83,2.16,1.86,2.95,0.34||
2.96,18.89,12.38,4.68,6.29,5.11,3.00||0.00,0.00,0.00,0.04,0.04,0.04||3.48,7.96,0.99,23.21,18.33,11.46||5.47,0.89,0.89,0.22,0.44||14.44,4.09,3.00,8.88,2.62||0.00,0.01,0.51,0.61,0.00||42.24,63.95,308.02,54.31,9.29||11.43,3.69,8.14||3.22,8.28,37.94,14.87,17.99,4.08||
2.96,18.89,12.38,4.68,6.29,5.11,3.00||0.00,0.00,0.00,0.04,0.04,0.04||3.48,7.96,0.99,23.21,18.33,11.46||5.47,0.89,0.89,0.22,0.44||14.43,4.09,2.99,8.88,2.62||0.00,0.01,0.51,0.61,0.00||61.61,292.01,1829.36,63.35,22.70||12.29,3.92,8.63||4.50,11.33,56.04,19.73,23.01,5.73||
2.96,18.89,12.38,4.68,6.29,5.11,3.00||0.00,0.00,0.00,0.04,0.04,0.04||3.48,7.96,0.99,23.21,18.33,11.46||5.47,0.89,0.89,0.22,0.44||14.80,4.13,3.16,9.02,2.64||0.00,0.01,0.51,0.61,0.00||59.33,250.81,1530.40,62.38,20.76||9.27,3.09,6.88||1.65,4.44,17.48,8.47,11.03,2.08||
2.96,18.89,12.38,4.68,6.29,5.11,3.00||0.00,0.00,0.00,0.04,0.04,0.04||3.48,7.96,0.99,23.21,18.33,11.46||5.47,0.89,0.89,0.22,0.44||14.50,4.10,3.02,8.90,2.62||0.00,0.01,0.51,0.61,0.00||30.65,17.61,67.87,47.66,4.35||8.61,2.90,6.48||0.22,0.68,1.68,1.55,2.52,0.27||
2.95,18.76,12.31,4.65,6.25,5.09,2.98||0.00,0.00,0.00,0.04,0.04,0.04||3.48,7.96,0.99,23.21,18.33,11.46||5.47,0.89,0.89,0.22,0.44||14.56,4.11,3.05,8.93,2.63||0.00,0.01,0.51,0.61,0.00||30.13,16.43,62.53,47.32,4.18||10.64,3.47,7.68||0.44,1.29,3.77,2.79,4.19,0.55||
2.96,18.86,12.36,4.67,6.28,5.11,3.00||0.00,0.00,0.00,0.04,0.04,0.04||3.48,7.96,0.99,23.21,18.33,11.46||5.47,0.89,0.89,0.22,0.44||14.58,4.11,3.06,8.93,2.63||0.00,0.01,0.51,0.61,0.00||42.46,65.33,315.85,54.43,9.41||14.19,4.43,9.68||2.77,7.21,31.91,13.12,16.13,3.51||
2.96,18.89,12.37,4.68,6.28,5.11,3.00||0.00,0.00,0.00,0.04,0.04,0.04||3.48,7.96,0.99,23.21,18.33,11.46||5.47,0.89,0.89,0.22,0.44||14.46,4.09,3.01,8.89,2.62||0.00,0.01,0.51,0.60,0.00||48.42,110.77,586.73,57.42,12.84||9.30,3.09,6.89||1.62,4.37,17.13,8.35,10.89,2.04||
2.96,18.89,12.38,4.68,6.29,5.11,3.00||0.00,0.00,0.00,0.04,0.04,0.04||3.48,7.96,0.99,23.21,18.33,11.46||5.47,0.89,0.89,0.22,0.44||14.55,4.11,3.05,8.92,2.63||0.00,0.01,0.51,0.61,0.00||31.12,18.72,72.88,47.95,4.51||6.12,2.17,4.92||1.30,3.54,13.17,6.90,9.23,1.63||
2.96,18.89,12.38,4.68,6.29,5.11,3.00||0.00,0.00,0.00,0.04,0.04,0.04||3.48,7.96,0.99,23.21,18.33,11.46||5.47,0.89,0.89,0.22,0.44||14.33,4.08,2.95,8.84,2.61||0.00,0.01,0.51,0.61,0.00||51.24,139.17,766.88,58.77,14.68||10.85,3.53,7.80||1.65,4.43,17.43,8.46,11.01,2.08||
2.96,18.89,12.38,4.68,6.29,5.11,3.00||0.00,0.00,0.00,0.04,0.04,0.04||3.48,7.96,0.99,23.21,18.33,11.46||5.47,0.89,0.89,0.22,0.44||14.41,4.09,2.98,8.87,2.62||0.00,0.01,0.51,0.61,0.00||37.86,41.17,183.72,51.94,7.17||9.12,3.04,6.78||0.81,2.28,7.64,4.65,6.54,1.01||
2.96,18.89,12.38,4.68,6.29,5.11,3.00||0.00,0.00,0.00,0.04,0.04,0.04||3.48,7.96,0.99,23.21,18.33,11.46||5.47,0.89,0.89,0.22,0.44||14.30,4.08,2.94,8.83,2.61||0.00,0.01,0.51,0.60,0.00||31.63,19.99,78.73,48.27,4.69||9.78,3.23,7.18||0.86,2.40,8.14,4.87,6.81,1.07||
2.96,18.89,12.38,4.68,6.29,5.11,3.00||0.00,0.00,0.00,0.04,0.04,0.04||3.48,7.96,0.99,23.21,18.33,11.46||5.47,0.89,0.89,0.22,0.44||14.52,4.10,3.03,8.91,2.62||0.00,0.01,0.51,0.60,0.00||34.43,28.09,117.36,49.97,5.73||8.97,3.00,6.70||0.94,2.62,9.08,5.27,7.30,1.18||
2.96,18.89,12.38,4.68,6.29,5.11,3.00||0.00,0.00,0.00,0.04,0.04,0.04||3.48,7.96,0.99,23.21,18.33,11.46||5.47,0.89,0.89,0.22,0.44||14.32,4.08,2.95,8.84,2.61||0.00,0.01,0.51,0.61,0.00||39.06,46.67,212.87,52.61,7.72||7.48,2.57,5.78||0.26,0.79,2.04,1.78,2.84,0.32||
2.96,18.89,12.38,4.68,6.29,5.11,3.00||0.00,0.00,0.00,0.04,0.04,0.04||3.48,7.96,0.99,23.21,18.33,11.46||5.47,0.89,0.89,0.22,0.44||14.28,4.07,2.93,8.82,2.61||0.00,0.01,0.51,0.61,0.00||21.19,3.99,11.90,41.00,1.82||7.09,2.46,5.54||1.01,2.81,9.89,5.60,7.70,1.27||
2.96,18.89,12.38,4.68,6.29,5.11,3.00||0.00,0.00,0.00,0.04,0.04,0.04||3.48,7.96,0.99,23.21,18.33,11.46||5.40,0.88,0.87,0.21,0.44||14.52,4.10,3.03,8.91,2.62||0.00,0.01,0.51,0.60,0.00||41.22,57.96,274.47,53.77,8.77||8.92,2.99,6.66||1.55,4.19,16.27,8.05,10.54,1.96||
2.96,18.89,12.38,4.68,6.29,5.11,3.00||0.00,0.00,0.00,0.04,0.04,0.04||3.48,7.96,0.99,23.21,18.33,11.46||5.37,0.88,0.86,0.21,0.44||14.32,4.08,2.95,8.84,2.61||0.00,0.01,0.51,0.60,0.00||31.18,18.86,73.54,47.99,4.53||12.58,4.00,8.79||11.10,26.35,160.01,42.25,44.61,14.28||
2.96,18.89,12.38,4.68,6.29,5.11,3.00||0.00,0.00,0.00,0.04,0.04,0.04||3.48,7.96,0.99,23.21,18.33,11.46||5.37,0.88,0.86,0.21,0.44||14.52,4.10,3.04,8.91,2.62||0.00,0.01,0.51,0.60,0.00||37.55,39.85,176.87,51.77,7.04||11.17,3.62,7.99||0.58,1.67,5.17,3.50,5.12,0.72||
2.96,18.89,12.38,4.68,6.29,5.11,3.00||0.00,0.00,0.00,0.04,0.04,0.04||3.48,7.96,0.99,23.21,18.33,11.46||5.37,0.88,0.86,0.21,0.44||14.45,4.09,3.00,8.88,2.62||0.00,0.01,0.51,0.60,0.00||42.69,66.72,323.76,54.55,9.53||9.38,3.12,6.94||0.20,0.62,1.51,1.44,2.36,0.25||
2.96,18.89,12.38,4.68,6.29,5.11,3.00||0.00,0.00,0.00,0.04,0.04,0.04||3.48,7.96,0.99,23.21,18.33,11.46||5.37,0.88,0.86,0.21,0.44||14.55,4.11,3.05,8.92,2.63||0.00,0.01,0.51,0.60,0.00||41.24,58.09,275.19,53.79,8.78||8.02,2.73,6.12||0.25,0.76,1.96,1.73,2.77,0.31||
2.94,18.72,12.29,4.64,6.24,5.08,2.98||0.00,0.00,0.00,0.04,0.04,0.05||3.48,7.96,0.99,23.21,18.33,11.46||5.37,0.88,0.86,0.21,0.44||14.45,4.09,3.00,8.89,2.62||0.00,0.01,0.51,0.60,0.00||33.95,26.57,109.92,49.69,5.54||8.38,2.83,6.33||1.05,2.92,10.36,5.80,7.93,1.32||
2.96,18.86,12.36,4.67,6.28,5.11,2.99||0.00,0.00,0.00,0.04,0.04,0.04||3.48,7.96,0.99,23.21,18.33,11.46||5.37,0.88,0.86,0.21,0.44||14.55,4.11,3.05,8.92,2.63||0.00,0.01,0.51,0.60,0.00||46.55,94.54,487.23,56.51,11.70||9.42,3.13,6.96||3.11,8.01,36.39,14.43,17.52,3.94||
2.95,18.80,12.33,4.66,6.26,5.10,2.99||0.00,0.00,0.00,0.04,0.04,0.04||3.48,7.96,0.99,23.21,18.33,11.46||5.37,0.88,0.86,0.21,0.44||14.33,4.08,2.95,8.84,2.61||0.00,0.01,0.51,0.61,0.00||34.45,28.18,117.81,49.98,5.74||9.03,3.02,6.73||0.33,0.99,2.71,2.19,3.40,0.41||
2.95,18.79,12.32,4.65,6.26,5.09,2.99||0.00,0.00,0.00,0.04,0.04,0.04||3.48,7.96,0.99,23.21,18.33,11.46||5.37,0.88,0.86,0.21,0.44||14.41,4.09,2.98,8.87,2.62||0.00,0.01,0.51,0.61,0.00||60.72,275.46,1708.27,62.98,21.94||13.36,4.21,9.22||1.90,5.06,20.57,9.54,12.23,2.40||
2.96,18.87,12.37,4.67,6.28,5.11,3.00||0.00,0.00,0.00,0.04,0.04,0.04||3.48,7.96,0.99,23.21,18.33,11.46||5.37,0.88,0.86,0.21,0.44||14.30,4.08,2.94,8.83,2.61||0.00,0.01,0.51,0.61,0.00||39.13,47.00,214.66,52.64,7.75||7.44,2.56,5.76||0.29,0.88,2.35,1.98,3.11,0.36||
2.94,18.68,12.27,4.63,6.22,5.07,2.97||0.00,0.00,0.00,0.04,0.04,0.05||3.48,7.96,0.99,23.21,18.33,11.46||5.37,0.88,0.86,0.21,0.44||14.28,4.07,2.93,8.82,2.61||0.00,0.01,0.51,0.61,0.00||52.16,149.40,833.44,59.19,15.31||8.50,2.86,6.41||0.30,0.90,2.41,2.01,3.16,0.37||
2.95,18.81,12.33,4.66,6.26,5.10,2.99||0.00,0.00,0.00,0.04,0.04,0.04||3.48,7.96,0.99,23.21,18.33,11.46||5.37,0.88,0.86,0.21,0.44||14.40,4.09,2.98,8.86,2.61||0.00,0.01,0.51,0.61,0.00||59.69,257.02,1574.96,62.54,21.06||9.97,3.28,7.29||6.71,16.45,89.07,27.62,30.83,8.58||
2.96,18.87,12.37,4.67,6.28,5.11,3.00||0.00,0.00,0.00,0.04,0.04,0.04||3.48,7.96,0.99,23.21,18.33,11.46||5.37,0.88,0.86,0.21,0.44||14.54,4.10,3.04,8.92,2.62||0.00,0.01,0.51,0.61,0.00||25.52,8.43,28.60,44.23,2.82||6.18,2.18,4.96||2.31,6.06,25.74,11.22,14.08,2.91||
2.95,18.80,12.33,4.66,6.26,5.10,2.99||0.00,0.00,0.00,0.04,0.04,0.05||3.48,7.96,0.99,23.21,18.33,11.46||5.37,0.88,0.86,0.21,0.44||14.57,4.11,3.06,8.93,2.63||0.00,0.01,0.51,0.61,0.00||54.46,177.82,1022.30,60.25,16.96||12.78,4.05,8.90||1.15,3.15,11.42,6.22,8.43,1.44||
2.96,18.83,12.35,4.66,6.27,5.10,2.99||0.00,0.00,0.00,0.04,0.04,0.05||3.48,7.96,0.99,23.21,18.33,11.46||5.37,0.88,0.86,0.21,0.44||14.46,4.09,3.00,8.89,2.62||0.00,0.01,0.51,0.61,0.00||30.45,17.14,65.75,47.53,4.28||7.70,2.64,5.92||0.23,0.72,1.81,1.63,2.64,0.29||
2.94,18.67,12.26,4.63,6.22,5.07,2.97||0.00,0.00,0.00,0.04,0.04,0.05||3.48,7.96,0.99,23.21,18.33,11.46||5.37,0.88,0.86,0.21,0.44||14.43,4.09,2.99,8.88,2.62||0.00,0.01,0.51,0.61,0.00||31.90,20.68,81.93,48.44,4.78||11.25,3.64,8.03||1.44,3.90,14.89,7.54,9.97,1.81||
2.95,18.76,12.31,4.65,6.25,5.09,2.98||0.00,0.00,0.00,0.04,0.04,0.05||3.48,7.96,0.99,23.21,18.33,11.46||5.37,0.88,0.86,0.21,0.44||14.30,4.08,2.94,8.83,2.61||0.00,0.01,0.51,0.61,0.00||35.45,31.59,134.68,50.57,6.14||7.83,2.67,6.00||11.09,26.32,159.78,42.21,44.57,14.26||
2.96,18.82,12.34,4.66,6.27,5.10,2.99||0.00,0.00,0.00,0.04,0.04,0.05||3.48,7.96,0.99,23.21,18.33,11.46||5.37,0.88,0.86,0.21,0.44||14.40,4.09,2.98,8.87,2.61||0.00,0.01,0.51,0.61,0.00||61.56,291.11,1822.69,63.33,22.66||8.73,2.93,6.55||1.75,4.69,18.70,8.90,11.51,2.21||
2.96,18.88,12.37,4.67,6.28,5.11,3.00||0.00,0.00,0.00,0.04,0.04,0.05||3.48,7.96,0.99,23.21,18.33,11.46||5.37,0.88,0.86,0.21,0.44||14.30,4.08,2.94,8.83,2.61||0.00,0.01,0.51,0.61,0.00||29.31,14.70,54.89,46.79,3.91||8.20,2.78,6.22||0.65,1.84,5.86,3.84,5.54,0.80||
2.96,18.89,12.38,4.68,6.29,5.11,3.00||0.00,0.00,0.00,0.04,0.04,0.05||3.48,7.96,0.99,23.21,18.33,11.46||5.37,0.88,0.86,0.21,0.44||14.52,4.10,3.03,8.91,2.62||0.00,0.01,0.51,0.61,0.00||48.87,114.96,612.90,57.64,13.12||9.79,3.23,7.18||0.94,2.63,9.11,5.28,7.31,1.18||
2.96,18.89,12.38,4.68,6.29,5.11,3.00||0.00,0.00,0.00,0.04,0.04,0.05||3.48,7.96,0.99,23.21,18.33,11.46||5.37,0.88,0.86,0.21,0.44||14.57,4.11,3.05,8.93,2.63||0.00,0.01,0.51,0.61,0.00||31.01,18.46,71.70,47.88,4.47||9.07,3.03,6.75||5.03,12.57,63.73,21.66,24.96,6.41||
2.96,18.89,12.38,4.68,6.29,5.11,3.00||0.00,0.00,0.00,0.04,0.04,0.05||3.48,7.96,0.99,23.21,18.33,11.46||5.38,0.88,0.87,0.21,0.44||14.33,4.08,2.95,8.84,2.61||0.00,0.01,0.50,0.60,0.00||49.78,123.85,668.80,58.08,13.71||8.93,2.99,6.67||7.93,19.25,108.26,31.82,34.86,10.16||
2.96,18.89,12.38,4.68,6.29,5.11,3.00||0.00,0.00,0.00,0.04,0.04,0.05||3.48,7.96,0.99,23.21,18.33,11.46||5.37,0.88,0.86,0.21,0.44||14.41,4.09,2.98,8.87,2.62||0.00,0.01,0.50,0.60,0.00||45.43,85.69,434.20,55.95,11.04||9.52,3.16,7.02||0.94,2.61,9.02,5.24,7.27,1.17||
2.96,18.89,12.38,4.68,6.29,5.11,3.00||0.00,0.00,0.00,0.04,0.04,0.05||3.48,7.96,0.99,23.21,18.33,11.46||5.37,0.88,0.86,0.21,0.44||14.30,4.08,2.94,8.83,2.61||0.00,0.01,0.50,0.60,0.00||51.71,144.30,800.18,58.98,15.00||8.66,2.91,6.51||0.45,1.31,3.84,2.82,4.24,0.56||
2.96,18.89,12.38,4.68,6.29,5.11,3.00||0.00,0.00,0.00,0.04,0.04,0.05||3.48,7.96,0.99,23.21,18.33,11.46||5.37,0.88,0.86,0.21,0.44||14.40,4.09,2.98,8.87,2.61||0.00,0.01,0.50,0.60,0.00||53.71,168.09,957.03,59.90,16.41||8.00,2.72,6.10||1.73,4.63,18.41,8.80,11.40,2.18||
2.96,18.89,12.38,4.68,6.29,5.11,3.00||0.00,0.00,0.00,0.04,0.04,0.05||3.48,7.96,0.99,23.21,18.33,11.46||5.38,0.88,0.87,0.21,0.44||14.42,4.09,2.99,8.87,2.62||0.00,0.01,0.50,0.60,0.00||37.53,39.76,176.37,51.76,7.03||9.51,3.15,7.02||0.66,1.88,6.00,3.90,5.62,0.82||
2.96,18.89,12.38,4.68,6.29,5.11,3.00||0.00,0.00,0.00,0.04,0.04,0.05||3.48,7.96,0.99,23.21,18.33,11.46||5.39,0.88,0.87,0.21,0.44||14.30,4.08,2.94,8.83,2.61||0.00,0.01,0.50,0.60,0.00||32.38,21.94,87.83,48.73,4.95||10.35,3.39,7.51||0.93,2.60,9.00,5.23,7.25,1.17||
2.96,18.89,12.38,4.68,6.29,5.11,3.00||0.00,0.00,0.00,0.04,0.04,0.05||3.52,7.97,1.01,23.31,18.37,11.53||5.37,0.88,0.86,0.21,0.44||14.28,4.07,2.93,8.82,2.61||0.00,0.01,0.50,0.60,0.00||38.86,45.71,207.75,52.50,7.63||10.51,3.43,7.61||0.56,1.62,4.98,3.41,4.99,0.70||
2.96,18.89,12.38,4.68,6.29,5.11,3.00||0.00,0.00,0.00,0.04,0.04,0.05||3.49,7.96,1.00,23.23,18.34,11.47||5.38,0.88,0.87,0.21,0.44||14.28,4.07,2.93,8.82,2.61||0.00,0.01,0.50,0.60,0.00||49.62,122.23,658.59,58.00,13.60||9.93,3.27,7.26||0.78,2.21,7.35,4.52,6.39,0.98||
2.96,18.89,12.38,4.68,6.29,5.11,3.00||0.00,0.00,0.00,0.04,0.04,0.05||3.48,7.96,0.99,23.22,18.33,11.46||5.37,0.88,0.86,0.21,0.44||14.28,4.07,2.93,8.82,2.61||0.00,0.01,0.50,0.60,0.00||33.98,26.65,110.34,49.70,5.55||8.83,2.96,6.61||1.90,5.07,20.59,9.54,12.23,2.40||
2.96,18.89,12.38,4.68,6.29,5.11,3.00||0.00,0.00,0.00,0.04,0.04,0.04||3.48,7.96,0.99,23.22,18.33,11.46||5.28,0.87,0.84,0.21,0.43||14.28,4.07,2.93,8.82,2.61||0.00,0.01,0.50,0.60,0.00||33.91,26.44,109.29,49.66,5.53||8.16,2.77,6.20||0.31,0.93,2.50,2.06,3.23,0.38||
2.96,18.89,12.38,4.68,6.29,5.11,3.00||0.00,0.00,0.00,0.04,0.04,0.05||3.48,7.96,0.99,23.22,18.33,11.46||5.27,0.87,0.84,0.21,0.43||14.28,4.07,2.93,8.82,2.61||0.00,0.01,0.51,0.61,0.00||22.98,5.53,17.44,42.38,2.20||7.42,2.55,5.74||2.45,6.43,27.68,11.83,14.74,3.10||
2.96,18.85,12.35,4.67,6.27,5.11,2.99||0.00,0.00,0.00,0.04,0.04,0.04||3.48,7.96,0.99,23.21,18.33,11.46||5.20,0.86,0.82,0.21,0.43||14.40,4.09,2.98,8.86,2.61||0.00,0.01,0.51,0.61,0.00||47.65,103.85,543.97,57.05,12.36||10.56,3.45,7.63||3.75,9.56,45.35,16.92,20.13,4.77||
2.96,18.84,12.35,4.66,6.27,5.10,2.99||0.00,0.00,0.00,0.04,0.04,0.04||3.48,7.96,0.99,23.21,18.33,11.46||5.17,0.86,0.81,0.21,0.43||14.18,4.06,2.88,8.78,2.60||0.00,0.01,0.52,0.61,0.00||42.24,63.98,308.19,54.32,9.30||14.92,4.62,10.08||1.96,5.21,21.33,9.79,12.51,2.47||
2.95,18.80,12.33,4.66,6.26,5.10,2.99||0.00,0.00,0.00,0.04,0.04,0.04||3.48,7.96,0.99,23.21,18.33,11.46||5.15,0.86,0.81,0.20,0.43||14.50,4.10,3.02,8.90,2.62||0.00,0.01,0.52,0.61,0.00||27.20,10.89,38.60,45.39,3.28||8.13,2.76,6.19||0.33,0.98,2.68,2.17,3.38,0.41||
2.96,18.83,12.35,4.66,6.27,5.10,2.99||0.00,0.00,0.00,0.04,0.04,0.04||3.48,7.96,0.99,23.21,18.33,11.46||5.08,0.85,0.79,0.20,0.42||14.20,4.06,2.89,8.79,2.60||0.00,0.01,0.52,0.61,0.00||29.37,14.82,55.42,46.83,3.93||6.64,2.32,5.25||0.18,0.56,1.32,1.30,2.17,0.22||
2.94,18.71,12.28,4.64,6.23,5.08,2.98||0.00,0.00,0.00,0.04,0.04,0.04||3.48,7.96,0.99,23.21,18.33,11.46||5.07,0.85,0.79,0.20,0.42||14.26,4.07,2.92,8.81,2.60||0.00,0.01,0.52,0.61,0.00||42.77,67.26,326.78,54.59,9.57||8.82,2.96,6.60||0.13,0.41,0.90,0.99,1.70,0.16||
2.94,18.65,12.25,4.62,6.21,5.07,2.97||0.00,0.00,0.00,0.04,0.04,0.04||3.48,7.96,0.99,23.21,18.33,11.46||5.06,0.85,0.79,0.20,0.42||14.51,4.10,3.03,8.91,2.62||0.00,0.01,0.52,0.62,0.00||35.84,33.04,141.95,50.80,6.30||7.95,2.71,6.07||1.75,4.69,18.70,8.90,11.51,2.21||
2.94,18.67,12.27,4.63,6.22,5.07,2.97||0.00,0.00,0.00,0.04,0.04,0.04||3.45,7.94,0.98,23.12,18.29,11.38||4.99,0.84,0.77,0.20,0.42||14.44,4.09,3.00,8.88,2.62||0.00,0.01,0.52,0.62,0.00||36.66,36.19,157.94,51.27,6.65||7.34,2.53,5.69||1.05,2.90,10.31,5.78,7.91,1.31||
2.94,18.64,12.25,4.62,6.21,5.06,2.97||0.00,0.00,0.00,0.04,0.04,0.04||3.41,7.92,0.96,23.00,18.24,11.29||4.97,0.84,0.77,0.20,0.42||14.43,4.09,2.99,8.88,2.62||0.00,0.01,0.52,0.62,0.00||33.24,24.40,99.48,49.26,5.27||6.56,2.30,5.20||0.59,1.70,5.28,3.55,5.18,0.73||
2.93,18.63,12.24,4.62,6.21,5.06,2.97||0.00,0.00,0.00,0.04,0.04,0.04||3.33,7.89,0.93,22.79,18.15,11.12||4.97,0.84,0.76,0.20,0.42||14.31,4.08,2.94,8.83,2.61||0.00,0.01,0.52,0.62,0.00||27.65,11.63,41.69,45.69,3.41||8.93,2.99,6.67||1.70,4.57,18.12,8.70,11.28,2.15||
2.93,18.59,12.22,4.61,6.20,5.06,2.96||0.00,0.00,0.00,0.04,0.04,0.04||3.39,7.91,0.95,22.94,18.21,11.24||4.97,0.84,0.76,0.20,0.42||14.40,4.09,2.98,8.87,2.61||0.00,0.01,0.52,0.62,0.00||19.03,2.59,7.16,39.24,1.41||10.60,3.46,7.66||1.43,3.88,14.76,7.49,9.91,1.80||
2.93,18.62,12.24,4.62,6.21,5.06,2.97||0.00,0.00,0.00,0.04,0.04,0.04||3.30,7.87,0.92,22.69,18.10,11.04||4.95,0.84,0.76,0.20,0.42||14.30,4.08,2.94,8.83,2.61||0.00,0.01,0.52,0.62,0.00||37.44,39.35,174.27,51.70,6.98||8.18,2.78,6.22||0.93,2.60,8.97,5.22,7.24,1.17||
2.93,18.63,12.24,4.62,6.21,5.06,2.97||0.00,0.00,0.00,0.04,0.04,0.04||3.28,7.86,0.91,22.63,18.08,11.00||4.92,0.83,0.75,0.20,0.42||14.52,4.10,3.03,8.91,2.62||0.00,0.01,0.52,0.62,0.00||33.37,24.78,101.28,49.34,5.32||7.67,2.62,5.90||0.97,2.71,9.46,5.43,7.49,1.22||
2.93,18.63,12.24,4.62,6.21,5.06,2.97||0.00,0.00,0.00,0.04,0.04,0.04||3.31,7.87,0.92,22.72,18.12,11.07||4.88,0.83,0.74,0.20,0.41||14.20,4.06,2.90,8.79,2.60||0.00,0.01,0.52,0.62,0.00||36.55,35.73,155.60,51.20,6.60||9.41,3.13,6.96||2.02,5.35,22.04,10.03,12.77,2.55||
2.93,18.63,12.24,4.62,6.21,5.06,2.97||0.00,0.00,0.00,0.04,0.04,0.04||3.31,7.88,0.92,22.74,18.12,11.08||4.87,0.83,0.74,0.19,0.41||14.26,4.07,2.92,8.81,2.60||0.00,0.01,0.52,0.62,0.00||80.50,856.24,6461.75,70.65,42.75||10.91,3.54,7.84||0.39,1.16,3.30,2.53,3.85,0.49||
2.93,18.63,12.24,4.62,6.21,5.06,2.97||0.00,0.00,0.00,0.04,0.04,0.04||3.28,7.86,0.91,22.64,18.08,11.01||4.87,0.83,0.74,0.19,0.41||14.15,4.06,2.87,8.77,2.60||0.00,0.01,0.52,0.62,0.00||24.24,6.85,22.41,43.31,2.50||10.26,3.36,7.46||2.20,5.80,24.38,10.79,13.61,2.78||
2.93,18.63,12.24,4.62,6.21,5.06,2.97||0.00,0.00,0.00,0.04,0.04,0.04||3.28,7.86,0.91,22.63,18.08,10.99||4.87,0.83,0.74,0.19,0.41||14.13,4.06,2.86,8.76,2.60||0.00,0.01,0.52,0.62,0.00||32.44,22.11,88.63,48.77,4.98||14.32,4.47,9.76||0.22,0.68,1.68,1.55,2.52,0.27||
2.93,18.63,12.24,4.62,6.21,5.06,2.97||0.00,0.00,0.00,0.04,0.04,0.04||3.28,7.86,0.91,22.62,18.07,10.99||4.86,0.83,0.74,0.19,0.41||14.25,4.07,2.91,8.81,2.60||0.00,0.01,0.52,0.62,0.00||27.12,10.75,38.05,45.33,3.26||8.64,2.91,6.50||0.71,2.02,6.57,4.17,5.95,0.89||
2.93,18.63,12.24,4.62,6.21,5.06,2.97||0.00,0.00,0.00,0.04,0.04,0.04||3.28,7.86,0.91,22.62,18.07,10.99||4.81,0.82,0.73,0.19,0.41||14.27,4.07,2.92,8.82,2.61||0.00,0.01,0.52,0.62,0.00||29.05,14.19,52.67,46.62,3.83||6.65,2.33,5.26||0.33,0.98,2.68,2.18,3.38,0.41||
2.92,18.46,12.16,4.58,6.16,5.03,2.95||0.00,0.00,0.00,0.04,0.04,0.04||3.28,7.86,0.91,22.62,18.07,10.99||4.78,0.82,0.72,0.19,0.41||14.15,4.06,2.87,8.77,2.60||0.00,0.01,0.52,0.62,0.00||37.13,38.07,167.60,51.53,6.85||11.07,3.59,7.93||0.55,1.59,4.87,3.35,4.93,0.69||
2.91,18.43,12.14,4.57,6.15,5.02,2.95||0.00,0.00,0.00,0.04,0.04,0.04||3.28,7.86,0.91,22.62,18.07,10.99||4.78,0.82,0.72,0.19,0.41||14.25,4.07,2.92,8.81,2.60||0.00,0.01,0.52,0.62,0.00||37.61,40.10,178.17,51.80,7.06||7.70,2.63,5.92||0.88,2.45,8.35,4.96,6.92,1.09||
2.93,18.59,12.22,4.61,6.20,5.06,2.96||0.00,0.00,0.00,0.04,0.04,0.04||3.28,7.86,0.91,22.62,18.07,10.99||4.78,0.82,0.72,0.19,0.41||14.27,4.07,2.92,8.82,2.61||0.00,0.01,0.52,0.62,0.00||43.47,71.81,352.87,54.95,9.95||11.95,3.83,8.43||1.30,3.54,13.18,6.90,9.23,1.63||
2.92,18.50,12.17,4.59,6.17,5.04,2.95||0.00,0.00,0.00,0.04,0.04,0.04||3.28,7.86,0.91,22.62,18.07,10.99||4.78,0.82,0.72,0.19,0.41||14.27,4.07,2.93,8.82,2.61||0.00,0.01,0.52,0.62,0.00||56.33,203.66,1198.68,61.08,18.37||9.77,3.23,7.17||2.25,5.93,25.02,10.99,13.83,2.84||
2.93,18.60,12.23,4.61,6.20,5.06,2.97||0.00,0.00,0.00,0.04,0.04,0.04||3.28,7.86,0.91,22.62,18.07,10.99||4.78,0.82,0.72,0.19,0.41||14.28,4.07,2.93,8.82,2.61||0.00,0.01,0.52,0.62,0.00||29.71,15.53,58.57,47.05,4.04||9.21,3.07,6.84||0.60,1.72,5.38,3.60,5.25,0.75||
2.91,18.42,12.13,4.57,6.15,5.02,2.94||0.00,0.00,0.00,0.04,0.04,0.04||3.28,7.86,0.91,22.62,18.07,10.99||4.78,0.82,0.72,0.19,0.41||14.28,4.07,2.93,8.82,2.61||0.00,0.01,0.52,0.62,0.00||32.53,22.38,89.88,48.83,5.01||10.66,3.48,7.69||0.88,2.47,8.44,5.00,6.97,1.10||
2.93,18.59,12.22,4.61,6.20,5.05,2.96||0.00,0.00,0.00,0.04,0.04,0.04||3.28,7.86,0.91,22.62,18.07,10.99||4.78,0.82,0.72,0.19,0.41||14.03,4.04,2.82,8.73,2.59||0.00,0.01,0.52,0.62,0.00||38.05,42.00,188.10,52.05,7.26||9.96,3.28,7.28||0.31,0.93,2.50,2.07,3.23,0.38||
2.93,18.58,12.22,4.61,6.19,5.05,2.96||0.00,0.00,0.00,0.04,0.04,0.04||3.28,7.86,0.91,22.62,18.07,10.99||4.76,0.82,0.72,0.19,0.41||14.35,4.08,2.96,8.85,2.61||0.00,0.01,0.52,0.62,0.00||20.26,3.33,9.61,40.25,1.63||9.17,3.06,6.81||1.27,3.48,12.89,6.80,9.10,1.60||
2.91,18.41,12.13,4.57,6.14,5.02,2.94||0.00,0.00,0.00,0.04,0.04,0.04||3.28,7.86,0.91,22.62,18.07,10.99||4.76,0.82,0.72,0.19,0.41||14.41,4.09,2.99,8.87,2.62||0.00,0.01,0.52,0.62,0.00||29.52,15.14,56.84,46.93,3.98||11.36,3.67,8.10||3.75,9.56,45.34,16.92,20.13,4.77||
2.91,18.38,12.11,4.56,6.13,5.01,2.94||0.00,0.00,0.00,0.04,0.04,0.04||3.28,7.86,0.91,22.62,18.07,10.99||4.70,0.81,0.70,0.19,0.41||14.30,4.08,2.94,8.83,2.61||0.00,0.01,0.52,0.62,0.00||59.42,252.36,1541.48,62.42,20.84||10.87,3.53,7.82||3.34,8.56,39.54,15.32,18.47,4.23||
2.91,18.46,12.15,4.58,6.16,5.03,2.95||0.00,0.00,0.00,0.04,0.04,0.04||3.28,7.86,0.91,22.62,18.07,10.99||4.69,0.81,0.70,0.19,0.40||14.28,4.07,2.93,8.82,2.61||0.00,0.01,0.52,0.62,0.00||40.82,55.75,262.22,53.56,8.57||9.48,3.15,7.00||6.50,15.99,85.94,26.91,30.14,8.31||
2.91,18.43,12.14,4.57,6.15,5.02,2.95||0.00,0.00,0.00,0.04,0.04,0.04||3.28,7.86,0.91,22.62,18.07,10.99||4.68,0.81,0.70,0.19,0.40||14.52,4.10,3.03,8.91,2.62||0.00,0.01,0.52,0.62,0.00||30.06,16.29,61.91,47.28,4.16||6.21,2.19,4.98||1.48,4.00,15.36,7.72,10.17,1.86||
2.92,18.51,12.18,4.59,6.17,5.04,2.95||0.00,0.00,0.00,0.04,0.04,0.04||3.28,7.86,0.91,22.62,18.07,10.99||4.70,0.81,0.70,0.19,0.41||14.20,4.06,2.89,8.79,2.60||0.00,0.01,0.52,0.62,0.00||28.85,13.79,50.95,46.49,3.77||10.83,3.52,7.79||1.26,3.44,12.72,6.73,9.03,1.58||
2.92,18.48,12.17,4.58,6.16,5.03,2.95||0.00,0.00,0.00,0.04,0.04,0.04||3.28,7.86,0.91,22.62,18.07,10.99||4.69,0.81,0.70,0.19,0.40||14.14,4.06,2.87,8.77,2.60||0.00,0.01,0.52,0.62,0.00||26.89,10.40,36.59,45.18,3.19||7.74,2.65,5.95||3.80,9.68,46.06,17.12,20.33,4.83||
2.91,18.43,12.14,4.57,6.15,5.03,2.95||0.00,0.00,0.00,0.04,0.04,0.04||3.28,7.86,0.91,22.62,18.07,10.99||4.68,0.81,0.70,0.19,0.40||14.25,4.07,2.91,8.81,2.60||0.00,0.01,0.52,0.62,0.00||43.13,69.55,339.92,54.78,9.76||10.16,3.34,7.40||1.70,4.56,18.06,8.68,11.26,2.14||
2.92,18.47,12.16,4.58,6.16,5.03,2.95||0.00,0.00,0.00,0.04,0.04,0.04||3.28,7.86,0.91,22.62,18.07,10.99||4.68,0.81,0.70,0.19,0.40||14.27,4.07,2.92,8.82,2.61||0.00,0.01,0.52,0.62,0.00||38.87,45.77,208.08,52.50,7.63||9.03,3.02,6.73||0.65,1.85,5.87,3.84,5.54,0.81||
2.91,18.39,12.12,4.56,6.14,5.02,2.94||0.00,0.00,0.00,0.04,0.04,0.04||3.28,7.86,0.91,22.62,18.07,10.99||4.68,0.81,0.70,0.19,0.40||14.27,4.07,2.93,8.82,2.61||0.00,0.01,0.52,0.62,0.00||37.27,38.65,170.60,51.61,6.91||6.71,2.34,5.30||0.33,0.99,2.69,2.18,3.38,0.41||
2.91,18.42,12.13,4.57,6.15,5.02,2.94||0.00,0.00,0.00,0.04,0.04,0.04||3.28,7.86,0.91,22.62,18.07,10.99||4.68,0.81,0.70,0.19,0.40||14.28,4.07,2.93,8.82,2.61||0.00,0.01,0.53,0.63,0.00||18.19,2.16,5.79,38.53,1.27||11.57,3.73,8.22||1.50,4.06,15.65,7.82,10.29,1.89||
2.91,18.38,12.11,4.56,6.14,5.01,2.94||0.00,0.00,0.00,0.04,0.04,0.04||3.28,7.86,0.91,22.62,18.07,10.99||4.68,0.81,0.70,0.19,0.40||14.15,4.06,2.87,8.77,2.60||0.00,0.01,0.53,0.63,0.00||28.98,14.06,52.09,46.58,3.81||13.80,4.33,9.47||0.72,2.03,6.62,4.19,5.98,0.89||
2.91,18.37,12.11,4.56,6.13,5.01,2.94||0.00,0.00,0.00,0.04,0.04,0.04||3.28,7.86,0.91,22.62,18.07,10.99||4.68,0.81,0.70,0.19,0.40||14.13,4.06,2.86,8.76,2.60||0.00,0.01,0.53,0.63,0.00||35.54,31.93,136.39,50.62,6.18||11.00,3.57,7.89||0.27,0.83,2.16,1.86,2.95,0.34||
2.91,18.37,12.11,4.56,6.13,5.01,2.94||0.00,0.00,0.00,0.04,0.04,0.04||3.28,7.86,0.91,22.62,18.07,10.99||4.68,0.81,0.70,0.19,0.40||14.24,4.07,2.91,8.81,2.60||0.00,0.01,0.53,0.63,0.00||31.72,20.20,79.72,48.33,4.72||11.33,3.66,8.08||0.54,1.55,4.72,3.28,4.83,0.67||
2.90,18.37,12.11,4.56,6.13,5.01,2.94||0.00,0.00,0.00,0.04,0.04,0.04||3.24,7.84,0.89,22.53,18.03,10.92||4.68,0.81,0.70,0.19,0.40||14.27,4.07,2.92,8.82,2.61||0.00,0.01,0.53,0.63,0.00||19.26,2.72,7.58,39.43,1.45||13.71,4.30,9.42||1.05,2.91,10.32,5.78,7.91,1.32||
2.90,18.37,12.11,4.56,6.13,5.01,2.94||0.00,0.00,0.00,0.04,0.04,0.04||3.24,7.84,0.89,22.51,18.02,10.90||4.65,0.81,0.69,0.19,0.40||14.27,4.07,2.93,8.82,2.61||0.00,0.01,0.53,0.63,0.00||35.30,31.06,132.03,50.48,6.08||15.05,4.66,10.15||0.31,0.94,2.54,2.09,3.27,0.39||
2.90,18.37,12.11,4.56,6.13,5.01,2.94||0.00,0.00,0.00,0.04,0.04,0.04||3.24,7.84,0.89,22.51,18.02,10.90||4.62,0.81,0.68,0.19,0.40||14.28,4.07,2.93,8.82,2.61||0.00,0.01,0.53,0.63,0.00||25.73,8.71,29.69,44.37,2.88||9.87,3.26,7.23||0.33,0.99,2.69,2.18,3.39,0.41||
2.91,18.41,12.13,4.57,6.14,5.02,2.94||0.00,0.00,0.00,0.04,0.04,0.04||3.27,7.85,0.90,22.60,18.06,10.97||4.61,0.81,0.68,0.19,0.40||14.03,4.04,2.82,8.73,2.59||0.00,0.01,0.53,0.63,0.00||32.21,21.49,85.71,48.63,4.89||9.79,3.23,7.18||1.42,3.86,14.69,7.47,9.88,1.79||
2.91,18.38,12.11,4.56,6.13,5.01,2.94||0.00,0.00,0.00,0.04,0.04,0.04||3.27,7.86,0.91,22.62,18.07,10.99||4.60,0.80,0.68,0.18,0.40||13.99,4.04,2.80,8.71,2.59||0.00,0.01,0.53,0.63,0.00||34.46,28.22,117.97,49.99,5.74||10.96,3.56,7.87||0.70,2.00,6.48,4.13,5.90,0.88||
2.91,18.41,12.13,4.57,6.15,5.02,2.94||0.00,0.00,0.00,0.04,0.04,0.04||3.18,7.81,0.87,22.34,17.95,10.77||4.59,0.80,0.68,0.18,0.40||14.10,4.05,2.85,8.75,2.59||0.00,0.01,0.53,0.63,0.00||23.29,5.83,18.57,42.61,2.27||10.36,3.39,7.52||1.64,4.42,17.35,8.43,10.98,2.07||
2.91,18.42,12.13,4.57,6.15,5.02,2.94||0.00,0.00,0.00,0.04,0.04,0.04||3.19,7.81,0.87,22.38,17.97,10.80||4.59,0.80,0.68,0.18,0.40||13.88,4.03,2.76,8.67,2.58||0.00,0.01,0.53,0.63,0.00||18.59,2.35,6.40,38.86,1.33||8.79,2.95,6.59||1.44,3.91,14.93,7.56,9.99,1.81||
2.91,18.38,12.11,4.56,6.14,5.02,2.94||0.00,0.00,0.00,0.04,0.04,0.04||3.13,7.78,0.85,22.20,17.89,10.66||4.59,0.80,0.68,0.18,0.40||14.07,4.05,2.84,8.74,2.59||0.00,0.01,0.53,0.63,0.00||21.90,4.56,13.89,41.55,1.97||7.84,2.68,6.01||1.07,2.96,10.55,5.88,8.02,1.34||
2.91,18.37,12.11,4.56,6.13,5.01,2.94||0.00,0.00,0.00,0.04,0.04,0.04||3.12,7.78,0.85,22.17,17.87,10.64||4.59,0.80,0.68,0.18,0.40||14.23,4.07,2.91,8.80,2.60||0.00,0.01,0.53,0.63,0.00||42.02,62.61,300.46,54.20,9.18||8.54,2.88,6.44||0.26,0.77,1.99,1.75,2.80,0.31||
2.91,18.37,12.11,4.56,6.13,5.01,2.94||0.00,0.00,0.00,0.04,0.04,0.04||3.12,7.78,0.84,22.16,17.87,10.63||4.59,0.80,0.68,0.18,0.40||14.51,4.10,3.03,8.91,2.62||0.00,0.01,0.53,0.63,0.00||44.18,76.60,380.68,55.32,10.33||9.28,3.09,6.88||1.47,3.98,15.23,7.67,10.11,1.85||
2.91,18.37,12.11,4.56,6.13,5.01,2.94||0.00,0.00,0.00,0.04,0.04,0.04||3.12,7.78,0.84,22.16,17.87,10.63||4.59,0.80,0.68,0.18,0.40||14.20,4.06,2.89,8.79,2.60||0.00,0.01,0.53,0.63,0.00||33.99,26.68,110.48,49.71,5.56||11.63,3.74,8.25||0.70,1.99,6.44,4.11,5.87,0.87||
2.91,18.41,12.13,4.57,6.14,5.02,2.94||0.00,0.00,0.00,0.04,0.04,0.04||3.12,7.78,0.84,22.16,17.87,10.63||4.59,0.80,0.68,0.18,0.40||14.14,4.06,2.87,8.77,2.60||0.00,0.01,0.53,0.63,0.00||37.10,37.97,167.13,51.52,6.84||11.25,3.64,8.03||1.56,4.21,16.37,8.08,10.59,1.97||
2.91,18.42,12.13,4.57,6.15,5.02,2.94||0.00,0.00,0.00,0.04,0.04,0.04||3.12,7.78,0.84,22.16,17.87,10.63||4.59,0.80,0.68,0.18,0.40||14.25,4.07,2.91,8.81,2.60||0.00,0.01,0.53,0.62,0.00||37.66,40.30,179.20,51.83,7.08||10.40,3.40,7.54||0.34,1.01,2.76,2.22,3.44,0.42||
2.91,18.38,12.11,4.56,6.14,5.02,2.94||0.00,0.00,0.00,0.04,0.04,0.04||3.09,7.76,0.83,22.07,17.83,10.56||4.59,0.80,0.68,0.18,0.40||14.39,4.09,2.98,8.86,2.61||0.00,0.01,0.52,0.62,0.00||34.06,26.92,111.64,49.75,5.59||11.89,3.81,8.40||1.22,3.33,12.24,6.54,8.81,1.53||
2.91,18.37,12.11,4.56,6.13,5.01,2.94||0.00,0.00,0.00,0.04,0.04,0.04||3.08,7.76,0.83,22.05,17.82,10.55||4.59,0.80,0.68,0.18,0.40||14.30,4.08,2.94,8.83,2.61||0.00,0.01,0.52,0.62,0.00||33.94,26.54,109.80,49.68,5.54||11.11,3.60,7.95||0.16,0.50,1.14,1.17,1.97,0.19||
2.91,18.37,12.11,4.56,6.13,5.01,2.94||0.00,0.00,0.00,0.04,0.04,0.04||3.14,7.79,0.85,22.23,17.90,10.68||4.59,0.80,0.68,0.18,0.40||14.40,4.09,2.98,8.87,2.61||0.00,0.01,0.52,0.62,0.00||66.50,396.96,2622.52,65.36,27.20||7.50,2.58,5.79||0.16,0.49,1.12,1.16,1.95,0.19||
2.91,18.37,12.11,4.56,6.13,5.01,2.94||0.00,0.00,0.00,0.04,0.04,0.04||3.09,7.76,0.83,22.08,17.84,10.57||4.59,0.80,0.68,0.18,0.40||14.18,4.06,2.88,8.78,2.60||0.00,0.01,0.52,0.62,0.00||22.92,5.47,17.21,42.33,2.19||8.14,2.76,6.19||0.08,0.25,0.50,0.64,1.17,0.09||
2.90,18.37,12.11,4.56,6.13,5.01,2.94||0.00,0.00,0.00,0.04,0.04,0.04||3.08,7.76,0.83,22.05,17.82,10.55||4.59,0.80,0.68,0.18,0.40||14.26,4.07,2.92,8.81,2.60||0.00,0.01,0.53,0.63,0.00||24.73,7.43,24.64,43.66,2.62||8.26,2.80,6.26||0.87,2.45,8.33,4.95,6.91,1.09||
2.90,18.37,12.11,4.56,6.13,5.01,2.94||0.00,0.00,0.00,0.04,0.04,0.04||3.08,7.76,0.83,22.05,17.82,10.54||4.59,0.80,0.68,0.18,0.40||14.39,4.09,2.98,8.86,2.61||0.00,0.01,0.53,0.63,0.00||41.88,61.79,295.83,54.12,9.11||10.51,3.43,7.60||0.28,0.85,2.23,1.90,3.01,0.35||
2.90,18.37,12.11,4.56,6.13,5.01,2.94||0.00,0.00,0.00,0.04,0.04,0.04||3.08,7.76,0.83,22.04,17.82,10.54||4.59,0.80,0.68,0.18,0.40||14.42,4.09,2.99,8.87,2.62||0.00,0.01,0.53,0.63,0.00||29.61,15.33,57.66,46.99,4.01||6.93,2.41,5.44||1.10,3.05,10.94,6.03,8.21,1.38||
2.90,18.37,12.11,4.56,6.13,5.01,2.94||0.00,0.00,0.00,0.04,0.04,0.04||3.08,7.76,0.83,22.04,17.82,10.54||4.59,0.80,0.68,0.18,0.40||14.30,4.08,2.94,8.83,2.61||0.00,0.01,0.53,0.63,0.00||31.80,20.41,80.69,48.38,4.75||10.05,3.30,7.33||23.34,52.77,379.41,79.05,76.93,30.25||
2.90,18.37,12.11,4.56,6.13,5.01,2.94||0.00,0.00,0.00,0.04,0.04,0.04||3.08,7.76,0.83,22.04,17.82,10.54||4.59,0.80,0.68,0.18,0.40||13.92,4.03,2.77,8.68,2.58||0.00,0.01,0.53,0.63,0.00||29.88,15.89,60.14,47.16,4.10||12.62,4.01,8.81||4.14,10.47,50.80,18.38,21.63,5.26||
2.90,18.33,12.09,4.55,6.12,5.01,2.93||0.00,0.00,0.00,0.04,0.04,0.04||3.08,7.76,0.83,22.04,17.82,10.54||4.59,0.80,0.68,0.18,0.40||14.20,4.06,2.89,8.79,2.60||0.00,0.01,0.53,0.63,0.00||34.29,27.64,115.13,49.88,5.67||10.26,3.36,7.46||0.99,2.75,9.63,5.50,7.57,1.24||
2.90,18.36,12.10,4.56,6.13,5.01,2.94||0.00,0.00,0.00,0.04,0.04,0.04||3.08,7.76,0.83,22.04,17.82,10.54||4.59,0.80,0.68,0.18,0.40||14.26,4.07,2.92,8.81,2.60||0.00,0.01,0.53,0.63,0.00||46.65,95.36,492.21,56.56,11.76||10.14,3.33,7.39||0.61,1.76,5.51,3.67,5.33,0.76||
2.90,18.37,12.11,4.56,6.13,5.01,2.94||0.00,0.00,0.00,0.04,0.04,0.04||3.08,7.76,0.83,22.04,17.82,10.54||4.59,0.80,0.68,0.18,0.40||14.15,4.06,2.87,8.77,2.60||0.00,0.01,0.53,0.63,0.00||51.54,142.46,788.21,58.91,14.89||8.49,2.86,6.40||8.41,20.32,115.78,33.41,36.37,10.77||
2.90,18.37,12.11,4.56,6.13,5.01,2.94||0.00,0.00,0.00,0.04,0.04,0.04||3.08,7.76,0.83,22.04,17.82,10.54||4.59,0.80,0.68,0.18,0.40||14.25,4.07,2.92,8.81,2.60||0.00,0.01,0.53,0.63,0.00||46.49,94.04,484.23,56.48,11.66||8.86,2.97,6.63||1.35,3.67,13.77,7.13,9.49,1.69||
