4.62,35.05,20.11,8.16,10.89,7.95,4.71||0.00,0.00,0.00,0.08,0.07,0.08||62.37,14.63,71.96,78.91,35.76,81.59||13.18,1.45,3.48,0.48,0.71||54.43,7.09,49.64,20.15,4.41||0.02,0.05,0.70,0.81,0.01||79.96,833.15,6257.82,70.46,42.07||26.30,7.49,15.91||3.69,9.40,44.43,16.68,19.88,4.68||
3.13,20.35,13.12,5.00,6.72,5.39,3.17||0.00,0.00,0.00,0.04,0.04,0.04||5.40,8.73,1.90,27.96,20.29,15.44||5.66,0.90,0.94,0.22,0.45||18.08,4.49,4.82,10.20,2.86||0.00,0.01,0.53,0.63,0.00||81.84,915.10,6985.83,71.13,44.45||19.50,5.81,12.51||2.23,5.89,24.81,10.93,13.76,2.82||
2.91,18.45,12.15,4.58,6.16,5.03,2.95||0.00,0.00,0.00,0.04,0.04,0.04||3.48,7.95,0.99,23.20,18.32,11.44||4.86,0.83,0.74,0.19,0.41||14.83,4.14,3.17,9.03,2.65||0.00,0.01,0.51,0.60,0.00||59.36,251.32,1534.05,62.40,20.79||24.87,7.14,15.21||42.67,92.76,765.18,131.50,119.76,55.68||
2.87,18.10,11.97,4.50,6.05,4.96,2.91||0.00,0.00,0.00,0.03,0.04,0.04||3.19,7.81,0.87,22.36,17.96,10.79||4.75,0.82,0.71,0.19,0.41||14.26,4.07,2.92,8.81,2.60||0.00,0.01,0.50,0.60,0.00||110.51,3062.30,28813.22,80.40,90.46||28.05,7.91,16.76||6.74,16.54,89.63,27.75,30.95,8.62||
2.87,18.03,11.93,4.48,6.03,4.95,2.90||0.00,0.00,0.00,0.03,0.04,0.04||3.13,7.78,0.85,22.20,17.89,10.66||4.78,0.82,0.72,0.19,0.41||14.03,4.04,2.82,8.72,2.59||0.00,0.00,0.50,0.60,0.00||103.16,2321.83,20824.18,78.17,76.87||33.66,9.24,19.41||34.73,76.51,602.22,110.52,102.96,45.21||
2.86,18.02,11.92,4.48,6.03,4.94,2.90||0.00,0.00,0.00,0.03,0.04,0.04||3.12,7.78,0.85,22.17,17.87,10.64||4.80,0.82,0.72,0.19,0.41||13.86,4.02,2.75,8.66,2.58||0.00,0.00,0.50,0.60,0.00||153.51,11488.28,135888.25,91.93,196.87||35.28,9.62,20.16||9.06,21.79,126.33,35.59,38.43,11.62||
2.87,18.09,11.96,4.50,6.05,4.96,2.91||0.00,0.00,0.00,0.03,0.04,0.04||3.12,7.78,0.84,22.16,17.87,10.63||4.86,0.83,0.74,0.19,0.41||14.07,4.05,2.84,8.74,2.59||0.00,0.00,0.50,0.60,0.00||84.13,1022.18,7954.22,71.93,47.44||26.23,7.47,15.88||11.05,26.24,159.19,42.09,44.47,14.21||
2.89,18.22,12.03,4.53,6.09,4.98,2.92||0.00,0.00,0.00,0.03,0.04,0.04||3.12,7.78,0.84,22.16,17.87,10.63||4.88,0.83,0.74,0.20,0.41||14.11,4.05,2.86,8.76,2.59||0.00,0.00,0.50,0.60,0.00||76.91,712.64,5209.86,69.35,38.37||24.84,7.13,15.20||7.65,18.59,103.71,30.84,33.93,9.79||
2.89,18.25,12.05,4.53,6.10,4.99,2.92||0.00,0.00,0.00,0.03,0.04,0.04||3.12,7.78,0.84,22.16,17.87,10.63||4.88,0.83,0.74,0.20,0.41||13.88,4.03,2.76,8.66,2.58||0.00,0.00,0.50,0.60,0.00||74.97,642.97,4617.58,68.63,36.12||27.26,7.72,16.38||12.67,29.81,186.53,47.22,49.15,16.31||
2.89,18.26,12.05,4.53,6.10,4.99,2.92||0.00,0.00,0.00,0.03,0.04,0.04||3.12,7.78,0.84,22.16,17.87,10.63||4.94,0.84,0.76,0.20,0.42||14.07,4.05,2.84,8.74,2.59||0.00,0.00,0.50,0.60,0.00||154.43,11767.32,139768.16,92.15,199.67||22.99,6.68,14.28||71.48,150.22,1393.53,203.15,174.83,93.79||
2.89,18.26,12.05,4.53,6.10,4.99,2.93||0.00,0.00,0.00,0.03,0.04,0.04||3.12,7.78,0.84,22.16,17.87,10.63||4.97,0.84,0.77,0.20,0.42||14.11,4.05,2.86,8.76,2.59||0.00,0.00,0.50,0.60,0.00||176.65,20207.83,263570.22,97.35,274.44||25.08,7.19,15.32||12.71,29.89,187.14,47.33,49.25,16.36||
2.89,18.26,12.05,4.53,6.10,4.99,2.93||0.00,0.00,0.00,0.03,0.04,0.04||3.12,7.78,0.84,22.16,17.87,10.63||4.98,0.84,0.77,0.20,0.42||14.12,4.05,2.86,8.76,2.59||0.00,0.00,0.50,0.60,0.00||73.84,605.01,4299.43,68.21,34.85||18.96,5.67,12.23||18.65,42.79,292.36,65.43,65.26,24.11||
2.89,18.26,12.05,4.53,6.10,4.99,2.93||0.00,0.00,0.00,0.03,0.04,0.04||3.12,7.78,0.84,22.16,17.87,10.63||4.98,0.84,0.77,0.20,0.42||13.76,4.01,2.71,8.62,2.57||0.00,0.00,0.50,0.60,0.00||117.48,3916.30,38451.19,82.43,104.54||29.64,8.29,17.52||2.90,7.52,33.62,13.62,16.67,3.68||
2.89,18.26,12.05,4.53,6.10,4.99,2.93||0.00,0.00,0.00,0.03,0.04,0.04||3.18,7.81,0.87,22.35,17.95,10.78||5.04,0.85,0.78,0.20,0.42||13.80,4.02,2.73,8.64,2.57||0.00,0.00,0.50,0.60,0.00||189.50,26803.30,367109.59,100.17,324.04||31.36,8.70,18.34||15.98,37.04,244.36,57.44,58.28,20.63||
2.90,18.30,12.07,4.54,6.11,5.00,2.93||0.00,0.00,0.00,0.03,0.04,0.04||3.26,7.85,0.90,22.57,18.05,10.95||5.07,0.85,0.79,0.20,0.42||13.94,4.03,2.78,8.69,2.58||0.00,0.00,0.50,0.60,0.00||84.41,1036.11,8081.50,72.03,47.82||21.25,6.25,13.40||20.25,46.21,321.66,70.12,69.31,26.20||
2.89,18.27,12.05,4.54,6.10,4.99,2.93||0.00,0.00,0.00,0.03,0.04,0.04||3.27,7.86,0.91,22.62,18.07,10.99||5.08,0.85,0.79,0.20,0.42||14.21,4.06,2.90,8.79,2.60||0.00,0.00,0.50,0.60,0.00||176.90,20324.20,265351.25,97.40,275.37||29.11,8.17,17.27||16.38,37.91,251.50,58.66,59.35,21.16||
2.90,18.30,12.07,4.54,6.11,5.00,2.93||0.00,0.00,0.00,0.03,0.04,0.04||3.28,7.86,0.91,22.63,18.08,10.99||5.10,0.85,0.80,0.20,0.42||14.26,4.07,2.92,8.81,2.61||0.00,0.00,0.50,0.60,0.00||122.58,4647.22,46999.11,83.87,115.61||28.61,8.05,17.03||2.99,7.72,34.79,13.96,17.03,3.79||
2.90,18.31,12.07,4.55,6.11,5.00,2.93||0.00,0.00,0.00,0.03,0.04,0.04||3.31,7.87,0.92,22.72,18.12,11.07||5.10,0.85,0.80,0.20,0.42||14.40,4.09,2.98,8.87,2.61||0.00,0.00,0.50,0.60,0.00||177.96,20817.29,272918.97,97.64,279.28||27.98,7.90,16.73||4.67,11.72,58.43,20.34,23.63,5.94||
2.91,18.39,12.12,4.56,6.14,5.02,2.94||0.00,0.00,0.00,0.03,0.04,0.04||3.32,7.88,0.93,22.74,18.13,11.09||5.17,0.86,0.81,0.21,0.43||14.30,4.08,2.94,8.83,2.61||0.00,0.00,0.50,0.59,0.00||168.96,16896.41,213657.56,95.60,247.02||27.64,7.81,16.56||8.30,20.07,114.03,33.04,36.03,10.63||
2.91,18.44,12.15,4.58,6.15,5.03,2.95||0.00,0.00,0.00,0.03,0.04,0.04||3.32,7.88,0.93,22.75,18.13,11.09||5.18,0.86,0.82,0.21,0.43||14.16,4.06,2.88,8.77,2.60||0.00,0.00,0.50,0.59,0.00||112.61,3303.02,31487.91,81.02,94.57||25.30,7.25,15.43||35.70,78.51,621.87,113.13,105.07,46.49||
2.92,18.49,12.17,4.59,6.17,5.04,2.95||0.00,0.00,0.00,0.03,0.04,0.04||3.35,7.89,0.94,22.84,18.17,11.16||5.21,0.86,0.82,0.21,0.43||14.38,4.09,2.97,8.86,2.61||0.00,0.00,0.50,0.60,0.00||57.29,217.90,1297.60,61.50,19.11||27.20,7.71,16.35||14.31,33.41,214.90,52.33,53.74,18.45||
2.92,18.50,12.18,4.59,6.17,5.04,2.95||0.00,0.00,0.00,0.03,0.04,0.04||3.33,7.88,0.93,22.77,18.14,11.10||5.27,0.87,0.84,0.21,0.43||14.30,4.08,2.94,8.83,2.61||0.00,0.00,0.50,0.60,0.00||89.08,1286.88,10421.15,73.63,54.32||27.32,7.74,16.41||22.45,50.88,362.59,76.49,74.76,29.08||
2.92,18.51,12.18,4.59,6.17,5.04,2.95||0.00,0.00,0.00,0.03,0.04,0.04||3.35,7.90,0.94,22.85,18.17,11.17||5.28,0.87,0.84,0.21,0.43||14.16,4.06,2.88,8.77,2.60||0.00,0.00,0.50,0.60,0.00||132.12,6281.68,66930.69,86.47,138.03||24.52,7.06,15.04||15.66,36.34,238.60,56.46,57.41,20.21||
2.92,18.51,12.18,4.59,6.17,5.04,2.95||0.00,0.00,0.00,0.03,0.04,0.04||3.46,7.95,0.98,23.15,18.30,11.41||5.29,0.87,0.84,0.21,0.43||14.50,4.10,3.03,8.91,2.62||0.00,0.00,0.50,0.60,0.00||147.53,9789.94,112637.24,90.45,179.19||27.75,7.84,16.62||3.28,8.43,38.76,15.10,18.24,4.16||
2.92,18.47,12.16,4.58,6.16,5.03,2.95||0.00,0.00,0.00,0.03,0.04,0.04||3.52,7.97,1.01,23.31,18.37,11.53||5.29,0.87,0.84,0.21,0.43||14.58,4.11,3.06,8.93,2.63||0.00,0.00,0.50,0.60,0.00||146.55,9531.83,109161.81,90.21,176.40||29.46,8.25,17.44||2.12,5.61,23.39,10.47,13.26,2.68||
2.90,18.30,12.07,4.54,6.11,5.00,2.93||0.00,0.00,0.00,0.03,0.04,0.04||3.53,7.98,1.01,23.34,18.39,11.56||5.37,0.88,0.86,0.21,0.44||14.59,4.11,3.06,8.94,2.63||0.00,0.00,0.50,0.60,0.00||111.57,3182.24,30141.49,80.71,92.52||26.31,7.49,15.92||10.75,25.56,154.08,41.11,43.56,13.81||
2.92,18.46,12.16,4.58,6.16,5.03,2.95||0.00,0.00,0.00,0.04,0.04,0.04||3.53,7.98,1.01,23.35,18.39,11.56||5.39,0.88,0.87,0.21,0.44||14.47,4.10,3.01,8.89,2.62||0.00,0.00,0.50,0.60,0.00||76.31,690.58,5021.19,69.13,37.67||26.21,7.47,15.87||4.15,10.50,50.97,18.42,21.67,5.28||
2.92,18.50,12.17,4.59,6.17,5.04,2.95||0.00,0.00,0.00,0.03,0.04,0.04||3.53,7.98,1.01,23.35,18.39,11.56||5.39,0.88,0.87,0.21,0.44||14.70,4.12,3.11,8.98,2.64||0.00,0.00,0.50,0.60,0.00||114.58,3542.41,34181.44,81.59,98.55||22.38,6.53,13.98||15.38,35.73,233.61,55.60,56.65,19.84||
2.93,18.63,12.24,4.62,6.21,5.06,2.97||0.00,0.00,0.00,0.04,0.04,0.04||3.53,7.98,1.01,23.35,18.39,11.57||5.48,0.89,0.89,0.22,0.44||14.61,4.11,3.07,8.95,2.63||0.00,0.00,0.50,0.60,0.00||146.83,9606.06,110159.42,90.28,177.20||26.54,7.55,16.03||2.82,7.32,32.56,13.31,16.34,3.57||
2.95,18.73,12.29,4.64,6.24,5.08,2.98||0.00,0.00,0.00,0.04,0.04,0.04||3.53,7.98,1.01,23.35,18.39,11.57||5.60,0.90,0.92,0.22,0.45||14.98,4.16,3.24,9.09,2.66||0.00,0.00,0.50,0.60,0.00||166.33,15860.56,198374.91,94.98,237.99||19.23,5.74,12.37||7.52,18.31,101.74,30.42,33.52,9.63||
2.95,18.79,12.33,4.65,6.26,5.09,2.99||0.00,0.00,0.00,0.04,0.04,0.04||3.53,7.98,1.01,23.35,18.39,11.57||5.79,0.91,0.97,0.23,0.45||14.42,4.09,2.99,8.87,2.62||0.00,0.00,0.50,0.60,0.00||78.66,779.97,5791.91,69.99,40.46||20.56,6.07,13.05||6.18,15.24,81.00,25.78,29.03,7.90||
2.97,18.97,12.42,4.69,6.31,5.13,3.01||0.00,0.00,0.00,0.04,0.04,0.04||3.60,8.01,1.04,23.55,18.47,11.72||5.92,0.93,1.01,0.23,0.46||14.94,4.15,3.22,9.07,2.65||0.00,0.00,0.50,0.60,0.00||141.21,8208.68,91608.05,88.85,161.55||17.89,5.40,11.67||30.83,68.45,524.40,99.97,94.35,40.08||
2.98,19.01,12.44,4.70,6.32,5.14,3.01||0.00,0.00,0.00,0.04,0.04,0.04||3.72,8.07,1.10,23.89,18.62,11.99||6.05,0.94,1.04,0.24,0.46||14.79,4.13,3.15,9.01,2.64||0.00,0.00,0.50,0.60,0.00||78.60,777.80,5773.00,69.97,40.40||18.87,5.65,12.18||27.68,61.90,462.71,91.29,87.19,35.95||
2.99,19.14,12.50,4.73,6.36,5.16,3.03||0.00,0.00,0.00,0.04,0.04,0.04||3.75,8.08,1.11,23.95,18.65,12.05||6.17,0.95,1.07,0.24,0.47||14.76,4.13,3.14,9.00,2.64||0.00,0.00,0.50,0.60,0.00||146.46,9507.53,108835.29,90.18,176.13||26.77,7.60,16.14||7.16,17.48,96.07,29.18,32.33,9.16||
3.00,19.25,12.56,4.76,6.39,5.18,3.04||0.00,0.00,0.00,0.04,0.04,0.04||3.75,8.09,1.11,23.97,18.65,12.06||6.29,0.96,1.10,0.25,0.47||14.75,4.13,3.14,9.00,2.64||0.00,0.00,0.50,0.60,0.00||143.82,8837.52,99893.87,89.52,168.72||27.43,7.76,16.46||25.20,56.70,414.86,84.34,81.39,32.69||
3.01,19.27,12.57,4.76,6.40,5.19,3.04||0.00,0.00,0.00,0.04,0.04,0.04||3.75,8.09,1.11,23.97,18.65,12.06||6.42,0.97,1.14,0.25,0.48||15.01,4.16,3.26,9.10,2.66||0.00,0.00,0.50,0.60,0.00||117.21,3880.74,38041.97,82.35,103.98||16.62,5.07,11.00||25.81,57.97,426.43,86.04,82.81,33.49||
3.02,19.36,12.62,4.78,6.42,5.20,3.05||0.00,0.00,0.00,0.04,0.04,0.04||3.83,8.12,1.14,24.17,18.74,12.22||6.54,0.98,1.17,0.25,0.48||14.55,4.10,3.05,8.92,2.63||0.00,0.00,0.50,0.60,0.00||188.88,26453.13,361489.56,100.04,321.54||18.08,5.45,11.77||7.47,18.20,100.98,30.25,33.37,9.57||
3.03,19.50,12.69,4.81,6.47,5.23,3.07||0.00,0.00,0.00,0.04,0.04,0.04||3.96,8.18,1.20,24.52,18.89,12.50||6.61,0.98,1.19,0.26,0.49||14.71,4.12,3.12,8.98,2.64||0.00,0.00,0.50,0.60,0.00||169.18,16981.90,214925.94,95.64,247.75||19.94,5.92,12.74||52.36,112.31,970.59,156.26,139.15,68.48||
3.04,19.53,12.71,4.82,6.48,5.24,3.07||0.00,0.00,0.00,0.04,0.04,0.04||3.99,8.19,1.21,24.59,18.91,12.56||6.69,0.99,1.21,0.26,0.49||14.87,4.14,3.19,9.04,2.65||0.00,0.01,0.50,0.60,0.00||162.50,14441.44,177718.91,94.09,225.23||21.55,6.32,13.56||19.53,44.67,308.41,68.01,67.50,25.26||
3.04,19.54,12.71,4.82,6.48,5.24,3.07||0.00,0.00,0.00,0.04,0.04,0.04||3.99,8.19,1.22,24.60,18.92,12.57||6.81,1.00,1.25,0.26,0.50||14.78,4.13,3.15,9.01,2.64||0.00,0.00,0.50,0.60,0.00||185.20,24435.95,329371.72,99.24,306.88||24.76,7.12,15.16||24.22,54.62,396.07,81.55,79.04,31.40||
3.04,19.54,12.71,4.82,6.48,5.24,3.07||0.00,0.00,0.00,0.04,0.04,0.04||3.99,8.19,1.22,24.60,18.92,12.58||6.83,1.00,1.25,0.26,0.50||14.76,4.13,3.14,9.00,2.64||0.00,0.01,0.50,0.60,0.00||147.99,9914.25,114316.91,90.57,180.53||24.81,7.13,15.19||14.64,34.12,220.63,53.34,54.64,18.88||
3.04,19.54,12.71,4.82,6.48,5.24,3.07||0.00,0.00,0.00,0.04,0.04,0.04||3.99,8.19,1.22,24.60,18.92,12.58||6.95,1.01,1.29,0.27,0.50||14.75,4.13,3.14,9.00,2.64||0.00,0.01,0.50,0.60,0.00||150.11,10497.72,122248.56,91.09,186.70||22.73,6.62,14.15||2097.92,3536.44,70793.07,3511.83,2084.80,2856.85||
3.06,19.75,12.82,4.87,6.54,5.28,3.10||0.00,0.00,0.00,0.04,0.04,0.04||3.99,8.19,1.22,24.60,18.92,12.58||6.97,1.01,1.29,0.27,0.50||14.75,4.13,3.14,9.00,2.64||0.00,0.01,0.50,0.60,0.00||90.27,1357.04,11090.78,74.03,56.05||28.39,7.99,16.93||96.68,199.23,1979.65,262.09,218.18,127.29||
3.06,19.80,12.84,4.88,6.55,5.29,3.10||0.00,0.00,0.00,0.04,0.04,0.05||4.03,8.21,1.24,24.71,18.96,12.66||7.06,1.02,1.32,0.27,0.51||14.88,4.14,3.20,9.05,2.65||0.00,0.01,0.50,0.60,0.00||106.99,2688.55,24733.08,79.34,83.79||29.15,8.17,17.29||6.23,15.36,81.76,25.96,29.20,7.96||
3.04,19.59,12.73,4.83,6.49,5.25,3.08||0.00,0.00,0.00,0.04,0.04,0.05||4.08,8.23,1.26,24.83,19.02,12.76||7.10,1.02,1.33,0.27,0.51||14.65,4.12,3.09,8.96,2.63||0.00,0.01,0.50,0.60,0.00||118.16,4009.08,39521.96,82.62,105.99||33.89,9.29,19.52||19.79,45.22,313.15,68.77,68.15,25.60||
3.04,19.55,12.71,4.82,6.48,5.24,3.07||0.00,0.00,0.00,0.04,0.04,0.05||4.21,8.28,1.32,25.17,19.16,13.04||7.11,1.03,1.34,0.27,0.51||14.86,4.14,3.19,9.04,2.65||0.00,0.01,0.50,0.60,0.00||93.66,1574.11,13199.54,75.15,61.16||39.48,10.58,22.07||15.59,36.19,237.42,56.26,57.23,20.12||
3.04,19.54,12.71,4.82,6.48,5.24,3.07||0.00,0.00,0.00,0.04,0.04,0.05||4.24,8.30,1.33,25.24,19.19,13.10||7.11,1.03,1.34,0.27,0.51||14.77,4.13,3.15,9.01,2.64||0.00,0.01,0.50,0.60,0.00||184.34,23984.46,322243.66,99.05,303.54||32.92,9.07,19.07||18.32,42.07,286.29,64.44,64.40,23.68||
3.04,19.54,12.71,4.82,6.48,5.24,3.07||0.00,0.00,0.00,0.04,0.04,0.05||4.24,8.30,1.33,25.25,19.19,13.11||7.11,1.03,1.34,0.27,0.51||14.89,4.14,3.20,9.05,2.65||0.00,0.01,0.50,0.60,0.00||185.73,24721.85,333896.84,99.36,308.99||39.40,10.56,22.03||14.33,33.45,215.21,52.39,53.79,18.47||
3.04,19.54,12.71,4.82,6.48,5.24,3.07||0.00,0.00,0.00,0.04,0.04,0.05||4.25,8.30,1.33,25.25,19.19,13.11||7.11,1.03,1.34,0.27,0.51||14.91,4.15,3.21,9.06,2.65||0.00,0.01,0.50,0.60,0.00||105.86,2575.65,23519.15,79.00,81.70||32.02,8.86,18.65||10.86,25.80,155.88,41.46,43.88,13.95||
3.04,19.54,12.71,4.82,6.48,5.24,3.07||0.00,0.00,0.00,0.04,0.04,0.05||4.25,8.30,1.33,25.25,19.19,13.11||7.11,1.03,1.34,0.27,0.51||15.04,4.16,3.27,9.11,2.66||0.00,0.01,0.50,0.60,0.00||119.99,4264.52,42491.89,83.14,109.91||24.58,7.07,15.07||127.46,257.96,2729.66,330.89,267.22,168.32||
3.04,19.54,12.71,4.82,6.48,5.24,3.07||0.00,0.00,0.00,0.04,0.04,0.05||4.25,8.30,1.33,25.25,19.19,13.11||7.11,1.03,1.34,0.27,0.51||15.07,4.17,3.28,9.12,2.66||0.00,0.01,0.50,0.60,0.00||142.52,8519.66,95692.34,89.18,165.13||21.98,6.43,13.77||37.71,82.63,662.71,118.47,109.37,49.14||
3.04,19.54,12.71,4.82,6.48,5.24,3.07||0.00,0.00,0.00,0.04,0.04,0.05||4.25,8.30,1.33,25.25,19.19,13.11||7.09,1.02,1.33,0.27,0.51||14.95,4.15,3.23,9.07,2.65||0.00,0.01,0.50,0.60,0.00||135.95,7046.56,76588.40,87.48,147.68||22.89,6.66,14.23||9.04,21.74,125.93,35.51,38.35,11.59||
3.04,19.54,12.71,4.82,6.48,5.24,3.07||0.00,0.00,0.00,0.04,0.04,0.05||4.25,8.30,1.33,25.25,19.19,13.11||7.00,1.02,1.30,0.27,0.50||14.92,4.15,3.21,9.06,2.65||0.00,0.01,0.50,0.60,0.00||272.04,114759.67,2021681.90,116.09,762.25||30.39,8.47,17.88||28.75,64.12,483.41,94.24,89.63,37.35||
3.04,19.54,12.71,4.82,6.48,5.24,3.07||0.00,0.00,0.00,0.04,0.04,0.05||4.25,8.30,1.33,25.25,19.19,13.11||6.98,1.01,1.30,0.27,0.50||14.91,4.15,3.21,9.06,2.65||0.00,0.01,0.50,0.60,0.00||214.11,43799.59,653117.13,105.29,432.56||24.65,7.09,15.11||10.65,25.34,152.38,40.78,43.26,13.68||
3.04,19.54,12.71,4.82,6.48,5.24,3.07||0.00,0.00,0.00,0.04,0.04,0.05||4.25,8.30,1.33,25.25,19.19,13.11||6.98,1.01,1.30,0.27,0.50||14.92,4.15,3.21,9.06,2.65||0.00,0.01,0.50,0.60,0.00||199.03,32649.75,462720.19,102.20,363.91||30.71,8.54,18.03||1.09,3.01,10.79,5.97,8.13,1.37||
3.04,19.54,12.71,4.82,6.48,5.24,3.07||0.00,0.00,0.00,0.04,0.04,0.05||4.25,8.30,1.33,25.25,19.19,13.11||6.98,1.01,1.30,0.27,0.50||14.92,4.15,3.21,9.06,2.65||0.00,0.01,0.50,0.60,0.00||207.82,38849.78,567408.81,104.01,403.10||20.08,5.95,12.81||1.49,4.04,15.54,7.78,10.24,1.88||
3.04,19.54,12.71,4.82,6.48,5.24,3.07||0.00,0.00,0.00,0.04,0.04,0.05||4.25,8.30,1.33,25.25,19.19,13.11||6.98,1.01,1.30,0.27,0.50||14.92,4.15,3.21,9.06,2.65||0.00,0.01,0.50,0.60,0.00||91.01,1402.58,11528.69,74.28,57.14||17.14,5.20,11.27||12.55,29.55,184.53,46.85,48.81,16.16||
3.04,19.54,12.71,4.82,6.48,5.24,3.07||0.00,0.00,0.00,0.04,0.04,0.05||4.25,8.30,1.33,25.25,19.19,13.11||6.98,1.01,1.30,0.27,0.50||14.79,4.13,3.15,9.01,2.64||0.00,0.01,0.50,0.60,0.00||143.32,8714.11,98259.45,89.39,167.33||27.29,7.73,16.40||9.97,23.84,141.24,38.59,41.24,12.81||
3.04,19.54,12.71,4.82,6.48,5.24,3.07||0.00,0.00,0.00,0.04,0.04,0.05||4.25,8.30,1.33,25.25,19.19,13.11||6.98,1.01,1.30,0.27,0.50||14.89,4.14,3.20,9.05,2.65||0.00,0.01,0.50,0.60,0.00||89.75,1326.13,10795.02,73.86,55.29||24.54,7.06,15.05||17.93,41.24,279.28,63.29,63.40,23.17||
3.04,19.54,12.71,4.82,6.48,5.24,3.07||0.00,0.00,0.00,0.04,0.04,0.05||4.25,8.30,1.33,25.25,19.19,13.11||6.98,1.01,1.30,0.27,0.50||14.91,4.15,3.21,9.06,2.65||0.00,0.01,0.50,0.60,0.00||114.03,3474.27,33411.43,81.43,97.43||19.04,5.69,12.27||9.70,23.23,136.76,37.70,40.41,12.45||
3.04,19.54,12.71,4.82,6.48,5.24,3.07||0.00,0.00,0.00,0.04,0.04,0.05||4.25,8.30,1.33,25.25,19.19,13.11||6.98,1.01,1.30,0.27,0.50||14.91,4.15,3.21,9.06,2.65||0.00,0.01,0.50,0.60,0.00||88.98,1280.89,10364.30,73.60,54.17||23.22,6.74,14.39||5.68,14.09,73.44,24.01,27.29,7.25||
3.04,19.54,12.71,4.82,6.48,5.24,3.07||0.00,0.00,0.00,0.04,0.04,0.05||4.25,8.30,1.33,25.25,19.19,13.11||6.98,1.01,1.30,0.27,0.50||14.92,4.15,3.21,9.06,2.65||0.00,0.01,0.50,0.60,0.00||104.21,2418.73,21847.35,78.50,78.74||23.67,6.85,14.62||4.82,12.08,60.67,20.90,24.19,6.14||
3.04,19.54,12.71,4.82,6.48,5.24,3.07||0.00,0.00,0.00,0.04,0.04,0.05||4.25,8.30,1.33,25.25,19.19,13.11||6.98,1.01,1.30,0.27,0.50||14.92,4.15,3.21,9.06,2.65||0.00,0.01,0.50,0.60,0.00||155.61,12131.89,144861.22,92.44,203.29||26.19,7.46,15.86||9.95,23.78,140.79,38.50,41.15,12.77||
3.04,19.54,12.71,4.82,6.48,5.24,3.07||0.00,0.00,0.00,0.04,0.04,0.05||4.25,8.30,1.33,25.25,19.19,13.11||7.09,1.02,1.33,0.27,0.51||14.92,4.15,3.21,9.06,2.65||0.00,0.01,0.50,0.60,0.00||115.77,3692.11,35882.13,81.94,100.98||24.03,6.94,14.80||27.82,62.19,465.39,91.67,87.51,36.13||
3.04,19.54,12.71,4.82,6.48,5.24,3.07||0.00,0.00,0.00,0.04,0.04,0.05||4.25,8.30,1.33,25.25,19.19,13.11||7.11,1.03,1.33,0.27,0.51||14.92,4.15,3.21,9.06,2.65||0.00,0.01,0.50,0.60,0.00||121.07,4420.10,44316.21,83.44,112.25||25.72,7.35,15.63||7.05,17.24,94.39,28.81,31.98,9.02||
3.04,19.54,12.71,4.82,6.48,5.24,3.07||0.00,0.00,0.00,0.04,0.04,0.05||4.25,8.30,1.33,25.25,19.19,13.11||7.16,1.03,1.35,0.28,0.51||14.92,4.15,3.21,9.06,2.65||0.00,0.01,0.50,0.60,0.00||193.44,29116.16,404541.16,101.02,340.20||22.43,6.54,14.00||22.22,50.40,358.33,75.83,74.20,28.78||
3.04,19.54,12.71,4.82,6.48,5.24,3.07||0.00,0.00,0.00,0.04,0.04,0.05||4.25,8.30,1.33,25.25,19.19,13.11||7.24,1.04,1.37,0.28,0.51||14.92,4.15,3.21,9.06,2.65||0.00,0.01,0.50,0.60,0.00||164.27,15087.49,187081.03,94.50,231.10||22.13,6.47,13.85||3.64,9.30,43.82,16.51,19.70,4.63||
3.05,19.62,12.75,4.84,6.50,5.25,3.08||0.00,0.00,0.00,0.04,0.04,0.05||4.29,8.32,1.35,25.36,19.24,13.20||7.25,1.04,1.38,0.28,0.51||15.05,4.16,3.27,9.11,2.66||0.00,0.01,0.50,0.60,0.00||129.69,5829.56,61315.62,85.82,132.10||25.47,7.29,15.51||9.91,23.70,140.21,38.39,41.05,12.73||
3.04,19.56,12.72,4.82,6.48,5.24,3.08||0.00,0.00,0.00,0.04,0.04,0.05||4.30,8.32,1.36,25.38,19.25,13.22||7.37,1.05,1.41,0.28,0.52||14.94,4.15,3.22,9.07,2.65||0.00,0.01,0.50,0.60,0.00||177.24,20479.36,267729.13,97.48,276.60||23.17,6.73,14.37||16.73,38.67,257.76,59.71,60.27,21.61||
3.04,19.54,12.71,4.82,6.48,5.24,3.07||0.00,0.00,0.00,0.04,0.04,0.05||4.38,8.35,1.40,25.60,19.33,13.40||7.39,1.05,1.42,0.28,0.52||14.79,4.13,3.15,9.01,2.64||0.00,0.01,0.50,0.60,0.00||225.04,53515.89,826159.75,107.45,486.66||21.96,6.42,13.76||8.52,20.57,117.58,33.79,36.73,10.92||
3.04,19.54,12.71,4.82,6.48,5.24,3.07||0.00,0.00,0.00,0.04,0.04,0.05||4.49,8.40,1.45,25.85,19.44,13.62||7.40,1.05,1.42,0.28,0.52||14.89,4.14,3.20,9.05,2.65||0.00,0.01,0.50,0.60,0.00||215.63,45060.59,675229.69,105.59,439.84||23.22,6.74,14.40||5.58,13.84,71.84,23.63,26.92,7.11||
3.04,19.58,12.73,4.83,6.49,5.25,3.08||0.00,0.00,0.00,0.04,0.04,0.05||4.47,8.39,1.44,25.80,19.42,13.57||7.51,1.06,1.45,0.29,0.52||14.91,4.15,3.21,9.06,2.65||0.00,0.01,0.50,0.60,0.00||66.11,387.65,2550.55,65.20,26.82||21.45,6.30,13.51||1.32,3.59,13.42,7.00,9.34,1.65||
3.06,19.72,12.80,4.86,6.53,5.27,3.09||0.00,0.00,0.00,0.04,0.04,0.05||4.50,8.40,1.46,25.89,19.46,13.65||7.54,1.06,1.46,0.29,0.52||15.04,4.16,3.27,9.11,2.66||0.00,0.01,0.50,0.60,0.00||84.46,1038.57,8104.08,72.05,47.89||27.02,7.66,16.27||9.02,21.69,125.61,35.44,38.29,11.57||
3.06,19.79,12.84,4.88,6.55,5.29,3.10||0.00,0.00,0.00,0.04,0.04,0.05||4.51,8.41,1.46,25.91,19.47,13.67||7.54,1.06,1.46,0.29,0.52||15.07,4.17,3.28,9.12,2.66||0.00,0.01,0.50,0.60,0.00||117.26,3887.44,38119.00,82.37,104.08||28.11,7.93,16.79||9.76,23.37,137.78,37.91,40.60,12.53||
3.05,19.67,12.78,4.85,6.52,5.26,3.09||0.00,0.00,0.00,0.04,0.04,0.05||4.51,8.41,1.46,25.92,19.47,13.67||7.66,1.07,1.50,0.29,0.53||14.95,4.15,3.23,9.07,2.65||0.00,0.01,0.50,0.60,0.00||84.92,1061.72,8316.40,72.21,48.51||22.75,6.62,14.16||5.28,13.16,67.50,22.59,25.88,6.74||
3.06,19.78,12.83,4.87,6.55,5.28,3.10||0.00,0.00,0.00,0.04,0.05,0.05||4.51,8.41,1.46,25.92,19.47,13.67||7.69,1.07,1.51,0.29,0.53||14.92,4.15,3.21,9.06,2.65||0.00,0.01,0.50,0.60,0.00||101.51,2175.81,19296.37,77.66,73.98||23.29,6.75,14.43||7.66,18.62,103.92,30.89,33.98,9.81||
3.07,19.80,12.84,4.88,6.56,5.29,3.10||0.00,0.00,0.00,0.04,0.05,0.05||4.51,8.41,1.46,25.92,19.47,13.67||7.69,1.07,1.51,0.29,0.53||15.18,4.18,3.33,9.16,2.67||0.00,0.01,0.50,0.60,0.00||126.61,5292.40,54742.06,84.98,124.79||24.40,7.03,14.98||26.32,59.05,436.39,87.49,84.03,34.17||
3.07,19.81,12.84,4.88,6.56,5.29,3.10||0.00,0.00,0.00,0.04,0.05,0.05||4.51,8.41,1.46,25.92,19.47,13.67||7.77,1.08,1.53,0.30,0.53||15.23,4.18,3.36,9.18,2.67||0.00,0.01,0.50,0.60,0.00||116.66,3807.38,37199.73,82.19,102.82||22.21,6.49,13.89||3.56,9.09,42.58,16.17,19.35,4.51||
3.07,19.81,12.85,4.88,6.56,5.29,3.10||0.00,0.00,0.00,0.05,0.05,0.05||4.51,8.41,1.46,25.92,19.47,13.67||7.83,1.08,1.55,0.30,0.53||14.98,4.15,3.24,9.08,2.66||0.00,0.01,0.50,0.60,0.00||76.33,691.28,5027.18,69.14,37.69||21.58,6.33,13.57||48.28,104.10,883.23,145.93,131.11,63.08||
3.07,19.81,12.85,4.88,6.56,5.29,3.10||0.00,0.00,0.00,0.04,0.04,0.05||4.51,8.41,1.46,25.92,19.47,13.67||7.84,1.08,1.55,0.30,0.53||15.06,4.16,3.28,9.11,2.66||0.00,0.01,0.51,0.60,0.00||132.18,6292.90,67070.91,86.49,138.17||24.89,7.15,15.22||7.34,17.90,98.90,29.80,32.93,9.39||
3.07,19.81,12.85,4.88,6.56,5.29,3.10||0.00,0.00,0.00,0.04,0.04,0.05||4.56,8.42,1.48,26.03,19.51,13.76||7.84,1.08,1.55,0.30,0.53||15.07,4.17,3.28,9.12,2.66||0.00,0.01,0.50,0.60,0.00||96.03,1740.45,14850.33,75.92,64.88||23.82,6.88,14.69||62.37,132.25,1189.35,181.09,158.19,81.72||
3.07,19.81,12.85,4.88,6.56,5.29,3.10||0.00,0.00,0.00,0.04,0.04,0.05||4.52,8.41,1.47,25.94,19.48,13.69||7.80,1.08,1.54,0.30,0.53||15.21,4.18,3.35,9.17,2.67||0.00,0.01,0.50,0.60,0.00||213.94,43660.83,650691.00,105.25,431.75||26.84,7.62,16.18||37.95,83.13,667.68,119.12,109.89,49.46||
3.07,19.81,12.85,4.88,6.56,5.29,3.10||0.00,0.00,0.00,0.04,0.04,0.05||4.52,8.41,1.46,25.92,19.47,13.67||7.71,1.07,1.51,0.29,0.53||15.23,4.18,3.36,9.18,2.67||0.00,0.01,0.50,0.60,0.00||62.21,303.62,1914.97,63.60,23.23||20.44,6.04,12.99||21.53,48.94,345.47,73.85,72.51,27.88||
3.07,19.81,12.85,4.88,6.56,5.29,3.10||0.00,0.00,0.00,0.04,0.04,0.05||4.52,8.41,1.46,25.92,19.47,13.67||7.58,1.06,1.47,0.29,0.53||14.98,4.15,3.24,9.08,2.66||0.00,0.01,0.50,0.60,0.00||111.53,3177.31,30086.77,80.70,92.44||22.45,6.55,14.01||6.80,16.65,90.42,27.92,31.12,8.69||
3.07,19.81,12.85,4.88,6.56,5.29,3.10||0.00,0.00,0.00,0.04,0.04,0.05||4.51,8.41,1.46,25.92,19.47,13.67||7.53,1.06,1.46,0.29,0.52||15.32,4.19,3.40,9.21,2.68||0.00,0.01,0.50,0.60,0.00||89.51,1311.81,10658.45,73.78,54.94||17.18,5.21,11.29||32.01,70.90,547.83,103.19,96.99,41.64||
3.07,19.81,12.85,4.88,6.56,5.29,3.10||0.00,0.00,0.00,0.04,0.04,0.05||4.51,8.41,1.46,25.92,19.47,13.67||7.42,1.05,1.43,0.28,0.52||14.86,4.14,3.19,9.04,2.65||0.00,0.01,0.50,0.60,0.00||171.06,17757.13,226480.64,96.08,254.34||26.97,7.65,16.24||27.75,62.04,464.05,91.48,87.35,36.04||
3.07,19.81,12.85,4.88,6.56,5.29,3.10||0.00,0.00,0.00,0.04,0.04,0.05||4.51,8.41,1.46,25.92,19.47,13.67||7.40,1.05,1.42,0.28,0.52||14.91,4.15,3.21,9.06,2.65||0.00,0.01,0.50,0.60,0.00||74.35,622.02,4441.54,68.40,35.42||19.41,5.78,12.46||5.86,14.51,76.16,24.65,27.93,7.48||
3.06,19.76,12.82,4.87,6.54,5.28,3.10||0.00,0.00,0.00,0.04,0.04,0.05||4.51,8.41,1.46,25.92,19.47,13.67||7.28,1.04,1.39,0.28,0.51||14.91,4.15,3.21,9.06,2.65||0.00,0.01,0.50,0.60,0.00||95.14,1676.49,14212.19,75.63,63.47||18.19,5.47,11.83||4.13,10.45,50.65,18.34,21.59,5.25||
3.05,19.63,12.75,4.84,6.50,5.25,3.08||0.00,0.00,0.00,0.04,0.04,0.05||4.51,8.41,1.46,25.92,19.47,13.67||7.26,1.04,1.38,0.28,0.51||14.92,4.15,3.21,9.06,2.65||0.00,0.01,0.50,0.60,0.00||162.48,14436.62,177649.36,94.08,225.18||22.31,6.51,13.94||18.46,42.39,288.93,64.87,64.78,23.87||
3.04,19.56,12.72,4.82,6.48,5.24,3.08||0.00,0.00,0.00,0.04,0.04,0.05||4.51,8.41,1.46,25.92,19.47,13.67||7.26,1.04,1.38,0.28,0.51||14.79,4.13,3.15,9.01,2.64||0.00,0.01,0.50,0.60,0.00||110.31,3039.91,28566.32,80.34,90.07||19.35,5.77,12.43||7.94,19.27,108.42,31.85,34.90,10.18||
3.04,19.54,12.71,4.82,6.48,5.24,3.07||0.00,0.00,0.00,0.04,0.04,0.05||4.51,8.41,1.46,25.92,19.47,13.67||7.21,1.03,1.36,0.28,0.51||14.76,4.13,3.14,9.00,2.64||0.00,0.01,0.50,0.60,0.00||120.09,4278.98,42661.07,83.17,110.13||18.28,5.50,11.88||47.61,102.76,869.04,144.22,129.78,62.20||
3.04,19.54,12.71,4.82,6.48,5.24,3.07||0.00,0.00,0.00,0.04,0.04,0.05||4.51,8.41,1.46,25.92,19.47,13.67||7.13,1.03,1.34,0.27,0.51||14.88,4.14,3.20,9.05,2.65||0.00,0.01,0.50,0.60,0.00||112.08,3241.35,30799.39,80.86,93.53||24.49,7.05,15.03||203.67,399.78,4706.69,491.31,376.85,270.35||
3.04,19.54,12.71,4.82,6.48,5.24,3.07||0.00,0.00,0.00,0.04,0.04,0.05||4.47,8.39,1.44,25.81,19.42,13.58||7.12,1.03,1.34,0.27,0.51||14.91,4.15,3.21,9.06,2.65||0.00,0.01,0.50,0.60,0.00||103.51,2353.25,21155.16,78.28,77.48||23.32,6.76,14.45||23.19,52.45,376.56,78.61,76.56,30.05||
3.04,19.54,12.71,4.82,6.48,5.24,3.07||0.00,0.00,0.00,0.04,0.04,0.05||4.51,8.40,1.46,25.90,19.46,13.65||7.11,1.03,1.34,0.27,0.51||15.17,4.18,3.33,9.16,2.67||0.00,0.01,0.50,0.60,0.00||151.05,10766.01,125921.69,91.33,189.49||22.96,6.67,14.27||19.00,43.54,298.72,66.46,66.15,24.57||
3.04,19.54,12.71,4.82,6.48,5.24,3.07||0.00,0.00,0.00,0.04,0.04,0.05||4.47,8.39,1.44,25.81,19.42,13.58||7.11,1.03,1.34,0.27,0.51||14.84,4.14,3.18,9.03,2.65||0.00,0.01,0.50,0.60,0.00||84.08,1019.88,7933.22,71.92,47.38||23.07,6.70,14.32||6.72,16.49,89.32,27.68,30.88,8.60||
3.04,19.54,12.71,4.82,6.48,5.24,3.07||0.00,0.00,0.00,0.04,0.04,0.05||4.33,8.33,1.37,25.47,19.28,13.29||7.11,1.03,1.34,0.27,0.51||15.03,4.16,3.26,9.10,2.66||0.00,0.01,0.50,0.60,0.00||103.28,2332.83,20940.02,78.21,77.08||21.36,6.28,13.46||15.19,35.32,230.29,55.02,56.14,19.59||
3.04,19.54,12.71,4.82,6.48,5.24,3.07||0.00,0.00,0.00,0.04,0.04,0.05||4.31,8.32,1.36,25.40,19.25,13.24||7.00,1.02,1.30,0.27,0.50||14.81,4.14,3.16,9.02,2.64||0.00,0.01,0.50,0.60,0.00||200.98,33954.64,484488.44,102.60,372.40||28.80,8.09,17.12||22.83,51.70,369.88,77.60,75.70,29.59||
3.03,19.50,12.69,4.81,6.47,5.23,3.07||0.00,0.00,0.00,0.04,0.04,0.05||4.30,8.32,1.36,25.39,19.25,13.22||6.98,1.02,1.30,0.27,0.50||14.76,4.13,3.14,9.00,2.64||0.00,0.01,0.50,0.60,0.00||133.78,6605.19,70992.05,86.91,142.17||18.81,5.63,12.15||97.79,201.37,2006.16,264.63,220.02,128.77||
3.04,19.53,12.70,4.82,6.48,5.24,3.07||0.00,0.00,0.00,0.04,0.04,0.05||4.34,8.34,1.38,25.49,19.29,13.31||6.98,1.01,1.30,0.27,0.50||15.01,4.16,3.26,9.10,2.66||0.00,0.01,0.50,0.60,0.00||104.92,2485.53,22556.78,78.71,80.01||16.83,5.12,11.11||11.62,27.50,168.72,43.91,46.13,14.95||
3.03,19.49,12.69,4.81,6.46,5.23,3.07||0.00,0.00,0.00,0.04,0.04,0.05||4.35,8.34,1.38,25.51,19.30,13.33||6.98,1.01,1.30,0.27,0.50||15.06,4.16,3.28,9.12,2.66||0.00,0.01,0.50,0.60,0.00||87.72,1209.22,9687.37,73.17,52.37||19.37,5.77,12.44||366.98,693.18,9331.27,807.25,580.40,490.28||
3.04,19.53,12.70,4.82,6.48,5.24,3.07||0.00,0.00,0.00,0.04,0.04,0.05||4.27,8.31,1.34,25.30,19.21,13.16||6.98,1.01,1.30,0.27,0.50||14.81,4.14,3.17,9.02,2.64||0.00,0.01,0.50,0.60,0.00||158.93,13208.01,160047.58,93.24,213.71||28.05,7.91,16.76||4.04,10.24,49.39,18.01,21.25,5.14||
3.03,19.49,12.69,4.81,6.46,5.23,3.07||0.00,0.00,0.00,0.04,0.04,0.05||4.25,8.30,1.34,25.26,19.20,13.12||6.98,1.01,1.30,0.27,0.50||14.89,4.14,3.20,9.05,2.65||0.00,0.01,0.50,0.60,0.00||191.86,28168.45,389138.81,100.68,333.65||25.81,7.37,15.67||8.69,20.96,120.36,34.36,37.27,11.14||
3.03,19.44,12.66,4.80,6.45,5.22,3.06||0.00,0.00,0.00,0.04,0.04,0.05||4.25,8.30,1.33,25.26,19.19,13.11||6.98,1.01,1.30,0.27,0.50||14.91,4.15,3.21,9.06,2.65||0.00,0.01,0.50,0.60,0.00||100.21,2066.33,18162.45,77.25,71.77||27.35,7.74,16.42||40.08,87.48,711.39,124.73,114.38,52.26||
3.02,19.35,12.61,4.78,6.42,5.20,3.05||0.00,0.00,0.00,0.04,0.04,0.05||4.25,8.30,1.33,25.25,19.19,13.11||6.98,1.01,1.30,0.27,0.50||14.78,4.13,3.15,9.01,2.64||0.00,0.01,0.50,0.60,0.00||77.98,753.28,5560.11,69.74,39.64||24.75,7.11,15.16||23.56,53.23,383.53,79.67,77.45,30.54||
3.01,19.33,12.60,4.77,6.42,5.20,3.05||0.00,0.00,0.00,0.04,0.04,0.05||4.25,8.30,1.33,25.25,19.19,13.11||6.98,1.01,1.30,0.27,0.50||15.15,4.17,3.32,9.15,2.67||0.00,0.01,0.50,0.60,0.00||110.12,3018.89,28334.66,80.28,89.70||24.80,7.13,15.18||28.24,63.07,473.58,92.84,88.48,36.68||
3.01,19.29,12.58,4.76,6.40,5.19,3.04||0.00,0.00,0.00,0.04,0.04,0.05||4.25,8.30,1.33,25.25,19.19,13.11||6.98,1.01,1.30,0.27,0.50||14.96,4.15,3.23,9.08,2.65||0.00,0.01,0.50,0.60,0.00||79.48,813.23,6082.64,70.29,41.47||22.54,6.57,14.06||70.16,147.64,1363.81,200.00,172.46,92.05||
3.01,19.28,12.57,4.76,6.40,5.19,3.04||0.00,0.00,0.00,0.04,0.04,0.05||4.29,8.32,1.35,25.36,19.24,13.20||6.95,1.01,1.29,0.27,0.50||14.92,4.15,3.22,9.06,2.65||0.00,0.01,0.50,0.60,0.00||119.80,4236.73,42167.42,83.09,109.49||26.24,7.47,15.88||75.22,157.56,1478.69,212.09,181.49,98.76||
3.01,19.27,12.57,4.76,6.40,5.19,3.04||0.00,0.00,0.00,0.04,0.04,0.05||4.25,8.30,1.34,25.27,19.20,13.13||6.91,1.01,1.28,0.27,0.50||14.92,4.15,3.21,9.06,2.65||0.00,0.01,0.50,0.60,0.00||133.37,6525.10,69983.29,86.81,141.15||25.33,7.25,15.44||10.11,24.14,143.50,39.04,41.65,12.99||
3.01,19.27,12.57,4.76,6.40,5.19,3.04||0.00,0.00,0.00,0.04,0.04,0.05||4.25,8.30,1.33,25.26,19.19,13.12||6.92,1.01,1.28,0.27,0.50||14.92,4.15,3.21,9.06,2.65||0.00,0.01,0.50,0.60,0.00||159.52,13406.44,162871.81,93.38,215.59||30.80,8.57,18.07||8.13,19.69,111.38,32.48,35.50,10.42||
3.01,19.27,12.57,4.76,6.40,5.19,3.04||0.00,0.00,0.00,0.04,0.04,0.05||4.25,8.30,1.33,25.25,19.19,13.11||6.88,1.01,1.27,0.27,0.50||14.92,4.15,3.21,9.06,2.65||0.00,0.01,0.50,0.60,0.00||113.12,3364.39,32175.37,81.17,95.60||19.88,5.90,12.70||3.08,7.95,36.05,14.33,17.42,3.90||
3.01,19.27,12.57,4.76,6.40,5.19,3.04||0.00,0.00,0.00,0.04,0.04,0.05||4.25,8.30,1.33,25.25,19.19,13.11||6.89,1.01,1.27,0.27,0.50||14.79,4.13,3.15,9.01,2.64||0.00,0.01,0.50,0.60,0.00||116.31,3761.74,36677.18,82.09,102.09||21.34,6.27,13.45||7.50,18.27,101.47,30.36,33.47,9.61||
3.01,19.27,12.57,4.76,6.40,5.19,3.04||0.00,0.00,0.00,0.04,0.04,0.04||4.25,8.30,1.33,25.25,19.19,13.11||6.85,1.00,1.26,0.27,0.50||14.89,4.14,3.20,9.05,2.65||0.00,0.01,0.50,0.60,0.00||104.99,2492.33,22629.22,78.74,80.14||20.43,6.04,12.98||33.41,73.80,575.79,106.98,100.09,43.48||
3.01,19.27,12.57,4.76,6.40,5.19,3.04||0.00,0.00,0.00,0.04,0.04,0.05||4.25,8.30,1.33,25.25,19.19,13.11||6.86,1.01,1.26,0.27,0.50||14.91,4.15,3.21,9.06,2.65||0.00,0.01,0.50,0.60,0.00||85.23,1076.93,8456.24,72.32,48.92||18.95,5.67,12.22||6.26,15.42,82.16,26.05,29.29,7.99||
3.01,19.27,12.57,4.76,6.40,5.19,3.04||0.00,0.00,0.00,0.04,0.04,0.05||4.25,8.30,1.33,25.25,19.19,13.11||6.84,1.00,1.26,0.26,0.50||14.91,4.15,3.21,9.06,2.65||0.00,0.01,0.50,0.60,0.00||147.26,9718.45,111673.01,90.38,178.42||21.83,6.39,13.70||15.02,34.95,227.30,54.50,55.68,19.37||
3.01,19.27,12.57,4.76,6.40,5.19,3.04||0.00,0.00,0.00,0.04,0.04,0.05||4.25,8.30,1.33,25.25,19.19,13.11||6.84,1.00,1.26,0.26,0.50||15.04,4.16,3.27,9.11,2.66||0.00,0.01,0.50,0.60,0.00||87.94,1221.74,9805.10,73.25,52.69||20.69,6.11,13.12||184.67,364.81,4200.35,452.36,350.73,244.87||
3.01,19.27,12.57,4.76,6.40,5.19,3.04||0.00,0.00,0.00,0.04,0.04,0.05||4.25,8.30,1.33,25.25,19.19,13.11||6.84,1.00,1.26,0.26,0.50||14.94,4.15,3.22,9.07,2.65||0.00,0.01,0.50,0.60,0.00||100.68,2105.22,18564.09,77.40,72.56||25.97,7.41,15.75||7.83,19.01,106.58,31.46,34.52,10.03||
3.01,19.27,12.57,4.76,6.40,5.19,3.04||0.00,0.00,0.00,0.04,0.04,0.05||4.25,8.30,1.33,25.25,19.19,13.11||6.86,1.01,1.26,0.27,0.50||14.79,4.13,3.15,9.01,2.64||0.00,0.01,0.50,0.60,0.00||108.06,2798.07,25919.15,79.67,85.78||20.37,6.03,12.96||2.60,6.77,29.54,12.40,15.36,3.28||
3.01,19.27,12.57,4.76,6.40,5.19,3.04||0.00,0.00,0.00,0.04,0.04,0.05||4.25,8.30,1.33,25.25,19.19,13.11||6.84,1.00,1.26,0.26,0.50||14.76,4.13,3.14,9.00,2.64||0.00,0.01,0.50,0.60,0.00||171.88,18098.26,231593.27,96.26,257.21||23.84,6.89,14.70||1.15,3.15,11.42,6.22,8.44,1.44||
3.01,19.27,12.57,4.76,6.40,5.19,3.04||0.00,0.00,0.00,0.04,0.04,0.05||4.25,8.30,1.33,25.25,19.19,13.11||6.84,1.00,1.26,0.26,0.50||14.88,4.14,3.20,9.05,2.65||0.00,0.01,0.50,0.60,0.00||97.65,1861.53,16069.38,76.44,67.50||20.00,5.93,12.77||1.68,4.52,17.86,8.61,11.18,2.12||
3.01,19.27,12.57,4.76,6.40,5.19,3.04||0.00,0.00,0.00,0.04,0.04,0.05||4.25,8.30,1.33,25.25,19.19,13.11||6.86,1.01,1.26,0.27,0.50||15.04,4.16,3.27,9.11,2.66||0.00,0.01,0.50,0.60,0.00||124.26,4908.31,50111.50,84.34,119.39||20.64,6.09,13.09||5.25,13.09,67.02,22.47,25.76,6.70||
3.01,19.27,12.57,4.76,6.40,5.19,3.04||0.00,0.00,0.00,0.04,0.04,0.04||4.25,8.30,1.33,25.25,19.19,13.11||6.84,1.00,1.26,0.26,0.50||14.81,4.14,3.16,9.02,2.64||0.00,0.01,0.50,0.60,0.00||135.93,7042.47,76536.17,87.48,147.63||25.39,7.27,15.47||4.00,10.16,48.90,17.88,21.11,5.09||
3.00,19.23,12.55,4.75,6.39,5.18,3.04||0.00,0.00,0.00,0.04,0.04,0.04||4.25,8.30,1.33,25.25,19.19,13.11||6.86,1.01,1.26,0.27,0.50||14.89,4.15,3.20,9.05,2.65||0.00,0.01,0.50,0.60,0.00||61.61,291.90,1828.49,63.35,22.70||26.39,7.51,15.96||2.10,5.55,23.04,10.35,13.13,2.65||
3.00,19.18,12.53,4.74,6.37,5.17,3.03||0.00,0.00,0.00,0.04,0.04,0.05||4.25,8.30,1.33,25.25,19.19,13.11||6.84,1.00,1.26,0.26,0.50||14.78,4.13,3.15,9.01,2.64||0.00,0.01,0.50,0.60,0.00||135.03,6857.60,74184.65,87.24,145.34||22.97,6.68,14.27||7.10,17.35,95.18,28.98,32.14,9.09||
2.99,19.09,12.48,4.72,6.35,5.15,3.02||0.00,0.00,0.00,0.04,0.04,0.05||4.25,8.30,1.33,25.25,19.19,13.11||6.84,1.00,1.26,0.26,0.50||14.76,4.13,3.14,9.00,2.64||0.00,0.01,0.50,0.60,0.00||108.66,2861.17,26606.16,79.85,86.91||27.13,7.69,16.32||1.47,3.97,15.22,7.66,10.11,1.84||
2.98,19.07,12.47,4.72,6.34,5.15,3.02||0.00,0.00,0.00,0.04,0.04,0.05||4.25,8.30,1.33,25.25,19.19,13.11||6.88,1.01,1.27,0.27,0.50||15.01,4.16,3.26,9.10,2.66||0.00,0.01,0.50,0.60,0.00||73.47,592.93,4198.91,68.07,34.44||19.26,5.75,12.38||18.20,41.83,284.25,64.10,64.11,23.53||
2.98,19.03,12.45,4.71,6.33,5.14,3.01||0.00,0.00,0.00,0.04,0.04,0.04||4.25,8.30,1.33,25.25,19.19,13.11||6.85,1.00,1.26,0.26,0.50||14.94,4.15,3.22,9.07,2.65||0.00,0.01,0.50,0.60,0.00||107.12,2701.49,24872.82,79.38,84.03||20.39,6.03,12.97||22.00,49.93,354.22,75.20,73.66,28.50||
2.98,19.06,12.46,4.71,6.34,5.15,3.02||0.00,0.00,0.00,0.04,0.04,0.04||4.25,8.30,1.33,25.25,19.19,13.11||6.89,1.01,1.27,0.27,0.50||14.92,4.15,3.21,9.06,2.65||0.00,0.01,0.50,0.60,0.00||106.42,2631.26,24115.95,79.17,82.73||20.99,6.18,13.27||19.63,44.88,310.26,68.31,67.75,25.39||
2.98,19.02,12.44,4.71,6.33,5.14,3.01||0.00,0.00,0.00,0.04,0.04,0.04||4.25,8.30,1.33,25.25,19.19,13.11||6.85,1.00,1.26,0.26,0.50||15.04,4.16,3.27,9.11,2.66||0.00,0.01,0.50,0.60,0.00||154.15,11680.19,138554.80,92.08,198.80||26.60,7.56,16.06||26.72,59.89,444.09,88.61,84.96,34.69||
2.98,19.02,12.44,4.70,6.32,5.14,3.01||0.00,0.00,0.00,0.04,0.04,0.04||4.25,8.30,1.33,25.25,19.19,13.11||6.84,1.00,1.26,0.26,0.50||14.81,4.14,3.16,9.02,2.64||0.00,0.01,0.50,0.60,0.00||80.03,836.23,6285.00,70.48,42.16||27.06,7.67,16.28||15.32,35.61,232.69,55.44,56.50,19.77||
2.98,19.01,12.44,4.70,6.32,5.14,3.01||0.00,0.00,0.00,0.04,0.04,0.04||4.25,8.30,1.33,25.25,19.19,13.11||6.86,1.01,1.26,0.27,0.50||14.89,4.15,3.20,9.05,2.65||0.00,0.01,0.50,0.60,0.00||93.03,1531.90,12785.31,74.95,60.19||17.83,5.38,11.64||7.49,18.24,101.29,30.32,33.43,9.59||
2.98,19.01,12.44,4.70,6.32,5.14,3.01||0.00,0.00,0.00,0.04,0.04,0.04||4.25,8.30,1.33,25.25,19.19,13.11||6.95,1.01,1.29,0.27,0.50||15.04,4.16,3.27,9.11,2.66||0.00,0.01,0.50,0.60,0.00||159.48,13392.32,162670.83,93.37,215.45||26.32,7.49,15.92||6.65,16.33,88.24,27.43,30.64,8.51||
2.98,19.01,12.44,4.70,6.32,5.14,3.01||0.00,0.00,0.00,0.04,0.04,0.04||4.25,8.30,1.33,25.25,19.19,13.11||6.95,1.01,1.29,0.27,0.50||15.07,4.17,3.28,9.12,2.66||0.00,0.01,0.50,0.60,0.00||134.08,6665.63,71754.66,86.99,142.93||26.11,7.44,15.82||1.69,4.53,17.90,8.62,11.20,2.12||
2.98,19.01,12.44,4.70,6.32,5.14,3.01||0.00,0.00,0.00,0.04,0.04,0.04||4.25,8.30,1.33,25.25,19.19,13.11||6.95,1.01,1.29,0.27,0.50||14.95,4.15,3.23,9.07,2.65||0.00,0.01,0.50,0.60,0.00||113.46,3404.51,32625.93,81.27,96.27||24.08,6.95,14.82||3.12,8.04,36.59,14.48,17.58,3.96||
2.98,19.01,12.44,4.70,6.32,5.14,3.01||0.00,0.00,0.00,0.04,0.04,0.04||4.25,8.30,1.33,25.25,19.19,13.11||6.93,1.01,1.28,0.27,0.50||14.79,4.13,3.15,9.01,2.64||0.00,0.01,0.50,0.60,0.00||117.46,3914.37,38428.95,82.42,104.51||29.81,8.33,17.60||11.16,26.49,161.02,42.44,44.79,14.35||
2.98,19.01,12.44,4.70,6.32,5.14,3.01||0.00,0.00,0.00,0.04,0.04,0.04||4.25,8.30,1.33,25.25,19.19,13.11||6.92,1.01,1.28,0.27,0.50||14.89,4.14,3.20,9.05,2.65||0.00,0.01,0.50,0.60,0.00||176.77,20263.26,264417.97,97.37,274.88||20.25,6.00,12.90||41.01,89.37,730.51,127.15,116.31,53.48||
2.98,19.01,12.44,4.70,6.32,5.14,3.01||0.00,0.00,0.00,0.04,0.04,0.04||4.25,8.30,1.33,25.25,19.19,13.11||6.97,1.01,1.29,0.27,0.50||14.91,4.15,3.21,9.06,2.65||0.00,0.01,0.50,0.60,0.00||112.03,3235.08,30729.43,80.85,93.42||20.71,6.11,13.13||34.53,76.10,598.16,109.98,102.53,44.95||
2.97,18.97,12.42,4.69,6.31,5.13,3.01||0.00,0.00,0.00,0.04,0.04,0.04||4.25,8.30,1.33,25.25,19.19,13.11||6.93,1.01,1.28,0.27,0.50||15.04,4.16,3.27,9.11,2.66||0.00,0.01,0.50,0.60,0.00||96.15,1749.60,14941.97,75.96,65.08||17.58,5.32,11.51||2.10,5.56,23.13,10.38,13.16,2.65||
2.95,18.80,12.33,4.66,6.26,5.10,2.99||0.00,0.00,0.00,0.04,0.04,0.04||4.25,8.30,1.33,25.25,19.19,13.11||6.97,1.01,1.29,0.27,0.50||14.94,4.15,3.22,9.07,2.65||0.00,0.01,0.50,0.60,0.00||99.35,1995.85,17437.87,76.98,70.32||14.93,4.63,10.09||22.47,50.93,363.04,76.56,74.81,29.11||
2.95,18.77,12.31,4.65,6.25,5.09,2.98||0.00,0.00,0.00,0.04,0.04,0.04||4.25,8.30,1.33,25.25,19.19,13.11||6.97,1.01,1.30,0.27,0.50||14.92,4.15,3.21,9.06,2.65||0.00,0.01,0.50,0.60,0.00||83.47,990.38,7664.69,71.70,46.57||17.24,5.23,11.33||177.46,351.48,4010.24,437.42,340.63,235.20||
2.96,18.84,12.35,4.67,6.27,5.10,2.99||0.00,0.00,0.00,0.04,0.04,0.04||4.25,8.30,1.33,25.25,19.19,13.11||6.98,1.01,1.30,0.27,0.50||14.92,4.15,3.21,9.06,2.65||0.00,0.01,0.50,0.60,0.00||115.79,3695.21,35917.53,81.94,101.03||23.68,6.85,14.62||54.37,116.33,1014.00,161.30,143.05,71.13||
2.95,18.78,12.32,4.65,6.25,5.09,2.99||0.00,0.00,0.00,0.04,0.04,0.05||4.25,8.30,1.33,25.25,19.19,13.11||6.98,1.01,1.30,0.27,0.50||15.18,4.18,3.33,9.16,2.67||0.00,0.01,0.50,0.60,0.00||160.43,13717.01,167306.81,93.60,218.51||22.20,6.48,13.88||8.41,20.33,115.87,33.43,36.39,10.78||
2.97,18.97,12.42,4.69,6.31,5.13,3.01||0.00,0.00,0.00,0.04,0.04,0.04||4.25,8.30,1.33,25.25,19.19,13.11||6.98,1.01,1.30,0.27,0.50||14.97,4.15,3.23,9.08,2.65||0.00,0.01,0.50,0.60,0.00||96.81,1798.15,15429.52,76.17,66.14||21.77,6.38,13.67||61.10,129.74,1161.32,177.99,155.83,80.04||
2.98,19.00,12.44,4.70,6.32,5.14,3.01||0.00,0.00,0.00,0.04,0.04,0.04||4.25,8.30,1.33,25.25,19.19,13.11||6.98,1.01,1.30,0.27,0.50||14.93,4.15,3.22,9.06,2.65||0.00,0.01,0.50,0.60,0.00||173.99,19010.60,245347.44,96.74,264.75||20.94,6.17,13.24||11.08,26.29,159.56,42.16,44.53,14.24||
2.98,19.01,12.44,4.70,6.32,5.14,3.01||0.00,0.00,0.00,0.04,0.04,0.04||4.25,8.30,1.33,25.25,19.19,13.11||6.98,1.01,1.30,0.27,0.50||14.92,4.15,3.21,9.06,2.65||0.00,0.01,0.50,0.60,0.00||118.05,3993.33,39339.92,82.59,105.74||17.16,5.21,11.29||7.52,18.31,101.77,30.42,33.53,9.63||
2.98,19.01,12.44,4.70,6.32,5.14,3.01||0.00,0.00,0.00,0.04,0.04,0.04||4.25,8.30,1.33,25.25,19.19,13.11||6.98,1.01,1.30,0.27,0.50||15.04,4.16,3.27,9.11,2.66||0.00,0.01,0.50,0.60,0.00||149.82,10415.17,121121.63,91.02,185.84||19.94,5.92,12.74||4.30,10.85,53.09,18.98,22.24,5.47||
2.98,19.01,12.44,4.70,6.32,5.14,3.01||0.00,0.00,0.00,0.04,0.04,0.04||4.25,8.30,1.33,25.25,19.19,13.11||6.98,1.01,1.30,0.27,0.50||14.81,4.14,3.16,9.02,2.64||0.00,0.01,0.50,0.60,0.00||221.86,50535.40,772449.00,106.83,470.53||25.20,7.22,15.38||28.67,63.95,481.85,94.01,89.45,37.24||
2.98,19.01,12.44,4.70,6.32,5.14,3.01||0.00,0.00,0.00,0.04,0.04,0.04||4.25,8.30,1.33,25.25,19.19,13.11||6.98,1.01,1.30,0.27,0.50||14.89,4.15,3.20,9.05,2.65||0.00,0.01,0.50,0.60,0.00||236.09,64890.29,1035730.90,109.57,545.07||24.58,7.07,15.07||8.70,20.97,120.46,34.38,37.29,11.15||
2.98,19.01,12.44,4.70,6.32,5.14,3.01||0.00,0.00,0.00,0.04,0.04,0.04||4.25,8.30,1.33,25.25,19.19,13.11||6.98,1.01,1.30,0.27,0.50||14.91,4.15,3.21,9.06,2.65||0.00,0.01,0.50,0.60,0.00||134.45,6740.22,72697.41,87.09,143.87||16.26,4.97,10.80||14.70,34.26,221.74,53.53,54.81,18.96||
2.98,19.01,12.44,4.70,6.32,5.14,3.01||0.00,0.00,0.00,0.04,0.04,0.04||4.25,8.30,1.33,25.25,19.19,13.11||6.98,1.01,1.30,0.27,0.50||15.04,4.16,3.27,9.11,2.66||0.00,0.01,0.50,0.60,0.00||175.53,19697.76,255782.44,97.09,270.34||22.69,6.61,14.13||29.36,65.40,495.51,95.94,91.04,38.16||
2.98,19.01,12.44,4.70,6.32,5.14,3.01||0.00,0.00,0.00,0.04,0.04,0.04||4.25,8.30,1.33,25.25,19.19,13.11||6.98,1.01,1.30,0.27,0.50||14.94,4.15,3.22,9.07,2.65||0.00,0.01,0.50,0.60,0.00||105.41,2532.41,23056.66,78.86,80.89||24.99,7.17,15.27||57.36,122.30,1079.08,168.75,148.77,75.09||
2.98,19.01,12.44,4.70,6.32,5.14,3.01||0.00,0.00,0.00,0.04,0.04,0.04||4.25,8.30,1.33,25.25,19.19,13.11||6.98,1.01,1.30,0.27,0.50||14.92,4.15,3.21,9.06,2.65||0.00,0.01,0.50,0.60,0.00||87.85,1216.89,9759.51,73.22,52.56||36.27,9.85,20.61||9.68,23.17,136.35,37.62,40.33,12.42||
2.98,19.01,12.44,4.70,6.32,5.14,3.01||0.00,0.00,0.00,0.04,0.04,0.04||4.25,8.30,1.33,25.25,19.19,13.11||6.98,1.01,1.30,0.27,0.50||15.18,4.18,3.33,9.16,2.67||0.00,0.01,0.50,0.60,0.00||194.82,29962.40,418368.22,101.31,345.98||22.31,6.51,13.94||4.49,11.31,55.88,19.69,22.97,5.72||
2.98,19.01,12.44,4.70,6.32,5.14,3.01||0.00,0.00,0.00,0.04,0.04,0.04||4.25,8.30,1.33,25.25,19.19,13.11||6.98,1.01,1.30,0.27,0.50||14.97,4.15,3.23,9.08,2.65||0.00,0.01,0.50,0.60,0.00||83.43,988.59,7648.48,71.69,46.52||19.68,5.85,12.60||28.69,64.00,482.34,94.08,89.51,37.27||
2.98,19.01,12.44,4.70,6.32,5.14,3.01||0.00,0.00,0.00,0.04,0.04,0.04||4.25,8.30,1.33,25.25,19.19,13.11||6.98,1.01,1.30,0.27,0.50||15.06,4.16,3.28,9.11,2.66||0.00,0.01,0.50,0.60,0.00||124.20,4898.65,49995.79,84.32,119.25||22.98,6.68,14.28||27.81,62.17,465.21,91.65,87.49,36.12||
2.98,19.01,12.44,4.70,6.32,5.14,3.01||0.00,0.00,0.00,0.04,0.04,0.04||4.25,8.30,1.33,25.25,19.19,13.11||6.98,1.01,1.30,0.27,0.50||15.07,4.17,3.28,9.12,2.66||0.00,0.01,0.50,0.60,0.00||240.82,70277.66,1137312.40,110.46,571.25||22.96,6.67,14.27||13.06,30.66,193.15,48.43,50.24,16.81||
2.98,19.01,12.44,4.70,6.32,5.14,3.01||0.00,0.00,0.00,0.04,0.04,0.04||4.25,8.30,1.33,25.25,19.19,13.11||6.98,1.01,1.30,0.27,0.50||14.95,4.15,3.23,9.07,2.65||0.00,0.01,0.50,0.60,0.00||78.66,780.18,5793.69,69.99,40.47||37.42,10.11,21.14||68.17,143.72,1318.97,195.21,168.86,89.41||
