4.58;34.68;19.94;8.08;10.79;7.89;4.67;0.00;0.00;0.00;0.08;0.07;0.08;61.60;14.59;70.65;78.50;35.66;80.91;12.91;1.43;3.37;0.47;0.70;53.89;7.06;48.59;20.02;4.39;0.02;0.05;0.70;0.81;0.01;58.37;234.91;1417.20;61.97;19.98;15.86;4.87;10.59;1.91;5.08;20.65;9.56;12.25;2.40;
3.10;20.13;13.01;4.95;6.65;5.35;3.14;0.00;0.00;0.00;0.04;0.04;0.04;5.28;8.69;1.84;27.69;20.18;15.20;5.55;0.89;0.91;0.22;0.44;18.20;4.50;4.89;10.24;2.87;0.00;0.01;0.53;0.63;0.00;34.75;29.16;122.58;50.16;5.85;11.16;3.61;7.98;0.82;2.32;7.79;4.72;6.63;1.03;
2.89;18.25;12.05;4.53;6.10;4.99;2.92;0.00;0.00;0.00;0.03;0.04;0.04;3.43;7.93;0.97;23.06;18.26;11.33;4.77;0.82;0.72;0.19;0.41;14.73;4.13;3.13;8.99;2.64;0.00;0.01;0.50;0.60;0.00;72.39;558.61;3915.24;67.66;33.25;11.31;3.65;8.07;7.93;19.25;108.26;31.82;34.86;10.16;
2.85;17.91;11.87;4.46;5.99;4.92;2.88;0.00;0.00;0.00;0.03;0.04;0.04;3.12;7.77;0.84;22.15;17.87;10.63;4.63;0.81;0.68;0.19;0.40;14.24;4.07;2.91;8.81;2.60;0.00;0.00;0.50;0.60;0.00;76.31;690.35;5019.23;69.13;37.66;17.81;5.38;11.63;2.21;5.84;24.56;10.85;13.67;2.80;
2.84;17.84;11.83;4.44;5.97;4.91;2.88;0.00;0.00;0.00;0.03;0.04;0.04;3.09;7.76;0.83;22.07;17.83;10.56;4.60;0.80;0.68;0.19;0.40;14.60;4.11;3.07;8.94;2.63;0.00;0.00;0.50;0.59;0.00;99.56;2012.91;17612.86;77.05;70.67;14.93;4.63;10.09;3.08;7.95;36.05;14.33;17.42;3.91;
2.84;17.82;11.82;4.44;5.97;4.91;2.87;0.00;0.00;0.00;0.03;0.04;0.04;3.08;7.76;0.83;22.05;17.82;10.55;4.60;0.80;0.68;0.18;0.40;14.45;4.09;3.00;8.88;2.62;0.00;0.00;0.50;0.59;0.00;112.76;3320.45;31682.93;81.06;94.87;12.17;3.89;8.56;0.68;1.94;6.26;4.02;5.77;0.85;
2.84;17.82;11.82;4.44;5.97;4.91;2.87;0.00;0.00;0.00;0.03;0.04;0.04;3.05;7.74;0.82;21.95;17.78;10.47;4.59;0.80;0.68;0.18;0.40;14.08;4.05;2.84;8.74;2.59;0.00;0.00;0.50;0.59;0.00;79.87;829.62;6226.73;70.43;41.96;11.80;3.79;8.35;1.05;2.90;10.30;5.77;7.90;1.31;
2.84;17.82;11.82;4.44;5.97;4.91;2.87;0.00;0.00;0.00;0.03;0.04;0.04;3.02;7.72;0.80;21.85;17.73;10.39;4.59;0.80;0.68;0.18;0.40;14.23;4.07;2.91;8.80;2.60;0.00;0.00;0.50;0.59;0.00;49.97;125.71;680.63;58.16;13.83;11.09;3.59;7.94;0.50;1.46;4.37;3.10;4.60;0.62;
2.84;17.82;11.82;4.44;5.97;4.91;2.87;0.00;0.00;0.00;0.03;0.04;0.04;2.98;7.70;0.79;21.74;17.68;10.31;4.59;0.80;0.68;0.18;0.40;14.26;4.07;2.92;8.81;2.60;0.00;0.00;0.50;0.59;0.00;99.98;2047.14;17964.75;77.18;71.38;13.70;4.30;9.41;0.51;1.47;4.41;3.12;4.63;0.63;
2.84;17.82;11.82;4.44;5.97;4.91;2.87;0.00;0.00;0.00;0.03;0.04;0.04;2.97;7.70;0.79;21.71;17.67;10.29;4.59;0.80;0.68;0.18;0.40;14.26;4.07;2.92;8.81;2.61;0.00;0.00;0.50;0.59;0.00;74.92;641.39;4604.25;68.61;36.07;13.00;4.11;9.03;0.28;0.84;2.20;1.88;2.98;0.34;
2.84;17.82;11.82;4.44;5.97;4.91;2.87;0.00;0.00;0.00;0.03;0.04;0.04;2.94;7.68;0.77;21.62;17.63;10.22;4.59;0.80;0.68;0.18;0.40;14.49;4.10;3.02;8.90;2.62;0.00;0.00;0.50;0.60;0.00;63.85;337.07;2164.72;64.28;24.70;13.98;4.38;9.57;1.91;5.08;20.68;9.57;12.27;2.41;
2.84;17.82;11.82;4.44;5.97;4.91;2.87;0.00;0.00;0.00;0.03;0.04;0.04;3.00;7.71;0.79;21.78;17.70;10.34;4.59;0.80;0.68;0.18;0.40;14.08;4.05;2.84;8.75;2.59;0.00;0.01;0.50;0.60;0.00;80.52;856.89;6467.48;70.66;42.77;13.49;4.24;9.30;1.06;2.94;10.47;5.84;7.99;1.33;
2.84;17.82;11.82;4.44;5.97;4.91;2.87;0.00;0.00;0.00;0.03;0.04;0.04;3.01;7.71;0.80;21.81;17.72;10.37;4.59;0.80;0.68;0.18;0.40;14.23;4.07;2.91;8.80;2.60;0.00;0.00;0.50;0.59;0.00;54.56;179.03;1030.51;60.29;17.03;10.68;3.48;7.70;0.97;2.69;9.39;5.40;7.45;1.21;
2.84;17.82;11.82;4.44;5.97;4.91;2.87;0.00;0.00;0.00;0.03;0.04;0.04;2.92;7.67;0.77;21.55;17.60;10.17;4.59;0.80;0.68;0.18;0.40;14.14;4.06;2.87;8.77;2.60;0.00;0.00;0.50;0.59;0.00;62.54;310.10;1962.97;63.74;23.52;10.61;3.46;7.66;2.46;6.45;27.78;11.86;14.78;3.11;
2.84;17.82;11.82;4.44;5.97;4.91;2.87;0.00;0.00;0.00;0.03;0.04;0.04;2.99;7.71;0.79;21.77;17.70;10.33;4.59;0.80;0.68;0.18;0.40;14.35;4.08;2.96;8.85;2.61;0.00;0.00;0.50;0.60;0.00;70.38;498.67;3427.17;66.89;31.10;10.24;3.36;7.44;0.78;2.21;7.35;4.52;6.39;0.98;
2.84;17.82;11.82;4.44;5.97;4.91;2.87;0.00;0.00;0.00;0.03;0.04;0.04;2.92;7.67;0.77;21.54;17.60;10.16;4.59;0.80;0.68;0.18;0.40;14.28;4.07;2.93;8.82;2.61;0.00;0.01;0.50;0.60;0.00;70.25;494.99;3397.52;66.84;30.97;11.58;3.73;8.22;2.31;6.07;25.76;11.23;14.09;2.92;
2.84;17.82;11.82;4.44;5.97;4.91;2.87;0.00;0.00;0.00;0.03;0.04;0.04;2.93;7.68;0.77;21.59;17.62;10.19;4.59;0.80;0.68;0.18;0.40;14.16;4.06;2.87;8.77;2.60;0.00;0.01;0.50;0.60;0.00;86.00;1116.89;8825.56;72.58;49.98;15.07;4.67;10.17;6.97;17.04;93.07;28.51;31.69;8.91;
2.84;17.82;11.82;4.44;5.97;4.91;2.87;0.00;0.00;0.00;0.03;0.04;0.04;2.91;7.66;0.76;21.51;17.58;10.13;4.59;0.80;0.68;0.18;0.40;14.24;4.07;2.91;8.81;2.60;0.00;0.01;0.50;0.60;0.00;104.96;2488.73;22590.95;78.72;80.07;13.78;4.32;9.46;1.83;4.89;19.69;9.24;11.89;2.31;
2.84;17.82;11.82;4.44;5.97;4.91;2.87;0.00;0.00;0.00;0.03;0.04;0.04;2.90;7.66;0.76;21.49;17.57;10.12;4.59;0.80;0.68;0.18;0.40;14.26;4.07;2.92;8.81;2.60;0.00;0.01;0.50;0.60;0.00;133.39;6528.00;70019.75;86.81;141.19;13.03;4.12;9.04;0.44;1.30;3.80;2.80;4.21;0.55;
2.84;17.82;11.82;4.44;5.97;4.91;2.87;0.00;0.00;0.00;0.03;0.04;0.04;2.90;7.66;0.76;21.49;17.57;10.12;4.59;0.80;0.68;0.18;0.40;14.26;4.07;2.92;8.81;2.61;0.00;0.01;0.50;0.60;0.00;51.44;141.36;781.07;58.86;14.82;11.82;3.79;8.36;1.68;4.51;17.80;8.59;11.16;2.11;
2.84;17.82;11.82;4.44;5.97;4.91;2.87;0.00;0.00;0.00;0.03;0.04;0.04;2.96;7.69;0.78;21.66;17.65;10.25;4.59;0.80;0.68;0.18;0.40;14.15;4.06;2.87;8.77;2.60;0.00;0.01;0.50;0.60;0.00;37.46;39.47;174.89;51.72;7.00;13.72;4.31;9.43;1.89;5.05;20.49;9.51;12.20;2.39;
2.84;17.82;11.82;4.44;5.97;4.91;2.87;0.00;0.00;0.00;0.03;0.04;0.04;2.94;7.68;0.77;21.61;17.63;10.21;4.59;0.80;0.68;0.18;0.40;14.36;4.08;2.96;8.85;2.61;0.00;0.01;0.50;0.60;0.00;85.64;1098.28;8653.25;72.46;49.49;12.37;3.94;8.67;2.11;5.59;23.27;10.43;13.22;2.67;
2.84;17.82;11.82;4.44;5.97;4.91;2.87;0.00;0.00;0.00;0.03;0.04;0.04;2.91;7.66;0.76;21.51;17.58;10.14;4.59;0.80;0.68;0.18;0.40;14.28;4.07;2.93;8.82;2.61;0.00;0.01;0.50;0.60;0.00;92.86;1520.81;12676.76;74.89;59.93;12.95;4.10;9.00;6.99;17.11;93.49;28.61;31.78;8.95;
2.84;17.82;11.82;4.44;5.97;4.91;2.87;0.00;0.00;0.00;0.03;0.04;0.04;2.90;7.66;0.76;21.49;17.57;10.12;4.59;0.80;0.68;0.18;0.40;14.27;4.07;2.92;8.82;2.61;0.00;0.01;0.50;0.60;0.00;128.62;5638.56;58965.63;85.53;129.53;12.62;4.01;8.81;1.59;4.28;16.70;8.20;10.72;2.00;
2.84;17.82;11.82;4.44;5.97;4.91;2.87;0.00;0.00;0.00;0.03;0.04;0.04;2.93;7.67;0.77;21.58;17.61;10.19;4.59;0.80;0.68;0.18;0.40;14.15;4.06;2.87;8.77;2.60;0.00;0.01;0.50;0.60;0.00;77.32;728.03;5342.10;69.50;38.86;12.81;4.06;8.92;0.74;2.09;6.84;4.29;6.10;0.92;
2.84;17.82;11.82;4.44;5.97;4.91;2.87;0.00;0.00;0.00;0.03;0.04;0.04;2.91;7.66;0.76;21.51;17.58;10.13;4.59;0.80;0.68;0.18;0.40;14.47;4.10;3.01;8.89;2.62;0.00;0.01;0.50;0.60;0.00;94.47;1629.33;13744.29;75.42;62.41;14.71;4.57;9.97;0.80;2.24;7.47;4.57;6.45;0.99;
2.84;17.82;11.82;4.44;5.97;4.91;2.87;0.00;0.00;0.00;0.03;0.04;0.04;2.93;7.67;0.77;21.58;17.61;10.19;4.59;0.80;0.68;0.18;0.40;14.53;4.10;3.04;8.92;2.62;0.00;0.01;0.50;0.60;0.00;74.36;622.30;4443.94;68.40;35.43;11.06;3.59;7.93;4.09;10.36;50.13;18.20;21.45;5.20;
2.84;17.82;11.82;4.44;5.97;4.91;2.87;0.00;0.00;0.00;0.03;0.04;0.04;2.94;7.68;0.77;21.59;17.62;10.20;4.59;0.80;0.68;0.18;0.40;14.32;4.08;2.95;8.83;2.61;0.00;0.01;0.50;0.60;0.00;86.12;1123.09;8883.03;72.62;50.14;10.08;3.31;7.35;2.79;7.24;32.12;13.18;16.19;3.53;
2.86;17.94;11.88;4.46;6.00;4.93;2.89;0.00;0.00;0.00;0.03;0.04;0.04;2.91;7.66;0.76;21.51;17.58;10.14;4.66;0.81;0.69;0.19;0.40;14.39;4.09;2.98;8.86;2.61;0.00;0.01;0.50;0.60;0.00;90.18;1351.83;11040.83;74.00;55.92;11.58;3.73;8.22;1.76;4.70;18.75;8.92;11.53;2.21;
2.87;18.04;11.94;4.49;6.03;4.95;2.90;0.00;0.00;0.00;0.03;0.04;0.04;3.05;7.74;0.81;21.94;17.77;10.46;4.72;0.82;0.71;0.19;0.41;14.40;4.09;2.98;8.87;2.62;0.00;0.01;0.50;0.60;0.00;61.94;298.32;1875.79;63.49;22.99;11.72;3.77;8.30;1.94;5.16;21.09;9.71;12.42;2.45;
2.87;18.06;11.95;4.49;6.04;4.95;2.90;0.00;0.00;0.00;0.03;0.04;0.04;3.07;7.75;0.83;22.02;17.81;10.53;4.84;0.83;0.73;0.19;0.41;14.41;4.09;2.98;8.87;2.62;0.00;0.01;0.50;0.60;0.00;61.68;293.23;1838.29;63.38;22.76;8.94;2.99;6.67;19.51;44.62;308.01;67.95;67.44;25.23;
2.89;18.27;12.06;4.54;6.10;4.99;2.93;0.00;0.00;0.00;0.03;0.04;0.04;3.08;7.75;0.83;22.04;17.82;10.54;4.93;0.84;0.76;0.20;0.42;14.41;4.09;2.98;8.87;2.62;0.00;0.01;0.50;0.60;0.00;53.61;166.92;949.18;59.86;16.34;13.18;4.16;9.13;2.42;6.35;27.25;11.69;14.60;3.06;
2.90;18.31;12.08;4.55;6.11;5.00;2.93;0.00;0.00;0.00;0.04;0.04;0.04;3.08;7.76;0.83;22.04;17.82;10.54;4.97;0.84;0.76;0.20;0.42;14.64;4.12;3.09;8.96;2.63;0.00;0.01;0.50;0.60;0.00;127.04;5364.45;55617.32;85.10;125.79;14.62;4.55;9.92;5.55;13.78;71.46;23.54;26.83;7.08;
2.90;18.32;12.08;4.55;6.12;5.00;2.93;0.00;0.00;0.00;0.04;0.04;0.04;3.08;7.76;0.83;22.04;17.82;10.54;5.04;0.85;0.78;0.20;0.42;14.45;4.09;3.00;8.89;2.62;0.00;0.01;0.50;0.60;0.00;80.35;849.67;6403.59;70.60;42.55;13.70;4.30;9.41;21.63;49.14;347.26;74.13;72.75;28.01;
2.91;18.44;12.15;4.58;6.15;5.03;2.95;0.00;0.00;0.00;0.04;0.04;0.04;3.08;7.76;0.83;22.04;17.82;10.54;5.13;0.85;0.80;0.20;0.42;14.42;4.09;2.99;8.87;2.62;0.00;0.01;0.50;0.60;0.00;81.18;885.38;6720.49;70.89;43.60;12.67;4.02;8.84;4.14;10.47;50.80;18.38;21.63;5.26;
2.92;18.51;12.18;4.59;6.17;5.04;2.95;0.00;0.00;0.00;0.04;0.04;0.04;3.08;7.76;0.83;22.04;17.82;10.54;5.19;0.86;0.82;0.21;0.43;14.52;4.10;3.03;8.91;2.62;0.00;0.01;0.50;0.60;0.00;51.02;136.73;751.17;58.66;14.53;12.54;3.99;8.77;1.44;3.90;14.86;7.53;9.96;1.81;
2.93;18.57;12.21;4.60;6.19;5.05;2.96;0.00;0.00;0.00;0.04;0.04;0.04;3.14;7.79;0.85;22.22;17.90;10.68;5.24;0.86;0.83;0.21;0.43;14.43;4.09;2.99;8.88;2.62;0.00;0.01;0.50;0.60;0.00;87.48;1196.10;9564.16;73.09;52.03;12.06;3.86;8.49;7.79;18.93;106.06;31.35;34.42;9.98;
2.93;18.58;12.21;4.61;6.19;5.05;2.96;0.00;0.00;0.00;0.04;0.04;0.04;3.25;7.84;0.90;22.54;18.04;10.92;5.31;0.87;0.85;0.21;0.43;14.41;4.09;2.99;8.87;2.62;0.00;0.01;0.50;0.60;0.00;47.31;100.93;526.12;56.88;12.15;16.65;5.08;11.01;2.39;6.28;26.89;11.58;14.48;3.03;
2.93;18.58;12.22;4.61;6.19;5.05;2.96;0.00;0.00;0.00;0.04;0.04;0.04;3.27;7.85;0.90;22.60;18.06;10.97;5.34;0.87;0.86;0.21;0.43;14.41;4.09;2.98;8.87;2.62;0.00;0.01;0.50;0.60;0.00;81.08;881.10;6682.43;70.86;43.47;12.34;3.94;8.66;1.62;4.35;17.03;8.32;10.85;2.03;
2.93;18.62;12.24;4.62;6.21;5.06;2.97;0.00;0.00;0.00;0.04;0.04;0.04;3.27;7.85;0.91;22.61;18.07;10.98;5.35;0.88;0.86;0.21;0.43;14.75;4.13;3.14;9.00;2.64;0.00;0.01;0.50;0.60;0.00;89.56;1314.89;10687.77;73.79;55.02;12.55;3.99;8.77;5.06;12.64;64.20;21.78;25.07;6.45;
2.94;18.71;12.28;4.64;6.23;5.08;2.98;0.00;0.00;0.00;0.04;0.04;0.04;3.27;7.85;0.91;22.61;18.07;10.98;5.43;0.88;0.88;0.22;0.44;14.71;4.12;3.12;8.98;2.64;0.00;0.01;0.50;0.60;0.00;91.45;1430.04;11793.85;74.42;57.80;12.86;4.08;8.95;4.27;10.79;52.72;18.88;22.14;5.43;
2.95;18.81;12.34;4.66;6.26;5.10;2.99;0.00;0.00;0.00;0.04;0.04;0.04;3.27;7.85;0.91;22.61;18.07;10.98;5.45;0.88;0.88;0.22;0.44;14.81;4.14;3.16;9.02;2.64;0.00;0.01;0.50;0.60;0.00;100.20;2065.32;18152.09;77.25;71.75;11.62;3.74;8.24;2.89;7.50;33.54;13.60;16.64;3.67;
2.96;18.83;12.35;4.66;6.27;5.10;2.99;0.00;0.00;0.00;0.04;0.04;0.04;3.27;7.85;0.91;22.61;18.07;10.98;5.52;0.89;0.90;0.22;0.44;14.49;4.10;3.02;8.90;2.62;0.00;0.01;0.50;0.60;0.00;60.58;272.75;1688.64;62.92;21.81;8.32;2.82;6.30;1.22;3.36;12.34;6.58;8.85;1.54;
2.96;18.84;12.35;4.66;6.27;5.10;2.99;0.00;0.00;0.00;0.04;0.04;0.04;3.27;7.85;0.91;22.61;18.07;10.98;5.55;0.89;0.91;0.22;0.44;14.31;4.08;2.94;8.83;2.61;0.00;0.01;0.50;0.60;0.00;48.55;112.00;594.42;57.49;12.92;6.75;2.35;5.32;0.67;1.92;6.14;3.97;5.70;0.84;
2.96;18.84;12.35;4.66;6.27;5.10;2.99;0.00;0.00;0.00;0.04;0.04;0.04;3.27;7.85;0.91;22.61;18.07;10.98;5.56;0.89;0.91;0.22;0.44;14.39;4.09;2.98;8.86;2.61;0.00;0.01;0.50;0.60;0.00;51.47;141.68;783.17;58.87;14.84;9.06;3.03;6.75;0.29;0.88;2.33;1.97;3.10;0.36;
2.96;18.84;12.35;4.66;6.27;5.10;2.99;0.00;0.00;0.00;0.04;0.04;0.04;3.27;7.85;0.91;22.61;18.07;10.98;5.61;0.90;0.92;0.22;0.45;14.40;4.09;2.98;8.87;2.62;0.00;0.01;0.50;0.60;0.00;39.80;50.35;232.70;53.01;8.07;10.48;3.42;7.59;0.21;0.63;1.56;1.46;2.40;0.25;
2.96;18.84;12.35;4.66;6.27;5.10;2.99;0.00;0.00;0.00;0.04;0.04;0.04;3.27;7.85;0.91;22.61;18.07;10.98;5.65;0.90;0.93;0.22;0.45;14.41;4.09;2.98;8.87;2.62;0.00;0.01;0.50;0.60;0.00;27.72;11.75;42.21;45.74;3.43;9.85;3.25;7.22;0.49;1.42;4.22;3.02;4.50;0.60;
2.96;18.88;12.37;4.67;6.28;5.11;3.00;0.00;0.00;0.00;0.04;0.04;0.04;3.27;7.85;0.91;22.61;18.07;10.98;5.66;0.90;0.94;0.22;0.45;14.41;4.09;2.98;8.87;2.62;0.00;0.01;0.50;0.60;0.00;35.38;31.35;133.45;50.53;6.11;6.13;2.17;4.93;0.50;1.45;4.33;3.08;4.58;0.62;
2.98;19.02;12.44;4.70;6.32;5.14;3.01;0.00;0.00;0.00;0.04;0.04;0.04;3.27;7.85;0.91;22.61;18.07;10.98;5.66;0.90;0.94;0.22;0.45;14.41;4.09;2.98;8.87;2.62;0.00;0.01;0.50;0.60;0.00;42.98;68.61;334.51;54.70;9.69;8.23;2.79;6.25;0.17;0.53;1.24;1.24;2.08;0.21;
2.98;19.04;12.46;4.71;6.33;5.14;3.02;0.00;0.00;0.00;0.04;0.04;0.04;3.30;7.87;0.92;22.71;18.11;11.06;5.72;0.91;0.95;0.23;0.45;14.52;4.10;3.03;8.91;2.62;0.00;0.01;0.50;0.60;0.00;57.02;213.85;1269.39;61.38;18.90;7.84;2.67;6.00;0.22;0.68;1.70;1.56;2.53;0.27;
2.98;19.01;12.44;4.70;6.32;5.14;3.01;0.00;0.00;0.00;0.04;0.04;0.04;3.34;7.89;0.94;22.82;18.16;11.14;5.76;0.91;0.96;0.23;0.45;14.54;4.10;3.04;8.92;2.63;0.00;0.01;0.50;0.60;0.00;63.19;323.20;2060.58;64.01;24.10;10.39;3.40;7.54;0.41;1.19;3.42;2.59;3.94;0.50;
2.99;19.09;12.48;4.72;6.34;5.15;3.02;0.00;0.00;0.00;0.04;0.04;0.04;3.42;7.93;0.97;23.03;18.25;11.31;5.77;0.91;0.97;0.23;0.45;14.55;4.10;3.05;8.92;2.63;0.00;0.01;0.50;0.60;0.00;80.24;845.21;6364.18;70.56;42.42;12.55;3.99;8.77;5.82;14.41;75.51;24.50;27.78;7.43;
2.99;19.10;12.48;4.72;6.35;5.15;3.02;0.00;0.00;0.00;0.04;0.04;0.04;3.46;7.95;0.99;23.16;18.31;11.42;5.77;0.91;0.97;0.23;0.45;14.43;4.09;3.00;8.88;2.62;0.00;0.01;0.50;0.60;0.00;91.38;1425.71;11752.01;74.40;57.70;10.59;3.46;7.65;6.80;16.66;90.49;27.94;31.13;8.70;
2.99;19.10;12.49;4.72;6.35;5.15;3.02;0.00;0.00;0.00;0.04;0.04;0.04;3.47;7.95;0.99;23.19;18.32;11.44;5.79;0.91;0.97;0.23;0.45;14.53;4.10;3.04;8.91;2.62;0.00;0.01;0.51;0.60;0.00;75.95;677.42;4909.16;69.00;37.24;13.31;4.20;9.19;2.41;6.32;27.12;11.66;14.56;3.05;
2.99;19.10;12.49;4.72;6.35;5.15;3.02;0.00;0.00;0.00;0.04;0.04;0.05;3.48;7.95;0.99;23.20;18.32;11.44;5.81;0.92;0.98;0.23;0.45;14.55;4.10;3.04;8.92;2.63;0.00;0.01;0.51;0.60;0.00;96.84;1800.14;15449.48;76.18;66.18;10.88;3.53;7.82;2.61;6.82;29.79;12.48;15.44;3.31;
2.99;19.11;12.49;4.72;6.35;5.16;3.02;0.00;0.00;0.00;0.04;0.04;0.04;3.48;7.95;0.99;23.20;18.32;11.44;5.80;0.92;0.97;0.23;0.45;14.43;4.09;3.00;8.88;2.62;0.00;0.01;0.51;0.60;0.00;119.32;4169.23;41380.39;82.95;108.46;12.07;3.86;8.50;0.62;1.76;5.55;3.68;5.35;0.77;
2.99;19.11;12.49;4.72;6.35;5.16;3.02;0.00;0.00;0.00;0.04;0.04;0.05;3.48;7.96;0.99;23.20;18.32;11.44;5.87;0.92;0.99;0.23;0.46;14.30;4.08;2.94;8.83;2.61;0.00;0.01;0.51;0.60;0.00;88.27;1240.33;9980.36;73.36;53.16;14.96;4.64;10.11;1.39;3.77;14.25;7.31;9.70;1.74;
2.99;19.11;12.49;4.72;6.35;5.16;3.02;0.00;0.00;0.00;0.04;0.04;0.05;3.48;7.96;0.99;23.20;18.32;11.44;5.88;0.92;0.99;0.23;0.46;14.50;4.10;3.02;8.90;2.62;0.00;0.01;0.51;0.60;0.00;88.63;1260.92;10175.03;73.48;53.68;12.31;3.93;8.63;0.61;1.74;5.45;3.64;5.29;0.75;
2.99;19.11;12.49;4.72;6.35;5.16;3.02;0.00;0.00;0.00;0.04;0.04;0.05;3.48;7.96;0.99;23.20;18.32;11.44;5.88;0.92;0.99;0.23;0.46;14.43;4.09;2.99;8.88;2.62;0.00;0.01;0.51;0.60;0.00;57.77;225.33;1349.69;61.71;19.49;11.03;3.58;7.90;3.96;10.06;48.30;17.72;20.95;5.04;
2.99;19.11;12.49;4.72;6.35;5.16;3.02;0.00;0.00;0.00;0.04;0.04;0.05;3.48;7.96;0.99;23.20;18.32;11.44;5.88;0.92;0.99;0.23;0.46;14.41;4.09;2.98;8.87;2.62;0.00;0.01;0.51;0.60;0.00;100.84;2118.77;18704.38;77.45;72.84;13.43;4.23;9.27;5.18;12.93;66.02;22.23;25.52;6.61;
2.99;19.15;12.51;4.73;6.36;5.16;3.03;0.00;0.00;0.00;0.04;0.04;0.05;3.48;7.96;0.99;23.20;18.32;11.44;5.88;0.92;0.99;0.23;0.46;14.29;4.07;2.93;8.83;2.61;0.00;0.01;0.51;0.60;0.00;75.84;673.46;4875.50;68.95;37.12;10.65;3.47;7.69;2.03;5.37;22.16;10.07;12.81;2.56;
2.99;19.11;12.49;4.73;6.35;5.16;3.02;0.00;0.00;0.00;0.04;0.04;0.05;3.48;7.96;0.99;23.20;18.32;11.44;5.88;0.92;0.99;0.23;0.46;14.61;4.11;3.07;8.95;2.63;0.00;0.01;0.51;0.60;0.00;73.80;603.55;4287.31;68.19;34.80;13.03;4.12;9.04;0.48;1.39;4.12;2.97;4.43;0.59;
2.99;19.15;12.51;4.73;6.36;5.16;3.03;0.00;0.00;0.00;0.04;0.04;0.05;3.48;7.96;0.99;23.20;18.32;11.44;5.92;0.93;1.00;0.23;0.46;14.45;4.09;3.00;8.88;2.62;0.00;0.01;0.50;0.60;0.00;46.49;94.04;484.20;56.48;11.66;12.76;4.05;8.89;2.15;5.69;23.78;10.59;13.40;2.72;
3.01;19.29;12.58;4.76;6.40;5.19;3.04;0.00;0.00;0.00;0.04;0.04;0.05;3.48;7.96;0.99;23.20;18.32;11.44;5.96;0.93;1.02;0.23;0.46;14.42;4.09;2.99;8.87;2.62;0.00;0.01;0.51;0.60;0.00;101.92;2211.67;19669.98;77.79;74.70;11.31;3.65;8.07;0.65;1.87;5.95;3.88;5.59;0.82;
3.01;19.31;12.59;4.77;6.41;5.20;3.05;0.00;0.00;0.00;0.04;0.04;0.05;3.48;7.96;0.99;23.20;18.32;11.44;5.99;0.93;1.02;0.23;0.46;14.87;4.14;3.19;9.04;2.65;0.00;0.01;0.51;0.60;0.00;73.86;605.44;4303.06;68.21;34.86;7.70;2.63;5.92;0.61;1.76;5.53;3.68;5.34;0.76;
3.01;19.32;12.60;4.77;6.41;5.20;3.05;0.00;0.00;0.00;0.04;0.04;0.05;3.51;7.97;1.01;23.29;18.36;11.52;5.99;0.93;1.02;0.23;0.46;14.73;4.13;3.13;8.99;2.64;0.00;0.01;0.51;0.60;0.00;56.29;203.11;1194.91;61.06;18.34;9.24;3.08;6.86;10.01;23.92;141.89;38.72;41.35;12.86;
3.02;19.36;12.62;4.78;6.43;5.20;3.05;0.00;0.00;0.00;0.04;0.04;0.05;3.48;7.96;0.99;23.22;18.33;11.46;6.00;0.93;1.02;0.24;0.46;14.58;4.11;3.06;8.94;2.63;0.00;0.01;0.51;0.60;0.00;92.62;1504.93;12521.66;74.81;59.56;11.59;3.73;8.23;1.38;3.75;14.15;7.27;9.65;1.73;
3.02;19.37;12.62;4.78;6.43;5.21;3.05;0.00;0.00;0.00;0.04;0.04;0.05;3.48;7.96;0.99;23.20;18.32;11.45;6.00;0.93;1.02;0.24;0.46;14.56;4.11;3.05;8.93;2.63;0.00;0.01;0.51;0.60;0.00;97.45;1846.18;15914.04;76.38;67.17;10.52;3.44;7.61;3.05;7.88;35.67;14.22;17.30;3.87;
3.02;19.37;12.62;4.78;6.43;5.21;3.05;0.00;0.00;0.00;0.04;0.04;0.05;3.51;7.97;1.01;23.29;18.36;11.52;6.00;0.93;1.02;0.24;0.46;14.44;4.09;3.00;8.88;2.62;0.00;0.01;0.51;0.60;0.00;89.10;1287.66;10428.56;73.64;54.34;17.06;5.18;11.23;1.15;3.17;11.48;6.24;8.46;1.44;
3.02;19.37;12.62;4.78;6.43;5.21;3.05;0.00;0.00;0.00;0.04;0.04;0.05;3.55;7.99;1.02;23.41;18.41;11.61;6.00;0.93;1.02;0.24;0.46;14.41;4.09;2.99;8.87;2.62;0.00;0.01;0.51;0.60;0.00;97.79;1872.92;16184.73;76.49;67.74;11.29;3.65;8.05;1.85;4.95;19.98;9.34;12.00;2.34;
3.02;19.37;12.62;4.78;6.43;5.21;3.05;0.00;0.00;0.00;0.04;0.04;0.05;3.63;8.03;1.06;23.62;18.50;11.78;6.01;0.93;1.03;0.24;0.46;14.52;4.10;3.03;8.91;2.62;0.00;0.01;0.51;0.60;0.00;122.86;4689.51;47501.19;83.95;116.23;12.53;3.99;8.76;8.89;21.41;123.58;35.03;37.90;11.40;
3.02;19.37;12.62;4.78;6.43;5.21;3.05;0.00;0.00;0.00;0.04;0.04;0.05;3.57;8.00;1.03;23.47;18.44;11.66;6.00;0.93;1.03;0.24;0.46;14.66;4.12;3.10;8.96;2.63;0.00;0.01;0.51;0.60;0.00;126.25;5232.22;54012.49;84.88;123.96;17.23;5.23;11.32;0.46;1.33;3.91;2.86;4.28;0.57;
3.02;19.37;12.62;4.78;6.43;5.21;3.05;0.00;0.00;0.00;0.04;0.04;0.05;3.67;8.05;1.07;23.73;18.55;11.87;6.05;0.94;1.04;0.24;0.46;14.80;4.13;3.16;9.02;2.64;0.00;0.01;0.51;0.60;0.00;70.04;489.01;3349.41;66.75;30.75;18.02;5.43;11.74;3.10;8.01;36.37;14.42;17.52;3.94;
3.02;19.37;12.62;4.78;6.43;5.21;3.05;0.00;0.00;0.00;0.04;0.04;0.05;3.69;8.05;1.08;23.78;18.57;11.91;6.08;0.94;1.05;0.24;0.47;14.83;4.14;3.17;9.03;2.65;0.00;0.01;0.51;0.60;0.00;68.49;446.94;3013.92;66.15;29.16;9.47;3.14;6.99;4.78;12.00;60.13;20.77;24.06;6.09;
3.02;19.37;12.62;4.78;6.43;5.21;3.05;0.00;0.00;0.00;0.04;0.04;0.05;3.69;8.06;1.08;23.79;18.58;11.92;6.10;0.94;1.05;0.24;0.47;14.49;4.10;3.02;8.90;2.62;0.00;0.01;0.51;0.60;0.00;59.91;260.84;1602.47;62.63;21.25;9.40;3.12;6.95;11.29;26.77;163.15;42.85;45.16;14.52;
3.02;19.37;12.62;4.78;6.43;5.21;3.05;0.00;0.00;0.00;0.04;0.04;0.05;3.69;8.06;1.08;23.79;18.58;11.92;6.11;0.94;1.05;0.24;0.47;14.54;4.10;3.04;8.92;2.62;0.00;0.01;0.51;0.60;0.00;42.22;63.85;307.45;54.30;9.28;10.27;3.37;7.47;26.70;59.83;443.60;88.54;84.90;34.66;
3.02;19.37;12.62;4.78;6.43;5.21;3.05;0.00;0.00;0.00;0.04;0.04;0.05;3.69;8.06;1.08;23.79;18.58;11.92;6.11;0.94;1.05;0.24;0.47;14.66;4.12;3.10;8.97;2.63;0.00;0.01;0.51;0.60;0.00;91.48;1431.63;11809.24;74.43;57.84;14.48;4.51;9.84;40.07;87.46;711.20;124.70;114.36;52.25;
3.02;19.42;12.65;4.79;6.44;5.22;3.06;0.00;0.00;0.00;0.04;0.04;0.05;3.69;8.06;1.08;23.79;18.58;11.92;6.11;0.94;1.05;0.24;0.47;14.80;4.13;3.16;9.02;2.64;0.00;0.01;0.51;0.60;0.00;88.80;1270.66;10267.29;73.54;53.92;12.31;3.93;8.63;8.73;21.04;120.96;34.49;37.39;11.19;
3.02;19.38;12.63;4.79;6.43;5.21;3.06;0.00;0.00;0.00;0.04;0.04;0.05;3.69;8.06;1.08;23.79;18.58;11.92;6.11;0.94;1.05;0.24;0.47;14.72;4.12;3.12;8.99;2.64;0.00;0.01;0.51;0.60;0.00;64.85;358.86;2329.78;64.69;25.63;10.28;3.37;7.47;7.58;18.45;102.74;30.64;33.73;9.71;
3.02;19.38;12.63;4.78;6.43;5.21;3.05;0.00;0.00;0.00;0.04;0.04;0.05;3.69;8.06;1.08;23.79;18.58;11.92;6.11;0.94;1.05;0.24;0.47;14.47;4.10;3.01;8.89;2.62;0.00;0.01;0.51;0.60;0.00;66.08;387.06;2546.00;65.19;26.80;8.25;2.79;6.26;2.50;6.53;28.23;12.00;14.93;3.16;
3.02;19.37;12.63;4.78;6.43;5.21;3.05;0.00;0.00;0.00;0.04;0.04;0.05;3.69;8.06;1.08;23.79;18.58;11.92;6.11;0.94;1.05;0.24;0.47;14.42;4.09;2.99;8.87;2.62;0.00;0.01;0.51;0.60;0.00;55.75;195.29;1141.10;60.82;17.92;7.63;2.61;5.87;2.59;6.75;29.41;12.36;15.32;3.27;
3.03;19.46;12.67;4.80;6.46;5.22;3.06;0.00;0.00;0.00;0.04;0.04;0.05;3.69;8.06;1.08;23.79;18.58;11.92;6.06;0.94;1.04;0.24;0.46;14.41;4.09;2.99;8.87;2.62;0.00;0.01;0.51;0.60;0.00;67.27;415.71;2768.46;65.66;27.95;10.34;3.39;7.51;0.47;1.38;4.09;2.95;4.41;0.59;
3.02;19.39;12.63;4.79;6.43;5.21;3.06;0.00;0.00;0.00;0.04;0.04;0.05;3.69;8.06;1.08;23.79;18.58;11.92;6.01;0.93;1.03;0.24;0.46;14.29;4.07;2.93;8.83;2.61;0.00;0.01;0.51;0.60;0.00;60.06;263.49;1621.53;62.70;21.37;10.24;3.36;7.45;0.62;1.77;5.55;3.69;5.35;0.77;
3.02;19.38;12.63;4.78;6.43;5.21;3.05;0.00;0.00;0.00;0.04;0.04;0.05;3.66;8.04;1.07;23.70;18.54;11.84;5.91;0.92;1.00;0.23;0.46;14.50;4.10;3.02;8.90;2.62;0.00;0.01;0.51;0.60;0.00;46.70;95.76;494.63;56.58;11.78;10.35;3.39;7.51;0.82;2.32;7.78;4.71;6.62;1.03;
3.02;19.38;12.63;4.78;6.43;5.21;3.05;0.00;0.00;0.00;0.04;0.04;0.05;3.58;8.00;1.04;23.49;18.45;11.67;5.80;0.92;0.97;0.23;0.45;14.43;4.09;2.99;8.88;2.62;0.00;0.01;0.51;0.60;0.00;76.92;713.07;5213.57;69.35;38.39;10.50;3.43;7.60;0.69;1.96;6.31;4.05;5.80;0.86;
3.02;19.37;12.63;4.78;6.43;5.21;3.05;0.00;0.00;0.00;0.04;0.04;0.05;3.50;7.96;1.00;23.25;18.35;11.49;5.78;0.91;0.97;0.23;0.45;14.41;4.09;2.99;8.87;2.62;0.00;0.01;0.51;0.60;0.00;40.04;51.57;239.29;53.14;8.19;8.45;2.85;6.38;1.16;3.19;11.57;6.28;8.50;1.45;
3.02;19.37;12.63;4.78;6.43;5.21;3.05;0.00;0.00;0.00;0.04;0.04;0.05;3.48;7.96;0.99;23.21;18.33;11.45;5.69;0.91;0.94;0.22;0.45;14.41;4.09;2.98;8.87;2.62;0.00;0.01;0.51;0.60;0.00;65.96;384.09;2523.04;65.14;26.68;10.01;3.29;7.31;0.49;1.43;4.29;3.06;4.54;0.61;
3.02;19.37;12.63;4.78;6.43;5.21;3.05;0.00;0.00;0.00;0.04;0.04;0.05;3.48;7.96;0.99;23.20;18.32;11.44;5.60;0.90;0.92;0.22;0.45;14.41;4.09;2.98;8.87;2.62;0.00;0.01;0.51;0.60;0.00;54.97;184.62;1068.31;60.48;17.34;10.40;3.40;7.54;0.86;2.41;8.18;4.89;6.83;1.08;
3.01;19.33;12.60;4.77;6.42;5.20;3.05;0.00;0.00;0.00;0.04;0.04;0.05;3.48;7.96;0.99;23.20;18.32;11.44;5.57;0.89;0.91;0.22;0.44;14.52;4.10;3.03;8.91;2.62;0.00;0.01;0.51;0.60;0.00;48.10;107.83;568.53;57.27;12.64;8.63;2.90;6.49;0.35;1.03;2.85;2.27;3.51;0.43;
3.01;19.32;12.60;4.77;6.41;5.20;3.05;0.00;0.00;0.00;0.04;0.04;0.05;3.48;7.96;0.99;23.20;18.32;11.44;5.51;0.89;0.90;0.22;0.44;14.66;4.12;3.10;8.96;2.63;0.00;0.01;0.51;0.60;0.00;47.39;101.61;530.26;56.92;12.20;7.41;2.55;5.74;0.80;2.24;7.48;4.58;6.46;0.99;
3.00;19.23;12.55;4.75;6.39;5.18;3.04;0.00;0.00;0.00;0.04;0.04;0.05;3.48;7.96;0.99;23.20;18.32;11.44;5.47;0.89;0.89;0.22;0.44;14.23;4.07;2.91;8.80;2.60;0.00;0.01;0.51;0.60;0.00;38.34;43.34;195.13;52.21;7.39;11.38;3.67;8.11;1.96;5.21;21.31;9.78;12.50;2.47;
2.99;19.13;12.50;4.73;6.36;5.16;3.03;0.00;0.00;0.00;0.04;0.04;0.04;3.48;7.96;0.99;23.20;18.32;11.44;5.46;0.88;0.88;0.22;0.44;14.49;4.10;3.02;8.90;2.62;0.00;0.01;0.50;0.60;0.00;49.30;119.11;638.88;57.85;13.40;9.79;3.23;7.18;1.38;3.76;14.22;7.30;9.68;1.74;
2.99;19.11;12.49;4.73;6.35;5.16;3.02;0.00;0.00;0.00;0.04;0.04;0.04;3.48;7.96;0.99;23.20;18.32;11.44;5.37;0.88;0.86;0.21;0.44;14.54;4.10;3.04;8.92;2.62;0.00;0.01;0.50;0.60;0.00;54.88;183.32;1059.52;60.43;17.27;10.60;3.46;7.66;0.38;1.12;3.16;2.45;3.75;0.47;
2.99;19.11;12.49;4.72;6.35;5.16;3.02;0.00;0.00;0.00;0.04;0.04;0.04;3.48;7.96;0.99;23.20;18.32;11.44;5.36;0.88;0.86;0.21;0.44;14.55;4.10;3.05;8.92;2.63;0.00;0.01;0.51;0.60;0.00;62.64;312.15;1978.20;63.78;23.61;9.15;3.05;6.80;0.48;1.39;4.11;2.97;4.43;0.59;
2.99;19.11;12.49;4.72;6.35;5.16;3.02;0.00;0.00;0.00;0.04;0.04;0.04;3.48;7.96;0.99;23.20;18.32;11.44;5.35;0.88;0.86;0.21;0.43;14.21;4.06;2.90;8.79;2.60;0.00;0.01;0.51;0.60;0.00;84.41;1036.26;8082.87;72.03;47.82;9.50;3.15;7.01;0.78;2.20;7.31;4.50;6.37;0.97;
2.99;19.11;12.49;4.72;6.35;5.16;3.02;0.00;0.00;0.00;0.04;0.04;0.04;3.48;7.96;0.99;23.20;18.32;11.44;5.32;0.87;0.85;0.21;0.43;14.37;4.08;2.97;8.85;2.61;0.00;0.01;0.50;0.60;0.00;98.00;1888.95;16347.39;76.55;68.08;10.35;3.39;7.51;0.39;1.14;3.24;2.49;3.81;0.48;
2.99;19.11;12.49;4.72;6.35;5.16;3.02;0.00;0.00;0.00;0.04;0.04;0.04;3.48;7.96;0.99;23.20;18.32;11.44;5.26;0.87;0.84;0.21;0.43;14.29;4.07;2.93;8.82;2.61;0.00;0.01;0.50;0.60;0.00;37.53;39.76;176.37;51.76;7.03;10.87;3.53;7.81;2.23;5.89;24.82;10.93;13.77;2.82;
2.99;19.11;12.49;4.72;6.35;5.16;3.02;0.00;0.00;0.00;0.04;0.04;0.04;3.48;7.96;0.99;23.20;18.32;11.44;5.25;0.87;0.83;0.21;0.43;14.50;4.10;3.02;8.90;2.62;0.00;0.01;0.50;0.60;0.00;55.95;198.09;1160.38;60.91;18.07;10.77;3.50;7.75;0.97;2.69;9.37;5.39;7.44;1.21;
2.99;19.11;12.49;4.72;6.35;5.16;3.02;0.00;0.00;0.00;0.04;0.04;0.04;3.44;7.94;0.98;23.10;18.28;11.37;5.25;0.87;0.83;0.21;0.43;14.54;4.10;3.04;8.92;2.62;0.00;0.01;0.50;0.60;0.00;39.72;49.93;230.39;52.97;8.03;8.00;2.72;6.11;0.65;1.85;5.88;3.84;5.55;0.81;
2.98;19.06;12.46;4.71;6.34;5.15;3.02;0.00;0.00;0.00;0.04;0.04;0.04;3.47;7.95;0.99;23.18;18.32;11.43;5.19;0.86;0.82;0.21;0.43;14.32;4.08;2.95;8.84;2.61;0.00;0.01;0.50;0.60;0.00;52.60;154.59;867.47;59.40;15.62;10.68;3.48;7.71;0.61;1.76;5.53;3.67;5.33;0.76;
2.98;19.05;12.46;4.71;6.33;5.15;3.02;0.00;0.00;0.00;0.04;0.04;0.04;3.38;7.91;0.95;22.91;18.20;11.22;5.16;0.86;0.81;0.21;0.43;14.39;4.09;2.98;8.86;2.61;0.00;0.01;0.50;0.60;0.00;38.36;43.43;195.64;52.22;7.40;9.27;3.09;6.87;0.94;2.62;9.07;5.26;7.29;1.18;
2.97;18.97;12.42;4.69;6.31;5.13;3.01;0.00;0.00;0.00;0.04;0.04;0.04;3.42;7.93;0.97;23.05;18.26;11.32;5.15;0.86;0.81;0.20;0.43;14.40;4.09;2.98;8.87;2.62;0.00;0.01;0.50;0.60;0.00;31.51;19.68;77.30;48.20;4.65;8.38;2.83;6.34;0.72;2.05;6.67;4.21;6.00;0.90;
2.97;18.91;12.39;4.68;6.29;5.12;3.00;0.00;0.00;0.00;0.04;0.04;0.04;3.37;7.90;0.95;22.88;18.19;11.20;5.15;0.86;0.81;0.20;0.43;14.41;4.09;2.98;8.87;2.62;0.00;0.01;0.50;0.60;0.00;34.11;27.08;112.41;49.78;5.61;12.84;4.07;8.94;4.13;10.46;50.73;18.36;21.61;5.26;
2.96;18.85;12.36;4.67;6.28;5.11;2.99;0.00;0.00;0.00;0.04;0.04;0.04;3.32;7.88;0.93;22.76;18.13;11.10;5.15;0.86;0.81;0.20;0.43;14.41;4.09;2.98;8.87;2.62;0.00;0.01;0.50;0.60;0.00;29.36;14.81;55.38;46.83;3.93;10.86;3.53;7.81;1.44;3.91;14.91;7.55;9.98;1.81;
2.96;18.84;12.35;4.67;6.27;5.10;2.99;0.00;0.00;0.00;0.04;0.04;0.04;3.31;7.88;0.92;22.74;18.12;11.08;5.10;0.85;0.80;0.20;0.42;14.41;4.09;2.98;8.87;2.62;0.00;0.01;0.50;0.60;0.00;25.16;7.96;26.74;43.97;2.73;11.58;3.73;8.22;0.95;2.64;9.16;5.30;7.34;1.19;
2.96;18.84;12.35;4.67;6.27;5.10;2.99;0.00;0.00;0.00;0.04;0.04;0.04;3.31;7.87;0.92;22.73;18.12;11.07;5.06;0.85;0.79;0.20;0.42;14.29;4.07;2.93;8.83;2.61;0.00;0.01;0.50;0.60;0.00;35.69;32.47;139.08;50.71;6.24;9.24;3.08;6.85;1.24;3.40;12.55;6.66;8.95;1.56;
2.96;18.84;12.35;4.66;6.27;5.10;2.99;0.00;0.00;0.00;0.04;0.04;0.04;3.28;7.86;0.91;22.64;18.08;11.00;5.06;0.85;0.79;0.20;0.42;14.38;4.09;2.97;8.86;2.61;0.00;0.01;0.50;0.60;0.00;34.71;29.03;121.98;50.13;5.84;10.31;3.38;7.49;0.46;1.35;3.96;2.89;4.33;0.57;
2.96;18.84;12.35;4.66;6.27;5.10;2.99;0.00;0.00;0.00;0.04;0.04;0.04;3.27;7.86;0.91;22.62;18.07;10.99;5.05;0.85;0.79;0.20;0.42;14.40;4.09;2.98;8.87;2.61;0.00;0.01;0.50;0.60;0.00;44.88;81.62;410.09;55.67;10.73;11.14;3.61;7.97;0.79;2.23;7.43;4.55;6.43;0.99;
2.96;18.84;12.35;4.66;6.27;5.10;2.99;0.00;0.00;0.00;0.04;0.04;0.04;3.27;7.86;0.91;22.61;18.07;10.98;5.05;0.85;0.79;0.20;0.42;14.18;4.06;2.88;8.78;2.60;0.00;0.01;0.50;0.60;0.00;45.20;83.96;423.93;55.83;10.91;8.18;2.77;6.22;0.93;2.60;9.00;5.24;7.26;1.17;
2.96;18.84;12.35;4.66;6.27;5.10;2.99;0.00;0.00;0.00;0.04;0.04;0.04;3.27;7.85;0.91;22.61;18.07;10.98;5.05;0.85;0.79;0.20;0.42;14.47;4.10;3.01;8.89;2.62;0.00;0.01;0.50;0.60;0.00;37.38;39.13;173.09;51.67;6.96;6.56;2.30;5.20;1.14;3.13;11.32;6.18;8.39;1.43;
2.96;18.84;12.35;4.66;6.27;5.10;2.99;0.00;0.00;0.00;0.04;0.04;0.04;3.27;7.85;0.91;22.61;18.07;10.98;5.05;0.85;0.79;0.20;0.42;14.42;4.09;2.99;8.87;2.62;0.00;0.01;0.50;0.60;0.00;41.87;61.74;295.59;54.12;9.10;10.31;3.38;7.49;1.08;2.98;10.65;5.91;8.07;1.35;
2.96;18.84;12.35;4.66;6.27;5.10;2.99;0.00;0.00;0.00;0.04;0.04;0.04;3.27;7.85;0.91;22.61;18.07;10.98;5.04;0.85;0.78;0.20;0.42;14.30;4.08;2.94;8.83;2.61;0.00;0.01;0.50;0.60;0.00;46.86;97.11;502.81;56.66;11.88;10.26;3.36;7.46;0.40;1.19;3.39;2.58;3.92;0.50;
2.96;18.84;12.35;4.66;6.27;5.10;2.99;0.00;0.00;0.00;0.04;0.04;0.04;3.27;7.85;0.91;22.61;18.07;10.98;4.97;0.84;0.77;0.20;0.42;14.27;4.07;2.92;8.82;2.61;0.00;0.01;0.50;0.60;0.00;57.79;225.65;1351.91;61.72;19.51;10.40;3.40;7.54;0.56;1.61;4.96;3.40;4.98;0.70;
2.96;18.84;12.35;4.66;6.27;5.10;2.99;0.00;0.00;0.00;0.04;0.04;0.04;3.27;7.85;0.91;22.61;18.07;10.98;4.96;0.84;0.76;0.20;0.42;14.38;4.09;2.97;8.86;2.61;0.00;0.01;0.50;0.60;0.00;37.43;39.34;174.18;51.70;6.98;10.37;3.39;7.52;0.74;2.11;6.92;4.33;6.15;0.93;
2.96;18.84;12.35;4.66;6.27;5.10;2.99;0.00;0.00;0.00;0.04;0.04;0.04;3.27;7.85;0.91;22.61;18.07;10.98;4.96;0.84;0.76;0.20;0.42;14.29;4.07;2.93;8.82;2.61;0.00;0.01;0.50;0.60;0.00;43.27;70.46;345.14;54.85;9.84;8.32;2.81;6.30;0.57;1.64;5.07;3.45;5.05;0.71;
2.96;18.84;12.35;4.66;6.27;5.10;2.99;0.00;0.00;0.00;0.04;0.04;0.04;3.27;7.85;0.91;22.61;18.07;10.98;4.96;0.84;0.76;0.20;0.42;14.27;4.07;2.92;8.82;2.61;0.00;0.01;0.50;0.60;0.00;46.55;94.57;487.40;56.51;11.70;9.18;3.06;6.82;1.68;4.51;17.82;8.59;11.17;2.12;
2.96;18.84;12.35;4.66;6.27;5.10;2.99;0.00;0.00;0.00;0.04;0.04;0.04;3.27;7.85;0.91;22.61;18.07;10.98;4.96;0.84;0.76;0.20;0.42;14.27;4.07;2.92;8.81;2.61;0.00;0.01;0.50;0.60;0.00;33.36;24.76;101.19;49.33;5.32;10.65;3.47;7.69;0.96;2.67;9.27;5.35;7.39;1.20;
2.96;18.84;12.35;4.66;6.27;5.10;2.99;0.00;0.00;0.00;0.04;0.04;0.04;3.27;7.85;0.91;22.61;18.07;10.98;4.96;0.84;0.76;0.20;0.42;14.38;4.08;2.97;8.86;2.61;0.00;0.01;0.50;0.60;0.00;33.51;25.19;103.27;49.42;5.37;11.20;3.62;8.00;1.52;4.10;15.84;7.89;10.37;1.91;
2.94;18.67;12.26;4.63;6.22;5.07;2.97;0.00;0.00;0.00;0.04;0.04;0.04;3.27;7.85;0.91;22.61;18.07;10.98;4.96;0.84;0.76;0.20;0.42;14.40;4.09;2.98;8.87;2.61;0.00;0.01;0.50;0.60;0.00;53.33;163.32;925.27;59.73;16.13;10.22;3.35;7.43;0.28;0.85;2.24;1.91;3.02;0.35;
2.94;18.72;12.29;4.64;6.24;5.08;2.98;0.00;0.00;0.00;0.04;0.04;0.04;3.27;7.85;0.91;22.61;18.07;10.98;4.96;0.84;0.76;0.20;0.42;14.29;4.07;2.93;8.82;2.61;0.00;0.01;0.50;0.60;0.00;41.12;57.40;271.34;53.72;8.72;10.88;3.53;7.82;0.76;2.15;7.10;4.41;6.25;0.95;
2.94;18.65;12.25;4.62;6.21;5.07;2.97;0.00;0.00;0.00;0.04;0.04;0.04;3.27;7.85;0.91;22.61;18.07;10.98;4.93;0.84;0.76;0.20;0.42;14.38;4.09;2.97;8.86;2.61;0.00;0.01;0.50;0.60;0.00;50.23;128.39;697.72;58.29;14.00;10.76;3.50;7.75;1.03;2.87;10.14;5.71;7.82;1.30;
2.93;18.59;12.22;4.61;6.20;5.06;2.96;0.00;0.00;0.00;0.04;0.04;0.04;3.27;7.85;0.91;22.61;18.07;10.98;4.89;0.83;0.75;0.20;0.41;14.06;4.05;2.84;8.74;2.59;0.00;0.01;0.50;0.60;0.00;49.53;121.32;652.87;57.96;13.54;8.30;2.81;6.29;0.95;2.66;9.23;5.33;7.37;1.19;
2.93;18.58;12.22;4.61;6.19;5.05;2.96;0.00;0.00;0.00;0.04;0.04;0.04;3.27;7.85;0.91;22.61;18.07;10.98;4.90;0.83;0.75;0.20;0.41;14.22;4.07;2.90;8.80;2.60;0.00;0.01;0.50;0.60;0.00;48.22;108.93;575.36;57.33;12.71;11.21;3.63;8.01;0.57;1.64;5.06;3.45;5.04;0.71;
2.93;18.58;12.22;4.61;6.19;5.05;2.96;0.00;0.00;0.00;0.04;0.04;0.04;3.27;7.85;0.91;22.61;18.07;10.98;4.87;0.83;0.74;0.19;0.41;14.37;4.08;2.97;8.85;2.61;0.00;0.01;0.50;0.60;0.00;47.91;106.17;558.27;57.18;12.52;10.24;3.36;7.45;0.52;1.51;4.58;3.21;4.74;0.65;
2.93;18.58;12.22;4.61;6.19;5.05;2.96;0.00;0.00;0.00;0.04;0.04;0.04;3.27;7.85;0.91;22.61;18.07;10.98;4.87;0.83;0.74;0.19;0.41;14.51;4.10;3.03;8.91;2.62;0.00;0.01;0.50;0.60;0.00;49.51;121.12;651.60;57.95;13.53;8.09;2.75;6.16;0.55;1.58;4.82;3.33;4.89;0.68;
2.93;18.58;12.22;4.61;6.19;5.05;2.96;0.00;0.00;0.00;0.04;0.04;0.04;3.27;7.85;0.91;22.61;18.07;10.98;4.87;0.83;0.74;0.19;0.41;14.31;4.08;2.94;8.83;2.61;0.00;0.01;0.50;0.60;0.00;65.74;379.11;2484.74;65.05;26.47;11.17;3.61;7.99;1.61;4.35;17.02;8.31;10.85;2.03;
2.93;18.58;12.22;4.61;6.19;5.05;2.96;0.00;0.00;0.00;0.04;0.04;0.04;3.27;7.85;0.91;22.61;18.07;10.98;4.87;0.83;0.74;0.19;0.41;14.16;4.06;2.88;8.77;2.60;0.00;0.01;0.50;0.60;0.00;49.06;116.79;624.34;57.73;13.24;12.01;3.84;8.47;1.16;3.19;11.56;6.28;8.50;1.45;
2.93;18.58;12.22;4.61;6.19;5.05;2.96;0.00;0.00;0.00;0.04;0.04;0.04;3.27;7.85;0.91;22.61;18.07;10.98;4.87;0.83;0.74;0.19;0.41;14.24;4.07;2.91;8.81;2.60;0.00;0.01;0.50;0.60;0.00;48.11;107.98;569.43;57.28;12.65;8.83;2.96;6.61;0.59;1.71;5.33;3.58;5.21;0.74;
2.93;18.58;12.22;4.61;6.19;5.05;2.96;0.00;0.00;0.00;0.04;0.04;0.04;3.27;7.85;0.91;22.61;18.07;10.98;4.87;0.83;0.74;0.19;0.41;14.37;4.08;2.97;8.86;2.61;0.00;0.01;0.50;0.60;0.00;35.57;32.06;137.02;50.64;6.19;9.69;3.20;7.12;0.40;1.19;3.39;2.58;3.92;0.50;
2.93;18.58;12.22;4.61;6.19;5.05;2.96;0.00;0.00;0.00;0.04;0.04;0.04;3.27;7.85;0.91;22.61;18.07;10.98;4.87;0.83;0.74;0.19;0.41;14.29;4.07;2.93;8.82;2.61;0.00;0.01;0.50;0.60;0.00;45.51;86.33;438.01;55.99;11.09;10.65;3.47;7.69;0.70;1.98;6.41;4.09;5.86;0.87;
2.93;18.58;12.22;4.61;6.19;5.05;2.96;0.00;0.00;0.00;0.04;0.04;0.04;3.24;7.84;0.89;22.52;18.03;10.91;4.87;0.83;0.74;0.19;0.41;14.38;4.09;2.97;8.86;2.61;0.00;0.01;0.50;0.60;0.00;50.86;134.98;739.85;58.59;14.42;9.55;3.17;7.04;0.69;1.97;6.37;4.08;5.84;0.87;
2.93;18.58;12.22;4.61;6.19;5.05;2.96;0.00;0.00;0.00;0.04;0.04;0.04;3.24;7.84;0.89;22.50;18.02;10.90;4.87;0.83;0.74;0.19;0.41;14.52;4.10;3.03;8.91;2.62;0.00;0.01;0.50;0.60;0.00;38.07;42.10;188.61;52.06;7.27;9.27;3.08;6.87;0.81;2.29;7.65;4.65;6.55;1.01;
2.93;18.58;12.22;4.61;6.19;5.05;2.96;0.00;0.00;0.00;0.04;0.04;0.04;3.17;7.80;0.87;22.32;17.94;10.75;4.87;0.83;0.74;0.19;0.41;14.31;4.08;2.94;8.83;2.61;0.00;0.01;0.50;0.60;0.00;49.13;117.47;628.61;57.77;13.29;9.00;3.01;6.71;0.81;2.27;7.59;4.63;6.52;1.01;
2.93;18.58;12.22;4.61;6.19;5.05;2.96;0.00;0.00;0.00;0.04;0.04;0.04;3.16;7.80;0.86;22.28;17.92;10.72;4.87;0.83;0.74;0.19;0.41;14.39;4.09;2.98;8.86;2.61;0.00;0.01;0.50;0.60;0.00;49.21;118.21;633.28;57.80;13.34;8.97;3.00;6.69;0.39;1.15;3.26;2.51;3.82;0.48;
2.93;18.58;12.22;4.61;6.19;5.05;2.96;0.00;0.00;0.00;0.04;0.04;0.04;3.13;7.78;0.85;22.18;17.88;10.65;4.85;0.83;0.74;0.19;0.41;14.40;4.09;2.98;8.87;2.62;0.00;0.01;0.50;0.60;0.00;51.52;142.21;786.59;58.90;14.87;8.83;2.96;6.61;0.77;2.17;7.16;4.44;6.28;0.96;
2.93;18.58;12.22;4.61;6.19;5.05;2.96;0.00;0.00;0.00;0.04;0.04;0.04;3.12;7.78;0.84;22.16;17.87;10.63;4.82;0.83;0.73;0.19;0.41;14.29;4.07;2.93;8.82;2.61;0.00;0.01;0.50;0.60;0.00;55.98;198.54;1163.41;60.92;18.09;8.31;2.81;6.29;0.26;0.78;2.01;1.76;2.81;0.32;
2.93;18.58;12.22;4.61;6.19;5.05;2.96;0.00;0.00;0.00;0.04;0.04;0.04;3.12;7.78;0.84;22.16;17.87;10.63;4.81;0.82;0.73;0.19;0.41;14.27;4.07;2.92;8.82;2.61;0.00;0.01;0.50;0.60;0.00;63.97;339.55;2183.40;64.33;24.81;10.32;3.38;7.49;0.18;0.55;1.31;1.30;2.16;0.22;
2.93;18.58;12.22;4.61;6.19;5.05;2.96;0.00;0.00;0.00;0.04;0.04;0.04;3.15;7.79;0.86;22.25;17.91;10.70;4.80;0.82;0.72;0.19;0.41;14.38;4.09;2.97;8.86;2.61;0.00;0.01;0.50;0.60;0.00;49.58;121.84;656.14;57.98;13.58;10.06;3.31;7.34;0.68;1.94;6.23;4.01;5.75;0.85;
2.93;18.58;12.22;4.61;6.19;5.05;2.96;0.00;0.00;0.00;0.04;0.04;0.04;3.12;7.78;0.85;22.17;17.88;10.64;4.78;0.82;0.72;0.19;0.41;14.17;4.06;2.88;8.78;2.60;0.00;0.01;0.50;0.60;0.00;43.39;71.27;349.78;54.91;9.90;10.00;3.29;7.30;0.75;2.13;7.02;4.37;6.20;0.94;
2.93;18.58;12.22;4.61;6.19;5.05;2.96;0.00;0.00;0.00;0.04;0.04;0.04;3.09;7.76;0.83;22.07;17.83;10.56;4.77;0.82;0.72;0.19;0.41;14.36;4.08;2.96;8.85;2.61;0.00;0.01;0.50;0.60;0.00;40.20;52.40;243.82;53.23;8.27;7.69;2.63;5.91;0.90;2.52;8.64;5.08;7.07;1.13;
2.92;18.54;12.19;4.60;6.18;5.05;2.96;0.00;0.00;0.00;0.04;0.04;0.04;3.11;7.77;0.84;22.14;17.86;10.62;4.77;0.82;0.72;0.19;0.41;14.40;4.09;2.98;8.87;2.61;0.00;0.01;0.50;0.60;0.00;30.81;17.99;69.56;47.76;4.41;8.84;2.96;6.61;0.69;1.98;6.39;4.08;5.84;0.87;
2.92;18.53;12.19;4.60;6.18;5.04;2.96;0.00;0.00;0.00;0.04;0.04;0.04;3.09;7.76;0.83;22.06;17.83;10.56;4.77;0.82;0.72;0.19;0.41;14.52;4.10;3.03;8.91;2.62;0.00;0.01;0.50;0.60;0.00;48.69;113.25;602.18;57.55;13.01;7.07;2.45;5.53;0.49;1.42;4.23;3.03;4.50;0.61;
2.91;18.45;12.15;4.58;6.15;5.03;2.95;0.00;0.00;0.00;0.04;0.04;0.04;3.08;7.76;0.83;22.05;17.82;10.55;4.77;0.82;0.72;0.19;0.41;14.32;4.08;2.94;8.83;2.61;0.00;0.01;0.50;0.60;0.00;45.86;89.07;454.32;56.17;11.29;9.77;3.23;7.17;0.10;0.33;0.70;0.82;1.45;0.13;
2.91;18.43;12.14;4.57;6.15;5.02;2.94;0.00;0.00;0.00;0.04;0.04;0.04;3.11;7.77;0.84;22.13;17.86;10.61;4.77;0.82;0.72;0.19;0.41;14.39;4.09;2.98;8.86;2.61;0.00;0.01;0.50;0.60;0.00;44.45;78.52;391.87;55.45;10.49;10.80;3.51;7.77;0.21;0.65;1.62;1.51;2.46;0.26;
2.91;18.38;12.12;4.56;6.14;5.02;2.94;0.00;0.00;0.00;0.04;0.04;0.04;3.09;7.76;0.83;22.06;17.83;10.56;4.77;0.82;0.72;0.19;0.41;14.40;4.09;2.98;8.87;2.61;0.00;0.01;0.50;0.60;0.00;43.30;70.67;346.35;54.87;9.86;10.99;3.57;7.88;0.18;0.55;1.31;1.29;2.15;0.22;
2.91;18.38;12.11;4.56;6.13;5.01;2.94;0.00;0.00;0.00;0.04;0.04;0.04;3.08;7.76;0.83;22.05;17.82;10.55;4.77;0.82;0.72;0.19;0.41;14.52;4.10;3.03;8.91;2.62;0.00;0.01;0.50;0.60;0.00;36.18;34.29;148.28;50.99;6.44;11.23;3.63;8.02;0.43;1.26;3.65;2.72;4.11;0.53;
2.91;18.41;12.13;4.57;6.15;5.02;2.94;0.00;0.00;0.00;0.04;0.04;0.04;3.08;7.76;0.83;22.04;17.82;10.54;4.77;0.82;0.72;0.19;0.41;14.43;4.09;2.99;8.88;2.62;0.00;0.01;0.50;0.60;0.00;39.05;46.65;212.75;52.60;7.72;9.48;3.14;7.00;0.71;2.01;6.51;4.14;5.92;0.88;
2.90;18.34;12.09;4.55;6.12;5.01;2.93;0.00;0.00;0.00;0.04;0.04;0.04;3.08;7.76;0.83;22.04;17.82;10.54;4.77;0.82;0.72;0.19;0.41;14.18;4.06;2.89;8.78;2.60;0.00;0.01;0.50;0.60;0.00;42.80;67.47;328.03;54.61;9.59;7.50;2.58;5.79;0.59;1.70;5.30;3.56;5.19;0.74;
2.90;18.37;12.11;4.56;6.13;5.01;2.94;0.00;0.00;0.00;0.04;0.04;0.04;3.11;7.77;0.84;22.13;17.86;10.61;4.77;0.82;0.72;0.19;0.41;14.25;4.07;2.91;8.81;2.60;0.00;0.01;0.50;0.60;0.00;40.96;56.54;266.59;53.64;8.64;7.57;2.60;5.84;0.97;2.69;9.38;5.40;7.45;1.21;
2.90;18.33;12.09;4.55;6.12;5.01;2.93;0.00;0.00;0.00;0.04;0.04;0.04;3.09;7.76;0.83;22.06;17.83;10.56;4.77;0.82;0.72;0.19;0.41;14.26;4.07;2.92;8.81;2.60;0.00;0.01;0.50;0.60;0.00;58.59;238.59;1443.29;62.07;20.16;6.60;2.31;5.23;0.17;0.54;1.28;1.27;2.12;0.21;
2.90;18.32;12.08;4.55;6.12;5.00;2.93;0.00;0.00;0.00;0.04;0.04;0.04;3.08;7.76;0.83;22.05;17.82;10.55;4.77;0.82;0.72;0.19;0.41;14.49;4.10;3.02;8.90;2.62;0.00;0.01;0.50;0.60;0.00;28.74;13.59;50.08;46.42;3.74;8.83;2.96;6.61;1.07;2.96;10.55;5.87;8.02;1.34;
2.90;18.32;12.08;4.55;6.12;5.00;2.93;0.00;0.00;0.00;0.04;0.04;0.04;3.08;7.76;0.83;22.04;17.82;10.54;4.77;0.82;0.72;0.19;0.41;14.31;4.08;2.94;8.83;2.61;0.00;0.01;0.50;0.60;0.00;39.96;51.14;237.00;53.10;8.15;8.03;2.73;6.12;0.61;1.76;5.52;3.67;5.33;0.76;
2.90;18.32;12.08;4.55;6.12;5.00;2.93;0.00;0.00;0.00;0.04;0.04;0.04;3.08;7.76;0.83;22.04;17.82;10.54;4.77;0.82;0.72;0.19;0.41;14.39;4.09;2.98;8.86;2.61;0.00;0.01;0.50;0.60;0.00;52.64;155.01;870.25;59.41;15.64;9.36;3.11;6.93;0.59;1.70;5.28;3.56;5.19;0.74;
2.90;18.32;12.08;4.55;6.12;5.00;2.93;0.00;0.00;0.00;0.04;0.04;0.04;3.08;7.76;0.83;22.04;17.82;10.54;4.77;0.82;0.72;0.19;0.41;14.29;4.07;2.93;8.82;2.61;0.00;0.01;0.50;0.60;0.00;56.12;200.53;1177.14;60.98;18.20;7.60;2.61;5.86;0.48;1.39;4.12;2.97;4.43;0.59;
2.90;18.32;12.08;4.55;6.12;5.00;2.93;0.00;0.00;0.00;0.04;0.04;0.04;3.08;7.76;0.83;22.04;17.82;10.54;4.77;0.82;0.72;0.19;0.41;14.27;4.07;2.92;8.82;2.61;0.00;0.01;0.50;0.60;0.00;77.41;731.38;5370.93;69.53;38.96;9.84;3.25;7.21;0.38;1.13;3.18;2.46;3.76;0.47;
2.90;18.32;12.08;4.55;6.12;5.00;2.93;0.00;0.00;0.00;0.04;0.04;0.04;3.08;7.76;0.83;22.04;17.82;10.54;4.77;0.82;0.72;0.19;0.41;14.38;4.09;2.97;8.86;2.61;0.00;0.01;0.50;0.60;0.00;78.73;782.84;5816.88;70.01;40.55;13.25;4.18;9.17;1.23;3.38;12.46;6.63;8.91;1.55;
