4.61;34.95;20.06;8.14;10.87;7.93;4.70;0.00;0.00;0.00;0.08;0.07;0.08;61.60;14.59;70.65;78.50;35.66;80.91;12.91;1.43;3.37;0.47;0.70;53.86;7.06;48.55;20.02;4.39;0.02;0.05;0.70;0.81;0.01;22.31;4.91;15.16;41.87;2.05;30.62;8.52;17.99;2.15;5.69;23.79;10.60;13.40;2.72;
3.11;20.24;13.07;4.98;6.69;5.37;3.15;0.00;0.00;0.00;0.04;0.04;0.04;5.33;8.71;1.87;27.81;20.23;15.31;5.55;0.89;0.91;0.22;0.44;18.21;4.50;4.89;10.25;2.87;0.00;0.01;0.53;0.63;0.00;43.55;72.33;355.88;55.00;9.99;20.03;5.94;12.78;0.92;2.56;8.81;5.16;7.16;1.15;
2.89;18.23;12.04;4.53;6.09;4.99;2.92;0.00;0.00;0.00;0.04;0.04;0.04;3.43;7.93;0.97;23.07;18.27;11.35;4.75;0.82;0.71;0.19;0.41;14.85;4.14;3.18;9.03;2.65;0.00;0.01;0.50;0.60;0.00;69.09;463.00;3141.38;66.38;29.77;21.85;6.40;13.71;0.48;1.40;4.18;3.00;4.47;0.60;
2.84;17.83;11.83;4.44;5.97;4.91;2.87;0.00;0.00;0.00;0.03;0.04;0.04;3.15;7.79;0.86;22.25;17.91;10.70;4.58;0.80;0.67;0.18;0.40;14.03;4.04;2.82;8.72;2.59;0.00;0.00;0.50;0.60;0.00;42.02;62.63;300.60;54.20;9.18;13.98;4.37;9.57;1.19;3.26;11.92;6.42;8.67;1.49;
2.83;17.75;11.78;4.42;5.95;4.89;2.87;0.00;0.00;0.00;0.03;0.04;0.04;3.09;7.76;0.83;22.08;17.84;10.57;4.52;0.80;0.66;0.18;0.40;13.98;4.04;2.80;8.71;2.58;0.00;0.00;0.50;0.59;0.00;27.87;12.01;43.29;45.84;3.47;19.85;5.89;12.69;1.69;4.53;17.89;8.62;11.20;2.12;
2.83;17.73;11.78;4.42;5.94;4.89;2.86;0.00;0.00;0.00;0.03;0.04;0.04;3.05;7.74;0.82;21.96;17.78;10.48;4.51;0.80;0.66;0.18;0.40;13.86;4.02;2.75;8.66;2.58;0.00;0.00;0.50;0.59;0.00;21.73;4.41;13.39;41.42;1.93;24.18;6.97;14.87;0.62;1.78;5.62;3.72;5.39;0.78;
2.83;17.73;11.77;4.42;5.94;4.89;2.86;0.00;0.00;0.00;0.03;0.04;0.04;2.96;7.69;0.78;21.66;17.65;10.25;4.51;0.80;0.66;0.18;0.40;14.07;4.05;2.84;8.74;2.59;0.00;0.00;0.50;0.59;0.00;42.31;64.36;310.35;54.35;9.33;31.65;8.77;18.47;0.88;2.47;8.42;4.99;6.96;1.10;
2.83;17.73;11.77;4.42;5.94;4.89;2.86;0.00;0.00;0.00;0.03;0.04;0.04;2.94;7.68;0.77;21.60;17.62;10.21;4.51;0.80;0.66;0.18;0.40;13.87;4.02;2.75;8.66;2.58;0.00;0.00;0.50;0.59;0.00;42.79;67.41;327.66;54.60;9.59;20.68;6.11;13.12;1.00;2.78;9.76;5.55;7.64;1.25;
2.83;17.73;11.77;4.42;5.94;4.89;2.86;0.00;0.00;0.00;0.03;0.04;0.04;2.93;7.68;0.77;21.59;17.62;10.20;4.51;0.80;0.66;0.18;0.40;14.07;4.05;2.84;8.74;2.59;0.00;0.00;0.50;0.59;0.00;30.55;17.38;66.81;47.59;4.32;27.96;7.89;16.72;3.43;8.78;40.80;15.67;18.83;4.35;
2.83;17.73;11.77;4.42;5.94;4.89;2.86;0.00;0.00;0.00;0.03;0.04;0.04;2.93;7.68;0.77;21.59;17.62;10.19;4.51;0.80;0.66;0.18;0.40;14.11;4.05;2.86;8.76;2.59;0.00;0.00;0.50;0.59;0.00;49.96;125.65;680.27;58.16;13.83;22.92;6.66;14.24;366.52;692.37;9317.68;806.39;579.87;489.66;
2.83;17.73;11.77;4.42;5.94;4.89;2.86;0.00;0.00;0.00;0.03;0.04;0.04;2.90;7.66;0.76;21.50;17.58;10.13;4.51;0.80;0.66;0.18;0.40;14.24;4.07;2.91;8.81;2.60;0.00;0.00;0.49;0.59;0.00;36.58;35.85;156.22;51.22;6.61;24.71;7.10;15.14;1.41;3.82;14.50;7.40;9.80;1.77;
2.83;17.73;11.77;4.42;5.94;4.89;2.86;0.00;0.00;0.00;0.03;0.04;0.04;2.93;7.67;0.77;21.57;17.61;10.18;4.51;0.80;0.66;0.18;0.40;14.27;4.07;2.92;8.82;2.61;0.00;0.00;0.49;0.59;0.00;36.45;35.34;153.62;51.14;6.56;25.66;7.33;15.60;23.51;53.12;382.58;79.52;77.33;30.47;
2.83;17.73;11.77;4.42;5.94;4.89;2.86;0.00;0.00;0.00;0.03;0.04;0.04;2.90;7.66;0.76;21.49;17.57;10.12;4.51;0.80;0.66;0.18;0.40;14.15;4.06;2.87;8.77;2.60;0.00;0.00;0.49;0.59;0.00;42.61;66.26;321.13;54.51;9.49;20.35;6.02;12.94;0.90;2.51;8.58;5.06;7.04;1.12;
2.83;17.73;11.77;4.42;5.94;4.89;2.86;0.00;0.00;0.00;0.03;0.04;0.04;2.93;7.67;0.77;21.57;17.61;10.18;4.51;0.80;0.66;0.18;0.40;14.01;4.04;2.81;8.72;2.59;0.00;0.00;0.49;0.59;0.00;45.85;88.97;453.73;56.16;11.29;33.63;9.23;19.40;0.57;1.64;5.05;3.44;5.04;0.71;
2.83;17.73;11.77;4.42;5.94;4.89;2.86;0.00;0.00;0.00;0.03;0.04;0.04;2.90;7.66;0.76;21.49;17.57;10.12;4.51;0.80;0.66;0.18;0.40;14.22;4.07;2.90;8.80;2.60;0.00;0.00;0.49;0.59;0.00;36.61;35.97;156.85;51.24;6.63;23.13;6.72;14.35;0.95;2.65;9.22;5.33;7.37;1.19;
2.83;17.73;11.77;4.42;5.94;4.89;2.86;0.00;0.00;0.00;0.03;0.04;0.04;2.90;7.66;0.76;21.48;17.57;10.11;4.51;0.80;0.66;0.18;0.40;14.02;4.04;2.82;8.72;2.59;0.00;0.00;0.49;0.59;0.00;27.86;11.99;43.22;45.84;3.47;19.66;5.85;12.59;6.16;15.19;80.65;25.70;28.95;7.87;
2.83;17.73;11.77;4.42;5.94;4.89;2.86;0.00;0.00;0.00;0.03;0.04;0.04;2.90;7.66;0.76;21.47;17.57;10.11;4.51;0.80;0.66;0.18;0.40;13.98;4.04;2.80;8.71;2.58;0.00;0.00;0.49;0.59;0.00;55.79;195.89;1145.22;60.84;17.95;23.93;6.91;14.75;2.53;6.60;28.63;12.12;15.06;3.20;
2.83;17.73;11.77;4.42;5.94;4.89;2.86;0.00;0.00;0.00;0.03;0.04;0.04;2.90;7.66;0.76;21.47;17.57;10.11;4.51;0.80;0.66;0.18;0.40;13.86;4.02;2.75;8.66;2.58;0.00;0.00;0.49;0.59;0.00;49.66;122.68;661.42;58.02;13.63;25.05;7.19;15.30;7.86;19.08;107.11;31.57;34.63;10.07;
2.83;17.73;11.77;4.42;5.94;4.89;2.86;0.00;0.00;0.00;0.03;0.04;0.04;2.90;7.66;0.76;21.47;17.57;10.11;4.51;0.80;0.66;0.18;0.40;14.19;4.06;2.89;8.79;2.60;0.00;0.00;0.49;0.59;0.00;41.96;62.28;298.62;54.17;9.15;23.46;6.80;14.52;0.44;1.28;3.73;2.76;4.16;0.54;
2.83;17.73;11.77;4.42;5.94;4.89;2.86;0.00;0.00;0.00;0.03;0.04;0.04;2.90;7.66;0.76;21.47;17.57;10.11;4.51;0.80;0.66;0.18;0.40;14.14;4.06;2.87;8.77;2.60;0.00;0.00;0.49;0.59;0.00;36.79;36.70;160.59;51.34;6.70;19.91;5.91;12.72;1.13;3.11;11.21;6.14;8.34;1.41;
2.83;17.73;11.77;4.42;5.94;4.89;2.86;0.00;0.00;0.00;0.03;0.04;0.04;2.90;7.66;0.76;21.47;17.57;10.11;4.51;0.80;0.66;0.18;0.40;14.13;4.06;2.86;8.76;2.60;0.00;0.00;0.49;0.59;0.00;36.36;35.01;151.93;51.10;6.52;22.99;6.68;14.28;1.44;3.91;14.93;7.56;9.99;1.81;
2.83;17.73;11.77;4.42;5.94;4.89;2.86;0.00;0.00;0.00;0.03;0.04;0.04;2.90;7.66;0.76;21.47;17.57;10.11;4.51;0.80;0.66;0.18;0.40;14.12;4.05;2.86;8.76;2.59;0.00;0.00;0.49;0.59;0.00;51.63;143.42;794.43;58.95;14.94;16.86;5.13;11.13;17.96;41.31;279.80;63.38;63.48;23.21;
2.83;17.73;11.77;4.42;5.94;4.89;2.86;0.00;0.00;0.00;0.03;0.04;0.04;2.90;7.66;0.76;21.47;17.57;10.11;4.51;0.80;0.66;0.18;0.40;14.01;4.04;2.81;8.71;2.59;0.00;0.00;0.49;0.59;0.00;60.29;267.54;1650.84;62.79;21.57;23.88;6.90;14.73;1.73;4.64;18.46;8.82;11.42;2.18;
2.83;17.73;11.77;4.42;5.94;4.89;2.86;0.00;0.00;0.00;0.03;0.04;0.04;2.90;7.66;0.76;21.47;17.57;10.11;4.51;0.80;0.66;0.18;0.40;14.10;4.05;2.85;8.75;2.59;0.00;0.00;0.49;0.59;0.00;49.98;125.88;681.71;58.17;13.84;26.04;7.43;15.79;4.58;11.52;57.18;20.03;23.31;5.83;
2.83;17.73;11.77;4.42;5.94;4.89;2.86;0.00;0.00;0.00;0.03;0.04;0.04;2.90;7.66;0.76;21.47;17.57;10.11;4.51;0.80;0.66;0.18;0.40;14.24;4.07;2.91;8.80;2.60;0.00;0.00;0.49;0.59;0.00;31.61;19.94;78.49;48.26;4.68;15.05;4.66;10.15;3.16;8.13;37.09;14.63;17.74;4.00;
2.83;17.73;11.77;4.42;5.94;4.89;2.86;0.00;0.00;0.00;0.03;0.04;0.04;2.90;7.66;0.76;21.47;17.57;10.11;4.51;0.80;0.66;0.18;0.40;13.91;4.03;2.77;8.68;2.58;0.00;0.00;0.49;0.59;0.00;40.21;52.47;244.21;53.23;8.27;16.02;4.91;10.68;0.58;1.66;5.15;3.49;5.10;0.72;
2.83;17.73;11.77;4.42;5.94;4.89;2.86;0.00;0.00;0.00;0.03;0.04;0.04;2.90;7.66;0.76;21.47;17.57;10.11;4.51;0.80;0.66;0.18;0.40;14.08;4.05;2.84;8.74;2.59;0.00;0.00;0.49;0.59;0.00;27.49;11.37;40.60;45.59;3.36;19.47;5.80;12.49;1.12;3.08;11.11;6.10;8.29;1.40;
2.83;17.73;11.77;4.42;5.94;4.89;2.86;0.00;0.00;0.00;0.03;0.04;0.04;2.87;7.64;0.75;21.38;17.53;10.04;4.51;0.80;0.66;0.18;0.40;14.00;4.04;2.81;8.71;2.59;0.00;0.00;0.49;0.59;0.00;32.50;22.28;89.41;48.81;5.00;17.99;5.42;11.72;7.80;18.95;106.15;31.37;34.43;9.99;
2.83;17.73;11.77;4.42;5.94;4.89;2.86;0.00;0.00;0.00;0.03;0.04;0.04;2.89;7.65;0.75;21.46;17.56;10.10;4.51;0.80;0.66;0.18;0.40;13.98;4.04;2.80;8.70;2.58;0.00;0.00;0.49;0.59;0.00;40.70;55.06;258.43;53.50;8.51;23.03;6.69;14.30;7.07;17.29;94.74;28.89;32.05;9.05;
2.83;17.73;11.77;4.42;5.94;4.89;2.86;0.00;0.00;0.00;0.03;0.04;0.04;2.87;7.64;0.74;21.38;17.52;10.04;4.51;0.80;0.66;0.18;0.40;14.09;4.05;2.85;8.75;2.59;0.00;0.00;0.49;0.59;0.00;65.62;376.18;2462.20;65.00;26.35;25.65;7.33;15.60;171.81;341.01;3862.25;425.64;332.64;227.63;
2.83;17.73;11.77;4.42;5.94;4.89;2.86;0.00;0.00;0.00;0.03;0.04;0.04;2.86;7.64;0.74;21.36;17.52;10.03;4.51;0.80;0.66;0.18;0.40;14.12;4.05;2.86;8.76;2.59;0.00;0.00;0.49;0.59;0.00;37.11;37.99;167.19;51.52;6.84;19.30;5.76;12.41;2.53;6.63;28.74;12.16;15.10;3.21;
2.85;17.91;11.87;4.46;6.00;4.92;2.88;0.00;0.00;0.00;0.03;0.04;0.04;2.89;7.65;0.75;21.45;17.56;10.09;4.51;0.80;0.66;0.18;0.40;14.24;4.07;2.91;8.81;2.60;0.00;0.00;0.49;0.59;0.00;41.35;58.69;278.54;53.84;8.84;25.03;7.18;15.29;5.26;13.12;67.19;22.51;25.80;6.71;
2.86;17.95;11.89;4.47;6.01;4.93;2.89;0.00;0.00;0.00;0.03;0.04;0.04;2.90;7.65;0.76;21.47;17.56;10.11;4.58;0.80;0.67;0.18;0.40;14.03;4.04;2.82;8.72;2.59;0.00;0.00;0.49;0.59;0.00;67.26;415.54;2767.08;65.66;27.94;20.57;6.08;13.06;0.43;1.26;3.65;2.72;4.10;0.53;
2.88;18.15;11.99;4.51;6.07;4.97;2.91;0.00;0.00;0.00;0.03;0.04;0.04;2.90;7.66;0.76;21.47;17.57;10.11;4.66;0.81;0.69;0.19;0.40;13.98;4.04;2.80;8.71;2.58;0.00;0.00;0.49;0.59;0.00;44.71;80.37;402.72;55.59;10.63;16.37;5.00;10.86;1.08;3.00;10.71;5.94;8.10;1.36;
2.88;18.19;12.01;4.52;6.08;4.98;2.92;0.00;0.00;0.00;0.03;0.04;0.04;2.90;7.66;0.76;21.47;17.57;10.11;4.68;0.81;0.70;0.19;0.40;13.98;4.04;2.80;8.70;2.58;0.00;0.00;0.49;0.59;0.00;32.99;23.67;96.00;49.11;5.18;28.54;8.03;17.00;8.93;21.50;124.26;35.17;38.03;11.46;
2.90;18.35;12.10;4.56;6.13;5.01;2.94;0.00;0.00;0.00;0.03;0.04;0.04;2.90;7.66;0.76;21.47;17.57;10.11;4.76;0.82;0.71;0.19;0.41;14.21;4.07;2.90;8.79;2.60;0.00;0.00;0.49;0.59;0.00;46.50;94.11;484.66;56.48;11.66;28.39;7.99;16.92;6.38;15.69;83.99;26.47;29.71;8.15;
2.91;18.42;12.13;4.57;6.15;5.02;2.94;0.00;0.00;0.00;0.03;0.04;0.04;2.90;7.66;0.76;21.47;17.57;10.11;4.85;0.83;0.74;0.19;0.41;14.14;4.06;2.87;8.77;2.60;0.00;0.00;0.49;0.59;0.00;64.07;341.68;2199.47;64.37;24.90;18.12;5.46;11.79;1.97;5.24;21.46;9.83;12.56;2.49;
2.91;18.44;12.14;4.57;6.15;5.03;2.95;0.00;0.00;0.00;0.03;0.04;0.04;2.90;7.66;0.76;21.47;17.57;10.11;4.94;0.84;0.76;0.20;0.42;14.25;4.07;2.91;8.81;2.60;0.00;0.00;0.49;0.59;0.00;41.88;61.77;295.76;54.12;9.11;15.62;4.81;10.46;2.85;7.40;32.99;13.44;16.47;3.62;
2.93;18.63;12.24;4.62;6.21;5.06;2.97;0.00;0.00;0.00;0.03;0.04;0.04;2.93;7.67;0.77;21.56;17.61;10.18;5.02;0.84;0.78;0.20;0.42;14.27;4.07;2.92;8.82;2.61;0.00;0.00;0.49;0.59;0.00;59.25;249.47;1520.80;62.35;20.70;26.73;7.59;16.12;5.55;13.79;71.52;23.55;26.84;7.09;
2.94;18.67;12.27;4.63;6.22;5.07;2.97;0.00;0.00;0.00;0.03;0.04;0.04;2.96;7.69;0.78;21.67;17.66;10.26;5.05;0.85;0.78;0.20;0.42;14.27;4.07;2.93;8.82;2.61;0.00;0.00;0.49;0.59;0.00;53.57;166.35;945.38;59.84;16.31;27.10;7.68;16.31;4.48;11.28;55.68;19.64;22.92;5.70;
2.94;18.68;12.27;4.63;6.22;5.07;2.97;0.00;0.00;0.00;0.03;0.04;0.04;3.06;7.74;0.82;21.97;17.79;10.49;5.14;0.86;0.81;0.20;0.43;14.52;4.10;3.03;8.91;2.62;0.00;0.00;0.49;0.59;0.00;31.40;19.39;75.97;48.12;4.61;19.33;5.77;12.42;1.50;4.06;15.61;7.81;10.27;1.89;
2.96;18.88;12.37;4.67;6.28;5.11;3.00;0.00;0.00;0.00;0.03;0.04;0.04;3.08;7.75;0.83;22.03;17.81;10.53;5.23;0.86;0.83;0.21;0.43;14.57;4.11;3.05;8.93;2.63;0.00;0.00;0.49;0.59;0.00;36.54;35.70;155.47;51.20;6.60;18.74;5.61;12.11;1.75;4.67;18.63;8.88;11.48;2.20;
2.97;18.92;12.39;4.68;6.30;5.12;3.00;0.00;0.00;0.00;0.03;0.04;0.04;3.08;7.76;0.83;22.04;17.82;10.54;5.34;0.87;0.85;0.21;0.43;14.45;4.09;3.00;8.89;2.62;0.00;0.00;0.49;0.59;0.00;76.27;689.18;5009.21;69.12;37.62;25.62;7.32;15.58;10.80;25.67;154.89;41.26;43.71;13.88;
2.98;19.01;12.44;4.70;6.32;5.14;3.01;0.00;0.00;0.00;0.03;0.04;0.04;3.08;7.76;0.83;22.04;17.82;10.54;5.44;0.88;0.88;0.22;0.44;14.31;4.08;2.94;8.83;2.61;0.00;0.00;0.50;0.59;0.00;69.41;471.69;3210.65;66.51;30.10;29.47;8.25;17.44;2.65;6.91;30.27;12.62;15.60;3.35;
2.99;19.15;12.51;4.73;6.36;5.16;3.03;0.00;0.00;0.00;0.04;0.04;0.04;3.08;7.76;0.83;22.04;17.82;10.54;5.49;0.89;0.89;0.22;0.44;14.52;4.10;3.04;8.91;2.62;0.00;0.00;0.50;0.59;0.00;38.32;43.25;194.67;52.20;7.38;27.26;7.72;16.38;0.41;1.20;3.45;2.61;3.96;0.51;
3.00;19.18;12.52;4.74;6.37;5.17;3.03;0.00;0.00;0.00;0.04;0.04;0.04;3.08;7.76;0.83;22.04;17.82;10.54;5.56;0.89;0.91;0.22;0.44;14.57;4.11;3.05;8.93;2.63;0.00;0.00;0.50;0.59;0.00;42.33;64.50;311.12;54.36;9.34;21.02;6.19;13.29;0.88;2.47;8.44;5.00;6.97;1.10;
3.00;19.18;12.53;4.74;6.37;5.17;3.03;0.00;0.00;0.00;0.04;0.04;0.04;3.21;7.82;0.88;22.42;17.98;10.83;5.65;0.90;0.93;0.22;0.45;14.45;4.09;3.00;8.89;2.62;0.00;0.00;0.50;0.59;0.00;37.41;39.23;173.64;51.69;6.97;19.57;5.83;12.55;1.05;2.91;10.35;5.80;7.93;1.32;
3.02;19.39;12.63;4.79;6.43;5.21;3.06;0.00;0.00;0.00;0.04;0.04;0.04;3.26;7.85;0.90;22.59;18.06;10.96;5.76;0.91;0.96;0.23;0.45;14.68;4.12;3.10;8.97;2.63;0.00;0.00;0.50;0.59;0.00;62.12;301.73;1900.93;63.56;23.15;25.78;7.36;15.66;2.69;7.01;30.82;12.79;15.78;3.41;
3.02;19.43;12.65;4.80;6.45;5.22;3.06;0.00;0.00;0.00;0.04;0.04;0.04;3.28;7.86;0.91;22.62;18.07;10.99;5.87;0.92;0.99;0.23;0.46;14.72;4.12;3.12;8.99;2.64;0.00;0.00;0.50;0.59;0.00;66.07;386.66;2542.90;65.18;26.78;25.87;7.39;15.70;0.92;2.56;8.82;5.16;7.17;1.15;
3.02;19.44;12.66;4.80;6.45;5.22;3.06;0.00;0.00;0.00;0.04;0.04;0.04;3.28;7.86;0.91;22.63;18.08;10.99;5.90;0.92;1.00;0.23;0.46;14.48;4.10;3.02;8.90;2.62;0.00;0.00;0.50;0.59;0.00;50.62;132.42;723.44;58.47;14.26;18.82;5.63;12.15;0.75;2.13;7.01;4.37;6.20;0.94;
3.04;19.60;12.74;4.84;6.50;5.25;3.08;0.00;0.00;0.00;0.04;0.04;0.04;3.28;7.86;0.91;22.63;18.08;11.00;5.99;0.93;1.02;0.23;0.46;14.56;4.11;3.05;8.93;2.63;0.00;0.00;0.50;0.59;0.00;63.28;325.04;2074.39;64.05;24.18;15.88;4.88;10.60;1.72;4.62;18.35;8.78;11.38;2.17;
3.05;19.68;12.78;4.85;6.52;5.27;3.09;0.00;0.00;0.00;0.04;0.04;0.04;3.28;7.86;0.91;22.63;18.08;11.00;6.10;0.94;1.05;0.24;0.47;14.57;4.11;3.06;8.93;2.63;0.00;0.00;0.50;0.59;0.00;52.92;158.34;892.26;59.54;15.84;25.22;7.23;15.38;17.16;39.59;265.45;61.00;61.40;22.17;
3.05;19.70;12.79;4.86;6.52;5.27;3.09;0.00;0.00;0.00;0.04;0.04;0.04;3.41;7.92;0.96;23.01;18.24;11.29;6.22;0.95;1.08;0.24;0.47;14.58;4.11;3.06;8.93;2.63;0.00;0.00;0.50;0.59;0.00;87.68;1207.26;9668.96;73.16;52.32;19.26;5.75;12.39;0.43;1.25;3.61;2.70;4.07;0.53;
3.07;19.87;12.88;4.89;6.57;5.30;3.11;0.00;0.00;0.00;0.04;0.04;0.04;3.47;7.95;0.99;23.18;18.32;11.43;6.28;0.96;1.10;0.25;0.47;14.70;4.12;3.11;8.98;2.64;0.00;0.00;0.50;0.59;0.00;51.04;136.99;752.81;58.67;14.55;23.05;6.69;14.31;1.04;2.87;10.16;5.72;7.83;1.30;
3.08;19.94;12.91;4.91;6.60;5.32;3.12;0.00;0.00;0.00;0.04;0.04;0.04;3.48;7.96;0.99;23.22;18.33;11.46;6.35;0.96;1.12;0.25;0.48;14.73;4.13;3.13;8.99;2.64;0.00;0.00;0.50;0.59;0.00;57.92;227.76;1366.73;61.78;19.62;19.25;5.74;12.38;4.68;11.76;58.68;20.40;23.69;5.97;
3.08;19.96;12.92;4.91;6.60;5.32;3.12;0.00;0.00;0.00;0.04;0.04;0.04;3.49;7.96;1.00;23.23;18.34;11.46;6.46;0.97;1.15;0.25;0.48;14.73;4.13;3.13;8.99;2.64;0.00;0.00;0.50;0.59;0.00;77.97;752.78;5555.75;69.74;39.63;17.47;5.29;11.45;21.52;48.91;345.22;73.81;72.48;27.87;
3.10;20.13;13.01;4.95;6.65;5.35;3.14;0.00;0.00;0.00;0.04;0.04;0.04;3.49;7.96;1.00;23.23;18.34;11.47;6.51;0.98;1.16;0.25;0.48;14.73;4.13;3.13;8.99;2.64;0.00;0.00;0.50;0.60;0.00;35.52;31.86;136.03;50.61;6.17;15.58;4.80;10.44;2.94;7.62;34.18;13.79;16.84;3.73;
3.11;20.21;13.05;4.97;6.68;5.37;3.15;0.00;0.00;0.00;0.04;0.04;0.04;3.56;7.99;1.03;23.42;18.42;11.62;6.59;0.98;1.19;0.26;0.49;14.86;4.14;3.18;9.04;2.65;0.00;0.01;0.50;0.60;0.00;39.76;50.14;231.55;52.99;8.05;17.87;5.39;11.66;16.36;37.87;251.14;58.60;59.29;21.13;
3.11;20.23;13.06;4.97;6.68;5.37;3.15;0.00;0.00;0.00;0.04;0.04;0.04;3.68;8.05;1.08;23.76;18.56;11.89;6.71;0.99;1.22;0.26;0.49;15.13;4.17;3.31;9.14;2.67;0.00;0.01;0.50;0.60;0.00;40.73;55.25;259.47;53.51;8.53;20.25;6.00;12.90;3.30;8.49;39.11;15.20;18.34;4.19;
3.13;20.40;13.15;5.01;6.73;5.40;3.17;0.00;0.00;0.00;0.04;0.04;0.04;3.70;8.06;1.09;23.82;18.59;11.94;6.76;1.00;1.23;0.26;0.49;14.81;4.14;3.16;9.02;2.64;0.00;0.01;0.50;0.60;0.00;53.91;170.67;974.27;60.00;16.55;26.84;7.62;16.18;0.87;2.43;8.24;4.91;6.87;1.08;
3.14;20.48;13.19;5.03;6.75;5.42;3.18;0.00;0.00;0.00;0.04;0.04;0.04;3.71;8.06;1.09;23.84;18.60;11.95;6.85;1.00;1.26;0.26;0.50;15.00;4.16;3.25;9.09;2.66;0.00;0.01;0.50;0.60;0.00;46.74;96.12;496.82;56.60;11.81;33.71;9.25;19.44;5.91;14.63;76.95;24.84;28.11;7.55;
3.14;20.50;13.20;5.03;6.76;5.42;3.18;0.00;0.00;0.00;0.04;0.04;0.04;3.71;8.06;1.09;23.84;18.60;11.96;6.89;1.01;1.27;0.27;0.50;14.66;4.12;3.10;8.96;2.63;0.00;0.01;0.50;0.60;0.00;36.47;35.42;154.02;51.16;6.57;16.95;5.16;11.17;1.25;3.43;12.69;6.72;9.01;1.57;
3.15;20.54;13.22;5.04;6.77;5.43;3.19;0.00;0.00;0.00;0.04;0.04;0.04;3.74;8.08;1.11;23.94;18.64;12.04;6.98;1.02;1.30;0.27;0.50;14.97;4.15;3.23;9.08;2.65;0.00;0.01;0.50;0.60;0.00;88.32;1243.10;10006.51;73.37;53.23;23.10;6.71;14.34;1.15;3.16;11.46;6.24;8.45;1.44;
3.16;20.68;13.29;5.07;6.81;5.46;3.20;0.00;0.00;0.00;0.04;0.04;0.04;3.83;8.12;1.14;24.16;18.74;12.21;7.11;1.03;1.33;0.27;0.51;14.78;4.13;3.15;9.01;2.64;0.00;0.01;0.50;0.60;0.00;60.90;278.58;1731.04;63.05;22.08;35.71;9.72;20.36;0.21;0.64;1.58;1.48;2.42;0.26;
3.17;20.76;13.33;5.09;6.84;5.47;3.21;0.00;0.00;0.00;0.04;0.04;0.04;3.92;8.16;1.18;24.41;18.84;12.42;7.13;1.03;1.34;0.27;0.51;15.12;4.17;3.30;9.14;2.67;0.00;0.01;0.50;0.60;0.00;39.23;47.49;217.26;52.70;7.80;32.50;8.97;18.87;0.47;1.37;4.05;2.93;4.39;0.58;
3.17;20.77;13.33;5.09;6.84;5.47;3.21;0.00;0.00;0.00;0.04;0.04;0.04;3.94;8.17;1.19;24.46;18.86;12.46;7.25;1.04;1.37;0.28;0.51;14.93;4.15;3.22;9.07;2.65;0.00;0.01;0.50;0.60;0.00;75.47;660.32;4764.12;68.82;36.69;22.31;6.51;13.94;5.14;12.82;65.32;22.06;25.35;6.55;
3.17;20.77;13.34;5.09;6.84;5.47;3.21;0.00;0.00;0.00;0.04;0.04;0.04;3.94;8.17;1.19;24.47;18.86;12.46;7.27;1.04;1.38;0.28;0.51;14.65;4.12;3.09;8.96;2.63;0.00;0.01;0.50;0.60;0.00;102.15;2231.78;19880.04;77.86;75.10;32.79;9.03;19.01;3.34;8.57;39.56;15.33;18.47;4.23;
3.19;20.91;13.40;5.12;6.88;5.50;3.23;0.00;0.00;0.00;0.04;0.04;0.04;3.94;8.17;1.19;24.47;18.87;12.47;7.39;1.05;1.42;0.28;0.52;14.96;4.15;3.23;9.08;2.65;0.00;0.01;0.50;0.60;0.00;57.12;215.41;1280.24;61.43;18.98;33.56;9.22;19.37;1.68;4.50;17.78;8.58;11.15;2.11;
3.20;21.03;13.46;5.15;6.91;5.52;3.24;0.00;0.00;0.00;0.04;0.04;0.05;3.98;8.19;1.21;24.57;18.91;12.55;7.41;1.05;1.42;0.28;0.52;15.03;4.16;3.26;9.10;2.66;0.00;0.01;0.50;0.60;0.00;60.12;264.54;1629.13;62.72;21.42;35.68;9.71;20.35;3.42;8.76;40.68;15.64;18.80;4.34;
3.20;21.05;13.47;5.16;6.92;5.52;3.24;0.00;0.00;0.00;0.04;0.04;0.04;4.07;8.22;1.25;24.80;19.00;12.74;7.53;1.06;1.46;0.29;0.52;14.67;4.12;3.10;8.97;2.63;0.00;0.01;0.50;0.60;0.00;35.48;31.72;135.30;50.59;6.15;24.66;7.09;15.11;4.56;11.47;56.90;19.95;23.23;5.81;
3.21;21.10;13.50;5.17;6.94;5.53;3.25;0.00;0.00;0.00;0.04;0.04;0.05;4.17;8.27;1.30;25.05;19.11;12.94;7.55;1.06;1.47;0.29;0.52;15.22;4.18;3.35;9.17;2.67;0.00;0.01;0.50;0.60;0.00;60.32;268.11;1654.99;62.81;21.59;15.07;4.66;10.17;1.82;4.87;19.61;9.21;11.86;2.30;
3.23;21.29;13.60;5.21;6.99;5.57;3.27;0.00;0.00;0.00;0.04;0.04;0.05;4.19;8.27;1.31;25.10;19.13;12.99;7.67;1.07;1.50;0.29;0.53;14.95;4.15;3.23;9.07;2.65;0.00;0.01;0.50;0.60;0.00;70.65;506.46;3490.02;66.99;31.39;24.77;7.12;15.17;2.15;5.69;23.79;10.60;13.40;2.72;
3.23;21.33;13.61;5.22;7.00;5.58;3.28;0.00;0.00;0.00;0.04;0.04;0.05;4.19;8.28;1.31;25.11;19.13;13.00;7.69;1.07;1.51;0.29;0.53;15.15;4.17;3.32;9.15;2.67;0.00;0.01;0.50;0.60;0.00;50.71;133.41;729.77;58.52;14.32;22.49;6.56;14.03;7.56;18.41;102.43;30.57;33.67;9.69;
3.23;21.34;13.62;5.22;7.01;5.58;3.28;0.00;0.00;0.00;0.04;0.04;0.05;4.19;8.28;1.31;25.11;19.14;13.00;7.82;1.08;1.55;0.30;0.53;15.19;4.18;3.34;9.16;2.67;0.00;0.01;0.50;0.60;0.00;33.67;25.70;105.70;49.52;5.44;19.30;5.76;12.40;0.75;2.12;6.97;4.35;6.18;0.94;
3.23;21.34;13.62;5.22;7.01;5.58;3.28;0.00;0.00;0.00;0.04;0.04;0.05;4.23;8.29;1.33;25.22;19.18;13.08;7.84;1.08;1.55;0.30;0.53;15.33;4.19;3.40;9.21;2.68;0.00;0.01;0.50;0.60;0.00;49.89;124.99;676.05;58.13;13.78;22.96;6.67;14.26;1.11;3.06;11.01;6.06;8.24;1.39;
3.24;21.38;13.64;5.23;7.02;5.59;3.28;0.00;0.00;0.00;0.04;0.04;0.05;4.37;8.35;1.39;25.56;19.32;13.37;7.85;1.08;1.56;0.30;0.54;15.10;4.17;3.30;9.13;2.66;0.00;0.01;0.50;0.60;0.00;38.77;45.33;205.71;52.45;7.59;23.21;6.73;14.39;1.71;4.58;18.14;8.71;11.29;2.15;
3.25;21.49;13.69;5.25;7.05;5.61;3.29;0.00;0.00;0.00;0.04;0.04;0.05;4.44;8.38;1.42;25.73;19.39;13.51;7.97;1.09;1.59;0.30;0.54;15.06;4.16;3.28;9.11;2.66;0.00;0.01;0.50;0.60;0.00;35.94;33.40;143.76;50.85;6.34;22.48;6.55;14.02;0.85;2.38;8.07;4.84;6.77;1.06;
3.26;21.60;13.75;5.28;7.08;5.63;3.31;0.00;0.00;0.00;0.04;0.04;0.05;4.45;8.38;1.43;25.77;19.40;13.54;7.99;1.09;1.60;0.30;0.54;15.17;4.18;3.33;9.16;2.67;0.00;0.01;0.50;0.60;0.00;66.93;407.51;2704.50;65.53;27.62;18.43;5.54;11.95;2.12;5.61;23.35;10.46;13.24;2.68;
3.26;21.62;13.76;5.28;7.09;5.63;3.31;0.00;0.00;0.00;0.04;0.04;0.05;4.46;8.38;1.43;25.77;19.41;13.55;8.00;1.09;1.60;0.30;0.54;15.07;4.17;3.28;9.12;2.66;0.00;0.01;0.51;0.60;0.00;39.65;49.58;228.50;52.93;8.00;24.32;7.01;14.94;0.94;2.62;9.05;5.26;7.28;1.17;
3.27;21.63;13.76;5.28;7.09;5.63;3.31;0.00;0.00;0.00;0.04;0.04;0.05;4.46;8.38;1.43;25.77;19.41;13.55;8.12;1.10;1.64;0.31;0.55;15.18;4.18;3.33;9.16;2.67;0.00;0.01;0.51;0.60;0.00;44.68;80.15;401.43;55.57;10.61;21.71;6.36;13.64;1.02;2.82;9.96;5.63;7.73;1.28;
3.27;21.63;13.76;5.28;7.09;5.63;3.31;0.00;0.00;0.00;0.04;0.04;0.05;4.46;8.38;1.43;25.77;19.41;13.55;8.14;1.11;1.65;0.31;0.55;15.20;4.18;3.34;9.17;2.67;0.00;0.01;0.51;0.60;0.00;73.49;593.36;4202.52;68.07;34.45;17.42;5.28;11.42;0.33;0.99;2.69;2.18;3.38;0.41;
3.27;21.63;13.76;5.28;7.09;5.63;3.31;0.00;0.00;0.00;0.04;0.04;0.05;4.46;8.38;1.43;25.77;19.41;13.55;7.95;1.09;1.59;0.30;0.54;15.20;4.18;3.34;9.17;2.67;0.00;0.01;0.51;0.60;0.00;45.29;84.65;428.02;55.88;10.96;18.78;5.62;12.14;3.98;10.10;48.58;17.79;21.03;5.06;
3.25;21.49;13.69;5.25;7.05;5.61;3.29;0.00;0.00;0.00;0.04;0.04;0.05;4.46;8.38;1.43;25.77;19.41;13.55;7.77;1.08;1.53;0.30;0.53;15.08;4.17;3.28;9.12;2.66;0.00;0.01;0.51;0.60;0.00;57.95;228.27;1370.32;61.79;19.64;26.86;7.63;16.19;1.57;4.24;16.48;8.12;10.63;1.98;
3.24;21.37;13.63;5.23;7.01;5.58;3.28;0.00;0.00;0.00;0.04;0.04;0.05;4.46;8.38;1.43;25.77;19.41;13.55;7.60;1.06;1.48;0.29;0.53;15.18;4.18;3.33;9.16;2.67;0.00;0.01;0.51;0.60;0.00;92.45;1494.27;12417.61;74.76;59.31;28.40;8.00;16.93;0.92;2.57;8.84;5.17;7.18;1.15;
3.23;21.34;13.62;5.22;7.01;5.58;3.28;0.00;0.00;0.00;0.04;0.04;0.05;4.46;8.38;1.43;25.77;19.41;13.55;7.45;1.05;1.44;0.29;0.52;14.95;4.15;3.22;9.07;2.65;0.00;0.01;0.51;0.60;0.00;101.68;2190.73;19451.66;77.71;74.28;23.06;6.70;14.32;0.70;2.00;6.49;4.13;5.90;0.88;
3.22;21.25;13.57;5.20;6.98;5.56;3.27;0.00;0.00;0.00;0.04;0.04;0.05;4.46;8.38;1.43;25.77;19.41;13.55;7.29;1.04;1.39;0.28;0.51;14.90;4.15;3.20;9.05;2.65;0.00;0.01;0.50;0.60;0.00;61.44;288.72;1805.20;63.28;22.55;17.43;5.28;11.43;0.99;2.75;9.61;5.49;7.57;1.24;
3.21;21.09;13.50;5.16;6.93;5.53;3.25;0.00;0.00;0.00;0.04;0.04;0.05;4.33;8.33;1.37;25.46;19.28;13.28;7.13;1.03;1.34;0.27;0.51;14.89;4.14;3.20;9.05;2.65;0.00;0.01;0.50;0.60;0.00;52.22;150.17;838.48;59.22;15.35;23.82;6.88;14.69;18.08;41.57;282.07;63.75;63.80;23.37;
3.20;21.06;13.48;5.16;6.93;5.53;3.25;0.00;0.00;0.00;0.04;0.04;0.05;4.26;8.30;1.34;25.29;19.21;13.14;6.99;1.02;1.30;0.27;0.50;14.89;4.14;3.20;9.05;2.65;0.00;0.01;0.50;0.60;0.00;66.51;397.34;2625.44;65.36;27.21;14.16;4.42;9.67;2.07;5.47;22.67;10.24;13.00;2.61;
3.19;20.92;13.41;5.13;6.88;5.50;3.23;0.00;0.00;0.00;0.04;0.04;0.05;4.21;8.28;1.32;25.15;19.15;13.03;6.90;1.01;1.27;0.27;0.50;14.89;4.14;3.20;9.05;2.65;0.00;0.01;0.50;0.60;0.00;45.61;87.09;442.50;56.04;11.14;13.30;4.19;9.19;2.22;5.85;24.65;10.87;13.70;2.81;
3.18;20.80;13.35;5.10;6.85;5.48;3.22;0.00;0.00;0.00;0.04;0.04;0.05;4.19;8.28;1.31;25.12;19.14;13.00;6.77;1.00;1.24;0.26;0.49;14.76;4.13;3.14;9.00;2.64;0.00;0.01;0.50;0.60;0.00;77.60;738.50;5432.34;69.60;39.18;16.55;5.05;10.96;1.21;3.31;12.13;6.50;8.76;1.51;
3.17;20.78;13.34;5.10;6.84;5.47;3.21;0.00;0.00;0.00;0.04;0.04;0.05;4.19;8.28;1.31;25.12;19.14;13.00;6.65;0.99;1.20;0.26;0.49;14.74;4.13;3.13;8.99;2.64;0.00;0.01;0.50;0.60;0.00;47.44;102.05;532.92;56.95;12.23;22.41;6.54;13.99;3.46;8.87;41.29;15.81;18.98;4.39;
3.17;20.73;13.31;5.09;6.83;5.46;3.21;0.00;0.00;0.00;0.04;0.04;0.05;4.19;8.28;1.31;25.11;19.14;13.00;6.52;0.98;1.17;0.25;0.48;14.61;4.11;3.07;8.95;2.63;0.00;0.01;0.50;0.60;0.00;88.90;1276.28;10320.54;73.57;54.06;25.25;7.24;15.40;1.24;3.39;12.48;6.64;8.92;1.55;
3.15;20.55;13.22;5.04;6.77;5.43;3.19;0.00;0.00;0.00;0.04;0.04;0.04;4.19;8.28;1.31;25.11;19.14;13.00;6.50;0.98;1.16;0.25;0.48;14.71;4.12;3.12;8.98;2.64;0.00;0.01;0.50;0.60;0.00;100.55;2094.81;18456.50;77.36;72.35;32.33;8.93;18.79;0.23;0.69;1.74;1.59;2.57;0.28;
3.14;20.51;13.20;5.04;6.76;5.42;3.18;0.00;0.00;0.00;0.04;0.04;0.04;4.19;8.28;1.31;25.11;19.14;13.00;6.39;0.97;1.13;0.25;0.48;14.73;4.13;3.13;8.99;2.64;0.00;0.01;0.50;0.60;0.00;44.42;78.33;390.74;55.44;10.47;20.26;6.00;12.90;1.47;3.98;15.26;7.68;10.12;1.85;
3.14;20.50;13.20;5.03;6.76;5.42;3.18;0.00;0.00;0.00;0.04;0.04;0.04;4.19;8.28;1.31;25.11;19.14;13.00;6.28;0.96;1.10;0.24;0.47;14.61;4.11;3.07;8.94;2.63;0.00;0.01;0.50;0.60;0.00;74.18;616.20;4392.90;68.34;35.23;25.29;7.24;15.42;3.73;9.50;45.01;16.83;20.04;4.74;
3.14;20.46;13.18;5.02;6.75;5.41;3.18;0.00;0.00;0.00;0.04;0.04;0.04;4.11;8.24;1.27;24.91;19.05;12.82;6.25;0.95;1.09;0.24;0.47;14.71;4.12;3.12;8.98;2.64;0.00;0.01;0.50;0.60;0.00;58.09;230.37;1385.12;61.85;19.75;23.76;6.87;14.66;2.37;6.21;26.52;11.47;14.35;2.99;
3.12;20.27;13.08;4.98;6.69;5.38;3.16;0.00;0.00;0.00;0.04;0.04;0.04;4.01;8.20;1.23;24.66;18.95;12.62;6.16;0.95;1.07;0.24;0.47;14.60;4.11;3.07;8.94;2.63;0.00;0.01;0.50;0.60;0.00;59.10;247.06;1503.57;62.29;20.58;26.66;7.58;16.09;2.91;7.53;33.68;13.64;16.69;3.68;
3.11;20.24;13.06;4.98;6.68;5.37;3.15;0.00;0.00;0.00;0.04;0.04;0.04;3.96;8.18;1.20;24.51;18.88;12.50;6.14;0.94;1.06;0.24;0.47;14.71;4.12;3.12;8.98;2.64;0.00;0.01;0.50;0.60;0.00;76.48;696.56;5072.27;69.19;37.86;26.91;7.64;16.21;3.88;9.87;47.18;17.42;20.64;4.94;
3.11;20.23;13.06;4.97;6.68;5.37;3.15;0.00;0.00;0.00;0.04;0.04;0.04;3.95;8.17;1.20;24.48;18.87;12.47;6.04;0.94;1.04;0.24;0.46;14.73;4.13;3.13;8.99;2.64;0.00;0.01;0.50;0.60;0.00;41.43;59.15;281.09;53.89;8.88;19.26;5.75;12.39;3.07;7.91;35.85;14.27;17.36;3.89;
3.11;20.19;13.04;4.96;6.67;5.36;3.15;0.00;0.00;0.00;0.04;0.04;0.04;3.94;8.17;1.20;24.47;18.87;12.47;6.02;0.93;1.03;0.24;0.46;14.61;4.11;3.07;8.94;2.63;0.00;0.01;0.50;0.60;0.00;50.64;132.71;725.28;58.49;14.28;21.54;6.32;13.55;1.65;4.42;17.40;8.45;11.00;2.07;
3.09;20.01;12.95;4.92;6.62;5.33;3.13;0.00;0.00;0.00;0.04;0.04;0.04;3.94;8.17;1.20;24.47;18.87;12.47;5.92;0.93;1.01;0.23;0.46;14.58;4.11;3.06;8.94;2.63;0.00;0.01;0.50;0.60;0.00;48.33;109.95;581.64;57.38;12.78;21.76;6.38;13.66;1.20;3.29;12.05;6.47;8.72;1.51;
3.08;19.97;12.93;4.92;6.61;5.32;3.12;0.00;0.00;0.00;0.04;0.04;0.04;3.94;8.17;1.20;24.47;18.87;12.47;5.91;0.92;1.00;0.23;0.46;14.46;4.09;3.01;8.89;2.62;0.00;0.01;0.50;0.60;0.00;32.30;21.73;86.82;48.68;4.93;23.82;6.88;14.69;1.54;4.16;16.09;7.98;10.47;1.94;
3.08;19.96;12.93;4.91;6.60;5.32;3.12;0.00;0.00;0.00;0.04;0.04;0.04;3.94;8.17;1.19;24.47;18.87;12.47;5.81;0.92;0.98;0.23;0.45;14.55;4.11;3.05;8.92;2.63;0.00;0.01;0.50;0.60;0.00;41.84;61.59;294.71;54.11;9.09;22.95;6.67;14.26;0.82;2.32;7.78;4.71;6.62;1.03;
3.08;19.96;12.92;4.91;6.60;5.32;3.12;0.00;0.00;0.00;0.04;0.04;0.04;3.94;8.17;1.19;24.47;18.87;12.47;5.79;0.91;0.97;0.23;0.45;14.45;4.09;3.00;8.88;2.62;0.00;0.01;0.50;0.60;0.00;43.44;71.59;351.61;54.94;9.93;21.21;6.24;13.38;3.14;8.10;36.91;14.57;17.68;3.99;
3.07;19.84;12.86;4.89;6.57;5.29;3.11;0.00;0.00;0.00;0.04;0.04;0.04;3.94;8.17;1.19;24.47;18.87;12.47;5.79;0.91;0.97;0.23;0.45;14.31;4.08;2.94;8.83;2.61;0.00;0.01;0.50;0.60;0.00;57.92;227.70;1366.36;61.78;19.61;27.23;7.72;16.37;64.99;137.45;1247.71;187.50;163.05;85.19;
3.06;19.73;12.80;4.86;6.53;5.27;3.09;0.00;0.00;0.00;0.04;0.04;0.04;3.90;8.15;1.18;24.37;18.82;12.38;5.70;0.91;0.95;0.22;0.45;14.40;4.09;2.98;8.87;2.61;0.00;0.01;0.50;0.60;0.00;59.09;246.81;1501.80;62.28;20.57;17.69;5.35;11.56;2.87;7.45;33.25;13.51;16.55;3.64;
3.05;19.70;12.79;4.86;6.53;5.27;3.09;0.00;0.00;0.00;0.04;0.04;0.04;3.86;8.13;1.16;24.25;18.77;12.28;5.68;0.91;0.94;0.22;0.45;14.30;4.08;2.94;8.83;2.61;0.00;0.01;0.50;0.60;0.00;76.31;690.53;5020.79;69.13;37.67;22.13;6.47;13.85;4.51;11.34;56.08;19.74;23.02;5.74;
3.05;19.70;12.79;4.86;6.53;5.27;3.09;0.00;0.00;0.00;0.04;0.04;0.04;3.77;8.09;1.12;24.02;18.68;12.10;5.65;0.90;0.93;0.22;0.45;14.40;4.09;2.98;8.87;2.61;0.00;0.01;0.50;0.60;0.00;70.29;496.00;3405.65;66.85;31.01;23.61;6.83;14.59;4.23;10.70;52.17;18.74;21.99;5.39;
3.05;19.70;12.79;4.86;6.52;5.27;3.09;0.00;0.00;0.00;0.04;0.04;0.04;3.72;8.07;1.10;23.88;18.61;11.99;5.59;0.90;0.92;0.22;0.45;14.54;4.10;3.04;8.92;2.62;0.00;0.01;0.50;0.60;0.00;68.09;436.52;2931.67;65.99;28.76;31.87;8.82;18.58;0.66;1.89;6.05;3.92;5.65;0.83;
3.05;19.70;12.79;4.86;6.52;5.27;3.09;0.00;0.00;0.00;0.04;0.04;0.04;3.75;8.08;1.11;23.95;18.64;12.04;5.57;0.90;0.91;0.22;0.44;14.45;4.09;3.00;8.88;2.62;0.00;0.01;0.50;0.60;0.00;28.97;14.03;51.98;46.57;3.81;22.86;6.65;14.22;1.15;3.16;11.44;6.23;8.44;1.44;
3.04;19.53;12.71;4.82;6.48;5.24;3.07;0.00;0.00;0.00;0.04;0.04;0.04;3.72;8.07;1.09;23.86;18.61;11.97;5.52;0.89;0.90;0.22;0.44;14.43;4.09;2.99;8.88;2.62;0.00;0.01;0.50;0.60;0.00;41.53;59.73;284.34;53.94;8.93;21.97;6.43;13.77;1.93;5.13;20.92;9.66;12.36;2.43;
3.04;19.54;12.71;4.82;6.48;5.24;3.07;0.00;0.00;0.00;0.04;0.04;0.04;3.71;8.06;1.09;23.85;18.60;11.96;5.49;0.89;0.89;0.22;0.44;14.43;4.09;2.99;8.88;2.62;0.00;0.01;0.50;0.60;0.00;45.05;82.89;417.58;55.76;10.83;18.83;5.64;12.16;1.01;2.80;9.84;5.59;7.68;1.26;
3.03;19.46;12.67;4.80;6.45;5.22;3.06;0.00;0.00;0.00;0.04;0.04;0.04;3.71;8.06;1.09;23.84;18.60;11.96;5.47;0.89;0.89;0.22;0.44;14.55;4.10;3.05;8.92;2.63;0.00;0.01;0.50;0.60;0.00;40.50;54.00;252.60;53.39;8.41;14.28;4.45;9.73;12.54;29.53;184.37;46.82;48.79;16.15;
3.03;19.44;12.66;4.80;6.45;5.22;3.06;0.00;0.00;0.00;0.04;0.04;0.04;3.71;8.06;1.09;23.84;18.60;11.96;5.47;0.89;0.89;0.22;0.44;14.70;4.12;3.11;8.98;2.64;0.00;0.01;0.50;0.60;0.00;72.41;559.03;3918.73;67.66;33.27;18.75;5.62;12.12;1.17;3.23;11.76;6.36;8.59;1.47;
3.03;19.44;12.66;4.80;6.45;5.22;3.06;0.00;0.00;0.00;0.04;0.04;0.04;3.71;8.06;1.09;23.84;18.60;11.96;5.40;0.88;0.87;0.21;0.44;14.24;4.07;2.91;8.80;2.60;0.00;0.01;0.50;0.60;0.00;37.17;38.26;168.59;51.56;6.87;28.57;8.04;17.01;7.71;18.73;104.67;31.05;34.13;9.87;
3.03;19.44;12.66;4.80;6.45;5.22;3.06;0.00;0.00;0.00;0.04;0.04;0.04;3.71;8.06;1.09;23.84;18.60;11.96;5.37;0.88;0.86;0.21;0.44;14.63;4.11;3.08;8.95;2.63;0.00;0.01;0.50;0.60;0.00;51.56;142.63;789.32;58.91;14.90;19.63;5.84;12.58;16.02;37.13;245.04;57.56;58.38;20.68;
3.03;19.44;12.66;4.80;6.45;5.22;3.06;0.00;0.00;0.00;0.04;0.04;0.04;3.71;8.06;1.09;23.84;18.60;11.96;5.36;0.88;0.86;0.21;0.44;14.22;4.07;2.90;8.80;2.60;0.00;0.01;0.50;0.60;0.00;79.35;807.88;6035.73;70.24;41.31;24.20;6.98;14.89;11.61;27.48;168.57;43.88;46.10;14.94;
3.01;19.28;12.57;4.76;6.40;5.19;3.04;0.00;0.00;0.00;0.04;0.04;0.04;3.60;8.01;1.04;23.54;18.47;11.72;5.36;0.88;0.86;0.21;0.44;14.38;4.09;2.97;8.86;2.61;0.00;0.01;0.50;0.60;0.00;71.28;524.77;3638.55;67.23;32.05;20.49;6.06;13.02;1.06;2.94;10.47;5.84;7.98;1.33;
3.00;19.20;12.54;4.75;6.38;5.17;3.03;0.00;0.00;0.00;0.04;0.04;0.04;3.54;7.99;1.02;23.39;18.41;11.59;5.28;0.87;0.84;0.21;0.43;14.18;4.06;2.88;8.78;2.60;0.00;0.01;0.50;0.60;0.00;32.68;22.80;91.86;48.92;5.07;31.62;8.76;18.46;4.09;10.35;50.07;18.19;21.43;5.20;
3.00;19.19;12.53;4.74;6.37;5.17;3.03;0.00;0.00;0.00;0.04;0.04;0.04;3.53;7.98;1.02;23.36;18.39;11.57;5.26;0.87;0.84;0.21;0.43;14.25;4.07;2.92;8.81;2.60;0.00;0.01;0.50;0.60;0.00;34.01;26.76;110.84;49.72;5.57;26.77;7.60;16.14;1.16;3.20;11.62;6.30;8.53;1.46;
3.00;19.18;12.53;4.74;6.37;5.17;3.03;0.00;0.00;0.00;0.04;0.04;0.04;3.50;7.96;1.00;23.25;18.35;11.49;5.26;0.87;0.84;0.21;0.43;14.15;4.06;2.87;8.77;2.60;0.00;0.01;0.50;0.60;0.00;34.35;27.85;116.18;49.92;5.70;13.86;4.34;9.50;0.98;2.71;9.47;5.43;7.50;1.22;
3.00;19.18;12.53;4.74;6.37;5.17;3.03;0.00;0.00;0.00;0.04;0.04;0.04;3.49;7.96;1.00;23.23;18.34;11.47;5.26;0.87;0.84;0.21;0.43;14.13;4.06;2.86;8.76;2.60;0.00;0.01;0.50;0.60;0.00;44.70;80.35;402.61;55.58;10.63;21.69;6.36;13.63;1.17;3.21;11.67;6.32;8.55;1.46;
3.00;19.18;12.53;4.74;6.37;5.17;3.03;0.00;0.00;0.00;0.04;0.04;0.04;3.49;7.96;1.00;23.23;18.34;11.47;5.21;0.86;0.82;0.21;0.43;14.13;4.05;2.86;8.76;2.60;0.00;0.01;0.50;0.60;0.00;41.98;62.37;299.13;54.18;9.16;22.62;6.59;14.10;1.86;4.97;20.12;9.38;12.05;2.35;
3.00;19.18;12.53;4.74;6.37;5.17;3.03;0.00;0.00;0.00;0.04;0.04;0.04;3.49;7.96;1.00;23.23;18.34;11.47;5.17;0.86;0.81;0.21;0.43;14.12;4.05;2.86;8.76;2.60;0.00;0.01;0.50;0.60;0.00;26.79;10.25;35.96;45.11;3.17;18.68;5.60;12.08;1.01;2.80;9.83;5.58;7.67;1.26;
3.00;19.18;12.53;4.74;6.37;5.17;3.03;0.00;0.00;0.00;0.04;0.04;0.04;3.49;7.96;1.00;23.23;18.34;11.47;5.16;0.86;0.81;0.21;0.43;14.01;4.04;2.81;8.72;2.59;0.00;0.01;0.50;0.60;0.00;60.00;262.46;1614.15;62.67;21.32;21.36;6.27;13.46;0.82;2.31;7.76;4.70;6.61;1.03;
2.98;19.06;12.47;4.71;6.34;5.15;3.02;0.00;0.00;0.00;0.04;0.04;0.04;3.49;7.96;1.00;23.23;18.34;11.47;5.16;0.86;0.81;0.21;0.43;13.98;4.04;2.80;8.71;2.58;0.00;0.01;0.50;0.60;0.00;47.07;98.89;513.64;56.77;12.01;22.54;6.57;14.06;0.46;1.35;3.99;2.90;4.35;0.58;
2.97;18.96;12.41;4.69;6.31;5.13;3.01;0.00;0.00;0.00;0.04;0.04;0.04;3.49;7.96;1.00;23.23;18.34;11.47;5.16;0.86;0.81;0.21;0.43;14.10;4.05;2.85;8.75;2.59;0.00;0.01;0.50;0.60;0.00;54.57;179.20;1031.64;60.29;17.04;21.11;6.21;13.33;6.66;16.34;88.34;27.46;30.67;8.52;
2.97;18.94;12.40;4.69;6.30;5.12;3.00;0.00;0.00;0.00;0.04;0.04;0.04;3.49;7.96;1.00;23.23;18.34;11.47;5.10;0.85;0.80;0.20;0.42;14.36;4.08;2.96;8.85;2.61;0.00;0.01;0.50;0.60;0.00;59.81;259.10;1589.94;62.59;21.16;31.48;8.73;18.39;2.67;6.94;30.47;12.68;15.67;3.37;
2.97;18.93;12.40;4.69;6.30;5.12;3.00;0.00;0.00;0.00;0.04;0.04;0.04;3.49;7.96;1.00;23.23;18.34;11.47;5.07;0.85;0.79;0.20;0.42;14.41;4.09;2.99;8.87;2.62;0.00;0.01;0.50;0.60;0.00;49.08;116.95;625.31;57.74;13.25;31.26;8.68;18.29;0.65;1.87;5.95;3.88;5.59;0.81;
2.97;18.93;12.40;4.69;6.30;5.12;3.00;0.00;0.00;0.00;0.04;0.04;0.04;3.49;7.96;1.00;23.23;18.34;11.47;5.06;0.85;0.79;0.20;0.42;14.06;4.05;2.83;8.74;2.59;0.00;0.01;0.50;0.60;0.00;100.31;2074.36;18245.29;77.28;71.93;31.72;8.78;18.51;2.52;6.60;28.61;12.12;15.05;3.19;
2.97;18.93;12.40;4.69;6.30;5.12;3.00;0.00;0.00;0.00;0.04;0.04;0.04;3.49;7.96;1.00;23.23;18.34;11.47;5.06;0.85;0.79;0.20;0.42;14.23;4.07;2.91;8.80;2.60;0.00;0.01;0.50;0.60;0.00;59.10;246.95;1502.79;62.29;20.57;27.89;7.87;16.69;1.08;3.00;10.71;5.94;8.10;1.36;
2.97;18.93;12.40;4.69;6.30;5.12;3.00;0.00;0.00;0.00;0.04;0.04;0.04;3.42;7.93;0.97;23.03;18.25;11.31;5.06;0.85;0.79;0.20;0.42;14.39;4.09;2.97;8.86;2.61;0.00;0.01;0.50;0.60;0.00;44.63;79.80;399.38;55.55;10.59;21.23;6.24;13.39;4.78;11.99;60.10;20.76;24.05;6.09;
2.97;18.93;12.40;4.69;6.30;5.12;3.00;0.00;0.00;0.00;0.04;0.04;0.04;3.37;7.90;0.95;22.90;18.19;11.21;5.06;0.85;0.79;0.20;0.42;14.05;4.05;2.83;8.73;2.59;0.00;0.01;0.50;0.60;0.00;52.87;157.78;888.51;59.52;15.81;32.86;9.05;19.04;4.08;10.34;49.97;18.16;21.40;5.19;
2.97;18.93;12.40;4.69;6.30;5.12;3.00;0.00;0.00;0.00;0.04;0.04;0.04;3.33;7.88;0.93;22.78;18.14;11.11;5.03;0.85;0.78;0.20;0.42;14.35;4.08;2.96;8.85;2.61;0.00;0.01;0.50;0.60;0.00;30.82;18.00;69.61;47.76;4.41;20.03;5.94;12.78;3.90;9.91;47.43;17.48;20.71;4.96;
2.97;18.93;12.40;4.69;6.30;5.12;3.00;0.00;0.00;0.00;0.04;0.04;0.04;3.29;7.86;0.91;22.66;18.09;11.02;4.98;0.84;0.77;0.20;0.42;14.29;4.07;2.93;8.82;2.61;0.00;0.01;0.50;0.60;0.00;54.07;172.72;988.00;60.07;16.67;16.18;4.95;10.76;7.34;17.89;98.84;29.79;32.92;9.39;
2.95;18.81;12.34;4.66;6.26;5.10;2.99;0.00;0.00;0.00;0.04;0.04;0.04;3.28;7.86;0.91;22.63;18.08;11.00;4.97;0.84;0.76;0.20;0.42;14.52;4.10;3.03;8.91;2.62;0.00;0.01;0.50;0.60;0.00;75.79;671.69;4860.48;68.94;37.06;22.54;6.57;14.05;1.26;3.46;12.80;6.76;9.06;1.59;
2.95;18.79;12.32;4.65;6.26;5.09;2.99;0.00;0.00;0.00;0.04;0.04;0.04;3.28;7.86;0.91;22.63;18.08;11.00;4.96;0.84;0.76;0.20;0.42;14.32;4.08;2.95;8.84;2.61;0.00;0.01;0.50;0.60;0.00;34.96;29.87;126.11;50.28;5.94;31.42;8.71;18.37;2.76;7.18;31.77;13.07;16.08;3.50;
2.95;18.74;12.30;4.64;6.24;5.09;2.98;0.00;0.00;0.00;0.04;0.04;0.04;3.28;7.86;0.91;22.63;18.08;11.00;4.96;0.84;0.76;0.20;0.42;14.16;4.06;2.88;8.78;2.60;0.00;0.01;0.50;0.60;0.00;39.12;46.98;214.52;52.64;7.75;28.52;8.03;16.99;8.40;20.31;115.71;33.39;36.36;10.77;
2.94;18.70;12.28;4.63;6.23;5.08;2.98;0.00;0.00;0.00;0.04;0.04;0.04;3.28;7.86;0.91;22.63;18.08;11.00;4.96;0.84;0.76;0.20;0.42;14.13;4.06;2.86;8.76;2.60;0.00;0.01;0.50;0.60;0.00;48.28;109.53;579.08;57.36;12.75;27.10;7.68;16.31;13.24;31.06;196.27;49.00;50.75;17.05;
2.94;18.69;12.27;4.63;6.23;5.07;2.97;0.00;0.00;0.00;0.04;0.04;0.04;3.28;7.86;0.91;22.63;18.08;11.00;4.96;0.84;0.76;0.20;0.42;14.25;4.07;2.91;8.81;2.60;0.00;0.01;0.50;0.60;0.00;36.00;33.63;144.93;50.89;6.37;20.58;6.08;13.07;1.29;3.52;13.11;6.88;9.20;1.62;
2.94;18.68;12.27;4.63;6.23;5.07;2.97;0.00;0.00;0.00;0.04;0.04;0.04;3.28;7.86;0.91;22.63;18.08;11.00;4.96;0.84;0.76;0.20;0.42;14.27;4.07;2.92;8.82;2.61;0.00;0.00;0.50;0.60;0.00;50.30;129.14;702.45;58.32;14.05;26.35;7.50;15.94;2.82;7.31;32.48;13.29;16.31;3.57;
2.94;18.68;12.27;4.63;6.23;5.07;2.97;0.00;0.00;0.00;0.04;0.04;0.04;3.28;7.86;0.91;22.63;18.08;11.00;4.95;0.84;0.76;0.20;0.42;14.27;4.07;2.93;8.82;2.61;0.00;0.00;0.50;0.60;0.00;29.47;15.03;56.33;46.90;3.96;15.86;4.87;10.59;1.49;4.03;15.51;7.77;10.23;1.88;
2.94;18.68;12.27;4.63;6.23;5.07;2.97;0.00;0.00;0.00;0.04;0.04;0.04;3.28;7.86;0.91;22.63;18.08;11.00;4.91;0.83;0.75;0.20;0.42;14.15;4.06;2.87;8.77;2.60;0.00;0.00;0.50;0.60;0.00;56.57;207.13;1222.67;61.19;18.55;23.42;6.79;14.50;14.45;33.70;217.27;52.75;54.11;18.63;
2.94;18.68;12.27;4.63;6.23;5.07;2.97;0.00;0.00;0.00;0.03;0.04;0.04;3.28;7.86;0.91;22.63;18.08;11.00;4.88;0.83;0.74;0.20;0.41;14.25;4.07;2.92;8.81;2.60;0.00;0.00;0.50;0.60;0.00;39.97;51.20;237.30;53.10;8.15;28.43;8.00;16.95;0.70;2.00;6.49;4.13;5.91;0.88;
2.94;18.68;12.27;4.63;6.23;5.07;2.97;0.00;0.00;0.00;0.04;0.04;0.04;3.28;7.86;0.91;22.63;18.08;11.00;4.87;0.83;0.74;0.19;0.41;14.27;4.07;2.92;8.82;2.61;0.00;0.00;0.50;0.60;0.00;44.97;82.29;414.04;55.72;10.78;19.75;5.87;12.64;17.53;40.38;272.07;62.10;62.36;22.65;
2.94;18.68;12.27;4.63;6.23;5.07;2.97;0.00;0.00;0.00;0.04;0.04;0.04;3.28;7.86;0.91;22.63;18.08;11.00;4.87;0.83;0.74;0.19;0.41;14.27;4.07;2.93;8.82;2.61;0.00;0.00;0.50;0.59;0.00;35.43;31.53;134.40;50.56;6.13;18.19;5.47;11.83;8.95;21.53;124.47;35.21;38.07;11.47;
2.94;18.68;12.27;4.63;6.23;5.07;2.97;0.00;0.00;0.00;0.04;0.04;0.04;3.28;7.86;0.91;22.63;18.08;11.00;4.87;0.83;0.74;0.19;0.41;14.27;4.07;2.93;8.82;2.61;0.00;0.00;0.50;0.59;0.00;99.46;2004.46;17526.22;77.02;70.50;26.28;7.49;15.91;19.00;43.54;298.74;66.46;66.15;24.57;
2.93;18.57;12.21;4.60;6.19;5.05;2.96;0.00;0.00;0.00;0.04;0.04;0.04;3.25;7.84;0.90;22.53;18.04;10.92;4.87;0.83;0.74;0.19;0.41;14.15;4.06;2.87;8.77;2.60;0.00;0.00;0.50;0.59;0.00;43.67;73.12;360.45;55.06;10.06;18.73;5.61;12.11;1.73;4.63;18.43;8.81;11.41;2.18;
2.94;18.66;12.26;4.62;6.22;5.07;2.97;0.00;0.00;0.00;0.04;0.04;0.04;3.27;7.85;0.91;22.61;18.07;10.98;4.87;0.83;0.74;0.19;0.41;14.01;4.04;2.81;8.72;2.59;0.00;0.00;0.50;0.59;0.00;34.75;29.17;122.64;50.16;5.86;23.51;6.81;14.54;4.65;11.67;58.12;20.26;23.55;5.92;
2.92;18.52;12.19;4.59;6.18;5.04;2.96;0.00;0.00;0.00;0.04;0.04;0.04;3.28;7.86;0.91;22.62;18.07;10.99;4.87;0.83;0.74;0.19;0.41;13.98;4.04;2.80;8.71;2.58;0.00;0.00;0.50;0.59;0.00;41.59;60.12;286.52;53.97;8.96;37.79;10.19;21.31;1.10;3.02;10.84;5.99;8.16;1.37;
2.92;18.50;12.17;4.59;6.17;5.04;2.95;0.00;0.00;0.00;0.04;0.04;0.04;3.21;7.82;0.88;22.44;17.99;10.85;4.82;0.83;0.73;0.19;0.41;13.86;4.02;2.75;8.66;2.58;0.00;0.00;0.50;0.59;0.00;46.26;92.17;472.92;56.36;11.52;37.70;10.17;21.27;1.06;2.92;10.40;5.81;7.95;1.32;
2.91;18.45;12.15;4.58;6.16;5.03;2.95;0.00;0.00;0.00;0.04;0.04;0.04;3.14;7.79;0.85;22.21;17.90;10.67;4.78;0.82;0.72;0.19;0.41;14.31;4.08;2.94;8.83;2.61;0.00;0.00;0.50;0.59;0.00;66.53;397.66;2627.97;65.37;27.23;30.65;8.53;18.00;2.09;5.53;22.94;10.32;13.10;2.64;
2.91;18.44;12.15;4.58;6.15;5.03;2.95;0.00;0.00;0.00;0.04;0.04;0.04;3.09;7.76;0.83;22.08;17.83;10.57;4.78;0.82;0.72;0.19;0.41;14.28;4.07;2.93;8.82;2.61;0.00;0.00;0.50;0.59;0.00;44.59;79.53;397.79;55.53;10.56;28.81;8.09;17.13;1.81;4.84;19.45;9.16;11.80;2.28;
2.91;18.44;12.14;4.58;6.15;5.03;2.95;0.00;0.00;0.00;0.04;0.04;0.04;3.08;7.76;0.83;22.05;17.82;10.55;4.78;0.82;0.72;0.19;0.41;13.91;4.03;2.77;8.68;2.58;0.00;0.00;0.50;0.59;0.00;37.28;38.69;170.81;51.61;6.91;22.22;6.49;13.90;1.49;4.04;15.52;7.77;10.24;1.88;
2.91;18.44;12.14;4.58;6.15;5.03;2.95;0.00;0.00;0.00;0.04;0.04;0.04;3.08;7.76;0.83;22.05;17.82;10.54;4.78;0.82;0.72;0.19;0.41;14.08;4.05;2.84;8.74;2.59;0.00;0.00;0.50;0.59;0.00;34.19;27.33;113.61;49.83;5.64;18.00;5.43;11.73;6.29;15.50;82.70;26.17;29.42;8.04;
2.91;18.44;12.14;4.58;6.15;5.03;2.95;0.00;0.00;0.00;0.04;0.04;0.04;3.08;7.76;0.83;22.04;17.82;10.54;4.78;0.82;0.72;0.19;0.41;14.23;4.07;2.91;8.80;2.60;0.00;0.00;0.50;0.59;0.00;35.68;32.45;138.99;50.70;6.24;22.09;6.46;13.83;1.92;5.12;20.84;9.63;12.33;2.42;
