4.60;34.87;20.03;8.12;10.84;7.92;4.69;0.00;0.00;0.00;0.08;0.07;0.08;61.60;14.59;70.65;78.50;35.66;80.91;12.91;1.43;3.37;0.47;0.70;54.43;7.09;49.64;20.15;4.41;0.02;0.05;0.70;0.81;0.01;28.49;13.11;48.01;46.25;3.66;21.01;6.19;13.28;2.78;7.23;32.02;13.15;16.16;3.52;
3.11;20.24;13.07;4.98;6.68;5.37;3.15;0.00;0.00;0.00;0.04;0.04;0.04;5.38;8.72;1.90;27.93;20.28;15.41;5.55;0.89;0.91;0.22;0.44;18.23;4.51;4.91;10.25;2.87;0.00;0.01;0.53;0.63;0.00;31.13;18.75;73.02;47.96;4.52;15.28;4.72;10.28;1.12;3.09;11.14;6.11;8.30;1.41;
2.90;18.35;12.10;4.56;6.13;5.01;2.94;0.00;0.00;0.00;0.03;0.04;0.04;3.41;7.92;0.96;23.00;18.24;11.29;4.77;0.82;0.72;0.19;0.41;14.85;4.14;3.18;9.04;2.65;0.00;0.01;0.51;0.60;0.00;34.30;27.68;115.34;49.89;5.68;12.73;4.04;8.88;11.48;27.19;166.34;43.46;45.72;14.77;
2.86;17.97;11.90;4.47;6.01;4.93;2.89;0.00;0.00;0.00;0.03;0.04;0.04;3.11;7.77;0.84;22.14;17.86;10.62;4.63;0.81;0.68;0.19;0.40;14.04;4.04;2.83;8.73;2.59;0.00;0.01;0.50;0.60;0.00;26.02;9.11;31.33;44.58;2.95;10.59;3.46;7.65;4.59;11.55;57.35;20.07;23.35;5.85;
2.85;17.85;11.84;4.44;5.98;4.91;2.88;0.00;0.00;0.00;0.03;0.04;0.04;3.06;7.74;0.82;21.97;17.79;10.49;4.60;0.80;0.68;0.19;0.40;14.11;4.05;2.85;8.75;2.59;0.00;0.01;0.50;0.60;0.00;49.80;124.06;670.19;58.09;13.72;14.83;4.60;10.03;7.79;18.92;105.98;31.33;34.40;9.98;
2.84;17.83;11.83;4.44;5.97;4.91;2.87;0.00;0.00;0.00;0.03;0.04;0.04;3.05;7.74;0.82;21.94;17.77;10.46;4.60;0.80;0.68;0.18;0.40;14.35;4.08;2.96;8.85;2.61;0.00;0.00;0.50;0.60;0.00;29.69;15.48;58.33;47.04;4.03;14.29;4.46;9.74;2.53;6.61;28.67;12.14;15.08;3.20;
2.84;17.82;11.82;4.44;5.97;4.91;2.87;0.00;0.00;0.00;0.03;0.04;0.04;3.05;7.74;0.81;21.93;17.77;10.46;4.59;0.80;0.68;0.18;0.40;14.28;4.07;2.93;8.82;2.61;0.00;0.00;0.50;0.60;0.00;33.43;24.96;102.17;49.37;5.34;13.79;4.33;9.46;1.73;4.63;18.42;8.80;11.40;2.18;
2.84;17.82;11.82;4.44;5.97;4.91;2.87;0.00;0.00;0.00;0.03;0.04;0.04;3.05;7.74;0.81;21.93;17.77;10.46;4.59;0.80;0.68;0.18;0.40;14.16;4.06;2.87;8.77;2.60;0.00;0.00;0.50;0.60;0.00;54.48;177.99;1023.51;60.25;16.97;20.93;6.17;13.24;3.87;9.84;46.98;17.36;20.59;4.92;
2.84;17.82;11.82;4.44;5.97;4.91;2.87;0.00;0.00;0.00;0.03;0.04;0.04;3.04;7.74;0.81;21.93;17.77;10.46;4.59;0.80;0.68;0.18;0.40;14.02;4.04;2.82;8.72;2.59;0.00;0.00;0.50;0.60;0.00;34.64;28.81;120.88;50.10;5.81;13.25;4.18;9.17;27.57;61.66;460.50;90.97;86.93;35.80;
2.85;17.86;11.84;4.45;5.98;4.91;2.88;0.00;0.00;0.00;0.03;0.04;0.04;3.04;7.74;0.81;21.93;17.77;10.46;4.59;0.80;0.68;0.18;0.40;14.21;4.07;2.90;8.80;2.60;0.00;0.00;0.50;0.59;0.00;63.89;338.03;2171.93;64.30;24.75;22.16;6.47;13.87;14.84;34.57;224.24;53.97;55.20;19.15;
2.84;17.83;11.83;4.44;5.97;4.91;2.87;0.00;0.00;0.00;0.03;0.04;0.04;3.04;7.74;0.81;21.93;17.77;10.46;4.59;0.80;0.68;0.18;0.40;14.03;4.04;2.82;8.72;2.59;0.00;0.00;0.50;0.59;0.00;38.33;43.25;194.70;52.20;7.38;13.62;4.28;9.37;4.65;11.69;58.25;20.30;23.58;5.93;
2.84;17.82;11.82;4.44;5.97;4.91;2.87;0.00;0.00;0.00;0.03;0.04;0.04;3.04;7.74;0.81;21.93;17.77;10.46;4.59;0.80;0.68;0.18;0.40;13.99;4.04;2.81;8.71;2.59;0.00;0.00;0.50;0.59;0.00;30.55;17.37;66.78;47.59;4.32;17.74;5.36;11.59;7.45;18.14;100.55;30.16;33.28;9.53;
2.84;17.82;11.82;4.44;5.97;4.91;2.87;0.00;0.00;0.00;0.03;0.04;0.04;3.04;7.74;0.81;21.93;17.77;10.46;4.59;0.80;0.68;0.18;0.40;14.32;4.08;2.95;8.84;2.61;0.00;0.00;0.50;0.59;0.00;26.74;10.16;35.59;45.07;3.15;17.28;5.24;11.35;4.22;10.68;52.04;18.70;21.96;5.37;
2.84;17.82;11.82;4.44;5.97;4.91;2.87;0.00;0.00;0.00;0.03;0.04;0.04;3.04;7.74;0.81;21.93;17.77;10.46;4.58;0.80;0.67;0.18;0.40;14.39;4.09;2.98;8.86;2.61;0.00;0.00;0.50;0.60;0.00;30.41;17.05;65.32;47.50;4.27;14.40;4.49;9.80;0.81;2.29;7.68;4.67;6.57;1.02;
2.84;17.82;11.82;4.44;5.97;4.91;2.87;0.00;0.00;0.00;0.03;0.04;0.04;3.04;7.74;0.81;21.93;17.77;10.46;4.59;0.80;0.68;0.18;0.40;14.29;4.07;2.93;8.82;2.61;0.00;0.01;0.50;0.60;0.00;46.93;97.73;506.61;56.70;11.93;13.67;4.29;9.40;2.34;6.15;26.20;11.37;14.24;2.96;
2.84;17.82;11.82;4.44;5.97;4.91;2.87;0.00;0.00;0.00;0.03;0.04;0.04;3.04;7.74;0.81;21.93;17.77;10.46;4.59;0.80;0.68;0.18;0.40;14.05;4.05;2.83;8.73;2.59;0.00;0.01;0.50;0.60;0.00;59.17;248.22;1511.90;62.32;20.64;14.37;4.48;9.78;3.25;8.35;38.33;14.98;18.11;4.12;
2.84;17.82;11.82;4.44;5.97;4.91;2.87;0.00;0.00;0.00;0.03;0.04;0.04;3.04;7.74;0.81;21.93;17.77;10.46;4.58;0.80;0.67;0.18;0.40;14.22;4.07;2.90;8.80;2.60;0.00;0.01;0.50;0.60;0.00;31.24;19.01;74.22;48.03;4.55;12.42;3.96;8.70;0.91;2.54;8.75;5.13;7.13;1.14;
2.84;17.82;11.82;4.44;5.97;4.91;2.87;0.00;0.00;0.00;0.03;0.04;0.04;3.04;7.74;0.81;21.93;17.77;10.46;4.55;0.80;0.67;0.18;0.40;14.03;4.04;2.82;8.72;2.59;0.00;0.01;0.50;0.60;0.00;56.25;202.42;1190.15;61.04;18.30;15.18;4.69;10.22;2.01;5.34;21.96;10.00;12.74;2.54;
2.84;17.82;11.82;4.44;5.97;4.91;2.87;0.00;0.00;0.00;0.03;0.04;0.04;3.04;7.74;0.81;21.93;17.77;10.46;4.56;0.80;0.67;0.18;0.40;14.33;4.08;2.95;8.84;2.61;0.00;0.01;0.50;0.60;0.00;68.91;458.22;3103.36;66.31;29.59;17.03;5.17;11.21;0.47;1.37;4.05;2.93;4.38;0.58;
2.84;17.82;11.82;4.44;5.97;4.91;2.87;0.00;0.00;0.00;0.03;0.04;0.04;3.04;7.74;0.81;21.93;17.77;10.46;4.56;0.80;0.67;0.18;0.40;14.39;4.09;2.98;8.86;2.61;0.00;0.01;0.50;0.60;0.00;36.30;34.78;150.78;51.06;6.50;12.15;3.88;8.55;0.82;2.32;7.78;4.71;6.62;1.03;
2.84;17.82;11.82;4.44;5.97;4.91;2.87;0.00;0.00;0.00;0.03;0.04;0.04;3.04;7.74;0.81;21.93;17.77;10.46;4.57;0.80;0.67;0.18;0.40;14.29;4.07;2.93;8.82;2.61;0.00;0.01;0.50;0.60;0.00;44.31;77.56;386.28;55.39;10.41;10.65;3.47;7.68;0.49;1.41;4.21;3.02;4.49;0.60;
2.84;17.82;11.82;4.44;5.97;4.91;2.87;0.00;0.00;0.00;0.03;0.04;0.04;3.04;7.74;0.81;21.93;17.77;10.46;4.53;0.80;0.66;0.18;0.40;14.16;4.06;2.88;8.77;2.60;0.00;0.01;0.50;0.60;0.00;36.57;35.81;156.01;51.21;6.61;12.61;4.01;8.81;3.27;8.39;38.58;15.05;18.18;4.14;
2.84;17.82;11.82;4.44;5.97;4.91;2.87;0.00;0.00;0.00;0.03;0.04;0.04;3.04;7.74;0.81;21.93;17.77;10.46;4.54;0.80;0.66;0.18;0.40;14.13;4.06;2.86;8.76;2.60;0.00;0.01;0.50;0.60;0.00;63.52;330.05;2111.89;64.14;24.40;14.37;4.48;9.78;0.72;2.04;6.62;4.19;5.98;0.89;
2.84;17.82;11.82;4.44;5.97;4.91;2.87;0.00;0.00;0.00;0.03;0.04;0.04;3.04;7.74;0.81;21.93;17.77;10.46;4.57;0.80;0.67;0.18;0.40;14.12;4.05;2.86;8.76;2.59;0.00;0.01;0.50;0.60;0.00;70.79;510.47;3522.46;67.04;31.53;19.53;5.82;12.52;2.52;6.59;28.55;12.10;15.04;3.19;
2.84;17.82;11.82;4.44;5.97;4.91;2.87;0.00;0.00;0.00;0.03;0.04;0.04;3.04;7.74;0.81;21.93;17.77;10.46;4.55;0.80;0.67;0.18;0.40;13.90;4.03;2.77;8.67;2.58;0.00;0.00;0.50;0.60;0.00;68.29;441.75;2972.93;66.07;28.96;18.03;5.43;11.74;9.51;22.81;133.69;37.08;39.83;12.21;
2.84;17.82;11.82;4.44;5.97;4.91;2.87;0.00;0.00;0.00;0.03;0.04;0.04;3.04;7.74;0.81;21.93;17.77;10.46;4.58;0.80;0.67;0.18;0.40;14.19;4.06;2.89;8.79;2.60;0.00;0.00;0.50;0.60;0.00;32.81;23.16;93.57;49.00;5.11;15.25;4.71;10.26;2.01;5.32;21.89;9.98;12.71;2.53;
2.84;17.82;11.82;4.44;5.97;4.91;2.87;0.00;0.00;0.00;0.03;0.04;0.04;3.04;7.74;0.81;21.93;17.77;10.46;4.59;0.80;0.68;0.18;0.40;14.25;4.07;2.91;8.81;2.60;0.00;0.01;0.50;0.60;0.00;38.20;42.69;191.72;52.13;7.33;14.63;4.55;9.92;2.15;5.67;23.71;10.57;13.37;2.71;
2.84;17.82;11.82;4.44;5.97;4.91;2.87;0.00;0.00;0.00;0.03;0.04;0.04;3.04;7.74;0.81;21.93;17.77;10.46;4.59;0.80;0.68;0.18;0.40;14.15;4.06;2.87;8.77;2.60;0.00;0.01;0.50;0.60;0.00;37.38;39.10;172.98;51.67;6.96;15.83;4.86;10.58;1.22;3.33;12.23;6.54;8.81;1.53;
2.86;17.94;11.88;4.46;6.00;4.93;2.89;0.00;0.00;0.00;0.03;0.04;0.04;3.04;7.74;0.81;21.93;17.77;10.46;4.59;0.80;0.68;0.18;0.40;14.24;4.07;2.91;8.81;2.60;0.00;0.01;0.50;0.60;0.00;48.75;113.81;605.66;57.58;13.04;13.58;4.27;9.35;0.98;2.73;9.55;5.47;7.53;1.23;
2.87;18.04;11.94;4.49;6.03;4.95;2.90;0.00;0.00;0.00;0.03;0.04;0.04;3.04;7.74;0.81;21.93;17.77;10.46;4.65;0.81;0.69;0.19;0.40;14.26;4.07;2.92;8.81;2.60;0.00;0.01;0.50;0.60;0.00;45.05;82.85;417.33;55.76;10.82;13.99;4.38;9.58;2.42;6.35;27.25;11.70;14.60;3.06;
2.87;18.10;11.97;4.50;6.05;4.96;2.91;0.00;0.00;0.00;0.03;0.04;0.04;3.04;7.74;0.81;21.93;17.77;10.46;4.73;0.82;0.71;0.19;0.41;14.26;4.07;2.92;8.81;2.60;0.00;0.01;0.50;0.60;0.00;52.80;156.93;882.95;59.49;15.76;12.34;3.93;8.65;15.67;36.35;238.72;56.48;57.42;20.22;
2.89;18.28;12.06;4.54;6.10;5.00;2.93;0.00;0.00;0.00;0.03;0.04;0.04;3.07;7.75;0.83;22.02;17.81;10.53;4.78;0.82;0.72;0.19;0.41;14.26;4.07;2.92;8.81;2.61;0.00;0.01;0.50;0.60;0.00;35.08;30.29;128.20;50.35;5.99;12.37;3.94;8.67;4.33;10.92;53.51;19.08;22.35;5.51;
2.90;18.31;12.08;4.55;6.12;5.00;2.93;0.00;0.00;0.00;0.03;0.04;0.04;3.11;7.77;0.84;22.13;17.86;10.61;4.85;0.83;0.74;0.19;0.41;14.15;4.06;2.87;8.77;2.60;0.00;0.01;0.50;0.60;0.00;41.15;57.60;272.45;53.74;8.74;12.36;3.94;8.67;3.71;9.45;44.71;16.75;19.96;4.71;
2.90;18.32;12.08;4.55;6.12;5.00;2.93;0.00;0.00;0.00;0.04;0.04;0.04;3.21;7.82;0.88;22.42;17.99;10.84;4.93;0.84;0.76;0.20;0.42;14.24;4.07;2.91;8.81;2.60;0.00;0.01;0.50;0.60;0.00;70.17;492.76;3379.54;66.80;30.89;17.41;5.27;11.42;10.74;25.55;153.99;41.09;43.55;13.81;
2.92;18.53;12.19;4.60;6.18;5.04;2.96;0.00;0.00;0.00;0.04;0.04;0.04;3.23;7.83;0.89;22.48;18.01;10.88;5.03;0.85;0.78;0.20;0.42;14.37;4.08;2.97;8.86;2.61;0.00;0.01;0.50;0.60;0.00;52.12;148.95;830.48;59.17;15.28;14.82;4.60;10.03;5.82;14.42;75.57;24.52;27.79;7.43;
2.93;18.57;12.21;4.60;6.19;5.05;2.96;0.00;0.00;0.00;0.04;0.04;0.04;3.23;7.83;0.89;22.50;18.02;10.89;5.12;0.85;0.80;0.20;0.42;14.40;4.09;2.98;8.87;2.61;0.00;0.01;0.50;0.60;0.00;30.37;16.96;64.93;47.48;4.26;13.09;4.14;9.08;5.70;14.12;73.66;24.06;27.34;7.27;
2.93;18.58;12.22;4.61;6.19;5.05;2.96;0.00;0.00;0.00;0.04;0.04;0.04;3.23;7.83;0.89;22.50;18.02;10.89;5.20;0.86;0.82;0.21;0.43;14.41;4.09;2.98;8.87;2.62;0.00;0.01;0.50;0.60;0.00;33.97;26.63;110.22;49.70;5.55;9.01;3.01;6.72;1.12;3.08;11.09;6.09;8.28;1.40;
2.93;18.58;12.22;4.61;6.19;5.05;2.96;0.00;0.00;0.00;0.04;0.04;0.04;3.23;7.83;0.89;22.50;18.02;10.89;5.24;0.86;0.83;0.21;0.43;14.29;4.07;2.93;8.83;2.61;0.00;0.01;0.51;0.60;0.00;39.33;48.02;220.09;52.76;7.85;14.51;4.52;9.86;2.82;7.31;32.48;13.28;16.31;3.57;
2.95;18.75;12.30;4.64;6.24;5.09;2.98;0.00;0.00;0.00;0.04;0.04;0.04;3.23;7.83;0.89;22.50;18.02;10.89;5.32;0.87;0.85;0.21;0.43;14.27;4.07;2.92;8.82;2.61;0.00;0.01;0.51;0.60;0.00;64.37;348.31;2249.64;64.50;25.19;15.56;4.79;10.43;0.58;1.68;5.22;3.53;5.15;0.73;
2.96;18.82;12.34;4.66;6.27;5.10;2.99;0.00;0.00;0.00;0.04;0.04;0.04;3.23;7.83;0.89;22.50;18.02;10.89;5.42;0.88;0.88;0.21;0.44;14.38;4.09;2.97;8.86;2.61;0.00;0.01;0.51;0.61;0.00;42.89;68.01;331.08;54.65;9.64;19.53;5.81;12.52;0.60;1.71;5.34;3.58;5.22;0.74;
2.96;18.84;12.35;4.66;6.27;5.10;2.99;0.00;0.00;0.00;0.04;0.04;0.04;3.23;7.83;0.89;22.50;18.02;10.89;5.44;0.88;0.88;0.22;0.44;14.86;4.14;3.19;9.04;2.65;0.00;0.01;0.51;0.61;0.00;68.35;443.26;2984.83;66.09;29.02;19.86;5.90;12.70;4.11;10.40;50.38;18.27;21.51;5.22;
2.96;18.84;12.35;4.67;6.27;5.10;2.99;0.00;0.00;0.00;0.04;0.04;0.04;3.23;7.83;0.89;22.50;18.02;10.89;5.53;0.89;0.90;0.22;0.44;14.61;4.11;3.07;8.95;2.63;0.00;0.01;0.51;0.61;0.00;45.80;88.55;451.24;56.14;11.25;14.41;4.49;9.80;7.63;18.55;103.40;30.78;33.87;9.76;
2.96;18.84;12.35;4.67;6.27;5.10;2.99;0.00;0.00;0.00;0.04;0.04;0.04;3.33;7.88;0.93;22.78;18.14;11.11;5.56;0.89;0.91;0.22;0.44;14.45;4.09;3.00;8.88;2.62;0.00;0.01;0.51;0.61;0.00;63.74;334.71;2146.95;64.24;24.60;13.89;4.35;9.52;0.94;2.62;9.06;5.26;7.29;1.17;
2.98;19.01;12.44;4.70;6.32;5.14;3.01;0.00;0.00;0.00;0.04;0.04;0.04;3.32;7.88;0.92;22.74;18.12;11.08;5.64;0.90;0.93;0.22;0.45;14.53;4.10;3.04;8.91;2.62;0.00;0.01;0.51;0.61;0.00;27.97;12.18;44.01;45.91;3.50;13.58;4.27;9.35;2.85;7.39;32.91;13.41;16.45;3.61;
2.99;19.09;12.48;4.72;6.34;5.15;3.02;0.00;0.00;0.00;0.04;0.04;0.04;3.38;7.91;0.95;22.92;18.20;11.22;5.74;0.91;0.96;0.23;0.45;14.43;4.09;2.99;8.88;2.62;0.00;0.01;0.51;0.61;0.00;35.45;31.61;134.77;50.57;6.14;12.88;4.08;8.96;0.47;1.37;4.04;2.93;4.38;0.58;
2.99;19.10;12.49;4.72;6.35;5.15;3.02;0.00;0.00;0.00;0.04;0.04;0.04;3.42;7.93;0.97;23.05;18.26;11.32;5.76;0.91;0.96;0.23;0.45;14.41;4.09;2.99;8.87;2.62;0.00;0.01;0.51;0.61;0.00;48.57;112.14;595.30;57.50;12.93;12.81;4.06;8.92;3.80;9.66;45.95;17.09;20.30;4.82;
2.99;19.11;12.49;4.72;6.35;5.16;3.02;0.00;0.00;0.00;0.04;0.04;0.04;3.43;7.93;0.97;23.07;18.27;11.34;5.78;0.91;0.97;0.23;0.45;14.41;4.09;2.98;8.87;2.62;0.00;0.01;0.51;0.61;0.00;25.46;8.35;28.26;44.18;2.81;12.91;4.09;8.97;6.81;16.68;90.58;27.96;31.15;8.70;
2.99;19.15;12.51;4.73;6.36;5.16;3.03;0.00;0.00;0.00;0.04;0.04;0.05;3.43;7.93;0.97;23.08;18.27;11.35;5.85;0.92;0.99;0.23;0.46;14.41;4.09;2.98;8.87;2.62;0.00;0.01;0.51;0.61;0.00;54.10;173.13;990.76;60.08;16.69;16.22;4.96;10.78;1.22;3.35;12.33;6.58;8.85;1.54;
2.99;19.12;12.49;4.73;6.35;5.16;3.02;0.00;0.00;0.00;0.04;0.04;0.05;3.43;7.93;0.97;23.08;18.27;11.35;5.87;0.92;0.99;0.23;0.46;14.41;4.09;2.98;8.87;2.62;0.00;0.01;0.51;0.61;0.00;38.11;42.27;189.49;52.08;7.28;12.61;4.01;8.80;1.72;4.60;18.26;8.75;11.34;2.16;
3.01;19.28;12.58;4.76;6.40;5.19;3.04;0.00;0.00;0.00;0.04;0.04;0.05;3.43;7.93;0.97;23.08;18.27;11.35;5.96;0.93;1.01;0.23;0.46;14.29;4.07;2.93;8.83;2.61;0.00;0.01;0.51;0.61;0.00;43.43;71.50;351.08;54.93;9.92;15.51;4.78;10.41;1.31;3.58;13.37;6.98;9.32;1.65;
3.02;19.36;12.62;4.78;6.42;5.20;3.05;0.00;0.00;0.00;0.04;0.04;0.05;3.43;7.93;0.97;23.08;18.27;11.35;5.98;0.93;1.02;0.23;0.46;14.38;4.09;2.97;8.86;2.61;0.00;0.01;0.51;0.61;0.00;55.76;195.51;1142.60;60.83;17.93;14.26;4.45;9.72;0.62;1.78;5.61;3.72;5.39;0.77;
3.02;19.37;12.62;4.78;6.43;5.21;3.05;0.00;0.00;0.00;0.04;0.04;0.05;3.43;7.93;0.97;23.08;18.27;11.35;6.07;0.94;1.04;0.24;0.47;14.40;4.09;2.98;8.87;2.62;0.00;0.01;0.51;0.61;0.00;25.64;8.59;29.22;44.31;2.85;12.53;3.99;8.76;2.96;7.65;34.39;13.85;16.91;3.75;
3.02;19.38;12.63;4.78;6.43;5.21;3.05;0.00;0.00;0.00;0.04;0.04;0.05;3.43;7.93;0.97;23.08;18.27;11.35;6.09;0.94;1.05;0.24;0.47;14.29;4.07;2.93;8.82;2.61;0.00;0.01;0.51;0.61;0.00;21.60;4.31;13.01;41.32;1.90;14.52;4.52;9.87;1.03;2.86;10.11;5.70;7.81;1.29;
3.02;19.38;12.63;4.78;6.43;5.21;3.05;0.00;0.00;0.00;0.04;0.04;0.05;3.53;7.98;1.02;23.36;18.39;11.57;6.10;0.94;1.05;0.24;0.47;14.27;4.07;2.92;8.82;2.61;0.00;0.01;0.51;0.61;0.00;39.99;51.33;238.00;53.12;8.17;16.15;4.95;10.75;4.04;10.25;49.45;18.02;21.26;5.14;
3.02;19.38;12.63;4.78;6.43;5.21;3.05;0.00;0.00;0.00;0.04;0.04;0.05;3.59;8.01;1.04;23.52;18.46;11.69;6.19;0.95;1.08;0.24;0.47;14.38;4.09;2.97;8.86;2.61;0.00;0.01;0.51;0.61;0.00;32.86;23.31;94.26;49.03;5.13;13.68;4.29;9.40;4.50;11.34;56.06;19.74;23.02;5.73;
3.02;19.42;12.65;4.79;6.44;5.22;3.06;0.00;0.00;0.00;0.04;0.04;0.05;3.63;8.03;1.06;23.64;18.51;11.80;6.21;0.95;1.08;0.24;0.47;14.63;4.11;3.08;8.95;2.63;0.00;0.01;0.51;0.61;0.00;68.77;454.45;3073.43;66.26;29.45;15.58;4.80;10.44;1.52;4.11;15.87;7.90;10.38;1.91;
3.04;19.61;12.74;4.84;6.50;5.25;3.08;0.00;0.00;0.00;0.04;0.04;0.05;3.64;8.03;1.06;23.67;18.53;11.82;6.21;0.95;1.08;0.24;0.47;14.45;4.09;3.00;8.89;2.62;0.00;0.01;0.51;0.61;0.00;50.04;126.46;685.38;58.20;13.88;14.43;4.49;9.81;7.45;18.14;100.57;30.16;33.28;9.53;
3.05;19.64;12.76;4.84;6.51;5.26;3.09;0.00;0.00;0.00;0.04;0.04;0.05;3.65;8.04;1.06;23.67;18.53;11.82;6.31;0.96;1.11;0.25;0.48;14.41;4.09;2.99;8.87;2.62;0.00;0.01;0.52;0.61;0.00;71.70;537.39;3741.33;67.39;32.50;16.39;5.01;10.88;2.82;7.33;32.57;13.31;16.34;3.58;
3.05;19.65;12.77;4.85;6.51;5.26;3.09;0.00;0.00;0.00;0.04;0.04;0.05;3.65;8.04;1.06;23.67;18.53;11.82;6.33;0.96;1.11;0.25;0.48;14.52;4.10;3.03;8.91;2.62;0.00;0.01;0.51;0.61;0.00;53.54;165.97;942.86;59.83;16.28;17.38;5.27;11.40;1.38;3.75;14.17;7.28;9.66;1.73;
3.05;19.65;12.77;4.85;6.51;5.26;3.09;0.00;0.00;0.00;0.04;0.04;0.05;3.65;8.04;1.06;23.67;18.53;11.82;6.33;0.96;1.11;0.25;0.48;14.54;4.10;3.04;8.92;2.63;0.00;0.01;0.52;0.61;0.00;32.64;22.66;91.20;48.89;5.05;13.74;4.31;9.44;33.02;72.99;567.99;105.93;99.23;42.97;
3.05;19.65;12.77;4.85;6.51;5.26;3.09;0.00;0.00;0.00;0.04;0.05;0.05;3.65;8.04;1.06;23.67;18.53;11.82;6.39;0.97;1.13;0.25;0.48;14.43;4.09;3.00;8.88;2.62;0.00;0.01;0.52;0.61;0.00;70.01;488.35;3344.11;66.74;30.72;15.69;4.83;10.50;7.59;18.47;102.85;30.66;33.75;9.72;
3.05;19.65;12.77;4.85;6.51;5.26;3.09;0.00;0.00;0.00;0.04;0.04;0.05;3.65;8.04;1.06;23.67;18.53;11.82;6.44;0.97;1.14;0.25;0.48;14.53;4.10;3.04;8.91;2.62;0.00;0.01;0.52;0.61;0.00;83.46;989.81;7659.52;71.70;46.55;14.41;4.49;9.81;2.15;5.69;23.77;10.59;13.39;2.72;
3.05;19.65;12.77;4.85;6.51;5.26;3.09;0.00;0.00;0.00;0.04;0.05;0.05;3.65;8.04;1.06;23.67;18.53;11.82;6.45;0.97;1.15;0.25;0.48;14.89;4.14;3.20;9.05;2.65;0.00;0.01;0.52;0.61;0.00;47.58;103.26;540.35;57.02;12.32;17.75;5.36;11.60;6.31;15.54;82.96;26.23;29.47;8.06;
3.06;19.74;12.81;4.87;6.54;5.28;3.10;0.00;0.00;0.00;0.05;0.05;0.05;3.65;8.04;1.06;23.67;18.53;11.82;6.45;0.97;1.15;0.25;0.48;14.62;4.11;3.08;8.95;2.63;0.00;0.01;0.52;0.61;0.00;51.65;143.61;795.68;58.96;14.96;11.12;3.60;7.96;5.92;14.64;77.04;24.86;28.13;7.56;
3.08;19.89;12.89;4.90;6.58;5.31;3.11;0.00;0.00;0.00;0.05;0.05;0.05;3.68;8.05;1.08;23.77;18.57;11.90;6.55;0.98;1.17;0.25;0.49;14.56;4.11;3.05;8.93;2.63;0.00;0.01;0.52;0.61;0.00;54.30;175.68;1007.88;60.17;16.84;13.68;4.30;9.40;4.65;11.68;58.15;20.27;23.55;5.92;
3.08;19.92;12.90;4.91;6.59;5.31;3.12;0.00;0.00;0.00;0.05;0.05;0.05;3.72;8.07;1.10;23.89;18.62;11.99;6.57;0.98;1.18;0.26;0.49;14.44;4.09;3.00;8.88;2.62;0.00;0.01;0.52;0.61;0.00;42.74;67.04;325.54;54.57;9.55;16.25;4.97;10.80;37.62;82.46;660.97;118.25;109.19;49.02;
3.08;19.93;12.91;4.91;6.59;5.31;3.12;0.00;0.00;0.00;0.05;0.05;0.05;3.84;8.12;1.15;24.20;18.75;12.25;6.57;0.98;1.18;0.26;0.49;14.64;4.12;3.09;8.96;2.63;0.00;0.01;0.52;0.61;0.00;78.63;778.76;5781.36;69.98;40.43;15.92;4.89;10.62;3.90;9.92;47.46;17.49;20.72;4.96;
3.08;19.93;12.91;4.91;6.59;5.31;3.12;0.00;0.00;0.00;0.05;0.05;0.05;3.87;8.14;1.16;24.27;18.78;12.30;6.57;0.98;1.18;0.26;0.49;14.68;4.12;3.11;8.97;2.63;0.00;0.01;0.52;0.61;0.00;60.59;273.02;1690.58;62.92;21.82;15.33;4.73;10.31;1.10;3.04;10.91;6.02;8.19;1.38;
3.08;19.93;12.91;4.91;6.59;5.31;3.12;0.00;0.00;0.00;0.05;0.05;0.05;3.87;8.14;1.16;24.28;18.79;12.31;6.61;0.98;1.19;0.26;0.49;14.58;4.11;3.06;8.93;2.63;0.00;0.01;0.52;0.61;0.00;30.25;16.69;63.72;47.40;4.22;13.56;4.26;9.34;0.72;2.03;6.60;4.18;5.97;0.89;
3.08;19.93;12.91;4.91;6.59;5.31;3.12;0.00;0.00;0.00;0.05;0.05;0.05;3.87;8.14;1.16;24.28;18.79;12.31;6.68;0.99;1.21;0.26;0.49;14.67;4.12;3.10;8.97;2.63;0.00;0.01;0.52;0.61;0.00;31.05;18.55;72.11;47.91;4.49;12.91;4.09;8.97;13.68;32.02;203.87;50.37;51.98;17.62;
3.08;19.98;12.93;4.92;6.61;5.32;3.12;0.00;0.00;0.00;0.05;0.05;0.05;3.87;8.14;1.16;24.28;18.79;12.31;6.69;0.99;1.21;0.26;0.49;14.69;4.12;3.11;8.98;2.64;0.00;0.01;0.52;0.61;0.00;54.43;177.42;1019.60;60.23;16.94;13.44;4.23;9.27;3.28;8.43;38.76;15.10;18.23;4.16;
3.09;20.03;12.96;4.93;6.62;5.33;3.13;0.00;0.00;0.00;0.05;0.05;0.05;3.87;8.14;1.16;24.28;18.79;12.31;6.70;0.99;1.22;0.26;0.49;14.69;4.12;3.11;8.98;2.64;0.00;0.01;0.52;0.61;0.00;49.35;119.62;642.14;57.87;13.43;16.12;4.94;10.73;11.21;26.58;161.76;42.58;44.92;14.41;
3.10;20.13;13.01;4.95;6.65;5.35;3.14;0.00;0.00;0.00;0.05;0.05;0.05;3.87;8.14;1.16;24.28;18.79;12.31;6.70;0.99;1.22;0.26;0.49;14.58;4.11;3.06;8.93;2.63;0.00;0.01;0.52;0.61;0.00;34.81;29.36;123.58;50.19;5.88;15.65;4.82;10.48;13.12;30.81;194.34;48.65;50.43;16.91;
3.10;20.15;13.02;4.96;6.66;5.35;3.14;0.00;0.00;0.00;0.05;0.05;0.05;3.87;8.14;1.16;24.28;18.79;12.31;6.72;0.99;1.22;0.26;0.49;14.79;4.13;3.15;9.01;2.64;0.00;0.01;0.52;0.61;0.00;72.87;573.60;4038.75;67.84;33.77;11.08;3.59;7.94;2.40;6.30;27.01;11.62;14.52;3.04;
3.11;20.20;13.05;4.97;6.67;5.36;3.15;0.00;0.00;0.00;0.05;0.05;0.05;3.87;8.14;1.16;24.28;18.79;12.31;6.80;1.00;1.25;0.26;0.50;14.60;4.11;3.07;8.94;2.63;0.00;0.01;0.52;0.61;0.00;52.82;157.18;884.59;59.50;15.77;13.90;4.35;9.52;4.34;10.95;53.71;19.13;22.40;5.52;
3.11;20.21;13.05;4.97;6.68;5.37;3.15;0.00;0.00;0.00;0.05;0.05;0.05;3.87;8.14;1.16;24.28;18.79;12.31;6.82;1.00;1.25;0.26;0.50;14.56;4.11;3.05;8.93;2.63;0.00;0.01;0.52;0.61;0.00;66.92;407.14;2701.63;65.52;27.61;12.39;3.95;8.68;0.58;1.67;5.17;3.50;5.11;0.72;
3.11;20.21;13.05;4.97;6.68;5.37;3.15;0.00;0.00;0.00;0.05;0.05;0.05;3.91;8.15;1.18;24.38;18.83;12.39;6.82;1.00;1.25;0.26;0.50;14.44;4.09;3.00;8.88;2.62;0.00;0.01;0.52;0.61;0.00;55.14;186.89;1083.75;60.55;17.46;12.23;3.90;8.59;1.23;3.38;12.44;6.62;8.90;1.55;
3.11;20.21;13.05;4.97;6.68;5.37;3.15;0.00;0.00;0.00;0.05;0.05;0.05;3.88;8.14;1.17;24.30;18.80;12.33;6.84;1.00;1.26;0.26;0.50;14.64;4.12;3.09;8.96;2.63;0.00;0.01;0.52;0.61;0.00;66.95;407.84;2707.04;65.54;27.63;12.78;4.05;8.90;1.71;4.60;18.24;8.74;11.33;2.16;
3.11;20.21;13.05;4.97;6.68;5.37;3.15;0.00;0.00;0.00;0.05;0.05;0.05;3.91;8.16;1.18;24.39;18.83;12.40;6.87;1.01;1.26;0.27;0.50;14.45;4.09;3.00;8.89;2.62;0.00;0.01;0.52;0.61;0.00;76.71;705.01;5144.46;69.27;38.13;14.32;4.47;9.76;1.51;4.09;15.80;7.87;10.35;1.91;
3.11;20.21;13.05;4.97;6.68;5.37;3.15;0.00;0.00;0.00;0.05;0.05;0.05;3.99;8.19;1.22;24.60;18.92;12.57;6.91;1.01;1.28;0.27;0.50;14.88;4.14;3.19;9.05;2.65;0.00;0.01;0.52;0.61;0.00;32.53;22.36;89.80;48.82;5.01;17.83;5.38;11.64;2.80;7.26;32.22;13.21;16.23;3.54;
3.11;20.21;13.05;4.97;6.68;5.37;3.15;0.00;0.00;0.00;0.05;0.05;0.05;3.97;8.18;1.21;24.54;18.90;12.53;6.84;1.00;1.26;0.26;0.50;14.85;4.14;3.18;9.03;2.65;0.00;0.01;0.52;0.61;0.00;57.02;213.85;1269.37;61.38;18.90;16.95;5.16;11.17;3.89;9.88;47.22;17.43;20.65;4.94;
3.11;20.21;13.05;4.97;6.68;5.37;3.15;0.00;0.00;0.00;0.05;0.05;0.05;3.93;8.16;1.19;24.43;18.85;12.44;6.72;0.99;1.22;0.26;0.49;14.49;4.10;3.02;8.90;2.62;0.00;0.01;0.52;0.61;0.00;108.83;2879.71;26808.47;79.90;87.24;16.01;4.91;10.67;0.37;1.10;3.09;2.41;3.69;0.46;
3.11;20.21;13.05;4.97;6.68;5.37;3.15;0.00;0.00;0.00;0.05;0.05;0.05;3.88;8.14;1.17;24.31;18.80;12.34;6.60;0.98;1.19;0.26;0.49;14.65;4.12;3.09;8.96;2.63;0.00;0.01;0.52;0.61;0.00;76.29;689.60;5012.83;69.12;37.64;16.09;4.93;10.72;0.80;2.25;7.52;4.60;6.48;1.00;
3.11;20.21;13.05;4.97;6.68;5.37;3.15;0.00;0.00;0.00;0.05;0.05;0.05;3.87;8.14;1.16;24.29;18.79;12.32;6.48;0.97;1.16;0.25;0.48;14.69;4.12;3.11;8.97;2.64;0.00;0.01;0.52;0.61;0.00;44.89;81.72;410.67;55.68;10.73;15.85;4.87;10.58;0.63;1.79;5.66;3.74;5.42;0.78;
3.10;20.08;12.98;4.94;6.64;5.34;3.13;0.00;0.00;0.00;0.05;0.05;0.05;3.87;8.14;1.16;24.28;18.79;12.31;6.36;0.96;1.12;0.25;0.48;14.46;4.09;3.01;8.89;2.62;0.00;0.01;0.52;0.61;0.00;53.82;169.55;966.79;59.96;16.49;11.65;3.75;8.26;0.83;2.34;7.87;4.75;6.67;1.04;
3.09;20.00;12.95;4.92;6.62;5.33;3.13;0.00;0.00;0.00;0.05;0.05;0.05;3.87;8.14;1.16;24.28;18.79;12.31;6.28;0.96;1.10;0.25;0.47;14.65;4.12;3.09;8.96;2.63;0.00;0.01;0.52;0.61;0.00;46.80;96.60;499.69;56.63;11.84;12.91;4.09;8.98;1.23;3.36;12.38;6.60;8.87;1.54;
3.08;19.95;12.92;4.91;6.60;5.32;3.12;0.00;0.00;0.00;0.05;0.05;0.05;3.87;8.14;1.16;24.28;18.79;12.31;6.23;0.95;1.09;0.24;0.47;14.57;4.11;3.06;8.93;2.63;0.00;0.01;0.52;0.61;0.00;67.16;413.08;2747.88;65.62;27.84;11.72;3.77;8.30;1.90;5.07;20.62;9.55;12.24;2.40;
3.08;19.93;12.91;4.91;6.59;5.31;3.12;0.00;0.00;0.00;0.05;0.05;0.05;3.87;8.14;1.16;24.28;18.79;12.31;6.12;0.94;1.06;0.24;0.47;14.67;4.12;3.10;8.97;2.63;0.00;0.01;0.51;0.61;0.00;42.01;62.58;300.31;54.19;9.18;13.35;4.21;9.22;0.61;1.75;5.51;3.67;5.32;0.76;
3.08;19.93;12.91;4.91;6.59;5.31;3.12;0.00;0.00;0.00;0.04;0.04;0.05;3.87;8.14;1.16;24.28;18.79;12.31;6.01;0.93;1.03;0.24;0.46;14.46;4.09;3.01;8.89;2.62;0.00;0.01;0.51;0.61;0.00;55.69;194.52;1135.87;60.80;17.88;13.06;4.13;9.06;0.54;1.56;4.75;3.29;4.85;0.67;
3.07;19.89;12.89;4.90;6.58;5.30;3.11;0.00;0.00;0.00;0.04;0.04;0.05;3.87;8.14;1.16;24.28;18.79;12.31;5.99;0.93;1.02;0.23;0.46;14.42;4.09;2.99;8.87;2.62;0.00;0.01;0.51;0.61;0.00;35.21;30.75;130.49;50.43;6.04;11.40;3.68;8.12;2.70;7.04;30.99;12.84;15.83;3.42;
3.06;19.74;12.81;4.87;6.54;5.28;3.10;0.00;0.00;0.00;0.05;0.05;0.05;3.87;8.14;1.16;24.28;18.79;12.31;5.90;0.92;1.00;0.23;0.46;14.52;4.10;3.04;8.91;2.62;0.00;0.01;0.51;0.61;0.00;38.68;44.90;203.42;52.40;7.55;15.13;4.68;10.20;1.71;4.59;18.21;8.73;11.32;2.16;
3.05;19.67;12.78;4.85;6.52;5.26;3.09;0.00;0.00;0.00;0.04;0.04;0.05;3.76;8.09;1.11;23.99;18.66;12.07;5.88;0.92;0.99;0.23;0.46;14.32;4.08;2.94;8.83;2.61;0.00;0.01;0.51;0.61;0.00;32.66;22.74;91.58;48.91;5.06;17.20;5.22;11.31;3.27;8.41;38.67;15.08;18.21;4.15;
3.05;19.66;12.77;4.85;6.51;5.26;3.09;0.00;0.00;0.00;0.04;0.04;0.05;3.78;8.10;1.12;24.03;18.68;12.11;5.79;0.91;0.97;0.23;0.45;14.28;4.07;2.93;8.82;2.61;0.00;0.01;0.51;0.61;0.00;81.56;902.16;6870.18;71.03;44.08;17.56;5.31;11.50;6.09;15.02;79.55;25.44;28.70;7.77;
3.05;19.65;12.77;4.85;6.51;5.26;3.09;0.00;0.00;0.00;0.04;0.04;0.05;3.67;8.05;1.08;23.74;18.56;11.88;5.75;0.91;0.96;0.23;0.45;14.49;4.10;3.02;8.90;2.62;0.00;0.01;0.51;0.61;0.00;72.79;571.03;4017.53;67.81;33.68;20.56;6.07;13.05;3.20;8.23;37.63;14.78;17.90;4.05;
3.05;19.65;12.77;4.85;6.51;5.26;3.09;0.00;0.00;0.00;0.04;0.04;0.05;3.65;8.04;1.07;23.69;18.53;11.83;5.67;0.90;0.94;0.22;0.45;14.31;4.08;2.94;8.83;2.61;0.00;0.01;0.51;0.60;0.00;67.36;418.02;2786.52;65.70;28.04;22.63;6.59;14.10;4.19;10.61;51.59;18.59;21.84;5.33;
3.05;19.65;12.77;4.85;6.51;5.26;3.09;0.00;0.00;0.00;0.04;0.04;0.05;3.65;8.04;1.06;23.68;18.53;11.82;5.66;0.90;0.94;0.22;0.45;14.39;4.09;2.97;8.86;2.61;0.00;0.01;0.51;0.60;0.00;61.38;287.66;1797.42;63.26;22.50;19.09;5.70;12.30;0.50;1.45;4.35;3.09;4.59;0.62;
3.05;19.65;12.77;4.85;6.51;5.26;3.09;0.00;0.00;0.00;0.04;0.04;0.05;3.65;8.04;1.06;23.67;18.53;11.82;5.57;0.90;0.91;0.22;0.44;14.29;4.07;2.93;8.82;2.61;0.00;0.01;0.51;0.60;0.00;28.86;13.82;51.08;46.50;3.77;15.39;4.75;10.34;2.32;6.09;25.90;11.27;14.14;2.93;
3.03;19.48;12.68;4.81;6.46;5.23;3.07;0.00;0.00;0.00;0.04;0.04;0.05;3.65;8.04;1.06;23.67;18.53;11.82;5.55;0.89;0.91;0.22;0.44;14.38;4.09;2.97;8.86;2.61;0.00;0.01;0.51;0.60;0.00;33.58;25.40;104.29;49.46;5.40;11.04;3.58;7.91;2.73;7.11;31.39;12.96;15.96;3.46;
3.03;19.48;12.68;4.81;6.46;5.23;3.07;0.00;0.00;0.00;0.04;0.04;0.05;3.65;8.04;1.06;23.67;18.53;11.82;5.55;0.89;0.91;0.22;0.44;14.40;4.09;2.98;8.87;2.62;0.00;0.01;0.51;0.60;0.00;60.13;264.69;1630.21;62.73;21.43;13.22;4.17;9.15;9.30;22.33;130.26;36.39;39.18;11.94;
3.02;19.40;12.64;4.79;6.44;5.21;3.06;0.00;0.00;0.00;0.04;0.04;0.05;3.65;8.04;1.06;23.67;18.53;11.82;5.47;0.89;0.89;0.22;0.44;14.29;4.07;2.93;8.82;2.61;0.00;0.01;0.51;0.61;0.00;65.21;366.96;2391.57;64.84;25.97;16.22;4.97;10.79;1.65;4.44;17.47;8.47;11.03;2.08;
3.02;19.38;12.63;4.79;6.43;5.21;3.06;0.00;0.00;0.00;0.04;0.04;0.05;3.65;8.04;1.06;23.67;18.53;11.82;5.45;0.88;0.88;0.22;0.44;14.38;4.09;2.97;8.86;2.61;0.00;0.01;0.51;0.61;0.00;41.10;57.27;270.64;53.71;8.71;18.39;5.53;11.93;2.03;5.38;22.19;10.08;12.82;2.56;
3.02;19.38;12.63;4.78;6.43;5.21;3.05;0.00;0.00;0.00;0.04;0.04;0.05;3.65;8.04;1.06;23.67;18.53;11.82;5.43;0.88;0.88;0.21;0.44;14.52;4.10;3.03;8.91;2.62;0.00;0.01;0.51;0.61;0.00;54.01;171.91;982.57;60.04;16.62;17.67;5.34;11.55;1.50;4.06;15.65;7.82;10.29;1.89;
3.02;19.38;12.63;4.78;6.43;5.21;3.05;0.00;0.00;0.00;0.04;0.04;0.05;3.65;8.04;1.06;23.67;18.53;11.82;5.38;0.88;0.86;0.21;0.44;14.43;4.09;2.99;8.88;2.62;0.00;0.01;0.51;0.61;0.00;52.51;153.54;860.57;59.36;15.56;14.41;4.49;9.81;4.28;10.81;52.86;18.91;22.18;5.45;
3.02;19.38;12.63;4.78;6.43;5.21;3.05;0.00;0.00;0.00;0.04;0.04;0.05;3.65;8.04;1.06;23.67;18.53;11.82;5.35;0.88;0.86;0.21;0.43;14.18;4.06;2.89;8.78;2.60;0.00;0.01;0.51;0.61;0.00;42.65;66.50;322.46;54.53;9.51;17.74;5.36;11.59;6.12;15.10;80.05;25.56;28.82;7.82;
3.02;19.38;12.63;4.78;6.43;5.21;3.05;0.00;0.00;0.00;0.04;0.04;0.05;3.65;8.04;1.06;23.67;18.53;11.82;5.35;0.87;0.86;0.21;0.43;14.36;4.08;2.96;8.85;2.61;0.00;0.01;0.51;0.61;0.00;40.98;56.64;267.14;53.65;8.65;15.64;4.81;10.47;1.61;4.33;16.94;8.28;10.81;2.02;
3.02;19.38;12.63;4.78;6.43;5.21;3.05;0.00;0.00;0.00;0.04;0.04;0.04;3.65;8.04;1.06;23.67;18.53;11.82;5.28;0.87;0.84;0.21;0.43;14.17;4.06;2.88;8.78;2.60;0.00;0.01;0.51;0.61;0.00;42.82;67.56;328.53;54.62;9.60;12.44;3.96;8.71;0.98;2.73;9.55;5.46;7.53;1.23;
3.01;19.29;12.58;4.77;6.40;5.19;3.04;0.00;0.00;0.00;0.04;0.04;0.04;3.65;8.04;1.06;23.67;18.53;11.82;5.25;0.87;0.83;0.21;0.43;14.25;4.07;2.91;8.81;2.60;0.00;0.01;0.51;0.61;0.00;44.77;80.82;405.35;55.62;10.66;16.35;5.00;10.85;0.96;2.68;9.33;5.37;7.42;1.21;
3.00;19.19;12.53;4.74;6.37;5.17;3.03;0.00;0.00;0.00;0.04;0.04;0.04;3.61;8.02;1.05;23.58;18.49;11.74;5.25;0.87;0.83;0.21;0.43;14.26;4.07;2.92;8.81;2.60;0.00;0.01;0.51;0.61;0.00;50.85;134.93;739.56;58.58;14.42;11.82;3.79;8.36;3.01;7.79;35.13;14.06;17.14;3.82;
2.99;19.12;12.50;4.73;6.36;5.16;3.03;0.00;0.00;0.00;0.04;0.04;0.05;3.50;7.97;1.00;23.27;18.36;11.50;5.25;0.87;0.83;0.21;0.43;14.49;4.10;3.02;8.90;2.62;0.00;0.01;0.51;0.60;0.00;89.26;1297.01;10517.47;73.69;54.57;17.68;5.34;11.56;1.80;4.82;19.35;9.12;11.76;2.27;
2.99;19.11;12.49;4.73;6.35;5.16;3.02;0.00;0.00;0.00;0.04;0.04;0.04;3.51;7.97;1.01;23.31;18.37;11.53;5.18;0.86;0.82;0.21;0.43;14.42;4.09;2.99;8.87;2.62;0.00;0.01;0.51;0.60;0.00;69.98;487.27;3335.39;66.73;30.68;14.92;4.62;10.08;3.67;9.37;44.21;16.61;19.81;4.66;
2.99;19.11;12.49;4.72;6.35;5.16;3.02;0.00;0.00;0.00;0.04;0.04;0.04;3.45;7.94;0.98;23.12;18.29;11.38;5.17;0.86;0.81;0.21;0.43;14.30;4.08;2.94;8.83;2.61;0.00;0.01;0.51;0.60;0.00;47.05;98.70;512.45;56.76;12.00;12.77;4.05;8.90;9.33;22.40;130.72;36.49;39.27;11.97;
2.99;19.11;12.49;4.72;6.35;5.16;3.02;0.00;0.00;0.00;0.04;0.04;0.04;3.47;7.95;0.99;23.18;18.32;11.43;5.15;0.86;0.81;0.20;0.43;14.16;4.06;2.88;8.77;2.60;0.00;0.01;0.51;0.60;0.00;64.97;361.40;2349.14;64.74;25.74;16.40;5.01;10.88;15.00;34.92;227.05;54.46;55.64;19.35;
2.99;19.11;12.49;4.72;6.35;5.16;3.02;0.00;0.00;0.00;0.04;0.04;0.04;3.44;7.94;0.98;23.10;18.28;11.37;5.15;0.86;0.81;0.20;0.43;14.47;4.10;3.01;8.89;2.62;0.00;0.01;0.51;0.60;0.00;74.63;631.39;4520.20;68.50;35.73;20.88;6.16;13.22;1.94;5.15;21.03;9.69;12.40;2.44;
2.99;19.11;12.49;4.72;6.35;5.16;3.02;0.00;0.00;0.00;0.04;0.04;0.04;3.44;7.94;0.97;23.08;18.27;11.35;5.15;0.86;0.81;0.20;0.43;14.19;4.06;2.89;8.79;2.60;0.00;0.01;0.51;0.60;0.00;56.98;213.27;1265.34;61.37;18.87;13.56;4.26;9.34;1.91;5.08;20.66;9.57;12.26;2.41;
2.99;19.11;12.49;4.72;6.35;5.16;3.02;0.00;0.00;0.00;0.04;0.04;0.04;3.43;7.94;0.97;23.08;18.27;11.35;5.13;0.85;0.80;0.20;0.43;14.25;4.07;2.91;8.81;2.60;0.00;0.01;0.51;0.60;0.00;52.44;152.74;855.31;59.32;15.51;13.31;4.20;9.20;3.44;8.81;40.99;15.73;18.89;4.37;
2.99;19.11;12.49;4.72;6.35;5.16;3.02;0.00;0.00;0.00;0.04;0.04;0.04;3.43;7.93;0.97;23.08;18.27;11.35;5.08;0.85;0.79;0.20;0.42;14.04;4.04;2.82;8.73;2.59;0.00;0.01;0.51;0.60;0.00;73.53;594.73;4213.83;68.09;34.50;20.74;6.12;13.15;1.35;3.67;13.80;7.14;9.50;1.69;
2.98;19.06;12.47;4.72;6.34;5.15;3.02;0.00;0.00;0.00;0.04;0.04;0.04;3.43;7.93;0.97;23.08;18.27;11.35;5.06;0.85;0.79;0.20;0.42;14.11;4.05;2.85;8.75;2.59;0.00;0.01;0.51;0.60;0.00;73.87;605.99;4307.60;68.22;34.88;18.01;5.43;11.73;12.01;28.35;175.23;45.13;47.24;15.45;
2.98;19.06;12.46;4.71;6.34;5.15;3.02;0.00;0.00;0.00;0.04;0.04;0.04;3.43;7.93;0.97;23.08;18.27;11.35;5.05;0.85;0.78;0.20;0.42;14.12;4.05;2.86;8.76;2.59;0.00;0.01;0.51;0.60;0.00;69.46;472.98;3220.98;66.53;30.15;11.46;3.69;8.15;2.55;6.66;28.91;12.21;15.16;3.22;
2.97;18.97;12.42;4.69;6.31;5.13;3.01;0.00;0.00;0.00;0.04;0.04;0.04;3.43;7.93;0.97;23.08;18.27;11.35;5.05;0.85;0.78;0.20;0.42;14.24;4.07;2.91;8.80;2.60;0.00;0.01;0.51;0.60;0.00;76.74;706.44;5156.73;69.29;38.18;12.76;4.05;8.89;1.48;4.00;15.36;7.71;10.17;1.86;
2.97;18.91;12.39;4.68;6.29;5.12;3.00;0.00;0.00;0.00;0.04;0.04;0.04;3.43;7.93;0.97;23.08;18.27;11.35;5.05;0.85;0.78;0.20;0.42;14.26;4.07;2.92;8.81;2.60;0.00;0.01;0.51;0.60;0.00;52.69;155.61;874.20;59.44;15.68;14.25;4.45;9.72;0.63;1.80;5.70;3.76;5.44;0.79;
2.96;18.86;12.36;4.67;6.28;5.11;2.99;0.00;0.00;0.00;0.04;0.04;0.04;3.43;7.93;0.97;23.08;18.27;11.35;5.05;0.85;0.78;0.20;0.42;14.49;4.10;3.02;8.90;2.62;0.00;0.01;0.51;0.60;0.00;44.54;79.19;395.79;55.50;10.54;13.08;4.14;9.07;0.32;0.96;2.61;2.13;3.32;0.40;
2.96;18.84;12.35;4.67;6.27;5.10;2.99;0.00;0.00;0.00;0.04;0.04;0.04;3.43;7.93;0.97;23.08;18.27;11.35;5.00;0.84;0.77;0.20;0.42;14.42;4.09;2.99;8.87;2.62;0.00;0.01;0.51;0.60;0.00;24.04;6.63;21.57;43.16;2.45;16.58;5.06;10.98;1.91;5.09;20.73;9.59;12.29;2.41;
2.96;18.84;12.35;4.67;6.27;5.10;2.99;0.00;0.00;0.00;0.04;0.04;0.04;3.43;7.93;0.97;23.08;18.27;11.35;4.97;0.84;0.76;0.20;0.42;14.18;4.06;2.89;8.78;2.60;0.00;0.01;0.51;0.60;0.00;30.31;16.83;64.34;47.44;4.24;20.33;6.02;12.93;2.86;7.42;33.08;13.46;16.50;3.62;
2.96;18.84;12.35;4.67;6.27;5.10;2.99;0.00;0.00;0.00;0.04;0.04;0.04;3.43;7.93;0.97;23.08;18.27;11.35;4.96;0.84;0.76;0.20;0.42;14.36;4.08;2.96;8.85;2.61;0.00;0.01;0.51;0.60;0.00;45.17;83.77;422.81;55.82;10.89;20.28;6.00;12.91;1.11;3.05;10.97;6.04;8.22;1.39;
2.96;18.84;12.35;4.67;6.27;5.10;2.99;0.00;0.00;0.00;0.04;0.04;0.04;3.43;7.93;0.97;23.08;18.27;11.35;4.96;0.84;0.76;0.20;0.42;14.17;4.06;2.88;8.78;2.60;0.00;0.01;0.51;0.60;0.00;30.12;16.41;62.46;47.32;4.18;12.57;4.00;8.78;7.10;17.36;95.22;28.99;32.15;9.09;
2.96;18.84;12.35;4.67;6.27;5.10;2.99;0.00;0.00;0.00;0.04;0.04;0.04;3.43;7.93;0.97;23.08;18.27;11.35;4.96;0.84;0.76;0.20;0.42;14.47;4.10;3.01;8.89;2.62;0.00;0.01;0.51;0.60;0.00;59.45;252.93;1545.58;62.44;20.86;13.87;4.35;9.51;3.25;8.35;38.35;14.99;18.11;4.12;
2.96;18.84;12.35;4.67;6.27;5.10;2.99;0.00;0.00;0.00;0.04;0.04;0.04;3.43;7.93;0.97;23.08;18.27;11.35;4.96;0.84;0.76;0.20;0.42;14.31;4.08;2.94;8.83;2.61;0.00;0.01;0.51;0.60;0.00;41.96;62.27;298.55;54.17;9.15;14.06;4.40;9.61;24.37;54.94;398.97;81.98;79.41;31.60;
2.96;18.84;12.35;4.67;6.27;5.10;2.99;0.00;0.00;0.00;0.04;0.04;0.04;3.43;7.93;0.97;23.08;18.27;11.35;4.96;0.84;0.76;0.20;0.42;14.16;4.06;2.88;8.77;2.60;0.00;0.01;0.51;0.60;0.00;57.29;217.99;1298.26;61.50;19.12;15.68;4.82;10.49;0.35;1.03;2.86;2.28;3.52;0.43;
2.96;18.84;12.35;4.67;6.27;5.10;2.99;0.00;0.00;0.00;0.04;0.04;0.04;3.43;7.93;0.97;23.08;18.27;11.35;4.96;0.84;0.76;0.20;0.42;14.13;4.06;2.86;8.76;2.60;0.00;0.01;0.51;0.60;0.00;48.72;113.60;604.35;57.57;13.03;11.91;3.82;8.41;3.50;8.96;41.85;15.97;19.14;4.45;
2.96;18.84;12.35;4.67;6.27;5.10;2.99;0.00;0.00;0.00;0.04;0.04;0.04;3.43;7.93;0.97;23.08;18.27;11.35;4.93;0.84;0.75;0.20;0.42;14.35;4.08;2.96;8.85;2.61;0.00;0.01;0.51;0.60;0.00;44.42;78.35;390.88;55.44;10.47;16.83;5.12;11.11;2.07;5.48;22.70;10.24;13.01;2.61;
2.96;18.84;12.35;4.67;6.27;5.10;2.99;0.00;0.00;0.00;0.04;0.04;0.04;3.43;7.93;0.97;23.08;18.27;11.35;4.89;0.83;0.75;0.20;0.41;14.40;4.09;2.98;8.86;2.61;0.00;0.01;0.51;0.60;0.00;41.86;61.69;295.31;54.12;9.10;16.28;4.98;10.82;1.23;3.38;12.44;6.62;8.90;1.55;
2.96;18.84;12.35;4.67;6.27;5.10;2.99;0.00;0.00;0.00;0.04;0.04;0.04;3.43;7.93;0.97;23.08;18.27;11.35;4.87;0.83;0.74;0.19;0.41;14.18;4.06;2.88;8.78;2.60;0.00;0.01;0.51;0.60;0.00;69.46;473.08;3221.75;66.53;30.15;18.44;5.54;11.96;1.29;3.52;13.08;6.87;9.19;1.62;
2.96;18.84;12.35;4.67;6.27;5.10;2.99;0.00;0.00;0.00;0.04;0.04;0.04;3.43;7.93;0.97;23.08;18.27;11.35;4.86;0.83;0.74;0.19;0.41;13.80;4.02;2.72;8.63;2.57;0.00;0.01;0.51;0.60;0.00;51.04;136.96;752.60;58.67;14.54;16.55;5.05;10.96;0.91;2.54;8.74;5.12;7.12;1.14;
2.95;18.80;12.33;4.66;6.26;5.10;2.99;0.00;0.00;0.00;0.04;0.04;0.04;3.40;7.92;0.96;22.99;18.23;11.27;4.86;0.83;0.74;0.19;0.41;13.84;4.02;2.74;8.65;2.57;0.00;0.01;0.51;0.60;0.00;55.56;192.72;1123.54;60.74;17.78;15.02;4.65;10.14;1.77;4.75;18.98;9.00;11.62;2.24;
2.94;18.71;12.28;4.64;6.23;5.08;2.98;0.00;0.00;0.00;0.04;0.04;0.04;3.30;7.87;0.92;22.69;18.10;11.04;4.86;0.83;0.74;0.19;0.41;14.18;4.06;2.88;8.78;2.60;0.00;0.01;0.51;0.60;0.00;47.45;102.10;533.24;56.95;12.24;11.88;3.81;8.39;1.45;3.92;14.98;7.58;10.01;1.82;
2.94;18.65;12.25;4.62;6.21;5.07;2.97;0.00;0.00;0.00;0.04;0.04;0.04;3.25;7.84;0.90;22.54;18.04;10.92;4.86;0.83;0.74;0.19;0.41;14.02;4.04;2.82;8.72;2.59;0.00;0.01;0.51;0.60;0.00;66.54;397.92;2629.94;65.37;27.24;14.88;4.61;10.06;2.19;5.79;24.30;10.76;13.58;2.77;
2.93;18.64;12.25;4.62;6.21;5.06;2.97;0.00;0.00;0.00;0.04;0.04;0.04;3.40;7.92;0.96;22.97;18.22;11.26;4.86;0.83;0.74;0.19;0.41;14.10;4.05;2.85;8.75;2.59;0.00;0.01;0.51;0.60;0.00;35.55;31.96;136.53;50.63;6.18;11.79;3.79;8.34;1.66;4.46;17.58;8.51;11.07;2.09;
2.93;18.59;12.22;4.61;6.20;5.06;2.96;0.00;0.00;0.00;0.04;0.04;0.04;3.30;7.87;0.92;22.68;18.10;11.04;4.86;0.83;0.74;0.19;0.41;14.23;4.07;2.91;8.80;2.60;0.00;0.01;0.51;0.60;0.00;44.93;81.97;412.12;55.70;10.75;13.09;4.14;9.08;0.50;1.45;4.35;3.09;4.58;0.62;
2.93;18.58;12.22;4.61;6.19;5.05;2.96;0.00;0.00;0.00;0.04;0.04;0.04;3.25;7.84;0.90;22.54;18.04;10.92;4.86;0.83;0.74;0.19;0.41;14.14;4.06;2.87;8.77;2.60;0.00;0.01;0.51;0.60;0.00;68.15;438.23;2945.16;66.01;28.83;14.43;4.50;9.82;0.75;2.12;6.96;4.35;6.17;0.93;
2.93;18.58;12.22;4.61;6.19;5.05;2.96;0.00;0.00;0.00;0.04;0.04;0.04;3.24;7.84;0.89;22.51;18.02;10.90;4.85;0.83;0.74;0.19;0.41;14.24;4.07;2.91;8.81;2.60;0.00;0.01;0.51;0.61;0.00;98.18;1902.74;16487.51;76.61;68.37;16.88;5.14;11.13;1.77;4.73;18.93;8.98;11.60;2.23;
2.93;18.58;12.22;4.61;6.19;5.05;2.96;0.00;0.00;0.00;0.04;0.04;0.04;3.23;7.84;0.89;22.50;18.02;10.90;4.80;0.82;0.73;0.19;0.41;14.49;4.10;3.02;8.90;2.62;0.00;0.01;0.51;0.61;0.00;82.75;956.45;7357.61;71.45;45.62;14.28;4.46;9.73;1.93;5.13;20.91;9.65;12.35;2.43;
2.93;18.58;12.22;4.61;6.19;5.05;2.96;0.00;0.00;0.00;0.04;0.04;0.04;3.23;7.84;0.89;22.50;18.02;10.89;4.79;0.82;0.72;0.19;0.41;14.08;4.05;2.84;8.74;2.59;0.00;0.01;0.51;0.60;0.00;83.13;974.41;7519.98;71.59;46.12;21.00;6.18;13.28;1.24;3.39;12.51;6.65;8.93;1.56;
2.93;18.58;12.22;4.61;6.19;5.05;2.96;0.00;0.00;0.00;0.04;0.04;0.04;3.23;7.83;0.89;22.50;18.02;10.89;4.78;0.82;0.72;0.19;0.41;14.12;4.05;2.86;8.76;2.59;0.00;0.01;0.51;0.60;0.00;55.25;188.30;1093.34;60.60;17.54;23.26;6.75;14.41;3.05;7.87;35.61;14.20;17.28;3.86;
2.93;18.58;12.22;4.61;6.19;5.05;2.96;0.00;0.00;0.00;0.04;0.04;0.04;3.23;7.83;0.89;22.50;18.02;10.89;4.77;0.82;0.72;0.19;0.41;14.23;4.07;2.91;8.80;2.60;0.00;0.01;0.51;0.60;0.00;40.99;56.70;267.46;53.65;8.66;20.07;5.95;12.80;2.22;5.86;24.69;10.89;13.72;2.81;
2.93;18.58;12.22;4.61;6.19;5.05;2.96;0.00;0.00;0.00;0.04;0.04;0.04;3.23;7.83;0.89;22.50;18.02;10.89;4.77;0.82;0.72;0.19;0.41;14.26;4.07;2.92;8.81;2.60;0.00;0.01;0.51;0.60;0.00;58.88;243.24;1476.34;62.19;20.39;14.28;4.45;9.73;8.01;19.41;109.41;32.07;35.10;10.26;
2.93;18.58;12.22;4.61;6.19;5.05;2.96;0.00;0.00;0.00;0.04;0.04;0.04;3.23;7.83;0.89;22.50;18.02;10.89;4.77;0.82;0.72;0.19;0.41;14.15;4.06;2.87;8.77;2.60;0.00;0.01;0.51;0.60;0.00;114.81;3570.93;34504.55;81.66;99.01;19.86;5.90;12.70;6.00;14.82;78.24;25.14;28.40;7.66;
2.92;18.50;12.17;4.59;6.17;5.04;2.95;0.00;0.00;0.00;0.04;0.04;0.04;3.23;7.83;0.89;22.50;18.02;10.89;4.77;0.82;0.72;0.19;0.41;14.02;4.04;2.82;8.72;2.59;0.00;0.01;0.51;0.60;0.00;51.15;138.15;760.30;58.72;14.62;14.70;4.57;9.96;10.83;25.74;155.43;41.37;43.80;13.92;
2.92;18.52;12.19;4.59;6.18;5.04;2.96;0.00;0.00;0.00;0.04;0.04;0.04;3.23;7.83;0.89;22.50;18.02;10.89;4.77;0.82;0.72;0.19;0.41;14.33;4.08;2.95;8.84;2.61;0.00;0.01;0.51;0.60;0.00;38.35;43.37;195.34;52.22;7.40;13.95;4.37;9.55;3.92;9.96;47.74;17.57;20.80;4.99;
2.91;18.44;12.15;4.58;6.15;5.03;2.95;0.00;0.00;0.00;0.04;0.04;0.04;3.23;7.83;0.89;22.50;18.02;10.89;4.77;0.82;0.72;0.19;0.41;14.39;4.09;2.98;8.86;2.61;0.00;0.01;0.51;0.60;0.00;58.20;232.17;1397.83;61.90;19.84;19.57;5.82;12.54;1.27;3.47;12.84;6.77;9.08;1.59;
2.90;18.35;12.10;4.55;6.13;5.01;2.94;0.00;0.00;0.00;0.04;0.04;0.04;3.23;7.83;0.89;22.50;18.02;10.89;4.77;0.82;0.72;0.19;0.41;14.18;4.06;2.88;8.78;2.60;0.00;0.01;0.51;0.60;0.00;64.22;345.02;2224.73;64.43;25.04;17.96;5.41;11.71;0.44;1.28;3.71;2.75;4.15;0.54;
2.90;18.37;12.11;4.56;6.13;5.01;2.94;0.00;0.00;0.00;0.04;0.04;0.04;3.23;7.83;0.89;22.50;18.02;10.89;4.77;0.82;0.72;0.19;0.41;14.02;4.04;2.82;8.72;2.59;0.00;0.01;0.51;0.60;0.00;53.01;159.52;900.06;59.59;15.91;12.52;3.98;8.75;2.88;7.46;33.30;13.53;16.57;3.64;
2.90;18.33;12.09;4.55;6.12;5.01;2.93;0.00;0.00;0.00;0.04;0.04;0.04;3.23;7.83;0.89;22.50;18.02;10.89;4.77;0.82;0.72;0.19;0.41;13.88;4.03;2.76;8.67;2.58;0.00;0.01;0.51;0.60;0.00;44.14;76.37;379.32;55.30;10.32;22.39;6.53;13.98;38.04;83.31;669.51;119.35;110.08;49.57;
2.90;18.37;12.11;4.56;6.13;5.01;2.94;0.00;0.00;0.00;0.04;0.04;0.04;3.23;7.83;0.89;22.50;18.02;10.89;4.77;0.82;0.72;0.19;0.41;14.07;4.05;2.84;8.74;2.59;0.00;0.01;0.51;0.60;0.00;84.40;1035.52;8076.11;72.03;47.80;24.92;7.15;15.24;1.96;5.20;21.27;9.77;12.48;2.47;
2.90;18.33;12.09;4.55;6.12;5.01;2.93;0.00;0.00;0.00;0.04;0.04;0.04;3.23;7.83;0.89;22.50;18.02;10.89;4.76;0.82;0.71;0.19;0.41;14.00;4.04;2.81;8.71;2.59;0.00;0.01;0.51;0.60;0.00;61.79;295.38;1854.10;63.43;22.86;16.11;4.94;10.72;156.07;311.71;3454.10;392.51;310.01;206.56;
2.90;18.32;12.08;4.55;6.12;5.00;2.93;0.00;0.00;0.00;0.04;0.04;0.04;3.23;7.83;0.89;22.50;18.02;10.89;4.75;0.82;0.71;0.19;0.41;14.21;4.06;2.90;8.79;2.60;0.00;0.01;0.51;0.60;0.00;64.72;355.84;2306.79;64.64;25.50;14.31;4.46;9.75;2.18;5.76;24.16;10.72;13.53;2.76;
2.90;18.32;12.08;4.55;6.12;5.00;2.93;0.00;0.00;0.00;0.04;0.04;0.04;3.23;7.83;0.89;22.50;18.02;10.89;4.72;0.82;0.71;0.19;0.41;14.03;4.04;2.82;8.72;2.59;0.00;0.01;0.51;0.60;0.00;39.41;48.42;222.23;52.80;7.89;12.58;4.00;8.79;1.42;3.86;14.66;7.46;9.87;1.79;
