4.61;34.97;20.07;8.15;10.87;7.93;4.70;0.00;0.00;0.00;0.08;0.07;0.08;61.60;14.59;70.65;78.50;35.66;80.91;13.39;1.46;3.57;0.49;0.71;56.18;7.18;53.06;20.55;4.47;0.02;0.05;0.70;0.81;0.01;53.78;168.99;963.02;59.94;16.46;8.92;2.99;6.66;0.19;0.59;1.42;1.37;2.26;0.23;
3.13;20.40;13.15;5.01;6.73;5.40;3.17;0.00;0.00;0.00;0.04;0.04;0.04;5.33;8.71;1.87;27.81;20.23;15.31;5.76;0.91;0.96;0.23;0.45;18.66;4.55;5.15;10.40;2.90;0.00;0.01;0.53;0.63;0.00;27.98;12.20;44.12;45.92;3.51;5.09;1.85;4.24;0.13;0.41;0.91;1.00;1.71;0.16;
2.92;18.51;12.18;4.59;6.17;5.04;2.95;0.00;0.00;0.00;0.04;0.04;0.04;3.43;7.93;0.97;23.07;18.27;11.35;5.00;0.84;0.77;0.20;0.42;15.17;4.18;3.33;9.16;2.67;0.00;0.01;0.50;0.60;0.00;34.22;27.41;114.04;49.84;5.65;5.71;2.04;4.65;0.03;0.09;0.14;0.25;0.52;0.03;
2.88;18.16;12.00;4.51;6.07;4.97;2.91;0.00;0.00;0.00;0.03;0.04;0.04;3.15;7.79;0.86;22.25;17.91;10.70;4.88;0.83;0.74;0.20;0.41;14.69;4.12;3.11;8.98;2.64;0.00;0.00;0.50;0.60;0.00;28.52;13.17;48.28;46.28;3.67;5.21;1.89;4.33;0.06;0.20;0.36;0.51;0.96;0.07;
2.87;18.09;11.96;4.50;6.05;4.96;2.91;0.00;0.00;0.00;0.03;0.04;0.04;3.09;7.76;0.83;22.08;17.84;10.57;4.86;0.83;0.74;0.19;0.41;14.72;4.12;3.12;8.99;2.64;0.00;0.01;0.50;0.60;0.00;32.43;22.09;88.51;48.76;4.97;6.19;2.19;4.97;0.11;0.35;0.75;0.86;1.51;0.13;
2.87;18.04;11.94;4.49;6.03;4.95;2.90;0.00;0.00;0.00;0.03;0.04;0.04;3.08;7.76;0.83;22.05;17.82;10.55;4.85;0.83;0.74;0.19;0.41;14.60;4.11;3.07;8.94;2.63;0.00;0.01;0.50;0.60;0.00;24.26;6.88;22.51;43.32;2.50;4.66;1.72;3.95;0.32;0.95;2.55;2.10;3.28;0.39;
2.87;18.03;11.93;4.48;6.03;4.95;2.90;0.00;0.00;0.00;0.03;0.04;0.04;3.08;7.76;0.83;22.05;17.82;10.54;4.81;0.82;0.73;0.19;0.41;14.58;4.11;3.06;8.93;2.63;0.00;0.00;0.50;0.59;0.00;23.72;6.28;20.26;42.93;2.37;5.97;2.12;4.82;0.12;0.39;0.84;0.94;1.63;0.15;
2.87;18.07;11.95;4.49;6.04;4.95;2.90;0.00;0.00;0.00;0.03;0.04;0.04;3.08;7.76;0.83;22.04;17.82;10.54;4.77;0.82;0.72;0.19;0.41;14.58;4.11;3.06;8.93;2.63;0.00;0.00;0.50;0.59;0.00;24.30;6.92;22.69;43.35;2.51;4.48;1.66;3.83;0.04;0.15;0.25;0.39;0.75;0.05;
2.87;18.07;11.95;4.49;6.04;4.95;2.90;0.00;0.00;0.00;0.03;0.04;0.04;3.08;7.76;0.83;22.04;17.82;10.54;4.77;0.82;0.72;0.19;0.41;14.21;4.07;2.90;8.79;2.60;0.00;0.00;0.49;0.59;0.00;30.83;18.03;69.73;47.77;4.41;6.04;2.14;4.87;0.12;0.37;0.80;0.90;1.58;0.14;
2.87;18.03;11.93;4.48;6.03;4.95;2.90;0.00;0.00;0.00;0.03;0.04;0.04;3.08;7.76;0.83;22.04;17.82;10.54;4.77;0.82;0.72;0.19;0.41;14.50;4.10;3.03;8.90;2.62;0.00;0.00;0.49;0.59;0.00;34.68;28.92;121.42;50.11;5.83;6.57;2.30;5.21;0.40;1.19;3.39;2.58;3.92;0.50;
2.87;18.07;11.95;4.49;6.04;4.95;2.90;0.00;0.00;0.00;0.03;0.04;0.04;3.08;7.76;0.83;22.04;17.82;10.54;4.77;0.82;0.72;0.19;0.41;14.68;4.12;3.11;8.97;2.63;0.00;0.00;0.49;0.59;0.00;27.69;11.69;41.97;45.72;3.42;5.44;1.96;4.48;0.38;1.14;3.20;2.47;3.78;0.48;
2.87;18.03;11.93;4.48;6.03;4.95;2.90;0.00;0.00;0.00;0.03;0.04;0.04;3.08;7.76;0.83;22.04;17.82;10.54;4.77;0.82;0.72;0.19;0.41;14.60;4.11;3.07;8.94;2.63;0.00;0.00;0.49;0.59;0.00;19.35;2.77;7.74;39.50;1.47;5.02;1.83;4.20;0.03;0.12;0.19;0.32;0.64;0.04;
2.87;18.07;11.95;4.49;6.04;4.95;2.90;0.00;0.00;0.00;0.03;0.04;0.04;3.08;7.76;0.83;22.04;17.82;10.54;4.77;0.82;0.72;0.19;0.41;14.46;4.09;3.01;8.89;2.62;0.00;0.00;0.49;0.59;0.00;29.25;14.58;54.39;46.75;3.90;6.25;2.21;5.00;0.43;1.26;3.66;2.73;4.12;0.53;
2.87;18.07;11.95;4.49;6.04;4.95;2.90;0.00;0.00;0.00;0.03;0.04;0.04;3.08;7.76;0.83;22.04;17.82;10.54;4.77;0.82;0.72;0.19;0.41;14.43;4.09;2.99;8.88;2.62;0.00;0.00;0.49;0.59;0.00;29.70;15.52;58.51;47.05;4.04;6.58;2.31;5.22;2.74;7.13;31.49;12.99;16.00;3.47;
2.87;18.03;11.93;4.48;6.03;4.95;2.90;0.00;0.00;0.00;0.03;0.04;0.04;3.08;7.76;0.83;22.04;17.82;10.54;4.77;0.82;0.72;0.19;0.41;14.55;4.10;3.05;8.92;2.63;0.00;0.00;0.49;0.59;0.00;28.89;13.88;51.31;46.52;3.78;5.48;1.97;4.50;0.29;0.87;2.30;1.94;3.07;0.36;
2.87;18.03;11.93;4.48;6.03;4.95;2.90;0.00;0.00;0.00;0.03;0.04;0.04;3.08;7.76;0.83;22.04;17.82;10.54;4.77;0.82;0.72;0.19;0.41;14.57;4.11;3.06;8.93;2.63;0.00;0.00;0.49;0.59;0.00;24.07;6.66;21.68;43.18;2.46;4.48;1.66;3.83;0.58;1.68;5.23;3.53;5.15;0.73;
2.87;18.07;11.95;4.49;6.04;4.95;2.90;0.00;0.00;0.00;0.03;0.04;0.04;3.08;7.76;0.83;22.04;17.82;10.54;4.77;0.82;0.72;0.19;0.41;14.57;4.11;3.06;8.93;2.63;0.00;0.00;0.49;0.59;0.00;36.08;33.92;146.39;50.93;6.40;6.81;2.37;5.36;1.68;4.51;17.81;8.59;11.16;2.12;
2.87;18.07;11.95;4.49;6.04;4.95;2.90;0.00;0.00;0.00;0.03;0.04;0.04;3.08;7.76;0.83;22.04;17.82;10.54;4.77;0.82;0.72;0.19;0.41;14.58;4.11;3.06;8.93;2.63;0.00;0.00;0.49;0.59;0.00;29.52;15.14;56.81;46.93;3.98;6.81;2.37;5.36;0.47;1.37;4.03;2.92;4.37;0.58;
2.87;18.08;11.96;4.49;6.04;4.96;2.90;0.00;0.00;0.00;0.03;0.04;0.04;3.08;7.76;0.83;22.04;17.82;10.54;4.75;0.82;0.71;0.19;0.41;14.33;4.08;2.95;8.84;2.61;0.00;0.00;0.49;0.59;0.00;37.54;39.79;176.54;51.76;7.03;7.95;2.71;6.08;0.05;0.18;0.32;0.46;0.88;0.06;
2.87;18.08;11.96;4.49;6.04;4.96;2.90;0.00;0.00;0.00;0.03;0.04;0.04;3.08;7.76;0.83;22.04;17.82;10.54;4.75;0.82;0.71;0.19;0.41;14.53;4.10;3.04;8.91;2.62;0.00;0.00;0.49;0.59;0.00;34.00;26.72;110.63;49.71;5.56;6.62;2.32;5.24;0.20;0.61;1.50;1.42;2.34;0.25;
2.87;18.03;11.93;4.48;6.03;4.95;2.90;0.00;0.00;0.00;0.03;0.04;0.04;3.08;7.76;0.83;22.04;17.82;10.54;4.71;0.81;0.70;0.19;0.41;14.44;4.09;3.00;8.88;2.62;0.00;0.00;0.49;0.59;0.00;39.48;48.75;224.01;52.84;7.92;5.98;2.13;4.83;0.11;0.34;0.72;0.84;1.48;0.13;
2.87;18.03;11.93;4.48;6.03;4.95;2.90;0.00;0.00;0.00;0.03;0.04;0.04;3.08;7.76;0.83;22.04;17.82;10.54;4.68;0.81;0.70;0.19;0.40;14.43;4.09;2.99;8.88;2.62;0.00;0.00;0.49;0.59;0.00;26.48;9.78;34.02;44.90;3.08;5.48;1.97;4.50;0.82;2.31;7.74;4.69;6.60;1.02;
2.87;18.07;11.95;4.49;6.04;4.95;2.90;0.00;0.00;0.00;0.03;0.04;0.04;3.08;7.76;0.83;22.04;17.82;10.54;4.69;0.81;0.70;0.19;0.41;14.30;4.08;2.94;8.83;2.61;0.00;0.00;0.49;0.59;0.00;23.15;5.69;18.03;42.50;2.24;6.89;2.40;5.41;0.03;0.09;0.14;0.26;0.53;0.03;
2.85;17.91;11.87;4.46;6.00;4.92;2.88;0.00;0.00;0.00;0.03;0.04;0.04;3.08;7.76;0.83;22.04;17.82;10.54;4.68;0.81;0.70;0.19;0.40;14.40;4.09;2.98;8.87;2.61;0.00;0.00;0.49;0.59;0.00;22.69;5.25;16.42;42.16;2.14;5.85;2.08;4.74;0.05;0.15;0.27;0.41;0.79;0.05;
2.85;17.88;11.85;4.45;5.99;4.92;2.88;0.00;0.00;0.00;0.03;0.04;0.04;3.08;7.76;0.83;22.04;17.82;10.54;4.68;0.81;0.70;0.19;0.40;14.30;4.08;2.94;8.83;2.61;0.00;0.00;0.49;0.59;0.00;30.16;16.50;62.87;47.34;4.19;5.91;2.10;4.78;0.35;1.04;2.89;2.30;3.54;0.44;
2.86;17.95;11.89;4.47;6.01;4.93;2.89;0.00;0.00;0.00;0.03;0.04;0.04;3.08;7.76;0.83;22.04;17.82;10.54;4.68;0.81;0.70;0.19;0.40;14.28;4.07;2.93;8.82;2.61;0.00;0.00;0.49;0.59;0.00;25.55;8.46;28.72;44.24;2.83;4.82;1.77;4.06;0.36;1.07;2.97;2.34;3.60;0.45;
2.85;17.93;11.88;4.46;6.00;4.93;2.89;0.00;0.00;0.00;0.03;0.04;0.04;3.08;7.76;0.83;22.04;17.82;10.54;4.68;0.81;0.70;0.19;0.40;14.39;4.09;2.98;8.86;2.61;0.00;0.00;0.49;0.59;0.00;25.56;8.48;28.79;44.25;2.83;4.60;1.70;3.91;0.17;0.52;1.22;1.23;2.06;0.21;
2.86;17.96;11.90;4.47;6.01;4.93;2.89;0.00;0.00;0.00;0.03;0.04;0.04;3.08;7.76;0.83;22.04;17.82;10.54;4.68;0.81;0.70;0.19;0.40;14.30;4.08;2.94;8.83;2.61;0.00;0.00;0.49;0.59;0.00;39.20;47.37;216.61;52.69;7.79;5.08;1.85;4.24;0.41;1.20;3.45;2.61;3.96;0.51;
2.86;17.97;11.90;4.47;6.01;4.93;2.89;0.00;0.00;0.00;0.03;0.04;0.04;3.08;7.76;0.83;22.04;17.82;10.54;4.68;0.81;0.70;0.19;0.40;14.16;4.06;2.88;8.77;2.60;0.00;0.00;0.49;0.59;0.00;19.29;2.73;7.63;39.46;1.46;5.89;2.10;4.77;0.07;0.23;0.45;0.59;1.09;0.09;
2.86;17.97;11.90;4.47;6.01;4.94;2.89;0.00;0.00;0.00;0.03;0.04;0.04;3.08;7.76;0.83;22.04;17.82;10.54;4.68;0.81;0.70;0.19;0.40;14.37;4.08;2.97;8.85;2.61;0.00;0.00;0.49;0.59;0.00;26.72;10.14;35.52;45.06;3.15;8.40;2.84;6.35;0.34;1.02;2.82;2.26;3.49;0.43;
2.87;18.05;11.94;4.49;6.04;4.95;2.90;0.00;0.00;0.00;0.03;0.04;0.04;3.08;7.76;0.83;22.04;17.82;10.54;4.75;0.82;0.71;0.19;0.41;14.29;4.07;2.93;8.82;2.61;0.00;0.00;0.49;0.59;0.00;23.17;5.71;18.10;42.51;2.24;9.52;3.16;7.02;0.29;0.87;2.29;1.94;3.06;0.36;
2.88;18.15;12.00;4.51;6.07;4.97;2.91;0.00;0.00;0.00;0.03;0.04;0.04;3.08;7.76;0.83;22.04;17.82;10.54;4.87;0.83;0.74;0.19;0.41;14.04;4.04;2.83;8.73;2.59;0.00;0.00;0.49;0.59;0.00;31.44;19.49;76.43;48.15;4.62;7.43;2.55;5.75;0.09;0.28;0.56;0.70;1.26;0.11;
2.90;18.30;12.07;4.54;6.11;5.00;2.93;0.00;0.00;0.00;0.03;0.04;0.04;3.08;7.76;0.83;22.04;17.82;10.54;5.00;0.84;0.77;0.20;0.42;14.59;4.11;3.06;8.94;2.63;0.00;0.00;0.49;0.59;0.00;21.55;4.27;12.87;41.28;1.89;5.20;1.89;4.32;0.02;0.08;0.12;0.22;0.47;0.03;
2.90;18.33;12.09;4.55;6.12;5.00;2.93;0.00;0.00;0.00;0.04;0.04;0.04;3.23;7.83;0.89;22.48;18.01;10.88;5.18;0.86;0.82;0.21;0.43;14.70;4.12;3.11;8.98;2.64;0.00;0.00;0.49;0.59;0.00;34.22;27.41;114.03;49.84;5.65;6.63;2.32;5.25;0.05;0.17;0.29;0.44;0.83;0.06;
2.92;18.54;12.20;4.60;6.18;5.05;2.96;0.00;0.00;0.00;0.04;0.04;0.04;3.26;7.85;0.90;22.56;18.05;10.95;5.29;0.87;0.84;0.21;0.43;14.48;4.10;3.02;8.90;2.62;0.00;0.00;0.49;0.59;0.00;44.25;77.10;383.57;55.35;10.37;5.75;2.06;4.68;0.34;1.00;2.75;2.22;3.44;0.42;
2.93;18.59;12.22;4.61;6.20;5.06;2.96;0.00;0.00;0.00;0.04;0.04;0.04;3.26;7.85;0.90;22.58;18.06;10.96;5.39;0.88;0.87;0.21;0.44;14.80;4.13;3.16;9.02;2.64;0.00;0.00;0.49;0.59;0.00;41.09;57.22;270.36;53.70;8.70;5.09;1.85;4.24;0.35;1.05;2.92;2.31;3.56;0.44;
2.93;18.60;12.23;4.61;6.20;5.06;2.96;0.00;0.00;0.00;0.04;0.04;0.04;3.32;7.88;0.93;22.76;18.13;11.10;5.47;0.89;0.89;0.22;0.44;14.74;4.13;3.13;9.00;2.64;0.00;0.00;0.49;0.59;0.00;37.63;40.16;178.49;51.81;7.07;5.58;2.00;4.57;0.24;0.73;1.86;1.67;2.68;0.30;
2.94;18.64;12.25;4.62;6.21;5.07;2.97;0.00;0.00;0.00;0.04;0.04;0.04;3.43;7.93;0.97;23.06;18.27;11.34;5.51;0.89;0.90;0.22;0.44;14.85;4.14;3.18;9.04;2.65;0.00;0.00;0.50;0.59;0.00;38.83;45.61;207.22;52.48;7.62;6.11;2.16;4.92;0.27;0.80;2.09;1.81;2.89;0.33;
2.94;18.69;12.27;4.63;6.23;5.08;2.98;0.00;0.00;0.00;0.04;0.04;0.04;3.45;7.94;0.98;23.12;18.29;11.39;5.59;0.90;0.92;0.22;0.45;15.00;4.16;3.25;9.09;2.66;0.00;0.00;0.49;0.59;0.00;27.92;12.09;43.65;45.87;3.49;5.53;1.99;4.53;1.09;3.02;10.80;5.98;8.14;1.37;
2.95;18.79;12.32;4.65;6.26;5.09;2.99;0.00;0.00;0.00;0.04;0.04;0.04;3.45;7.94;0.98;23.14;18.30;11.39;5.61;0.90;0.92;0.22;0.45;14.66;4.12;3.10;8.96;2.63;0.00;0.00;0.50;0.59;0.00;36.63;36.05;157.22;51.25;6.63;5.61;2.01;4.59;0.03;0.11;0.17;0.30;0.60;0.04;
2.96;18.85;12.36;4.67;6.27;5.11;2.99;0.00;0.00;0.00;0.04;0.04;0.04;3.46;7.95;0.98;23.14;18.30;11.40;5.65;0.90;0.93;0.22;0.45;14.71;4.12;3.12;8.98;2.64;0.00;0.00;0.49;0.59;0.00;34.49;28.31;118.44;50.01;5.75;5.89;2.10;4.77;0.05;0.18;0.32;0.47;0.89;0.06;
2.96;18.86;12.36;4.67;6.28;5.11;3.00;0.00;0.00;0.00;0.04;0.04;0.04;3.46;7.95;0.98;23.14;18.30;11.40;5.71;0.91;0.95;0.22;0.45;14.97;4.15;3.24;9.08;2.66;0.00;0.00;0.49;0.59;0.00;40.15;52.17;242.56;53.20;8.24;7.06;2.45;5.52;0.14;0.44;0.99;1.05;1.80;0.17;
2.96;18.87;12.36;4.67;6.28;5.11;3.00;0.00;0.00;0.00;0.04;0.04;0.04;3.46;7.95;0.98;23.14;18.30;11.40;5.72;0.91;0.95;0.23;0.45;15.02;4.16;3.26;9.10;2.66;0.00;0.00;0.49;0.59;0.00;35.99;33.57;144.64;50.88;6.36;7.24;2.50;5.63;0.37;1.11;3.11;2.42;3.71;0.46;
2.96;18.87;12.36;4.67;6.28;5.11;3.00;0.00;0.00;0.00;0.04;0.04;0.04;3.46;7.95;0.98;23.14;18.30;11.40;5.72;0.91;0.95;0.23;0.45;15.16;4.18;3.32;9.15;2.67;0.00;0.00;0.49;0.59;0.00;36.33;34.89;151.33;51.08;6.51;7.72;2.64;5.94;0.79;2.24;7.46;4.57;6.44;0.99;
2.96;18.87;12.36;4.67;6.28;5.11;3.00;0.00;0.00;0.00;0.04;0.04;0.04;3.49;7.96;1.00;23.23;18.34;11.47;5.77;0.91;0.96;0.23;0.45;15.19;4.18;3.34;9.16;2.67;0.00;0.00;0.49;0.58;0.00;29.73;15.57;58.72;47.07;4.05;6.93;2.41;5.44;0.13;0.41;0.90;0.98;1.70;0.16;
2.96;18.87;12.36;4.67;6.28;5.11;3.00;0.00;0.00;0.00;0.04;0.04;0.04;3.53;7.98;1.01;23.34;18.38;11.55;5.81;0.92;0.98;0.23;0.45;15.07;4.16;3.28;9.12;2.66;0.00;0.00;0.49;0.59;0.00;28.41;12.98;47.43;46.20;3.64;6.87;2.39;5.40;0.17;0.52;1.22;1.23;2.06;0.21;
2.96;18.87;12.36;4.67;6.28;5.11;3.00;0.00;0.00;0.00;0.04;0.04;0.04;3.53;7.98;1.02;23.36;18.39;11.57;5.82;0.92;0.98;0.23;0.46;15.30;4.19;3.39;9.20;2.68;0.00;0.00;0.49;0.59;0.00;34.46;28.20;117.88;49.99;5.74;7.76;2.65;5.96;0.09;0.29;0.60;0.73;1.31;0.11;
2.96;18.87;12.36;4.67;6.28;5.11;3.00;0.00;0.00;0.00;0.04;0.04;0.04;3.63;8.03;1.06;23.64;18.51;11.79;5.82;0.92;0.98;0.23;0.46;15.22;4.18;3.35;9.17;2.67;0.00;0.00;0.50;0.59;0.00;35.95;33.45;144.02;50.86;6.35;7.75;2.65;5.95;0.56;1.62;5.00;3.42;5.01;0.70;
2.96;18.87;12.36;4.67;6.28;5.11;3.00;0.00;0.00;0.00;0.04;0.04;0.05;3.65;8.04;1.07;23.69;18.54;11.84;5.83;0.92;0.98;0.23;0.46;15.20;4.18;3.34;9.17;2.67;0.00;0.00;0.49;0.59;0.00;49.54;121.49;653.88;57.96;13.55;8.77;2.94;6.57;0.22;0.68;1.69;1.55;2.52;0.27;
2.97;18.91;12.39;4.68;6.29;5.12;3.00;0.00;0.00;0.00;0.04;0.04;0.05;3.66;8.04;1.07;23.70;18.54;11.85;5.83;0.92;0.98;0.23;0.46;15.20;4.18;3.34;9.17;2.67;0.00;0.00;0.50;0.59;0.00;25.45;8.33;28.21;44.18;2.80;5.49;1.98;4.51;0.38;1.11;3.13;2.43;3.73;0.47;
2.98;19.05;12.46;4.71;6.33;5.14;3.02;0.00;0.00;0.00;0.04;0.04;0.05;3.66;8.04;1.07;23.71;18.54;11.85;5.83;0.92;0.98;0.23;0.46;15.32;4.19;3.40;9.21;2.68;0.00;0.00;0.50;0.59;0.00;24.19;6.79;22.18;43.27;2.48;6.03;2.14;4.86;0.13;0.40;0.89;0.98;1.68;0.16;
2.97;18.99;12.43;4.70;6.32;5.13;3.01;0.00;0.00;0.00;0.04;0.04;0.05;3.66;8.04;1.07;23.71;18.54;11.85;5.83;0.92;0.98;0.23;0.46;15.22;4.18;3.35;9.17;2.67;0.00;0.00;0.50;0.59;0.00;28.67;13.46;49.52;46.38;3.72;5.17;1.88;4.30;0.19;0.59;1.41;1.37;2.26;0.23;
2.98;19.02;12.44;4.71;6.33;5.14;3.01;0.00;0.00;0.00;0.04;0.04;0.05;3.66;8.04;1.07;23.71;18.54;11.85;5.83;0.92;0.98;0.23;0.46;15.20;4.18;3.34;9.17;2.67;0.00;0.00;0.50;0.59;0.00;22.00;4.63;14.17;41.62;1.98;3.79;1.44;3.35;0.07;0.24;0.47;0.61;1.13;0.09;
2.98;19.07;12.47;4.72;6.34;5.15;3.02;0.00;0.00;0.00;0.04;0.04;0.05;3.66;8.04;1.07;23.71;18.54;11.85;5.83;0.92;0.98;0.23;0.46;15.07;4.17;3.28;9.12;2.66;0.00;0.00;0.50;0.59;0.00;24.67;7.35;24.33;43.62;2.60;5.40;1.95;4.45;0.06;0.19;0.35;0.49;0.93;0.07;
2.98;18.99;12.43;4.70;6.32;5.13;3.01;0.00;0.00;0.00;0.04;0.04;0.05;3.66;8.04;1.07;23.71;18.54;11.85;5.84;0.92;0.98;0.23;0.46;15.04;4.16;3.27;9.11;2.66;0.00;0.00;0.50;0.59;0.00;20.23;3.31;9.56;40.23;1.63;6.74;2.35;5.32;0.04;0.14;0.23;0.36;0.71;0.05;
2.99;19.11;12.49;4.73;6.35;5.16;3.02;0.00;0.00;0.00;0.04;0.04;0.05;3.66;8.04;1.07;23.71;18.54;11.85;5.86;0.92;0.99;0.23;0.46;15.29;4.19;3.39;9.20;2.68;0.00;0.00;0.49;0.59;0.00;26.27;9.46;32.75;44.75;3.02;7.49;2.57;5.79;0.03;0.11;0.17;0.29;0.59;0.04;
2.99;19.13;12.50;4.73;6.36;5.16;3.03;0.00;0.00;0.00;0.04;0.04;0.05;3.66;8.04;1.07;23.71;18.54;11.85;5.92;0.93;1.00;0.23;0.46;15.21;4.18;3.35;9.17;2.67;0.00;0.00;0.49;0.59;0.00;34.07;26.95;111.77;49.76;5.59;6.07;2.15;4.89;1.40;3.82;14.47;7.39;9.79;1.77;
2.99;19.14;12.50;4.73;6.36;5.16;3.03;0.00;0.00;0.00;0.04;0.04;0.05;3.66;8.04;1.07;23.71;18.54;11.85;5.93;0.93;1.01;0.23;0.46;15.33;4.19;3.40;9.21;2.68;0.00;0.00;0.49;0.59;0.00;29.34;14.76;55.15;46.81;3.92;5.13;1.86;4.27;0.09;0.29;0.59;0.72;1.30;0.11;
2.99;19.14;12.50;4.73;6.36;5.16;3.03;0.00;0.00;0.00;0.04;0.04;0.05;3.66;8.04;1.07;23.71;18.54;11.85;5.93;0.93;1.01;0.23;0.46;15.22;4.18;3.35;9.17;2.67;0.00;0.00;0.49;0.59;0.00;34.27;27.58;114.85;49.87;5.67;5.46;1.97;4.49;0.03;0.12;0.19;0.32;0.63;0.04;
2.99;19.14;12.50;4.73;6.36;5.16;3.03;0.00;0.00;0.00;0.04;0.04;0.05;3.66;8.04;1.07;23.71;18.54;11.85;5.93;0.93;1.01;0.23;0.46;15.20;4.18;3.34;9.17;2.67;0.00;0.00;0.49;0.59;0.00;31.33;19.23;75.24;48.08;4.58;5.78;2.07;4.70;0.29;0.89;2.35;1.98;3.11;0.36;
2.99;19.14;12.50;4.73;6.36;5.16;3.03;0.00;0.00;0.00;0.04;0.04;0.05;3.66;8.04;1.07;23.71;18.54;11.85;5.93;0.93;1.01;0.23;0.46;15.07;4.17;3.28;9.12;2.66;0.00;0.00;0.49;0.59;0.00;28.21;12.61;45.84;46.07;3.58;5.34;1.93;4.41;0.14;0.44;0.97;1.04;1.78;0.17;
2.99;19.14;12.50;4.73;6.36;5.16;3.03;0.00;0.00;0.00;0.04;0.04;0.05;3.66;8.04;1.07;23.71;18.54;11.85;5.93;0.93;1.01;0.23;0.46;15.42;4.21;3.45;9.25;2.69;0.00;0.00;0.49;0.59;0.00;25.44;8.33;28.18;44.17;2.80;5.24;1.90;4.35;0.53;1.52;4.62;3.23;4.77;0.65;
2.99;19.14;12.50;4.73;6.36;5.16;3.03;0.00;0.00;0.00;0.04;0.04;0.05;3.66;8.04;1.07;23.71;18.54;11.85;5.93;0.93;1.01;0.23;0.46;15.24;4.18;3.36;9.18;2.67;0.00;0.00;0.49;0.59;0.00;33.40;24.88;101.75;49.36;5.33;6.52;2.29;5.18;0.06;0.21;0.39;0.54;1.00;0.08;
2.99;19.14;12.50;4.73;6.36;5.16;3.03;0.00;0.00;0.00;0.04;0.04;0.05;3.66;8.04;1.07;23.71;18.54;11.85;5.93;0.93;1.01;0.23;0.46;15.08;4.17;3.29;9.12;2.66;0.00;0.00;0.49;0.59;0.00;28.36;12.89;47.04;46.17;3.62;5.39;1.95;4.44;0.14;0.45;1.01;1.07;1.83;0.17;
2.99;19.14;12.50;4.73;6.36;5.16;3.03;0.00;0.00;0.00;0.04;0.04;0.05;3.69;8.06;1.08;23.80;18.58;11.92;5.93;0.93;1.01;0.23;0.46;15.04;4.16;3.27;9.11;2.66;0.00;0.00;0.50;0.59;0.00;38.86;45.72;207.78;52.50;7.63;6.24;2.20;5.00;1.85;4.93;19.89;9.31;11.97;2.33;
2.99;19.14;12.50;4.73;6.36;5.16;3.03;0.00;0.00;0.00;0.04;0.04;0.05;3.67;8.04;1.07;23.73;18.55;11.86;5.93;0.93;1.01;0.23;0.46;15.17;4.18;3.33;9.15;2.67;0.00;0.01;0.50;0.60;0.00;25.38;8.25;27.87;44.13;2.79;5.32;1.92;4.40;0.03;0.10;0.16;0.28;0.57;0.04;
2.99;19.14;12.50;4.73;6.36;5.16;3.03;0.00;0.00;0.00;0.04;0.04;0.05;3.66;8.04;1.07;23.71;18.54;11.85;5.93;0.93;1.01;0.23;0.46;15.06;4.16;3.28;9.12;2.66;0.00;0.01;0.50;0.60;0.00;23.82;6.39;20.65;43.00;2.40;4.83;1.77;4.07;0.29;0.86;2.27;1.92;3.04;0.35;
2.99;19.14;12.50;4.73;6.36;5.16;3.03;0.00;0.00;0.00;0.04;0.04;0.05;3.76;8.09;1.11;23.99;18.66;12.07;5.93;0.93;1.01;0.23;0.46;14.92;4.15;3.21;9.06;2.65;0.00;0.00;0.50;0.60;0.00;43.36;71.07;348.62;54.90;9.89;6.11;2.16;4.91;0.20;0.61;1.47;1.41;2.32;0.24;
2.99;19.14;12.50;4.73;6.36;5.16;3.03;0.00;0.00;0.00;0.04;0.05;0.05;3.75;8.08;1.11;23.95;18.64;12.04;5.93;0.93;1.01;0.23;0.46;15.14;4.17;3.31;9.14;2.67;0.00;0.01;0.50;0.60;0.00;29.15;14.39;53.56;46.69;3.87;4.92;1.80;4.13;0.12;0.37;0.79;0.90;1.57;0.14;
2.99;19.14;12.50;4.73;6.36;5.16;3.03;0.00;0.00;0.00;0.04;0.05;0.05;3.81;8.11;1.14;24.13;18.72;12.19;5.93;0.93;1.01;0.23;0.46;15.18;4.18;3.33;9.16;2.67;0.00;0.01;0.50;0.60;0.00;25.16;7.96;26.72;43.97;2.73;5.45;1.96;4.48;0.11;0.36;0.78;0.88;1.55;0.14;
2.99;19.14;12.50;4.73;6.36;5.16;3.03;0.00;0.00;0.00;0.05;0.05;0.05;3.86;8.13;1.16;24.26;18.78;12.29;5.93;0.93;1.01;0.23;0.46;15.32;4.19;3.40;9.21;2.68;0.00;0.01;0.51;0.60;0.00;16.87;1.59;4.05;37.35;1.06;5.05;1.84;4.22;0.06;0.20;0.36;0.51;0.95;0.07;
2.99;19.14;12.50;4.73;6.36;5.16;3.03;0.00;0.00;0.00;0.05;0.05;0.05;3.84;8.12;1.15;24.19;18.75;12.24;5.93;0.93;1.01;0.23;0.46;15.48;4.21;3.47;9.27;2.69;0.00;0.01;0.51;0.60;0.00;24.93;7.67;25.58;43.80;2.67;5.04;1.84;4.21;0.16;0.51;1.20;1.21;2.03;0.20;
2.99;19.14;12.50;4.73;6.36;5.16;3.03;0.00;0.00;0.00;0.05;0.05;0.05;3.87;8.14;1.16;24.27;18.78;12.30;5.93;0.93;1.01;0.23;0.46;15.25;4.19;3.36;9.19;2.67;0.00;0.01;0.51;0.60;0.00;41.49;59.51;283.06;53.92;8.91;6.21;2.19;4.98;0.13;0.42;0.93;1.01;1.74;0.16;
2.99;19.14;12.50;4.73;6.36;5.16;3.03;0.00;0.00;0.00;0.05;0.05;0.05;3.87;8.14;1.16;24.28;18.79;12.31;5.93;0.93;1.01;0.23;0.46;15.21;4.18;3.34;9.17;2.67;0.00;0.01;0.51;0.60;0.00;28.06;12.34;44.70;45.97;3.53;4.75;1.75;4.01;0.19;0.58;1.40;1.36;2.25;0.23;
2.99;19.14;12.50;4.73;6.36;5.16;3.03;0.00;0.00;0.00;0.05;0.05;0.05;3.87;8.14;1.16;24.29;18.79;12.32;5.93;0.93;1.01;0.23;0.46;15.07;4.17;3.28;9.12;2.66;0.00;0.01;0.51;0.60;0.00;45.39;85.41;432.50;55.93;11.02;5.15;1.87;4.28;0.16;0.49;1.13;1.16;1.96;0.19;
2.99;19.14;12.50;4.73;6.36;5.16;3.03;0.00;0.00;0.00;0.05;0.05;0.05;3.87;8.14;1.16;24.29;18.79;12.32;5.93;0.93;1.01;0.23;0.46;15.30;4.19;3.39;9.20;2.68;0.00;0.01;0.50;0.60;0.00;27.56;11.48;41.07;45.63;3.38;4.33;1.62;3.73;0.09;0.28;0.57;0.71;1.27;0.11;
2.99;19.14;12.50;4.73;6.36;5.16;3.03;0.00;0.00;0.00;0.05;0.05;0.05;3.87;8.14;1.16;24.29;18.79;12.32;5.93;0.93;1.01;0.23;0.46;15.22;4.18;3.35;9.17;2.67;0.00;0.01;0.50;0.60;0.00;30.24;16.67;63.61;47.39;4.21;6.75;2.36;5.33;0.08;0.25;0.50;0.64;1.17;0.09;
2.99;19.14;12.50;4.73;6.36;5.16;3.03;0.00;0.00;0.00;0.05;0.05;0.05;3.87;8.14;1.16;24.29;18.79;12.32;5.93;0.93;1.01;0.23;0.46;15.07;4.17;3.28;9.12;2.66;0.00;0.00;0.50;0.60;0.00;17.44;1.82;4.75;37.87;1.15;4.99;1.82;4.17;0.06;0.21;0.40;0.55;1.02;0.08;
2.99;19.14;12.50;4.73;6.36;5.16;3.03;0.00;0.00;0.00;0.05;0.05;0.05;3.87;8.14;1.16;24.29;18.79;12.32;5.93;0.93;1.01;0.23;0.46;15.05;4.16;3.27;9.11;2.66;0.00;0.00;0.50;0.59;0.00;24.94;7.69;25.66;43.82;2.67;5.88;2.09;4.76;0.05;0.16;0.29;0.43;0.83;0.06;
3.00;19.18;12.53;4.74;6.37;5.17;3.03;0.00;0.00;0.00;0.05;0.05;0.05;3.87;8.14;1.16;24.29;18.79;12.32;5.93;0.93;1.01;0.23;0.46;15.04;4.16;3.27;9.11;2.66;0.00;0.00;0.50;0.59;0.00;28.02;12.26;44.39;45.94;3.52;6.87;2.39;5.40;0.05;0.15;0.27;0.41;0.79;0.05;
3.00;19.24;12.55;4.75;6.39;5.18;3.04;0.00;0.00;0.00;0.05;0.05;0.05;3.87;8.14;1.16;24.29;18.79;12.32;5.93;0.93;1.01;0.23;0.46;15.16;4.18;3.33;9.15;2.67;0.00;0.00;0.50;0.59;0.00;24.38;7.01;23.02;43.41;2.53;6.43;2.26;5.12;0.14;0.43;0.97;1.04;1.78;0.17;
3.00;19.25;12.56;4.76;6.39;5.18;3.04;0.00;0.00;0.00;0.05;0.05;0.05;3.87;8.14;1.16;24.29;18.79;12.32;5.93;0.93;1.01;0.23;0.46;14.94;4.15;3.22;9.07;2.65;0.00;0.00;0.50;0.59;0.00;23.26;5.81;18.47;42.59;2.27;5.71;2.04;4.65;4.09;10.36;50.10;18.19;21.44;5.20;
2.99;19.16;12.52;4.74;6.37;5.17;3.03;0.00;0.00;0.00;0.05;0.05;0.05;3.87;8.14;1.16;24.29;18.79;12.32;5.86;0.92;0.99;0.23;0.46;15.02;4.16;3.26;9.10;2.66;0.00;0.00;0.50;0.59;0.00;25.52;8.43;28.58;44.23;2.82;6.96;2.42;5.46;0.03;0.10;0.15;0.27;0.55;0.03;
2.99;19.14;12.51;4.73;6.36;5.16;3.03;0.00;0.00;0.00;0.05;0.05;0.05;3.84;8.12;1.15;24.19;18.75;12.24;5.75;0.91;0.96;0.23;0.45;15.16;4.18;3.32;9.15;2.67;0.00;0.00;0.50;0.59;0.00;25.89;8.93;30.59;44.49;2.92;7.13;2.47;5.57;0.09;0.28;0.57;0.71;1.28;0.11;
2.99;19.14;12.51;4.73;6.36;5.16;3.03;0.00;0.00;0.00;0.05;0.05;0.05;3.69;8.06;1.08;23.80;18.58;11.93;5.64;0.90;0.93;0.22;0.45;15.06;4.16;3.28;9.12;2.66;0.00;0.00;0.50;0.59;0.00;25.37;8.23;27.80;44.12;2.78;6.55;2.30;5.20;0.26;0.79;2.04;1.79;2.85;0.32;
2.99;19.14;12.50;4.73;6.36;5.16;3.03;0.00;0.00;0.00;0.05;0.05;0.05;3.67;8.04;1.07;23.73;18.55;11.86;5.62;0.90;0.93;0.22;0.45;14.92;4.15;3.21;9.06;2.65;0.00;0.00;0.50;0.60;0.00;20.36;3.39;9.83;40.33;1.65;5.00;1.82;4.18;0.07;0.24;0.47;0.61;1.12;0.09;
2.99;19.14;12.50;4.73;6.36;5.16;3.03;0.00;0.00;0.00;0.05;0.05;0.05;3.66;8.04;1.07;23.71;18.54;11.85;5.54;0.89;0.90;0.22;0.44;14.89;4.14;3.20;9.05;2.65;0.00;0.00;0.50;0.59;0.00;24.09;6.68;21.77;43.20;2.46;7.25;2.50;5.64;0.13;0.41;0.91;0.99;1.70;0.16;
2.99;19.14;12.50;4.73;6.36;5.16;3.03;0.00;0.00;0.00;0.04;0.04;0.05;3.66;8.04;1.07;23.71;18.54;11.85;5.46;0.88;0.88;0.22;0.44;14.88;4.14;3.20;9.05;2.65;0.00;0.00;0.50;0.59;0.00;17.41;1.81;4.70;37.84;1.14;4.66;1.72;3.95;0.22;0.68;1.68;1.55;2.52;0.27;
2.98;19.01;12.44;4.70;6.32;5.14;3.01;0.00;0.00;0.00;0.04;0.04;0.05;3.66;8.04;1.07;23.71;18.54;11.85;5.42;0.88;0.88;0.21;0.44;14.88;4.14;3.20;9.05;2.65;0.00;0.00;0.50;0.60;0.00;27.71;11.74;42.15;45.74;3.43;4.89;1.79;4.11;0.84;2.36;7.98;4.80;6.73;1.05;
2.96;18.90;12.38;4.68;6.29;5.11;3.00;0.00;0.00;0.00;0.04;0.04;0.05;3.66;8.04;1.07;23.71;18.54;11.85;5.35;0.88;0.86;0.21;0.43;14.64;4.12;3.09;8.96;2.63;0.00;0.00;0.50;0.59;0.00;30.10;16.37;62.27;47.30;4.17;6.77;2.36;5.34;0.18;0.57;1.35;1.32;2.19;0.22;
2.96;18.87;12.37;4.67;6.28;5.11;3.00;0.00;0.00;0.00;0.04;0.04;0.05;3.66;8.04;1.07;23.71;18.54;11.85;5.32;0.87;0.85;0.21;0.43;14.59;4.11;3.06;8.94;2.63;0.00;0.00;0.50;0.59;0.00;32.60;22.58;90.80;48.87;5.04;5.92;2.11;4.79;0.33;0.99;2.70;2.19;3.40;0.41;
2.96;18.87;12.37;4.67;6.28;5.11;3.00;0.00;0.00;0.00;0.04;0.04;0.05;3.66;8.04;1.07;23.71;18.54;11.85;5.29;0.87;0.84;0.21;0.43;14.70;4.12;3.11;8.98;2.64;0.00;0.00;0.50;0.59;0.00;39.27;47.70;218.39;52.72;7.82;5.64;2.02;4.61;0.04;0.15;0.25;0.39;0.76;0.05;
2.96;18.87;12.36;4.67;6.28;5.11;3.00;0.00;0.00;0.00;0.04;0.04;0.05;3.50;7.96;1.00;23.25;18.35;11.49;5.23;0.86;0.83;0.21;0.43;14.60;4.11;3.07;8.94;2.63;0.00;0.00;0.49;0.59;0.00;33.67;25.70;105.73;49.52;5.44;4.96;1.81;4.15;0.07;0.23;0.44;0.59;1.09;0.09;
2.96;18.87;12.36;4.67;6.28;5.11;3.00;0.00;0.00;0.00;0.04;0.04;0.05;3.46;7.95;0.99;23.16;18.31;11.41;5.22;0.86;0.83;0.21;0.43;14.70;4.12;3.11;8.98;2.64;0.00;0.00;0.49;0.59;0.00;35.56;32.02;136.83;50.63;6.19;6.04;2.14;4.87;0.06;0.20;0.38;0.52;0.98;0.07;
2.96;18.87;12.36;4.67;6.28;5.11;3.00;0.00;0.00;0.00;0.04;0.04;0.05;3.46;7.95;0.98;23.14;18.30;11.40;5.16;0.86;0.81;0.21;0.43;14.72;4.13;3.12;8.99;2.64;0.00;0.00;0.50;0.59;0.00;22.59;5.16;16.07;42.08;2.11;5.10;1.86;4.25;0.03;0.10;0.16;0.28;0.57;0.03;
2.96;18.87;12.36;4.67;6.28;5.11;3.00;0.00;0.00;0.00;0.04;0.04;0.05;3.46;7.95;0.98;23.14;18.30;11.40;5.13;0.86;0.80;0.20;0.43;14.61;4.11;3.07;8.94;2.63;0.00;0.00;0.49;0.59;0.00;27.45;11.30;40.33;45.56;3.35;5.79;2.07;4.71;0.05;0.18;0.32;0.47;0.89;0.06;
2.96;18.87;12.36;4.67;6.28;5.11;3.00;0.00;0.00;0.00;0.04;0.04;0.05;3.46;7.95;0.98;23.14;18.30;11.40;5.13;0.85;0.80;0.20;0.42;14.46;4.09;3.01;8.89;2.62;0.00;0.00;0.50;0.59;0.00;35.45;31.61;134.76;50.57;6.14;6.30;2.22;5.04;0.73;2.07;6.76;4.25;6.06;0.91;
2.96;18.87;12.36;4.67;6.28;5.11;3.00;0.00;0.00;0.00;0.04;0.04;0.05;3.46;7.95;0.98;23.14;18.30;11.40;5.08;0.85;0.79;0.20;0.42;14.55;4.11;3.05;8.92;2.63;0.00;0.00;0.50;0.60;0.00;20.89;3.77;11.12;40.76;1.76;5.39;1.94;4.44;0.15;0.48;1.10;1.14;1.93;0.19;
2.94;18.69;12.28;4.63;6.23;5.08;2.98;0.00;0.00;0.00;0.04;0.04;0.05;3.46;7.95;0.98;23.14;18.30;11.40;5.04;0.85;0.78;0.20;0.42;14.57;4.11;3.06;8.93;2.63;0.00;0.01;0.50;0.60;0.00;20.08;3.21;9.21;40.10;1.60;4.20;1.57;3.64;0.38;1.12;3.15;2.44;3.74;0.47;
2.94;18.66;12.26;4.62;6.22;5.07;2.97;0.00;0.00;0.00;0.04;0.04;0.05;3.46;7.95;0.98;23.14;18.30;11.40;5.04;0.85;0.78;0.20;0.42;14.33;4.08;2.95;8.84;2.61;0.00;0.01;0.50;0.60;0.00;36.43;35.28;153.30;51.13;6.55;5.18;1.88;4.30;0.07;0.23;0.45;0.59;1.09;0.09;
2.94;18.65;12.25;4.62;6.22;5.07;2.97;0.00;0.00;0.00;0.04;0.04;0.05;3.46;7.95;0.98;23.14;18.30;11.40;5.03;0.85;0.78;0.20;0.42;14.65;4.12;3.09;8.96;2.63;0.00;0.01;0.51;0.60;0.00;39.54;49.03;225.55;52.87;7.95;6.33;2.23;5.06;0.22;0.68;1.69;1.55;2.52;0.27;
2.93;18.61;12.23;4.61;6.20;5.06;2.97;0.00;0.00;0.00;0.04;0.04;0.05;3.46;7.95;0.98;23.14;18.30;11.40;4.96;0.84;0.76;0.20;0.42;14.71;4.12;3.12;8.98;2.64;0.00;0.01;0.51;0.60;0.00;35.48;31.70;135.22;50.58;6.15;5.40;1.95;4.45;0.09;0.28;0.57;0.71;1.27;0.11;
2.93;18.60;12.23;4.61;6.20;5.06;2.97;0.00;0.00;0.00;0.04;0.04;0.05;3.46;7.95;0.98;23.14;18.30;11.40;4.95;0.84;0.76;0.20;0.42;14.48;4.10;3.02;8.90;2.62;0.00;0.01;0.51;0.61;0.00;50.58;132.09;721.30;58.46;14.24;5.90;2.10;4.78;0.17;0.54;1.26;1.26;2.10;0.21;
2.93;18.60;12.23;4.61;6.20;5.06;2.96;0.00;0.00;0.00;0.04;0.04;0.05;3.46;7.95;0.98;23.14;18.30;11.40;4.94;0.84;0.76;0.20;0.42;14.56;4.11;3.05;8.93;2.63;0.00;0.01;0.51;0.61;0.00;24.59;7.26;24.00;43.56;2.58;6.94;2.41;5.44;1.60;4.32;16.89;8.27;10.79;2.02;
2.93;18.60;12.23;4.61;6.20;5.06;2.96;0.00;0.00;0.00;0.04;0.04;0.05;3.46;7.95;0.98;23.14;18.30;11.40;4.94;0.84;0.76;0.20;0.42;14.45;4.09;3.00;8.88;2.62;0.00;0.01;0.51;0.61;0.00;19.85;3.06;8.72;39.91;1.56;5.28;1.91;4.37;0.04;0.13;0.22;0.35;0.69;0.05;
2.93;18.60;12.23;4.61;6.20;5.06;2.96;0.00;0.00;0.00;0.04;0.04;0.04;3.39;7.91;0.96;22.96;18.22;11.26;4.94;0.84;0.76;0.20;0.42;14.55;4.11;3.05;8.92;2.63;0.00;0.01;0.51;0.61;0.00;17.54;1.87;4.87;37.96;1.16;5.42;1.95;4.46;0.03;0.10;0.16;0.28;0.57;0.03;
2.93;18.60;12.23;4.61;6.20;5.06;2.96;0.00;0.00;0.00;0.04;0.04;0.04;3.38;7.91;0.95;22.93;18.21;11.23;4.93;0.84;0.76;0.20;0.42;14.45;4.09;3.00;8.88;2.62;0.00;0.01;0.51;0.61;0.00;32.38;21.97;87.95;48.74;4.96;5.29;1.91;4.38;0.15;0.46;1.06;1.11;1.88;0.18;
2.93;18.60;12.23;4.61;6.20;5.06;2.96;0.00;0.00;0.00;0.04;0.04;0.04;3.32;7.88;0.92;22.74;18.13;11.08;4.91;0.83;0.75;0.20;0.42;14.55;4.11;3.05;8.92;2.63;0.00;0.01;0.51;0.61;0.00;32.19;21.43;85.42;48.61;4.89;6.37;2.24;5.08;0.04;0.12;0.21;0.34;0.67;0.04;
2.93;18.60;12.23;4.61;6.20;5.06;2.96;0.00;0.00;0.00;0.04;0.04;0.04;3.27;7.86;0.91;22.62;18.07;10.99;4.86;0.83;0.74;0.19;0.41;14.45;4.09;3.00;8.88;2.62;0.00;0.01;0.51;0.61;0.00;36.78;36.64;160.26;51.33;6.70;6.13;2.17;4.92;0.14;0.43;0.97;1.04;1.78;0.17;
2.93;18.60;12.23;4.61;6.20;5.06;2.96;0.00;0.00;0.00;0.04;0.04;0.04;3.30;7.87;0.92;22.68;18.10;11.04;4.86;0.83;0.74;0.19;0.41;14.43;4.09;2.99;8.88;2.62;0.00;0.01;0.51;0.61;0.00;33.14;24.10;98.02;49.20;5.23;5.22;1.89;4.33;0.02;0.06;0.09;0.18;0.38;0.02;
2.93;18.60;12.23;4.61;6.20;5.06;2.96;0.00;0.00;0.00;0.04;0.04;0.04;3.27;7.85;0.91;22.60;18.07;10.98;4.85;0.83;0.74;0.19;0.41;14.42;4.09;2.99;8.88;2.62;0.00;0.01;0.51;0.61;0.00;26.64;10.02;35.01;45.01;3.12;6.45;2.27;5.13;0.08;0.26;0.52;0.66;1.21;0.10;
2.93;18.60;12.23;4.61;6.20;5.06;2.96;0.00;0.00;0.00;0.04;0.04;0.04;3.26;7.85;0.90;22.59;18.06;10.97;4.85;0.83;0.74;0.19;0.41;14.42;4.09;2.99;8.87;2.62;0.00;0.01;0.51;0.60;0.00;31.01;18.45;71.68;47.88;4.47;7.00;2.43;5.48;0.08;0.27;0.55;0.68;1.24;0.10;
2.93;18.60;12.23;4.61;6.20;5.06;2.96;0.00;0.00;0.00;0.04;0.04;0.04;3.26;7.85;0.90;22.59;18.06;10.96;4.85;0.83;0.74;0.19;0.41;14.30;4.08;2.94;8.83;2.61;0.00;0.01;0.51;0.60;0.00;27.23;10.93;38.79;45.41;3.29;4.95;1.81;4.15;0.06;0.20;0.36;0.51;0.96;0.07;
2.93;18.60;12.23;4.61;6.20;5.06;2.96;0.00;0.00;0.00;0.04;0.04;0.04;3.26;7.85;0.90;22.59;18.06;10.96;4.85;0.83;0.74;0.19;0.41;14.40;4.09;2.98;8.87;2.61;0.00;0.01;0.51;0.60;0.00;33.34;24.70;100.91;49.32;5.31;6.58;2.30;5.21;0.15;0.46;1.05;1.10;1.87;0.18;
2.93;18.60;12.23;4.61;6.20;5.06;2.96;0.00;0.00;0.00;0.04;0.04;0.04;3.26;7.85;0.90;22.59;18.06;10.96;4.85;0.83;0.74;0.19;0.41;14.30;4.08;2.94;8.83;2.61;0.00;0.01;0.51;0.60;0.00;37.94;41.53;185.61;51.99;7.21;5.45;1.96;4.48;0.79;2.22;7.38;4.53;6.40;0.98;
2.93;18.60;12.23;4.61;6.20;5.06;2.96;0.00;0.00;0.00;0.04;0.04;0.04;3.26;7.85;0.90;22.59;18.06;10.96;4.85;0.83;0.74;0.19;0.41;14.64;4.12;3.09;8.96;2.63;0.00;0.01;0.51;0.60;0.00;30.30;16.81;64.25;47.43;4.23;6.53;2.29;5.18;0.46;1.33;3.91;2.86;4.29;0.57;
2.93;18.60;12.23;4.61;6.20;5.06;2.96;0.00;0.00;0.00;0.04;0.04;0.04;3.26;7.85;0.90;22.59;18.06;10.96;4.85;0.83;0.74;0.19;0.41;14.59;4.11;3.06;8.94;2.63;0.00;0.01;0.51;0.60;0.00;32.31;21.75;86.93;48.69;4.93;6.57;2.30;5.21;2.47;6.47;27.93;11.91;14.83;3.13;
2.93;18.60;12.23;4.61;6.20;5.06;2.96;0.00;0.00;0.00;0.04;0.04;0.04;3.26;7.85;0.90;22.59;18.06;10.96;4.84;0.83;0.73;0.19;0.41;14.58;4.11;3.06;8.93;2.63;0.00;0.01;0.50;0.60;0.00;36.01;33.67;145.13;50.89;6.37;5.29;1.92;4.38;0.05;0.15;0.27;0.41;0.79;0.06;
2.93;18.60;12.23;4.61;6.20;5.06;2.96;0.00;0.00;0.00;0.04;0.04;0.04;3.26;7.85;0.90;22.59;18.06;10.96;4.82;0.83;0.73;0.19;0.41;14.57;4.11;3.06;8.93;2.63;0.00;0.01;0.51;0.60;0.00;26.48;9.77;34.01;44.90;3.08;7.01;2.43;5.49;0.32;0.95;2.57;2.11;3.29;0.39;
2.93;18.60;12.23;4.61;6.20;5.06;2.96;0.00;0.00;0.00;0.04;0.04;0.04;3.26;7.85;0.90;22.59;18.06;10.96;4.78;0.82;0.72;0.19;0.41;14.45;4.09;3.00;8.89;2.62;0.00;0.01;0.51;0.61;0.00;30.15;16.47;62.75;47.34;4.19;6.29;2.22;5.03;0.49;1.44;4.30;3.06;4.55;0.61;
2.93;18.60;12.23;4.61;6.20;5.06;2.96;0.00;0.00;0.00;0.04;0.04;0.04;3.26;7.85;0.90;22.59;18.06;10.96;4.77;0.82;0.72;0.19;0.41;14.43;4.09;2.99;8.88;2.62;0.00;0.01;0.51;0.61;0.00;17.68;1.92;5.06;38.08;1.18;5.91;2.10;4.78;0.20;0.61;1.48;1.41;2.32;0.24;
2.93;18.60;12.23;4.61;6.20;5.06;2.96;0.00;0.00;0.00;0.04;0.04;0.04;3.26;7.85;0.90;22.59;18.06;10.96;4.77;0.82;0.72;0.19;0.41;14.67;4.12;3.10;8.97;2.63;0.00;0.01;0.51;0.61;0.00;23.41;5.96;19.02;42.70;2.30;4.04;1.52;3.52;0.37;1.09;3.04;2.38;3.66;0.45;
2.93;18.60;12.23;4.61;6.20;5.06;2.96;0.00;0.00;0.00;0.04;0.04;0.04;3.26;7.85;0.90;22.59;18.06;10.96;4.77;0.82;0.72;0.19;0.41;14.72;4.12;3.12;8.99;2.64;0.00;0.01;0.51;0.61;0.00;26.04;9.14;31.43;44.59;2.96;4.94;1.81;4.14;0.16;0.51;1.19;1.20;2.02;0.20;
2.93;18.60;12.23;4.61;6.20;5.06;2.96;0.00;0.00;0.00;0.04;0.04;0.04;3.26;7.85;0.90;22.59;18.06;10.96;4.77;0.82;0.72;0.19;0.41;14.48;4.10;3.02;8.90;2.62;0.00;0.01;0.51;0.61;0.00;16.96;1.63;4.16;37.44;1.07;5.71;2.04;4.65;0.05;0.16;0.28;0.43;0.82;0.06;
2.93;18.60;12.23;4.61;6.20;5.06;2.96;0.00;0.00;0.00;0.04;0.04;0.04;3.26;7.85;0.90;22.59;18.06;10.96;4.77;0.82;0.72;0.19;0.41;14.56;4.11;3.05;8.92;2.63;0.00;0.01;0.51;0.61;0.00;21.97;4.62;14.11;41.61;1.98;4.19;1.57;3.62;0.36;1.07;2.99;2.35;3.62;0.45;
2.93;18.60;12.23;4.61;6.20;5.06;2.96;0.00;0.00;0.00;0.04;0.04;0.04;3.26;7.85;0.90;22.59;18.06;10.96;4.77;0.82;0.72;0.19;0.41;14.45;4.09;3.00;8.88;2.62;0.00;0.01;0.51;0.61;0.00;16.65;1.51;3.81;37.16;1.03;5.55;1.99;4.55;0.19;0.58;1.39;1.35;2.23;0.23;
2.93;18.56;12.20;4.60;6.19;5.05;2.96;0.00;0.00;0.00;0.04;0.04;0.04;3.26;7.85;0.90;22.59;18.06;10.96;4.77;0.82;0.72;0.19;0.41;14.31;4.08;2.94;8.83;2.61;0.00;0.01;0.51;0.61;0.00;29.42;14.93;55.91;46.87;3.95;6.79;2.37;5.35;0.19;0.59;1.42;1.37;2.27;0.24;
2.93;18.59;12.22;4.61;6.20;5.06;2.96;0.00;0.00;0.00;0.04;0.04;0.04;3.26;7.85;0.90;22.59;18.06;10.96;4.77;0.82;0.72;0.19;0.41;14.52;4.10;3.03;8.91;2.62;0.00;0.01;0.51;0.61;0.00;46.50;94.17;485.03;56.49;11.67;5.44;1.96;4.47;0.12;0.37;0.79;0.90;1.56;0.14;
2.93;18.60;12.23;4.61;6.20;5.06;2.96;0.00;0.00;0.00;0.04;0.04;0.04;3.26;7.85;0.90;22.59;18.06;10.96;4.77;0.82;0.72;0.19;0.41;14.20;4.06;2.89;8.79;2.60;0.00;0.01;0.51;0.61;0.00;23.87;6.44;20.84;43.04;2.41;4.38;1.63;3.76;0.02;0.07;0.09;0.19;0.41;0.02;
2.93;18.56;12.20;4.60;6.19;5.05;2.96;0.00;0.00;0.00;0.04;0.04;0.04;3.26;7.85;0.90;22.59;18.06;10.96;4.77;0.82;0.72;0.19;0.41;14.38;4.08;2.97;8.86;2.61;0.00;0.01;0.51;0.61;0.00;13.89;0.73;1.62;34.51;0.67;5.43;1.96;4.47;0.13;0.41;0.91;0.99;1.70;0.16;
2.92;18.51;12.18;4.59;6.17;5.04;2.95;0.00;0.00;0.00;0.04;0.04;0.04;3.26;7.85;0.90;22.59;18.06;10.96;4.74;0.82;0.71;0.19;0.41;14.54;4.10;3.04;8.92;2.62;0.00;0.01;0.51;0.61;0.00;16.71;1.53;3.88;37.21;1.04;5.23;1.90;4.33;0.13;0.41;0.91;0.99;1.70;0.16;
2.91;18.41;12.13;4.57;6.14;5.02;2.94;0.00;0.00;0.00;0.04;0.04;0.04;3.26;7.85;0.90;22.59;18.06;10.96;4.70;0.81;0.70;0.19;0.41;14.44;4.09;3.00;8.88;2.62;0.00;0.01;0.51;0.61;0.00;14.98;0.99;2.31;35.59;0.80;5.63;2.02;4.60;0.05;0.17;0.31;0.45;0.86;0.06;
2.90;18.35;12.10;4.56;6.13;5.01;2.94;0.00;0.00;0.00;0.04;0.04;0.04;3.26;7.85;0.90;22.59;18.06;10.96;4.68;0.81;0.70;0.19;0.40;14.67;4.12;3.10;8.97;2.63;0.00;0.01;0.51;0.61;0.00;27.44;11.28;40.23;45.55;3.35;5.53;1.99;4.53;0.05;0.17;0.30;0.44;0.84;0.06;
2.90;18.34;12.09;4.55;6.12;5.01;2.93;0.00;0.00;0.00;0.04;0.04;0.04;3.23;7.83;0.89;22.50;18.02;10.89;4.71;0.81;0.70;0.19;0.41;14.59;4.11;3.07;8.94;2.63;0.00;0.01;0.51;0.61;0.00;18.56;2.34;6.35;38.84;1.33;6.32;2.23;5.05;0.06;0.21;0.40;0.55;1.02;0.08;
2.90;18.34;12.09;4.55;6.12;5.01;2.93;0.00;0.00;0.00;0.04;0.04;0.04;3.20;7.82;0.88;22.39;17.97;10.81;4.68;0.81;0.70;0.19;0.40;14.46;4.09;3.01;8.89;2.62;0.00;0.01;0.51;0.61;0.00;22.56;5.14;15.99;42.06;2.11;6.32;2.23;5.05;0.17;0.52;1.21;1.22;2.04;0.20;
2.90;18.34;12.09;4.55;6.12;5.01;2.93;0.00;0.00;0.00;0.04;0.04;0.04;3.16;7.80;0.86;22.29;17.93;10.73;4.69;0.81;0.70;0.19;0.41;14.43;4.09;2.99;8.88;2.62;0.00;0.01;0.51;0.61;0.00;23.16;5.70;18.08;42.51;2.24;7.67;2.63;5.90;0.97;2.69;9.38;5.40;7.45;1.21;
2.91;18.38;12.11;4.56;6.13;5.01;2.94;0.00;0.00;0.00;0.04;0.04;0.04;3.10;7.76;0.84;22.09;17.84;10.58;4.68;0.81;0.70;0.19;0.40;14.54;4.10;3.04;8.92;2.63;0.00;0.01;0.51;0.61;0.00;25.33;8.18;27.60;44.09;2.77;9.48;3.14;7.00;0.59;1.70;5.31;3.57;5.20;0.74;
2.91;18.39;12.12;4.56;6.14;5.02;2.94;0.00;0.00;0.00;0.04;0.04;0.04;3.11;7.77;0.84;22.14;17.86;10.62;4.68;0.81;0.70;0.19;0.40;14.45;4.09;3.00;8.88;2.62;0.00;0.01;0.51;0.61;0.00;21.62;4.33;13.08;41.34;1.91;6.56;2.30;5.21;0.38;1.13;3.17;2.46;3.76;0.47;
2.90;18.35;12.10;4.55;6.12;5.01;2.94;0.00;0.00;0.00;0.04;0.04;0.04;3.12;7.77;0.84;22.15;17.87;10.62;4.68;0.81;0.70;0.19;0.40;14.67;4.12;3.10;8.97;2.63;0.00;0.01;0.51;0.61;0.00;31.88;20.62;81.65;48.43;4.78;5.33;1.93;4.40;0.19;0.60;1.44;1.38;2.28;0.24;
2.90;18.34;12.09;4.55;6.12;5.01;2.93;0.00;0.00;0.00;0.04;0.04;0.04;3.09;7.76;0.83;22.06;17.83;10.56;4.68;0.81;0.70;0.19;0.40;14.60;4.11;3.07;8.94;2.63;0.00;0.01;0.51;0.61;0.00;30.49;17.24;66.18;47.55;4.30;5.91;2.10;4.79;0.10;0.32;0.68;0.80;1.42;0.12;
2.90;18.34;12.09;4.55;6.12;5.01;2.93;0.00;0.00;0.00;0.04;0.04;0.04;3.11;7.77;0.84;22.13;17.86;10.61;4.68;0.81;0.70;0.19;0.40;14.34;4.08;2.95;8.84;2.61;0.00;0.01;0.51;0.61;0.00;31.92;20.73;82.17;48.45;4.79;5.29;1.91;4.38;0.02;0.08;0.12;0.23;0.48;0.03;
2.90;18.34;12.09;4.55;6.12;5.01;2.93;0.00;0.00;0.00;0.04;0.04;0.04;3.09;7.76;0.83;22.06;17.83;10.56;4.68;0.81;0.70;0.19;0.40;14.41;4.09;2.98;8.87;2.62;0.00;0.01;0.51;0.61;0.00;38.44;43.80;197.57;52.27;7.44;4.35;1.62;3.74;0.05;0.18;0.33;0.47;0.90;0.07;
2.90;18.34;12.09;4.55;6.12;5.01;2.93;0.00;0.00;0.00;0.04;0.04;0.04;3.08;7.76;0.83;22.05;17.82;10.55;4.68;0.81;0.70;0.19;0.40;14.30;4.08;2.94;8.83;2.61;0.00;0.01;0.51;0.61;0.00;31.42;19.44;76.20;48.14;4.61;7.19;2.49;5.60;0.05;0.18;0.32;0.47;0.88;0.06;
2.90;18.34;12.09;4.55;6.12;5.01;2.93;0.00;0.00;0.00;0.04;0.04;0.04;3.11;7.77;0.84;22.13;17.86;10.61;4.68;0.81;0.70;0.19;0.40;14.40;4.09;2.98;8.87;2.61;0.00;0.01;0.51;0.61;0.00;42.40;64.93;313.54;54.40;9.38;7.08;2.45;5.53;0.21;0.65;1.62;1.51;2.46;0.26;
2.90;18.34;12.09;4.55;6.12;5.01;2.93;0.00;0.00;0.00;0.04;0.04;0.04;3.09;7.76;0.83;22.06;17.83;10.56;4.68;0.81;0.70;0.19;0.40;14.42;4.09;2.99;8.87;2.62;0.00;0.01;0.51;0.61;0.00;41.74;60.96;291.17;54.05;9.03;8.81;2.96;6.60;0.21;0.66;1.63;1.52;2.47;0.26;
2.90;18.34;12.09;4.55;6.12;5.01;2.93;0.00;0.00;0.00;0.04;0.04;0.04;3.11;7.77;0.84;22.13;17.86;10.61;4.68;0.81;0.70;0.19;0.40;14.54;4.10;3.04;8.92;2.63;0.00;0.01;0.51;0.61;0.00;39.49;48.79;224.25;52.84;7.93;6.27;2.21;5.02;0.06;0.21;0.40;0.54;1.01;0.08;
2.90;18.34;12.09;4.55;6.12;5.01;2.93;0.00;0.00;0.00;0.04;0.04;0.04;3.09;7.76;0.83;22.06;17.83;10.56;4.68;0.81;0.70;0.19;0.40;14.45;4.09;3.00;8.88;2.62;0.00;0.01;0.51;0.61;0.00;38.28;43.06;193.66;52.18;7.36;6.49;2.28;5.16;0.17;0.52;1.22;1.23;2.06;0.21;
2.90;18.34;12.09;4.55;6.12;5.01;2.93;0.00;0.00;0.00;0.04;0.04;0.04;3.08;7.76;0.83;22.05;17.82;10.55;4.68;0.81;0.70;0.19;0.40;14.55;4.11;3.05;8.92;2.63;0.00;0.01;0.51;0.61;0.00;25.78;8.78;30.00;44.41;2.89;5.30;1.92;4.38;0.14;0.45;1.00;1.07;1.82;0.17;
2.90;18.34;12.09;4.55;6.12;5.01;2.93;0.00;0.00;0.00;0.04;0.04;0.04;3.08;7.76;0.83;22.04;17.82;10.54;4.68;0.81;0.70;0.19;0.40;14.57;4.11;3.06;8.93;2.63;0.00;0.01;0.51;0.61;0.00;26.85;10.33;36.30;45.15;3.18;6.14;2.17;4.93;0.09;0.28;0.57;0.70;1.27;0.11;
2.90;18.34;12.09;4.55;6.12;5.01;2.93;0.00;0.00;0.00;0.04;0.04;0.04;3.08;7.76;0.83;22.04;17.82;10.54;4.68;0.81;0.70;0.19;0.40;14.57;4.11;3.06;8.93;2.63;0.00;0.01;0.51;0.61;0.00;24.34;6.97;22.87;43.38;2.52;4.70;1.73;3.98;0.08;0.27;0.55;0.69;1.24;0.10;
2.90;18.34;12.09;4.55;6.12;5.01;2.93;0.00;0.00;0.00;0.04;0.04;0.04;3.08;7.76;0.83;22.04;17.82;10.54;4.65;0.81;0.69;0.19;0.40;14.57;4.11;3.06;8.93;2.63;0.00;0.01;0.51;0.61;0.00;32.14;21.30;84.79;48.58;4.87;6.00;2.13;4.84;0.21;0.65;1.61;1.50;2.45;0.26;
2.90;18.34;12.09;4.55;6.12;5.01;2.93;0.00;0.00;0.00;0.04;0.04;0.04;3.08;7.76;0.83;22.04;17.82;10.54;4.67;0.81;0.70;0.19;0.40;14.45;4.09;3.00;8.89;2.62;0.00;0.01;0.51;0.61;0.00;23.26;5.81;18.46;42.59;2.27;4.67;1.72;3.96;0.06;0.21;0.38;0.53;0.99;0.07;
2.90;18.34;12.09;4.55;6.12;5.01;2.93;0.00;0.00;0.00;0.04;0.04;0.04;3.08;7.76;0.83;22.04;17.82;10.54;4.64;0.81;0.69;0.19;0.40;14.55;4.11;3.05;8.92;2.63;0.00;0.01;0.51;0.61;0.00;28.89;13.88;51.33;46.52;3.78;3.98;1.50;3.48;0.04;0.14;0.23;0.37;0.72;0.05;
2.90;18.34;12.09;4.55;6.12;5.01;2.93;0.00;0.00;0.00;0.04;0.04;0.04;3.08;7.76;0.83;22.04;17.82;10.54;4.63;0.81;0.69;0.19;0.40;14.33;4.08;2.95;8.84;2.61;0.00;0.01;0.51;0.61;0.00;46.01;90.20;461.11;56.24;11.38;6.37;2.24;5.08;0.06;0.21;0.40;0.55;1.02;0.08;
2.90;18.34;12.09;4.55;6.12;5.01;2.93;0.00;0.00;0.00;0.04;0.04;0.04;3.11;7.77;0.84;22.13;17.86;10.61;4.63;0.81;0.68;0.19;0.40;14.28;4.07;2.93;8.82;2.61;0.00;0.01;0.51;0.61;0.00;37.45;39.43;174.66;51.71;6.99;5.63;2.02;4.60;0.01;0.03;0.04;0.10;0.23;0.01;
2.90;18.34;12.09;4.55;6.12;5.01;2.93;0.00;0.00;0.00;0.04;0.04;0.04;3.09;7.76;0.83;22.06;17.83;10.56;4.64;0.81;0.69;0.19;0.40;14.40;4.09;2.98;8.86;2.61;0.00;0.01;0.51;0.61;0.00;39.80;50.35;232.70;53.01;8.07;6.11;2.16;4.92;0.23;0.72;1.81;1.63;2.63;0.29;
