4.58;34.68;19.94;8.08;10.79;7.89;4.67;0.00;0.00;0.00;0.08;0.07;0.08;61.60;14.59;70.65;78.50;35.66;80.91;13.11;1.44;3.45;0.48;0.71;52.70;7.00;46.35;19.75;4.36;0.02;0.05;0.70;0.81;0.01;15.16;1.04;2.44;35.76;0.82;4.95;1.81;4.15;0.17;0.54;1.28;1.27;2.12;0.21;
3.10;20.13;13.01;4.95;6.65;5.35;3.14;0.00;0.00;0.00;0.04;0.04;0.04;5.33;8.71;1.87;27.81;20.23;15.31;5.55;0.89;0.91;0.22;0.44;17.50;4.43;4.50;10.00;2.82;0.00;0.01;0.53;0.63;0.00;5.78;0.02;0.03;24.14;0.08;7.09;2.46;5.54;0.22;0.67;1.68;1.55;2.51;0.27;
2.89;18.25;12.05;4.53;6.10;4.99;2.92;0.00;0.00;0.00;0.04;0.04;0.04;3.43;7.93;0.97;23.07;18.27;11.35;4.75;0.82;0.71;0.19;0.41;14.35;4.08;2.96;8.85;2.61;0.00;0.01;0.51;0.60;0.00;20.54;3.52;10.27;40.48;1.69;6.09;2.16;4.90;0.18;0.57;1.36;1.33;2.20;0.23;
2.85;17.91;11.87;4.46;5.99;4.92;2.88;0.00;0.00;0.00;0.03;0.04;0.04;3.15;7.79;0.86;22.25;17.91;10.70;4.61;0.81;0.68;0.19;0.40;13.69;4.00;2.68;8.59;2.56;0.00;0.01;0.50;0.60;0.00;14.43;0.85;1.94;35.05;0.73;5.69;2.04;4.64;13.04;30.62;192.82;48.37;50.19;16.79;
2.84;17.84;11.83;4.44;5.97;4.91;2.88;0.00;0.00;0.00;0.03;0.04;0.04;3.09;7.76;0.83;22.08;17.84;10.57;4.58;0.80;0.67;0.18;0.40;13.56;3.99;2.63;8.54;2.55;0.00;0.01;0.50;0.60;0.00;21.68;4.38;13.25;41.38;1.92;5.24;1.90;4.34;493.05;913.51;13152.19;1035.52;720.75;660.83;
2.84;17.82;11.82;4.44;5.97;4.91;2.87;0.00;0.00;0.00;0.03;0.04;0.04;3.08;7.76;0.83;22.05;17.82;10.55;4.58;0.80;0.67;0.18;0.40;13.89;4.03;2.76;8.67;2.58;0.00;0.00;0.50;0.60;0.00;28.64;13.40;49.24;46.35;3.71;5.91;2.10;4.78;0.22;0.67;1.66;1.54;2.50;0.27;
2.84;17.82;11.82;4.44;5.97;4.91;2.87;0.00;0.00;0.00;0.03;0.04;0.04;3.08;7.76;0.83;22.05;17.82;10.54;4.58;0.80;0.67;0.18;0.40;14.08;4.05;2.84;8.74;2.59;0.00;0.00;0.50;0.60;0.00;18.82;2.47;6.79;39.06;1.37;5.87;2.09;4.76;0.67;1.91;6.13;3.96;5.69;0.84;
2.84;17.82;11.82;4.44;5.97;4.91;2.87;0.00;0.00;0.00;0.03;0.04;0.04;3.08;7.76;0.83;22.04;17.82;10.54;4.58;0.80;0.67;0.18;0.40;13.64;4.00;2.66;8.57;2.56;0.00;0.00;0.50;0.60;0.00;16.18;1.35;3.33;36.72;0.96;6.22;2.20;4.98;1.88;5.01;20.30;9.45;12.12;2.37;
2.84;17.82;11.82;4.44;5.97;4.91;2.87;0.00;0.00;0.00;0.03;0.04;0.04;3.08;7.76;0.83;22.04;17.82;10.54;4.58;0.80;0.67;0.18;0.40;13.78;4.01;2.72;8.63;2.57;0.00;0.00;0.50;0.60;0.00;21.82;4.49;13.65;41.49;1.95;7.77;2.66;5.96;0.75;2.13;7.01;4.37;6.20;0.94;
2.84;17.82;11.82;4.44;5.97;4.91;2.87;0.00;0.00;0.00;0.03;0.04;0.04;3.08;7.76;0.83;22.04;17.82;10.54;4.58;0.80;0.67;0.18;0.40;13.93;4.03;2.78;8.69;2.58;0.00;0.00;0.50;0.60;0.00;31.32;19.21;75.13;48.08;4.58;3.93;1.49;3.44;0.60;1.72;5.38;3.61;5.25;0.75;
2.84;17.82;11.82;4.44;5.97;4.91;2.87;0.00;0.00;0.00;0.03;0.04;0.04;3.08;7.76;0.83;22.04;17.82;10.54;4.58;0.80;0.67;0.18;0.40;13.84;4.02;2.74;8.65;2.57;0.00;0.00;0.50;0.59;0.00;37.05;37.74;165.94;51.49;6.82;5.47;1.97;4.49;0.16;0.51;1.18;1.20;2.02;0.20;
2.84;17.82;11.82;4.44;5.97;4.91;2.87;0.00;0.00;0.00;0.03;0.04;0.04;3.08;7.76;0.83;22.04;17.82;10.54;4.58;0.80;0.67;0.18;0.40;13.95;4.03;2.79;8.69;2.58;0.00;0.00;0.50;0.59;0.00;17.59;1.89;4.94;38.00;1.17;4.59;1.70;3.90;1.03;2.86;10.10;5.69;7.81;1.29;
2.84;17.82;11.82;4.44;5.97;4.91;2.87;0.00;0.00;0.00;0.03;0.04;0.04;3.08;7.76;0.83;22.04;17.82;10.54;4.56;0.80;0.67;0.18;0.40;13.61;3.99;2.65;8.56;2.56;0.00;0.00;0.50;0.59;0.00;21.54;4.26;12.84;41.27;1.89;6.26;2.21;5.01;0.72;2.04;6.65;4.20;5.99;0.90;
2.84;17.82;11.82;4.44;5.97;4.91;2.87;0.00;0.00;0.00;0.03;0.04;0.04;3.08;7.76;0.83;22.04;17.82;10.54;4.53;0.80;0.66;0.18;0.40;13.54;3.99;2.62;8.54;2.55;0.00;0.00;0.50;0.59;0.00;19.80;3.03;8.62;39.87;1.55;4.02;1.52;3.51;1.76;4.71;18.81;8.94;11.55;2.22;
2.84;17.82;11.82;4.44;5.97;4.91;2.87;0.00;0.00;0.00;0.03;0.04;0.04;3.02;7.72;0.81;21.86;17.74;10.41;4.54;0.80;0.66;0.18;0.40;13.53;3.98;2.61;8.53;2.55;0.00;0.00;0.50;0.59;0.00;18.97;2.56;7.06;39.19;1.40;5.10;1.86;4.25;0.36;1.07;2.98;2.35;3.62;0.45;
2.84;17.82;11.82;4.44;5.97;4.91;2.87;0.00;0.00;0.00;0.03;0.04;0.04;3.04;7.73;0.81;21.92;17.76;10.45;4.51;0.80;0.66;0.18;0.40;13.76;4.01;2.71;8.62;2.57;0.00;0.00;0.50;0.59;0.00;13.59;0.67;1.46;34.21;0.64;4.73;1.74;4.00;8.78;21.16;121.80;34.66;37.56;11.26;
2.83;17.74;11.78;4.42;5.95;4.89;2.86;0.00;0.00;0.00;0.03;0.04;0.04;3.01;7.72;0.80;21.84;17.73;10.39;4.51;0.80;0.66;0.18;0.40;13.69;4.00;2.68;8.59;2.56;0.00;0.00;0.50;0.59;0.00;28.16;12.51;45.45;46.03;3.56;6.09;2.16;4.90;2.14;5.65;23.59;10.53;13.33;2.70;
2.83;17.73;11.77;4.42;5.94;4.89;2.86;0.00;0.00;0.00;0.03;0.04;0.04;2.98;7.70;0.79;21.73;17.68;10.31;4.49;0.79;0.65;0.18;0.40;13.68;4.00;2.67;8.59;2.56;0.00;0.00;0.50;0.59;0.00;18.84;2.48;6.82;39.07;1.38;4.27;1.59;3.68;0.52;1.50;4.54;3.19;4.71;0.64;
2.83;17.69;11.75;4.41;5.93;4.88;2.86;0.00;0.00;0.00;0.03;0.04;0.04;2.97;7.70;0.79;21.71;17.67;10.29;4.49;0.79;0.65;0.18;0.40;13.79;4.02;2.72;8.63;2.57;0.00;0.00;0.50;0.59;0.00;21.46;4.19;12.61;41.21;1.87;5.08;1.85;4.23;0.53;1.54;4.66;3.25;4.79;0.66;
2.82;17.64;11.73;4.40;5.91;4.87;2.85;0.00;0.00;0.00;0.03;0.04;0.04;2.97;7.70;0.79;21.71;17.67;10.29;4.49;0.79;0.65;0.18;0.40;13.70;4.00;2.68;8.60;2.56;0.00;0.00;0.50;0.59;0.00;18.23;2.18;5.84;38.55;1.27;5.50;1.98;4.52;0.43;1.25;3.61;2.70;4.08;0.53;
2.82;17.67;11.74;4.40;5.92;4.88;2.86;0.00;0.00;0.00;0.03;0.04;0.04;3.03;7.73;0.81;21.89;17.75;10.42;4.49;0.79;0.65;0.18;0.40;13.56;3.99;2.63;8.54;2.55;0.00;0.00;0.50;0.60;0.00;15.37;1.10;2.61;35.96;0.85;4.16;1.56;3.60;4.07;10.30;49.78;18.11;21.35;5.17;
2.82;17.64;11.73;4.40;5.91;4.87;2.85;0.00;0.00;0.00;0.03;0.04;0.04;2.93;7.67;0.77;21.57;17.61;10.18;4.49;0.79;0.65;0.18;0.40;13.89;4.03;2.76;8.67;2.58;0.00;0.01;0.50;0.60;0.00;27.80;11.89;42.82;45.80;3.46;5.54;1.99;4.54;0.42;1.24;3.59;2.69;4.06;0.52;
2.82;17.67;11.74;4.40;5.92;4.88;2.86;0.00;0.00;0.00;0.03;0.04;0.04;2.96;7.69;0.78;21.68;17.66;10.26;4.49;0.79;0.65;0.18;0.40;14.08;4.05;2.84;8.74;2.59;0.00;0.01;0.50;0.60;0.00;28.53;13.19;48.34;46.28;3.67;4.23;1.58;3.65;1.67;4.48;17.66;8.54;11.10;2.10;
2.82;17.64;11.73;4.40;5.91;4.87;2.85;0.00;0.00;0.00;0.03;0.04;0.04;2.91;7.66;0.76;21.52;17.59;10.15;4.49;0.79;0.65;0.18;0.40;13.75;4.01;2.70;8.62;2.57;0.00;0.01;0.50;0.60;0.00;36.09;33.98;146.71;50.94;6.41;5.37;1.94;4.43;5.21;13.00;66.45;22.33;25.62;6.65;
2.83;17.71;11.76;4.41;5.93;4.88;2.86;0.00;0.00;0.00;0.03;0.04;0.04;2.90;7.66;0.76;21.49;17.58;10.12;4.52;0.80;0.66;0.18;0.40;13.81;4.02;2.73;8.64;2.57;0.00;0.01;0.50;0.60;0.00;17.70;1.93;5.08;38.10;1.19;6.60;2.31;5.23;1.33;3.62;13.56;7.05;9.40;1.67;
2.82;17.64;11.73;4.40;5.92;4.87;2.85;0.00;0.00;0.00;0.03;0.04;0.04;2.93;7.67;0.77;21.58;17.61;10.19;4.52;0.80;0.66;0.18;0.40;13.82;4.02;2.73;8.64;2.57;0.00;0.00;0.50;0.60;0.00;35.93;33.35;143.52;50.84;6.34;4.05;1.52;3.53;0.37;1.10;3.07;2.40;3.68;0.46;
2.82;17.59;11.70;4.39;5.90;4.86;2.85;0.00;0.00;0.00;0.03;0.04;0.04;2.91;7.66;0.76;21.50;17.58;10.13;4.52;0.80;0.66;0.18;0.40;13.59;3.99;2.64;8.55;2.56;0.00;0.00;0.50;0.60;0.00;24.82;7.54;25.08;43.73;2.64;4.80;1.76;4.04;2.88;7.46;33.29;13.52;16.56;3.64;
2.83;17.70;11.76;4.41;5.93;4.88;2.86;0.00;0.00;0.00;0.03;0.04;0.04;2.90;7.66;0.76;21.49;17.57;10.12;4.52;0.80;0.66;0.18;0.40;13.65;4.00;2.66;8.58;2.56;0.00;0.00;0.50;0.60;0.00;19.78;3.02;8.59;39.86;1.54;5.16;1.88;4.29;0.16;0.49;1.12;1.15;1.95;0.19;
2.84;17.80;11.81;4.43;5.96;4.90;2.87;0.00;0.00;0.00;0.03;0.04;0.04;2.90;7.66;0.76;21.49;17.57;10.12;4.57;0.80;0.67;0.18;0.40;13.55;3.99;2.62;8.54;2.55;0.00;0.00;0.50;0.60;0.00;19.21;2.69;7.49;39.39;1.44;6.42;2.26;5.11;0.15;0.48;1.10;1.14;1.93;0.19;
2.85;17.89;11.86;4.45;5.99;4.92;2.88;0.00;0.00;0.00;0.03;0.04;0.04;2.90;7.66;0.76;21.49;17.57;10.12;4.60;0.80;0.68;0.19;0.40;13.77;4.01;2.71;8.62;2.57;0.00;0.00;0.50;0.59;0.00;13.59;0.67;1.46;34.21;0.64;5.07;1.85;4.23;0.29;0.86;2.27;1.93;3.05;0.35;
2.87;18.03;11.93;4.48;6.03;4.95;2.90;0.00;0.00;0.00;0.03;0.04;0.04;3.02;7.72;0.80;21.84;17.73;10.39;4.65;0.81;0.69;0.19;0.40;13.81;4.02;2.73;8.64;2.57;0.00;0.00;0.50;0.59;0.00;22.00;4.64;14.19;41.63;1.99;6.73;2.35;5.31;1.17;3.23;11.75;6.35;8.59;1.47;
2.87;18.06;11.94;4.49;6.04;4.95;2.90;0.00;0.00;0.00;0.03;0.04;0.04;3.07;7.75;0.82;22.00;17.80;10.51;4.73;0.82;0.71;0.19;0.41;13.94;4.03;2.78;8.69;2.58;0.00;0.00;0.50;0.60;0.00;20.09;3.22;9.25;40.12;1.60;5.53;1.99;4.54;1.65;4.43;17.44;8.46;11.01;2.08;
2.87;18.06;11.95;4.49;6.04;4.95;2.90;0.00;0.00;0.00;0.03;0.04;0.04;3.08;7.75;0.83;22.04;17.82;10.54;4.82;0.83;0.73;0.19;0.41;14.09;4.05;2.85;8.75;2.59;0.00;0.00;0.50;0.60;0.00;12.39;0.46;0.94;32.94;0.51;4.98;1.82;4.17;55.50;118.59;1038.54;164.12;145.22;72.63;
2.89;18.26;12.05;4.53;6.10;4.99;2.93;0.00;0.00;0.00;0.03;0.04;0.04;3.08;7.76;0.83;22.04;17.82;10.54;4.91;0.83;0.75;0.20;0.42;14.24;4.07;2.91;8.80;2.60;0.00;0.00;0.50;0.60;0.00;28.66;13.43;49.37;46.37;3.71;8.46;2.85;6.39;0.30;0.90;2.40;2.00;3.15;0.37;
2.90;18.30;12.07;4.54;6.11;5.00;2.93;0.00;0.00;0.00;0.04;0.04;0.04;3.08;7.76;0.83;22.04;17.82;10.54;5.01;0.84;0.77;0.20;0.42;14.02;4.04;2.82;8.72;2.59;0.00;0.00;0.50;0.60;0.00;26.63;9.99;34.91;45.00;3.12;6.01;2.13;4.85;0.83;2.34;7.88;4.76;6.67;1.04;
2.90;18.31;12.07;4.55;6.11;5.00;2.93;0.00;0.00;0.00;0.04;0.04;0.04;3.08;7.76;0.83;22.04;17.82;10.54;5.10;0.85;0.80;0.20;0.42;13.98;4.04;2.80;8.71;2.58;0.00;0.00;0.50;0.60;0.00;29.34;14.76;55.15;46.81;3.92;7.08;2.45;5.54;0.25;0.77;1.96;1.73;2.78;0.31;
2.92;18.51;12.18;4.59;6.17;5.04;2.95;0.00;0.00;0.00;0.04;0.04;0.04;3.14;7.79;0.85;22.22;17.90;10.68;5.20;0.86;0.82;0.21;0.43;14.10;4.05;2.85;8.75;2.59;0.00;0.00;0.50;0.60;0.00;18.43;2.28;6.15;38.73;1.31;7.16;2.48;5.59;0.34;1.02;2.80;2.24;3.47;0.42;
2.92;18.55;12.20;4.60;6.18;5.05;2.96;0.00;0.00;0.00;0.04;0.04;0.04;3.22;7.83;0.88;22.44;18.00;10.85;5.27;0.87;0.84;0.21;0.43;14.24;4.07;2.91;8.80;2.60;0.00;0.01;0.50;0.60;0.00;26.45;9.72;33.81;44.87;3.07;9.28;3.09;6.88;0.60;1.72;5.38;3.60;5.24;0.75;
2.93;18.56;12.20;4.60;6.19;5.05;2.96;0.00;0.00;0.00;0.04;0.04;0.04;3.26;7.85;0.90;22.58;18.06;10.96;5.32;0.87;0.85;0.21;0.43;14.15;4.06;2.87;8.77;2.60;0.00;0.00;0.50;0.60;0.00;26.63;10.00;34.94;45.00;3.12;7.92;2.70;6.06;0.38;1.14;3.21;2.48;3.79;0.48;
2.93;18.56;12.20;4.60;6.19;5.05;2.96;0.00;0.00;0.00;0.04;0.04;0.04;3.27;7.85;0.91;22.61;18.07;10.98;5.41;0.88;0.87;0.21;0.44;14.25;4.07;2.92;8.81;2.60;0.00;0.00;0.50;0.60;0.00;38.01;41.85;187.29;52.03;7.24;5.59;2.01;4.57;0.12;0.40;0.87;0.96;1.66;0.15;
2.93;18.60;12.23;4.61;6.20;5.06;2.96;0.00;0.00;0.00;0.04;0.04;0.04;3.27;7.85;0.91;22.61;18.07;10.98;5.47;0.89;0.89;0.22;0.44;14.15;4.06;2.87;8.77;2.60;0.00;0.00;0.50;0.60;0.00;29.78;15.67;59.18;47.10;4.06;6.16;2.18;4.95;0.69;1.97;6.37;4.07;5.84;0.86;
2.95;18.77;12.31;4.65;6.25;5.09;2.98;0.00;0.00;0.00;0.04;0.04;0.04;3.27;7.85;0.91;22.61;18.07;10.98;5.52;0.89;0.90;0.22;0.44;14.25;4.07;2.92;8.81;2.60;0.00;0.00;0.50;0.60;0.00;24.27;6.88;22.54;43.33;2.50;5.71;2.04;4.65;1.12;3.10;11.17;6.13;8.32;1.41;
2.95;18.80;12.33;4.66;6.26;5.10;2.99;0.00;0.00;0.00;0.04;0.04;0.04;3.30;7.87;0.92;22.71;18.11;11.06;5.61;0.90;0.92;0.22;0.45;14.39;4.09;2.98;8.86;2.61;0.00;0.00;0.50;0.60;0.00;28.95;14.00;51.84;46.56;3.80;8.12;2.76;6.18;0.23;0.69;1.73;1.58;2.56;0.28;
2.95;18.81;12.33;4.66;6.26;5.10;2.99;0.00;0.00;0.00;0.04;0.04;0.04;3.28;7.86;0.91;22.63;18.08;11.00;5.63;0.90;0.93;0.22;0.45;14.30;4.08;2.94;8.83;2.61;0.00;0.01;0.50;0.60;0.00;22.67;5.23;16.35;42.14;2.13;7.47;2.57;5.78;6.46;15.89;85.29;26.76;29.99;8.26;
2.95;18.81;12.34;4.66;6.26;5.10;2.99;0.00;0.00;0.00;0.04;0.04;0.04;3.37;7.90;0.95;22.90;18.19;11.21;5.72;0.91;0.95;0.23;0.45;14.28;4.07;2.93;8.82;2.61;0.00;0.01;0.50;0.60;0.00;22.44;5.02;15.57;41.96;2.08;4.48;1.66;3.83;2.87;7.43;33.14;13.48;16.52;3.63;
2.95;18.81;12.34;4.66;6.26;5.10;2.99;0.00;0.00;0.00;0.04;0.04;0.04;3.45;7.94;0.98;23.14;18.30;11.40;5.74;0.91;0.96;0.23;0.45;14.28;4.07;2.93;8.82;2.61;0.00;0.01;0.50;0.60;0.00;21.09;3.91;11.61;40.91;1.80;4.87;1.78;4.09;6.97;17.06;93.16;28.53;31.71;8.92;
2.95;18.81;12.34;4.66;6.26;5.10;2.99;0.00;0.00;0.00;0.04;0.04;0.04;3.47;7.95;0.99;23.19;18.32;11.43;5.83;0.92;0.98;0.23;0.46;14.28;4.07;2.93;8.82;2.61;0.00;0.01;0.50;0.60;0.00;36.91;37.19;163.08;51.41;6.76;5.50;1.98;4.52;0.23;0.69;1.72;1.58;2.56;0.28;
2.96;18.85;12.36;4.67;6.27;5.11;2.99;0.00;0.00;0.00;0.04;0.04;0.04;3.48;7.95;0.99;23.20;18.32;11.44;5.85;0.92;0.99;0.23;0.46;14.40;4.09;2.98;8.86;2.61;0.00;0.01;0.50;0.60;0.00;21.40;4.15;12.44;41.16;1.86;4.94;1.81;4.14;0.68;1.94;6.24;4.02;5.76;0.85;
2.98;19.02;12.45;4.71;6.33;5.14;3.01;0.00;0.00;0.00;0.04;0.04;0.04;3.48;7.96;0.99;23.20;18.32;11.44;5.87;0.92;0.99;0.23;0.46;14.30;4.08;2.94;8.83;2.61;0.00;0.01;0.50;0.60;0.00;26.72;10.14;35.52;45.06;3.15;6.39;2.25;5.09;0.20;0.61;1.48;1.41;2.32;0.24;
2.98;19.06;12.46;4.71;6.34;5.15;3.02;0.00;0.00;0.00;0.04;0.04;0.04;3.48;7.96;0.99;23.20;18.32;11.44;5.95;0.93;1.01;0.23;0.46;14.16;4.06;2.88;8.77;2.60;0.00;0.01;0.50;0.60;0.00;30.38;16.98;65.00;47.48;4.26;8.45;2.85;6.38;0.25;0.77;1.97;1.74;2.78;0.31;
2.98;19.07;12.47;4.72;6.34;5.15;3.02;0.00;0.00;0.00;0.04;0.04;0.04;3.48;7.96;0.99;23.20;18.32;11.44;5.96;0.93;1.01;0.23;0.46;14.25;4.07;2.92;8.81;2.60;0.00;0.01;0.50;0.60;0.00;25.24;8.06;27.14;44.03;2.75;6.25;2.21;5.00;25.93;58.23;428.84;86.39;83.11;33.65;
2.98;19.07;12.47;4.72;6.34;5.15;3.02;0.00;0.00;0.00;0.04;0.04;0.04;3.48;7.96;0.99;23.20;18.32;11.44;6.05;0.94;1.04;0.24;0.46;14.39;4.09;2.98;8.86;2.61;0.00;0.01;0.50;0.60;0.00;16.73;1.54;3.89;37.23;1.04;7.29;2.51;5.66;1.20;3.29;12.02;6.46;8.71;1.50;
2.98;19.07;12.47;4.72;6.34;5.15;3.02;0.00;0.00;0.00;0.04;0.04;0.04;3.48;7.96;0.99;23.20;18.32;11.44;6.07;0.94;1.04;0.24;0.47;14.18;4.06;2.88;8.78;2.60;0.00;0.01;0.50;0.60;0.00;24.45;7.10;23.36;43.46;2.55;6.71;2.34;5.30;0.66;1.88;6.02;3.91;5.63;0.82;
2.98;19.07;12.47;4.72;6.34;5.15;3.02;0.00;0.00;0.00;0.04;0.04;0.04;3.54;7.99;1.02;23.39;18.41;11.59;6.10;0.94;1.05;0.24;0.47;14.50;4.10;3.03;8.90;2.62;0.00;0.01;0.50;0.60;0.00;30.56;17.40;66.90;47.60;4.32;6.89;2.40;5.42;1.16;3.19;11.60;6.29;8.52;1.46;
2.99;19.15;12.51;4.73;6.36;5.16;3.03;0.00;0.00;0.00;0.04;0.04;0.04;3.66;8.04;1.07;23.72;18.55;11.86;6.17;0.95;1.07;0.24;0.47;14.44;4.09;3.00;8.88;2.62;0.00;0.01;0.50;0.60;0.00;34.22;27.41;114.01;49.84;5.65;4.81;1.77;4.06;1.26;3.46;12.81;6.76;9.07;1.59;
3.01;19.29;12.58;4.77;6.41;5.19;3.05;0.00;0.00;0.00;0.04;0.04;0.04;3.69;8.05;1.08;23.78;18.57;11.91;6.19;0.95;1.08;0.24;0.47;14.56;4.11;3.05;8.92;2.63;0.00;0.01;0.50;0.60;0.00;22.58;5.15;16.05;42.08;2.11;5.22;1.89;4.33;0.34;1.02;2.81;2.25;3.48;0.42;
3.01;19.32;12.60;4.77;6.41;5.20;3.05;0.00;0.00;0.00;0.04;0.04;0.04;3.69;8.06;1.08;23.79;18.58;11.92;6.23;0.95;1.09;0.24;0.47;14.33;4.08;2.95;8.84;2.61;0.00;0.01;0.51;0.60;0.00;27.02;10.60;37.42;45.27;3.23;5.63;2.02;4.60;0.15;0.48;1.11;1.14;1.93;0.19;
3.01;19.33;12.60;4.77;6.42;5.20;3.05;0.00;0.00;0.00;0.04;0.04;0.04;3.69;8.06;1.08;23.80;18.58;11.92;6.30;0.96;1.10;0.25;0.47;14.41;4.09;2.98;8.87;2.62;0.00;0.01;0.51;0.60;0.00;20.28;3.34;9.67;40.27;1.64;7.80;2.66;5.98;0.89;2.49;8.49;5.02;7.00;1.11;
3.01;19.33;12.60;4.77;6.42;5.20;3.05;0.00;0.00;0.00;0.04;0.04;0.04;3.69;8.06;1.08;23.80;18.58;11.92;6.31;0.96;1.11;0.25;0.48;14.55;4.10;3.05;8.92;2.63;0.00;0.01;0.51;0.60;0.00;21.46;4.20;12.61;41.21;1.87;6.91;2.40;5.42;0.95;2.64;9.17;5.31;7.34;1.19;
3.01;19.33;12.60;4.77;6.42;5.20;3.05;0.00;0.00;0.00;0.04;0.04;0.04;3.69;8.06;1.08;23.80;18.58;11.92;6.33;0.96;1.11;0.25;0.48;14.58;4.11;3.06;8.93;2.63;0.00;0.01;0.51;0.60;0.00;21.32;4.08;12.22;41.10;1.84;6.04;2.14;4.87;0.69;1.96;6.33;4.05;5.81;0.86;
3.01;19.33;12.60;4.77;6.42;5.20;3.05;0.00;0.00;0.00;0.04;0.04;0.04;3.69;8.06;1.08;23.80;18.58;11.92;6.41;0.97;1.14;0.25;0.48;14.83;4.14;3.17;9.03;2.65;0.00;0.01;0.50;0.60;0.00;18.59;2.35;6.40;38.86;1.33;5.38;1.94;4.44;0.58;1.68;5.23;3.53;5.15;0.73;
3.01;19.33;12.60;4.77;6.42;5.20;3.05;0.00;0.00;0.00;0.04;0.04;0.04;3.76;8.09;1.12;23.99;18.66;12.08;6.43;0.97;1.14;0.25;0.48;14.51;4.10;3.03;8.91;2.62;0.00;0.01;0.51;0.60;0.00;35.00;30.04;126.96;50.31;5.96;6.46;2.27;5.14;1.49;4.02;15.44;7.75;10.20;1.87;
3.01;19.33;12.60;4.77;6.42;5.20;3.05;0.00;0.00;0.00;0.04;0.04;0.04;3.78;8.10;1.12;24.03;18.68;12.11;6.43;0.97;1.14;0.25;0.48;14.57;4.11;3.05;8.93;2.63;0.00;0.01;0.51;0.60;0.00;16.05;1.30;3.20;36.60;0.94;8.12;2.76;6.18;1.62;4.36;17.09;8.34;10.87;2.04;
3.02;19.41;12.64;4.79;6.44;5.21;3.06;0.00;0.00;0.00;0.04;0.04;0.04;3.82;8.11;1.14;24.14;18.72;12.20;6.47;0.97;1.15;0.25;0.48;14.33;4.08;2.95;8.84;2.61;0.00;0.01;0.51;0.61;0.00;20.25;3.33;9.60;40.25;1.63;6.80;2.37;5.36;2.02;5.37;22.11;10.05;12.80;2.55;
3.03;19.52;12.70;4.82;6.47;5.23;3.07;0.00;0.00;0.00;0.04;0.04;0.05;3.90;8.15;1.18;24.36;18.82;12.37;6.54;0.98;1.17;0.25;0.48;14.66;4.12;3.09;8.96;2.63;0.00;0.01;0.51;0.61;0.00;24.43;7.07;23.28;43.45;2.55;5.01;1.83;4.19;1.41;3.84;14.59;7.43;9.84;1.78;
3.04;19.58;12.73;4.83;6.49;5.25;3.08;0.00;0.00;0.00;0.04;0.04;0.05;3.92;8.16;1.18;24.40;18.84;12.41;6.55;0.98;1.17;0.25;0.49;14.72;4.13;3.12;8.99;2.64;0.00;0.01;0.52;0.61;0.00;21.61;4.32;13.05;41.33;1.90;4.47;1.66;3.82;0.78;2.19;7.25;4.48;6.33;0.97;
3.04;19.59;12.74;4.83;6.49;5.25;3.08;0.00;0.00;0.00;0.04;0.04;0.04;3.92;8.16;1.18;24.41;18.84;12.42;6.55;0.98;1.18;0.25;0.49;14.49;4.10;3.02;8.90;2.62;0.00;0.01;0.52;0.62;0.00;16.58;1.48;3.73;37.09;1.02;4.26;1.59;3.67;0.61;1.76;5.52;3.67;5.33;0.76;
3.04;19.59;12.74;4.83;6.49;5.25;3.08;0.00;0.00;0.00;0.04;0.04;0.04;3.92;8.16;1.18;24.41;18.84;12.42;6.55;0.98;1.18;0.25;0.49;14.82;4.14;3.17;9.02;2.64;0.00;0.01;0.52;0.62;0.00;23.82;6.39;20.64;43.00;2.40;5.55;2.00;4.55;0.21;0.65;1.59;1.49;2.43;0.26;
3.04;19.59;12.74;4.83;6.49;5.25;3.08;0.00;0.00;0.00;0.04;0.04;0.05;3.92;8.16;1.18;24.41;18.84;12.42;6.65;0.99;1.20;0.26;0.49;14.76;4.13;3.14;9.00;2.64;0.00;0.01;0.52;0.62;0.00;16.30;1.39;3.44;36.83;0.98;3.70;1.41;3.28;0.48;1.39;4.13;2.97;4.44;0.59;
3.04;19.59;12.74;4.83;6.49;5.25;3.08;0.00;0.00;0.00;0.04;0.04;0.04;3.92;8.16;1.18;24.41;18.84;12.42;6.67;0.99;1.21;0.26;0.49;15.00;4.16;3.25;9.09;2.66;0.00;0.01;0.52;0.62;0.00;26.41;9.68;33.61;44.85;3.06;3.75;1.43;3.31;0.22;0.67;1.65;1.53;2.49;0.27;
3.04;19.59;12.74;4.83;6.49;5.25;3.08;0.00;0.00;0.00;0.04;0.04;0.05;3.92;8.16;1.18;24.41;18.84;12.42;6.68;0.99;1.21;0.26;0.49;14.79;4.13;3.15;9.01;2.64;0.00;0.01;0.52;0.62;0.00;20.75;3.66;10.76;40.65;1.73;5.07;1.85;4.23;0.16;0.51;1.19;1.21;2.03;0.20;
3.04;19.59;12.74;4.83;6.49;5.25;3.08;0.00;0.00;0.00;0.04;0.04;0.05;3.92;8.16;1.18;24.41;18.84;12.42;6.68;0.99;1.21;0.26;0.49;14.50;4.10;3.02;8.90;2.62;0.00;0.01;0.52;0.61;0.00;44.30;77.50;385.91;55.38;10.41;6.73;2.35;5.31;0.16;0.50;1.15;1.18;1.99;0.20;
3.04;19.59;12.74;4.83;6.49;5.25;3.08;0.00;0.00;0.00;0.04;0.04;0.05;4.00;8.19;1.22;24.61;18.92;12.58;6.70;0.99;1.22;0.26;0.49;14.20;4.06;2.89;8.79;2.60;0.00;0.01;0.51;0.61;0.00;30.15;16.48;62.76;47.34;4.19;5.45;1.96;4.48;0.79;2.24;7.45;4.56;6.44;0.99;
3.05;19.64;12.76;4.84;6.51;5.26;3.08;0.00;0.00;0.00;0.04;0.04;0.05;3.97;8.18;1.21;24.55;18.90;12.53;6.76;1.00;1.23;0.26;0.49;14.38;4.09;2.97;8.86;2.61;0.00;0.01;0.51;0.60;0.00;30.74;17.81;68.77;47.71;4.38;6.15;2.18;4.94;1.35;3.68;13.84;7.15;9.52;1.70;
3.04;19.60;12.74;4.83;6.50;5.25;3.08;0.00;0.00;0.00;0.04;0.04;0.05;3.97;8.18;1.21;24.54;18.89;12.52;6.79;1.00;1.24;0.26;0.49;14.42;4.09;2.99;8.87;2.62;0.00;0.01;0.50;0.60;0.00;19.86;3.07;8.75;39.92;1.56;6.85;2.38;5.39;49.32;106.21;905.46;148.58;133.18;64.46;
3.05;19.64;12.76;4.84;6.51;5.26;3.08;0.00;0.00;0.00;0.04;0.04;0.05;4.08;8.23;1.26;24.84;19.02;12.77;6.80;1.00;1.25;0.26;0.50;14.42;4.09;2.99;8.88;2.62;0.00;0.01;0.50;0.60;0.00;49.69;122.91;662.90;58.03;13.65;6.97;2.42;5.47;4.03;10.23;49.33;17.99;21.23;5.13;
3.05;19.65;12.76;4.84;6.51;5.26;3.09;0.00;0.00;0.00;0.04;0.04;0.05;4.11;8.24;1.27;24.90;19.04;12.82;6.80;1.00;1.25;0.26;0.50;14.80;4.13;3.16;9.02;2.64;0.00;0.01;0.50;0.60;0.00;24.29;6.91;22.65;43.35;2.51;6.45;2.27;5.13;0.47;1.38;4.08;2.95;4.41;0.59;
3.04;19.60;12.74;4.84;6.50;5.25;3.08;0.00;0.00;0.00;0.04;0.04;0.05;4.15;8.26;1.29;25.01;19.09;12.91;6.80;1.00;1.25;0.26;0.50;14.63;4.11;3.08;8.95;2.63;0.00;0.01;0.50;0.60;0.00;29.07;14.23;52.85;46.64;3.84;4.60;1.70;3.91;0.19;0.58;1.39;1.35;2.23;0.23;
3.06;19.72;12.80;4.86;6.53;5.27;3.09;0.00;0.00;0.00;0.04;0.04;0.04;4.16;8.26;1.29;25.03;19.10;12.93;6.84;1.00;1.26;0.26;0.50;14.72;4.12;3.12;8.99;2.64;0.00;0.01;0.50;0.60;0.00;26.74;10.16;35.61;45.07;3.15;5.79;2.07;4.71;1.28;3.50;13.01;6.84;9.16;1.61;
3.06;19.79;12.84;4.88;6.55;5.29;3.10;0.00;0.00;0.00;0.04;0.04;0.05;4.16;8.26;1.29;25.04;19.10;12.93;6.89;1.01;1.27;0.27;0.50;14.74;4.13;3.13;8.99;2.64;0.00;0.01;0.50;0.60;0.00;43.04;68.95;336.47;54.73;9.71;7.49;2.57;5.79;0.23;0.70;1.76;1.60;2.59;0.28;
3.07;19.85;12.87;4.89;6.57;5.30;3.11;0.00;0.00;0.00;0.04;0.04;0.05;4.16;8.26;1.30;25.04;19.10;12.93;6.92;1.01;1.28;0.27;0.50;14.74;4.13;3.13;8.99;2.64;0.00;0.01;0.50;0.60;0.00;35.77;32.78;140.65;50.76;6.27;6.71;2.34;5.30;0.13;0.40;0.89;0.97;1.68;0.16;
3.07;19.82;12.85;4.88;6.56;5.29;3.11;0.00;0.00;0.00;0.04;0.04;0.05;4.16;8.26;1.30;25.04;19.10;12.93;6.93;1.01;1.28;0.27;0.50;14.87;4.14;3.19;9.04;2.65;0.00;0.01;0.50;0.60;0.00;33.90;26.42;109.18;49.66;5.52;7.28;2.51;5.66;0.49;1.42;4.22;3.02;4.50;0.60;
3.07;19.85;12.87;4.89;6.57;5.30;3.11;0.00;0.00;0.00;0.04;0.04;0.05;4.16;8.26;1.30;25.04;19.10;12.93;6.93;1.01;1.28;0.27;0.50;14.89;4.14;3.20;9.05;2.65;0.00;0.00;0.50;0.60;0.00;16.76;1.55;3.93;37.26;1.04;6.42;2.26;5.11;0.63;1.81;5.73;3.77;5.46;0.79;
3.06;19.77;12.83;4.87;6.55;5.28;3.10;0.00;0.00;0.00;0.04;0.04;0.05;4.16;8.26;1.30;25.04;19.10;12.93;6.83;1.00;1.25;0.26;0.50;14.64;4.12;3.09;8.96;2.63;0.00;0.00;0.50;0.60;0.00;14.69;0.91;2.11;35.31;0.76;5.20;1.89;4.31;0.20;0.61;1.48;1.41;2.32;0.24;
3.05;19.63;12.76;4.84;6.50;5.26;3.08;0.00;0.00;0.00;0.04;0.04;0.05;4.16;8.26;1.30;25.04;19.10;12.93;6.67;0.99;1.21;0.26;0.49;14.85;4.14;3.18;9.04;2.65;0.00;0.00;0.50;0.60;0.00;22.79;5.34;16.74;42.23;2.16;4.54;1.68;3.87;0.13;0.41;0.91;0.99;1.70;0.16;
3.04;19.60;12.74;4.83;6.50;5.25;3.08;0.00;0.00;0.00;0.04;0.04;0.05;4.12;8.25;1.28;24.94;19.06;12.85;6.48;0.97;1.15;0.25;0.48;14.76;4.13;3.14;9.00;2.64;0.00;0.00;0.50;0.60;0.00;15.38;1.10;2.62;35.98;0.85;4.30;1.60;3.70;0.25;0.77;1.98;1.75;2.79;0.31;
3.04;19.60;12.74;4.83;6.49;5.25;3.08;0.00;0.00;0.00;0.04;0.04;0.05;3.96;8.18;1.20;24.52;18.88;12.50;6.38;0.97;1.13;0.25;0.48;14.49;4.10;3.02;8.90;2.62;0.00;0.00;0.50;0.60;0.00;16.17;1.34;3.32;36.71;0.96;4.03;1.52;3.51;0.23;0.70;1.74;1.59;2.57;0.28;
3.04;19.55;12.72;4.82;6.48;5.24;3.07;0.00;0.00;0.00;0.04;0.04;0.04;3.93;8.16;1.19;24.43;18.85;12.43;6.31;0.96;1.11;0.25;0.48;14.57;4.11;3.05;8.93;2.63;0.00;0.00;0.50;0.59;0.00;30.22;16.62;63.40;47.38;4.21;4.24;1.59;3.66;1.16;3.18;11.55;6.28;8.50;1.45;
3.02;19.37;12.62;4.78;6.43;5.21;3.05;0.00;0.00;0.00;0.04;0.04;0.04;3.92;8.16;1.19;24.42;18.84;12.42;6.22;0.95;1.08;0.24;0.47;14.33;4.08;2.95;8.84;2.61;0.00;0.00;0.50;0.59;0.00;28.81;13.72;50.62;46.47;3.76;4.11;1.55;3.57;12.44;29.32;182.68;46.51;48.50;16.02;
3.01;19.34;12.61;4.78;6.42;5.20;3.05;0.00;0.00;0.00;0.04;0.04;0.05;3.92;8.16;1.19;24.41;18.84;12.42;6.11;0.94;1.05;0.24;0.47;14.16;4.06;2.88;8.78;2.60;0.00;0.00;0.50;0.59;0.00;26.14;9.28;32.01;44.66;2.99;6.34;2.23;5.06;4.38;11.04;54.22;19.27;22.54;5.57;
3.01;19.33;12.60;4.77;6.42;5.20;3.05;0.00;0.00;0.00;0.04;0.04;0.04;3.92;8.16;1.18;24.41;18.84;12.42;5.99;0.93;1.02;0.23;0.46;14.13;4.06;2.86;8.76;2.60;0.00;0.01;0.50;0.60;0.00;31.36;19.30;75.56;48.10;4.59;5.06;1.84;4.22;0.13;0.40;0.87;0.96;1.66;0.15;
3.01;19.33;12.60;4.77;6.42;5.20;3.05;0.00;0.00;0.00;0.04;0.04;0.04;3.92;8.16;1.18;24.41;18.84;12.42;5.93;0.93;1.01;0.23;0.46;14.37;4.08;2.97;8.85;2.61;0.00;0.01;0.50;0.60;0.00;17.53;1.86;4.86;37.95;1.16;3.01;1.18;2.78;0.67;1.90;6.09;3.95;5.67;0.83;
3.01;19.33;12.60;4.77;6.42;5.20;3.05;0.00;0.00;0.00;0.04;0.04;0.04;3.92;8.16;1.18;24.41;18.84;12.42;5.87;0.92;0.99;0.23;0.46;14.66;4.12;3.10;8.97;2.63;0.00;0.01;0.50;0.60;0.00;17.08;1.68;4.30;37.55;1.09;6.03;2.14;4.86;0.50;1.46;4.39;3.11;4.62;0.63;
2.99;19.16;12.52;4.74;6.37;5.17;3.03;0.00;0.00;0.00;0.04;0.04;0.04;3.88;8.14;1.17;24.31;18.80;12.34;5.77;0.91;0.96;0.23;0.45;14.35;4.08;2.96;8.85;2.61;0.00;0.01;0.51;0.60;0.00;21.58;4.29;12.96;41.30;1.90;4.98;1.82;4.17;0.22;0.67;1.68;1.55;2.51;0.27;
2.99;19.09;12.48;4.72;6.34;5.15;3.02;0.00;0.00;0.00;0.04;0.04;0.04;3.73;8.07;1.10;23.90;18.62;12.00;5.75;0.91;0.96;0.23;0.45;14.41;4.09;2.99;8.87;2.62;0.00;0.01;0.51;0.60;0.00;22.34;4.93;15.25;41.89;2.06;4.16;1.56;3.60;0.36;1.08;3.01;2.36;3.63;0.45;
2.98;19.07;12.47;4.72;6.34;5.15;3.02;0.00;0.00;0.00;0.04;0.04;0.04;3.70;8.06;1.09;23.82;18.59;11.94;5.66;0.90;0.94;0.22;0.45;14.43;4.09;2.99;8.88;2.62;0.00;0.01;0.50;0.60;0.00;31.10;18.67;72.66;47.94;4.50;6.02;2.14;4.86;0.34;1.02;2.80;2.25;3.47;0.42;
2.98;19.07;12.47;4.72;6.34;5.15;3.02;0.00;0.00;0.00;0.04;0.04;0.04;3.69;8.06;1.08;23.80;18.58;11.92;5.64;0.90;0.93;0.22;0.45;14.18;4.06;2.89;8.78;2.60;0.00;0.01;0.50;0.60;0.00;25.09;7.87;26.39;43.92;2.71;6.59;2.31;5.22;1.03;2.85;10.06;5.68;7.78;1.29;
2.98;19.07;12.47;4.72;6.34;5.15;3.02;0.00;0.00;0.00;0.04;0.04;0.04;3.69;8.06;1.08;23.80;18.58;11.92;5.57;0.89;0.91;0.22;0.44;14.13;4.06;2.87;8.76;2.60;0.00;0.01;0.50;0.60;0.00;36.32;34.85;151.10;51.07;6.50;5.55;1.99;4.55;0.49;1.43;4.27;3.05;4.53;0.61;
2.98;19.07;12.47;4.72;6.34;5.15;3.02;0.00;0.00;0.00;0.04;0.04;0.04;3.69;8.06;1.08;23.80;18.58;11.92;5.54;0.89;0.91;0.22;0.44;14.00;4.04;2.81;8.71;2.59;0.00;0.01;0.50;0.60;0.00;36.16;34.24;148.04;50.98;6.44;8.72;2.93;6.55;0.15;0.48;1.11;1.14;1.93;0.19;
2.97;18.99;12.43;4.70;6.31;5.13;3.01;0.00;0.00;0.00;0.04;0.04;0.04;3.69;8.06;1.08;23.80;18.58;11.92;5.47;0.89;0.89;0.22;0.44;14.10;4.05;2.85;8.75;2.59;0.00;0.01;0.50;0.60;0.00;14.98;0.99;2.31;35.59;0.80;4.01;1.51;3.50;0.50;1.47;4.40;3.12;4.62;0.63;
2.96;18.85;12.35;4.67;6.27;5.10;2.99;0.00;0.00;0.00;0.04;0.04;0.04;3.69;8.06;1.08;23.80;18.58;11.92;5.44;0.88;0.88;0.22;0.44;14.00;4.04;2.81;8.71;2.59;0.00;0.01;0.50;0.60;0.00;34.70;29.01;121.86;50.13;5.84;4.33;1.62;3.73;1.13;3.11;11.22;6.14;8.34;1.41;
2.96;18.82;12.34;4.66;6.26;5.10;2.99;0.00;0.00;0.00;0.04;0.04;0.04;3.69;8.06;1.08;23.80;18.58;11.92;5.43;0.88;0.88;0.21;0.44;13.98;4.04;2.80;8.70;2.58;0.00;0.01;0.50;0.60;0.00;15.67;1.18;2.86;36.25;0.89;3.76;1.43;3.32;0.75;2.12;6.95;4.34;6.17;0.93;
2.95;18.81;12.34;4.66;6.26;5.10;2.99;0.00;0.00;0.00;0.04;0.04;0.04;3.69;8.06;1.08;23.80;18.58;11.92;5.36;0.88;0.86;0.21;0.44;14.09;4.05;2.85;8.75;2.59;0.00;0.01;0.50;0.60;0.00;38.72;45.06;204.30;52.42;7.56;5.89;2.10;4.77;0.38;1.13;3.17;2.46;3.76;0.47;
2.95;18.81;12.34;4.66;6.26;5.10;2.99;0.00;0.00;0.00;0.04;0.04;0.04;3.66;8.04;1.07;23.70;18.54;11.84;5.33;0.87;0.85;0.21;0.43;14.12;4.05;2.86;8.76;2.59;0.00;0.01;0.50;0.60;0.00;34.18;27.30;113.49;49.82;5.63;4.94;1.81;4.14;0.22;0.67;1.66;1.53;2.50;0.27;
2.95;18.81;12.34;4.66;6.26;5.10;2.99;0.00;0.00;0.00;0.04;0.04;0.04;3.55;7.99;1.02;23.39;18.41;11.60;5.31;0.87;0.85;0.21;0.43;14.00;4.04;2.81;8.71;2.59;0.00;0.01;0.50;0.60;0.00;25.73;8.71;29.72;44.38;2.88;5.27;1.91;4.37;4.69;11.77;58.73;20.42;23.70;5.97;
2.95;18.81;12.34;4.66;6.26;5.10;2.99;0.00;0.00;0.00;0.04;0.04;0.04;3.49;7.96;1.00;23.24;18.34;11.47;5.24;0.87;0.83;0.21;0.43;13.98;4.04;2.80;8.70;2.58;0.00;0.01;0.50;0.60;0.00;28.25;12.68;46.14;46.09;3.59;4.73;1.74;4.00;0.33;0.97;2.64;2.15;3.35;0.40;
2.95;18.77;12.31;4.65;6.25;5.09;2.98;0.00;0.00;0.00;0.04;0.04;0.04;3.51;7.97;1.01;23.30;18.37;11.52;5.23;0.86;0.83;0.21;0.43;14.22;4.07;2.90;8.80;2.60;0.00;0.01;0.50;0.60;0.00;37.61;40.12;178.24;51.81;7.06;4.75;1.75;4.01;7.91;19.20;107.92;31.75;34.80;10.14;
2.94;18.68;12.27;4.63;6.22;5.07;2.97;0.00;0.00;0.00;0.04;0.04;0.04;3.48;7.96;0.99;23.22;18.33;11.46;5.23;0.86;0.83;0.21;0.43;14.14;4.06;2.87;8.77;2.60;0.00;0.01;0.50;0.60;0.00;22.23;4.84;14.90;41.81;2.04;6.56;2.30;5.20;2.36;6.19;26.41;11.43;14.31;2.98;
2.93;18.58;12.22;4.61;6.19;5.05;2.96;0.00;0.00;0.00;0.04;0.04;0.04;3.48;7.96;0.99;23.20;18.33;11.45;5.18;0.86;0.82;0.21;0.43;13.77;4.01;2.71;8.62;2.57;0.00;0.01;0.50;0.60;0.00;25.63;8.57;29.17;44.30;2.85;6.81;2.37;5.36;0.80;2.25;7.51;4.59;6.48;1.00;
2.93;18.56;12.21;4.60;6.19;5.05;2.96;0.00;0.00;0.00;0.04;0.04;0.04;3.48;7.96;0.99;23.20;18.32;11.44;5.15;0.86;0.81;0.21;0.43;14.05;4.05;2.83;8.73;2.59;0.00;0.01;0.50;0.60;0.00;20.64;3.59;10.50;40.56;1.71;7.61;2.61;5.87;3.51;8.98;41.93;15.99;19.16;4.45;
2.93;18.56;12.21;4.60;6.19;5.05;2.96;0.00;0.00;0.00;0.04;0.04;0.04;3.48;7.96;0.99;23.20;18.32;11.44;5.13;0.86;0.80;0.20;0.43;13.99;4.04;2.80;8.71;2.59;0.00;0.01;0.50;0.60;0.00;25.49;8.39;28.44;44.21;2.81;6.51;2.28;5.17;0.74;2.11;6.91;4.32;6.14;0.93;
2.93;18.56;12.21;4.60;6.19;5.05;2.96;0.00;0.00;0.00;0.04;0.04;0.04;3.48;7.96;0.99;23.20;18.32;11.44;5.13;0.85;0.80;0.20;0.42;13.86;4.02;2.75;8.66;2.58;0.00;0.01;0.51;0.60;0.00;28.74;13.59;50.06;46.42;3.74;6.12;2.17;4.92;1.34;3.64;13.65;7.08;9.44;1.68;
2.93;18.56;12.20;4.60;6.19;5.05;2.96;0.00;0.00;0.00;0.04;0.04;0.04;3.48;7.96;0.99;23.20;18.32;11.44;5.13;0.85;0.80;0.20;0.42;13.83;4.02;2.74;8.65;2.57;0.00;0.01;0.50;0.60;0.00;27.62;11.57;41.47;45.67;3.40;5.14;1.87;4.28;13.83;32.35;206.48;50.83;52.40;17.82;
2.93;18.56;12.20;4.60;6.19;5.05;2.96;0.00;0.00;0.00;0.04;0.04;0.04;3.48;7.96;0.99;23.20;18.32;11.44;5.05;0.85;0.78;0.20;0.42;14.06;4.05;2.84;8.74;2.59;0.00;0.01;0.50;0.60;0.00;34.18;27.30;113.48;49.82;5.63;5.26;1.91;4.36;2.80;7.27;32.29;13.23;16.25;3.55;
2.93;18.56;12.20;4.60;6.19;5.05;2.96;0.00;0.00;0.00;0.04;0.04;0.04;3.48;7.96;0.99;23.20;18.32;11.44;5.04;0.85;0.78;0.20;0.42;14.35;4.08;2.96;8.85;2.61;0.00;0.01;0.50;0.60;0.00;25.44;8.32;28.14;44.17;2.80;5.08;1.85;4.24;0.59;1.71;5.33;3.58;5.21;0.74;
2.93;18.56;12.20;4.60;6.19;5.05;2.96;0.00;0.00;0.00;0.04;0.04;0.04;3.48;7.96;0.99;23.20;18.32;11.44;5.03;0.85;0.78;0.20;0.42;14.17;4.06;2.88;8.78;2.60;0.00;0.01;0.50;0.60;0.00;25.19;8.00;26.88;43.99;2.74;5.13;1.86;4.27;1.85;4.95;19.98;9.34;12.00;2.34;
2.93;18.56;12.20;4.60;6.19;5.05;2.96;0.00;0.00;0.00;0.04;0.04;0.04;3.48;7.96;0.99;23.20;18.32;11.44;5.03;0.85;0.78;0.20;0.42;14.13;4.06;2.86;8.76;2.60;0.00;0.01;0.50;0.60;0.00;16.88;1.60;4.06;37.37;1.06;4.97;1.82;4.16;1.06;2.94;10.48;5.85;7.99;1.33;
2.92;18.48;12.16;4.58;6.16;5.03;2.95;0.00;0.00;0.00;0.04;0.04;0.04;3.41;7.92;0.96;23.01;18.24;11.29;5.03;0.85;0.78;0.20;0.42;14.00;4.04;2.81;8.71;2.59;0.00;0.01;0.50;0.60;0.00;18.39;2.25;6.08;38.69;1.30;5.33;1.93;4.40;0.38;1.12;3.14;2.44;3.74;0.47;
2.91;18.42;12.13;4.57;6.15;5.02;2.94;0.00;0.00;0.00;0.04;0.04;0.04;3.36;7.90;0.94;22.88;18.19;11.19;4.96;0.84;0.76;0.20;0.42;13.98;4.04;2.80;8.70;2.58;0.00;0.01;0.50;0.60;0.00;31.22;18.97;74.04;48.02;4.55;5.86;2.09;4.75;9.30;22.33;130.25;36.39;39.18;11.94;
2.90;18.33;12.09;4.55;6.12;5.01;2.93;0.00;0.00;0.00;0.04;0.04;0.04;3.29;7.86;0.91;22.67;18.09;11.03;4.94;0.84;0.76;0.20;0.42;14.22;4.07;2.90;8.80;2.60;0.00;0.00;0.50;0.60;0.00;29.17;14.43;53.73;46.71;3.87;7.22;2.49;5.62;1.14;3.13;11.31;6.18;8.38;1.42;
2.90;18.31;12.08;4.55;6.11;5.00;2.93;0.00;0.00;0.00;0.04;0.04;0.04;3.28;7.86;0.91;22.63;18.07;10.99;4.94;0.84;0.76;0.20;0.42;13.90;4.03;2.77;8.67;2.58;0.00;0.00;0.50;0.59;0.00;17.16;1.71;4.39;37.61;1.10;7.25;2.50;5.64;0.81;2.29;7.66;4.66;6.56;1.02;
2.90;18.31;12.08;4.55;6.11;5.00;2.93;0.00;0.00;0.00;0.04;0.04;0.04;3.27;7.86;0.91;22.62;18.07;10.99;4.94;0.84;0.76;0.20;0.42;13.60;3.99;2.64;8.56;2.56;0.00;0.00;0.50;0.59;0.00;22.74;5.29;16.57;42.19;2.15;3.78;1.44;3.34;0.12;0.37;0.79;0.90;1.56;0.14;
2.90;18.31;12.08;4.55;6.11;5.00;2.93;0.00;0.00;0.00;0.04;0.04;0.04;3.27;7.86;0.91;22.61;18.07;10.98;4.94;0.84;0.76;0.20;0.42;14.02;4.04;2.82;8.72;2.59;0.00;0.00;0.50;0.59;0.00;31.82;20.46;80.90;48.39;4.75;4.17;1.56;3.61;0.27;0.82;2.15;1.85;2.94;0.34;
2.90;18.31;12.08;4.55;6.11;5.00;2.93;0.00;0.00;0.00;0.04;0.04;0.04;3.27;7.86;0.91;22.61;18.07;10.98;4.91;0.83;0.75;0.20;0.41;13.86;4.02;2.75;8.66;2.58;0.00;0.00;0.50;0.60;0.00;29.13;14.35;53.36;46.68;3.86;4.29;1.60;3.69;5.14;12.83;65.37;22.07;25.36;6.55;
2.90;18.31;12.08;4.55;6.11;5.00;2.93;0.00;0.00;0.00;0.04;0.04;0.04;3.27;7.86;0.91;22.61;18.07;10.98;4.86;0.83;0.74;0.19;0.41;13.83;4.02;2.74;8.65;2.57;0.00;0.00;0.50;0.60;0.00;29.25;14.59;54.40;46.76;3.90;3.67;1.40;3.26;0.94;2.61;9.03;5.25;7.27;1.17;
2.90;18.31;12.08;4.55;6.11;5.00;2.93;0.00;0.00;0.00;0.04;0.04;0.04;3.27;7.86;0.91;22.61;18.07;10.98;4.85;0.83;0.74;0.19;0.41;13.71;4.00;2.68;8.60;2.56;0.00;0.01;0.50;0.60;0.00;21.12;3.94;11.70;40.94;1.80;7.15;2.47;5.58;1.15;3.17;11.50;6.25;8.47;1.45;
2.90;18.31;12.08;4.55;6.11;5.00;2.93;0.00;0.00;0.00;0.04;0.04;0.04;3.27;7.86;0.91;22.61;18.07;10.98;4.85;0.83;0.74;0.19;0.41;14.16;4.06;2.88;8.77;2.60;0.00;0.01;0.50;0.60;0.00;37.00;37.55;164.96;51.46;6.79;5.09;1.85;4.24;29.50;65.68;498.10;96.30;91.34;38.33;
2.90;18.31;12.08;4.55;6.11;5.00;2.93;0.00;0.00;0.00;0.04;0.04;0.04;3.27;7.86;0.91;22.61;18.07;10.98;4.85;0.83;0.74;0.19;0.41;13.89;4.03;2.76;8.67;2.58;0.00;0.01;0.50;0.60;0.00;20.10;3.23;9.27;40.12;1.60;6.04;2.14;4.87;0.34;1.03;2.83;2.26;3.49;0.43;
2.90;18.31;12.08;4.55;6.11;5.00;2.93;0.00;0.00;0.00;0.04;0.04;0.04;3.27;7.86;0.91;22.61;18.07;10.98;4.85;0.83;0.74;0.19;0.41;14.07;4.05;2.84;8.74;2.59;0.00;0.01;0.50;0.60;0.00;28.21;12.61;45.85;46.07;3.58;4.52;1.67;3.85;0.69;1.95;6.30;4.04;5.79;0.86;
2.89;18.23;12.03;4.53;6.09;4.99;2.92;0.00;0.00;0.00;0.04;0.04;0.04;3.27;7.86;0.91;22.61;18.07;10.98;4.85;0.83;0.74;0.19;0.41;13.87;4.02;2.75;8.66;2.58;0.00;0.01;0.50;0.60;0.00;17.34;1.78;4.62;37.78;1.13;6.59;2.31;5.22;3.30;8.49;39.10;15.20;18.33;4.19;
2.89;18.25;12.05;4.53;6.10;4.99;2.92;0.00;0.00;0.00;0.04;0.04;0.04;3.27;7.86;0.91;22.61;18.07;10.98;4.85;0.83;0.74;0.19;0.41;14.07;4.05;2.84;8.74;2.59;0.00;0.01;0.51;0.60;0.00;27.01;10.58;37.33;45.26;3.23;8.25;2.79;6.26;0.73;2.08;6.79;4.27;6.07;0.91;
2.88;18.14;11.99;4.51;6.06;4.97;2.91;0.00;0.00;0.00;0.04;0.04;0.04;3.27;7.86;0.91;22.61;18.07;10.98;4.79;0.82;0.72;0.19;0.41;14.11;4.05;2.86;8.76;2.59;0.00;0.01;0.51;0.61;0.00;39.21;47.41;216.84;52.69;7.79;4.06;1.53;3.54;2.75;7.15;31.62;13.03;16.03;3.48;
2.87;18.08;11.96;4.49;6.04;4.96;2.90;0.00;0.00;0.00;0.04;0.04;0.04;3.27;7.86;0.91;22.61;18.07;10.98;4.76;0.82;0.72;0.19;0.41;14.00;4.04;2.81;8.71;2.59;0.00;0.01;0.51;0.61;0.00;54.41;177.06;1017.19;60.22;16.92;6.37;2.24;5.08;4.93;12.33;62.21;21.29;24.58;6.28;
2.87;18.07;11.95;4.49;6.04;4.95;2.90;0.00;0.00;0.00;0.04;0.04;0.04;3.27;7.86;0.91;22.61;18.07;10.98;4.76;0.82;0.71;0.19;0.41;13.98;4.04;2.80;8.70;2.58;0.00;0.01;0.51;0.61;0.00;30.22;16.62;63.40;47.38;4.21;4.75;1.75;4.01;0.58;1.68;5.20;3.52;5.13;0.72;
2.87;18.06;11.95;4.49;6.04;4.95;2.90;0.00;0.00;0.00;0.04;0.04;0.04;3.27;7.86;0.91;22.61;18.07;10.98;4.75;0.82;0.71;0.19;0.41;13.73;4.01;2.70;8.61;2.57;0.00;0.01;0.51;0.61;0.00;19.38;2.79;7.80;39.53;1.47;4.23;1.58;3.65;0.12;0.39;0.84;0.94;1.62;0.15;
2.87;18.06;11.95;4.49;6.04;4.95;2.90;0.00;0.00;0.00;0.04;0.04;0.04;3.27;7.86;0.91;22.61;18.07;10.98;4.75;0.82;0.71;0.19;0.41;14.05;4.05;2.83;8.73;2.59;0.00;0.01;0.51;0.61;0.00;27.76;11.81;42.48;45.77;3.44;5.25;1.90;4.35;0.18;0.57;1.37;1.34;2.21;0.23;
2.87;18.06;11.95;4.49;6.04;4.95;2.90;0.00;0.00;0.00;0.04;0.04;0.04;3.24;7.84;0.89;22.52;18.03;10.91;4.75;0.82;0.71;0.19;0.41;13.87;4.02;2.75;8.66;2.58;0.00;0.01;0.51;0.61;0.00;17.02;1.65;4.23;37.49;1.08;4.12;1.55;3.58;0.09;0.30;0.61;0.74;1.33;0.11;
2.87;18.06;11.95;4.49;6.04;4.95;2.90;0.00;0.00;0.00;0.04;0.04;0.04;3.24;7.84;0.89;22.50;18.02;10.90;4.75;0.82;0.71;0.19;0.41;13.71;4.01;2.69;8.60;2.56;0.00;0.01;0.51;0.61;0.00;35.82;32.96;141.55;50.78;6.29;6.30;2.22;5.04;0.18;0.56;1.33;1.31;2.17;0.22;
2.87;18.06;11.95;4.49;6.04;4.95;2.90;0.00;0.00;0.00;0.04;0.04;0.04;3.14;7.79;0.85;22.23;17.90;10.68;4.75;0.82;0.71;0.19;0.41;13.68;4.00;2.68;8.59;2.56;0.00;0.01;0.51;0.61;0.00;16.97;1.63;4.16;37.44;1.07;6.32;2.23;5.05;0.19;0.60;1.44;1.39;2.28;0.24;
2.87;18.06;11.95;4.49;6.04;4.95;2.90;0.00;0.00;0.00;0.04;0.04;0.04;3.12;7.78;0.85;22.17;17.88;10.64;4.75;0.82;0.71;0.19;0.41;14.03;4.04;2.82;8.73;2.59;0.00;0.01;0.51;0.61;0.00;24.48;7.12;23.47;43.48;2.56;4.05;1.52;3.53;0.22;0.67;1.68;1.55;2.51;0.27;
2.87;18.06;11.95;4.49;6.04;4.95;2.90;0.00;0.00;0.00;0.04;0.04;0.04;3.12;7.78;0.84;22.16;17.87;10.63;4.72;0.82;0.71;0.19;0.41;13.98;4.04;2.80;8.71;2.58;0.00;0.01;0.51;0.61;0.00;27.88;12.02;43.37;45.85;3.48;3.74;1.42;3.31;0.14;0.43;0.97;1.04;1.78;0.17;
2.87;18.06;11.95;4.49;6.04;4.95;2.90;0.00;0.00;0.00;0.04;0.04;0.04;3.09;7.76;0.83;22.07;17.83;10.56;4.69;0.81;0.70;0.19;0.40;13.74;4.01;2.70;8.61;2.57;0.00;0.01;0.51;0.61;0.00;29.41;14.90;55.80;46.86;3.95;3.58;1.38;3.20;0.79;2.23;7.42;4.55;6.43;0.99;
2.87;18.06;11.95;4.49;6.04;4.95;2.90;0.00;0.00;0.00;0.04;0.04;0.04;3.11;7.77;0.84;22.14;17.86;10.62;4.70;0.81;0.70;0.19;0.41;13.92;4.03;2.78;8.68;2.58;0.00;0.01;0.51;0.61;0.00;17.21;1.73;4.45;37.66;1.11;3.71;1.41;3.29;0.24;0.74;1.87;1.67;2.69;0.30;
2.87;18.06;11.95;4.49;6.04;4.95;2.90;0.00;0.00;0.00;0.04;0.04;0.04;3.09;7.76;0.83;22.06;17.83;10.56;4.67;0.81;0.69;0.19;0.40;13.72;4.01;2.69;8.61;2.57;0.00;0.01;0.51;0.60;0.00;29.09;14.26;52.98;46.65;3.84;5.19;1.88;4.31;0.20;0.62;1.50;1.42;2.34;0.25;
2.87;18.06;11.95;4.49;6.04;4.95;2.90;0.00;0.00;0.00;0.04;0.04;0.04;3.08;7.76;0.83;22.05;17.82;10.55;4.67;0.81;0.69;0.19;0.40;13.80;4.02;2.73;8.64;2.57;0.00;0.01;0.51;0.60;0.00;17.66;1.92;5.03;38.06;1.18;4.63;1.71;3.93;0.25;0.75;1.91;1.70;2.73;0.30;
2.87;18.06;11.95;4.49;6.04;4.95;2.90;0.00;0.00;0.00;0.04;0.04;0.04;3.08;7.76;0.83;22.04;17.82;10.54;4.66;0.81;0.69;0.19;0.40;13.94;4.03;2.78;8.69;2.58;0.00;0.01;0.51;0.60;0.00;26.21;9.37;32.39;44.71;3.00;5.24;1.90;4.35;1.85;4.93;19.90;9.31;11.97;2.33;
2.87;18.06;11.95;4.49;6.04;4.95;2.90;0.00;0.00;0.00;0.04;0.04;0.04;3.08;7.76;0.83;22.04;17.82;10.54;4.66;0.81;0.69;0.19;0.40;13.73;4.01;2.69;8.61;2.57;0.00;0.01;0.50;0.60;0.00;40.52;54.14;253.34;53.40;8.43;5.68;2.03;4.63;2.74;7.13;31.50;12.99;16.00;3.47;
2.87;18.06;11.95;4.49;6.04;4.95;2.90;0.00;0.00;0.00;0.04;0.04;0.04;3.08;7.76;0.83;22.04;17.82;10.54;4.66;0.81;0.69;0.19;0.40;13.80;4.02;2.73;8.64;2.57;0.00;0.00;0.50;0.60;0.00;26.54;9.86;34.38;44.94;3.10;8.05;2.74;6.14;0.87;2.44;8.32;4.94;6.90;1.09;
2.87;18.02;11.93;4.48;6.03;4.95;2.90;0.00;0.00;0.00;0.04;0.04;0.04;3.08;7.76;0.83;22.04;17.82;10.54;4.66;0.81;0.69;0.19;0.40;13.94;4.03;2.78;8.69;2.58;0.00;0.00;0.50;0.59;0.00;36.44;35.33;153.55;51.14;6.55;5.34;1.93;4.41;0.81;2.28;7.63;4.64;6.54;1.01;
2.87;18.05;11.94;4.49;6.04;4.95;2.90;0.00;0.00;0.00;0.03;0.04;0.04;3.08;7.76;0.83;22.04;17.82;10.54;4.66;0.81;0.69;0.19;0.40;13.85;4.02;2.74;8.65;2.57;0.00;0.00;0.50;0.59;0.00;21.13;3.94;11.73;40.95;1.81;4.91;1.80;4.12;0.22;0.68;1.71;1.57;2.54;0.27;
2.87;18.06;11.95;4.49;6.04;4.95;2.90;0.00;0.00;0.00;0.04;0.04;0.04;3.08;7.76;0.83;22.04;17.82;10.54;4.66;0.81;0.69;0.19;0.40;13.95;4.03;2.79;8.69;2.58;0.00;0.00;0.50;0.59;0.00;17.38;1.80;4.66;37.81;1.14;5.57;2.00;4.56;0.28;0.85;2.23;1.90;3.01;0.35;
2.87;18.06;11.95;4.49;6.04;4.95;2.90;0.00;0.00;0.00;0.04;0.04;0.04;3.08;7.76;0.83;22.04;17.82;10.54;4.66;0.81;0.69;0.19;0.40;13.49;3.98;2.60;8.52;2.55;0.00;0.00;0.50;0.59;0.00;30.14;16.45;62.64;47.33;4.18;4.14;1.55;3.59;0.77;2.18;7.20;4.45;6.31;0.96;
2.87;18.02;11.93;4.48;6.03;4.95;2.90;0.00;0.00;0.00;0.04;0.04;0.04;3.08;7.76;0.83;22.04;17.82;10.54;4.66;0.81;0.69;0.19;0.40;13.76;4.01;2.71;8.62;2.57;0.00;0.00;0.50;0.59;0.00;31.18;18.87;73.57;47.99;4.53;5.12;1.86;4.26;0.10;0.31;0.65;0.78;1.38;0.12;
2.85;17.90;11.86;4.45;5.99;4.92;2.88;0.00;0.00;0.00;0.04;0.04;0.04;3.08;7.76;0.83;22.04;17.82;10.54;4.66;0.81;0.69;0.19;0.40;13.93;4.03;2.78;8.68;2.58;0.00;0.00;0.50;0.59;0.00;16.70;1.53;3.87;37.20;1.03;3.94;1.49;3.45;0.67;1.92;6.15;3.97;5.71;0.84;
2.84;17.84;11.83;4.44;5.97;4.91;2.88;0.00;0.00;0.00;0.04;0.04;0.04;3.08;7.76;0.83;22.04;17.82;10.54;4.62;0.81;0.68;0.19;0.40;13.84;4.02;2.74;8.65;2.57;0.00;0.00;0.50;0.59;0.00;25.90;8.94;30.63;44.49;2.92;4.75;1.75;4.01;0.55;1.59;4.88;3.36;4.93;0.69;
2.85;17.86;11.84;4.45;5.98;4.91;2.88;0.00;0.00;0.00;0.04;0.04;0.04;3.08;7.76;0.83;22.04;17.82;10.54;4.61;0.81;0.68;0.19;0.40;13.71;4.00;2.69;8.60;2.56;0.00;0.00;0.50;0.59;0.00;31.75;20.30;80.16;48.35;4.73;5.03;1.83;4.20;0.14;0.44;0.98;1.05;1.79;0.17;
