4.60;34.87;20.03;8.13;10.84;7.92;4.69;0.00;0.00;0.00;0.09;0.07;0.08;60.88;14.55;69.43;78.11;35.56;80.26;12.91;1.43;3.37;0.47;0.70;55.01;7.12;50.76;20.28;4.43;0.02;0.05;0.70;0.81;0.01;43.50;72.02;354.08;54.97;9.97;17.02;5.17;11.21;7.35;17.92;99.05;29.83;32.96;9.41;
3.12;20.29;13.09;4.99;6.70;5.38;3.16;0.00;0.00;0.00;0.04;0.04;0.04;5.22;8.67;1.81;27.56;20.13;15.08;5.55;0.89;0.91;0.22;0.44;18.43;4.53;5.02;10.32;2.88;0.00;0.01;0.53;0.63;0.00;22.88;5.43;17.08;42.30;2.18;6.82;2.38;5.37;2.91;7.54;33.77;13.66;16.72;3.69;
2.91;18.41;12.13;4.57;6.14;5.02;2.94;0.00;0.00;0.00;0.04;0.04;0.04;3.32;7.88;0.93;22.76;18.13;11.10;4.77;0.82;0.72;0.19;0.41;14.88;4.14;3.20;9.05;2.65;0.00;0.01;0.50;0.60;0.00;56.83;210.96;1249.28;61.30;18.75;8.81;2.95;6.60;1.31;3.57;13.31;6.95;9.29;1.64;
2.86;17.98;11.90;4.47;6.01;4.94;2.89;0.00;0.00;0.00;0.03;0.04;0.04;3.07;7.75;0.82;22.01;17.80;10.52;4.63;0.81;0.68;0.19;0.40;14.39;4.09;2.98;8.86;2.61;0.00;0.00;0.50;0.60;0.00;60.02;262.77;1616.38;62.68;21.34;10.29;3.37;7.48;11.41;27.04;165.21;43.24;45.52;14.68;
2.85;17.85;11.84;4.44;5.98;4.91;2.88;0.00;0.00;0.00;0.03;0.04;0.04;3.05;7.74;0.82;21.95;17.78;10.47;4.60;0.80;0.68;0.19;0.40;14.42;4.09;2.99;8.87;2.62;0.00;0.00;0.50;0.59;0.00;51.59;142.95;791.40;58.93;14.92;12.86;4.08;8.95;56.31;120.20;1056.13;166.14;146.77;73.70;
2.84;17.79;11.81;4.43;5.96;4.90;2.87;0.00;0.00;0.00;0.03;0.04;0.04;2.99;7.71;0.79;21.76;17.70;10.33;4.60;0.80;0.68;0.18;0.40;14.18;4.06;2.89;8.78;2.60;0.00;0.00;0.50;0.59;0.00;32.41;22.04;88.29;48.75;4.97;11.17;3.62;7.99;24.32;54.83;397.99;81.84;79.28;31.53;
2.84;17.81;11.82;4.44;5.97;4.90;2.87;0.00;0.00;0.00;0.03;0.04;0.04;3.01;7.72;0.80;21.81;17.72;10.37;4.59;0.80;0.68;0.18;0.40;14.02;4.04;2.82;8.72;2.59;0.00;0.00;0.50;0.59;0.00;55.97;198.40;1162.50;60.92;18.09;15.09;4.67;10.17;15.27;35.50;231.80;55.28;56.37;19.71;
2.84;17.82;11.82;4.44;5.97;4.91;2.87;0.00;0.00;0.00;0.03;0.04;0.04;3.01;7.72;0.80;21.82;17.72;10.37;4.59;0.80;0.68;0.18;0.40;14.10;4.05;2.85;8.75;2.59;0.00;0.00;0.50;0.59;0.00;86.37;1136.44;9007.01;72.71;50.49;16.27;4.98;10.81;325.53;619.71;8117.69;729.63;531.55;434.32;
2.83;17.74;11.78;4.42;5.94;4.89;2.86;0.00;0.00;0.00;0.03;0.04;0.04;2.98;7.70;0.79;21.74;17.68;10.31;4.59;0.80;0.68;0.18;0.40;14.24;4.07;2.91;8.80;2.60;0.00;0.00;0.50;0.59;0.00;57.15;215.84;1283.24;61.44;19.01;14.71;4.57;9.97;2.70;7.02;30.91;12.81;15.81;3.42;
2.83;17.72;11.77;4.42;5.94;4.89;2.86;0.00;0.00;0.00;0.03;0.04;0.04;2.98;7.70;0.79;21.72;17.68;10.30;4.59;0.80;0.68;0.18;0.40;14.15;4.06;2.87;8.77;2.60;0.00;0.00;0.50;0.59;0.00;56.38;204.36;1203.55;61.10;18.41;16.22;4.96;10.78;1.92;5.10;20.77;9.60;12.30;2.42;
2.83;17.72;11.77;4.41;5.94;4.89;2.86;0.00;0.00;0.00;0.03;0.04;0.04;2.95;7.68;0.78;21.63;17.64;10.23;4.59;0.80;0.68;0.18;0.40;14.13;4.06;2.86;8.76;2.60;0.00;0.00;0.50;0.59;0.00;53.44;164.78;934.95;59.78;16.22;15.24;4.71;10.26;3.78;9.62;45.70;17.02;20.23;4.80;
2.83;17.72;11.77;4.41;5.94;4.89;2.86;0.00;0.00;0.00;0.03;0.04;0.04;2.97;7.70;0.78;21.70;17.67;10.28;4.59;0.80;0.68;0.18;0.40;13.89;4.03;2.76;8.67;2.58;0.00;0.00;0.50;0.59;0.00;56.29;203.09;1194.74;61.06;18.34;13.65;4.29;9.39;11.16;26.47;160.91;42.42;44.77;14.35;
2.84;17.76;11.79;4.42;5.95;4.89;2.87;0.00;0.00;0.00;0.03;0.04;0.04;2.97;7.70;0.79;21.71;17.67;10.29;4.59;0.80;0.68;0.18;0.40;14.20;4.06;2.89;8.79;2.60;0.00;0.00;0.50;0.59;0.00;54.64;180.16;1038.14;60.33;17.09;10.63;3.47;7.67;92.81;191.76;1887.87;253.22;211.74;122.14;
2.84;17.77;11.80;4.43;5.95;4.90;2.87;0.00;0.00;0.00;0.03;0.04;0.04;2.97;7.70;0.79;21.72;17.67;10.29;4.59;0.80;0.68;0.18;0.40;14.26;4.07;2.92;8.81;2.60;0.00;0.00;0.50;0.60;0.00;58.66;239.60;1450.49;62.10;20.21;10.79;3.51;7.77;16.82;38.85;259.28;59.97;60.50;21.72;
2.83;17.73;11.78;4.42;5.94;4.89;2.86;0.00;0.00;0.00;0.04;0.04;0.04;2.98;7.70;0.79;21.72;17.68;10.29;4.59;0.80;0.68;0.18;0.40;14.03;4.04;2.82;8.73;2.59;0.00;0.01;0.50;0.60;0.00;55.37;190.03;1105.15;60.65;17.63;13.61;4.28;9.37;24.59;55.40;403.09;82.60;79.92;31.89;
2.83;17.72;11.77;4.41;5.94;4.89;2.86;0.00;0.00;0.00;0.03;0.04;0.04;3.03;7.73;0.81;21.89;17.75;10.43;4.58;0.80;0.67;0.18;0.40;14.10;4.05;2.85;8.75;2.59;0.00;0.00;0.50;0.60;0.00;47.81;105.30;552.93;57.13;12.46;12.07;3.86;8.50;19.64;44.91;310.47;68.34;67.78;25.41;
2.83;17.72;11.77;4.41;5.94;4.89;2.86;0.00;0.00;0.00;0.03;0.04;0.04;2.96;7.69;0.78;21.67;17.65;10.25;4.59;0.80;0.68;0.18;0.40;14.24;4.07;2.91;8.80;2.60;0.00;0.01;0.50;0.60;0.00;63.13;322.00;2051.60;63.98;24.05;15.32;4.73;10.30;5.27;13.12;67.22;22.52;25.81;6.71;
2.83;17.72;11.77;4.41;5.94;4.89;2.86;0.00;0.00;0.00;0.03;0.04;0.04;2.94;7.68;0.77;21.62;17.63;10.22;4.59;0.80;0.68;0.18;0.40;14.27;4.07;2.92;8.81;2.61;0.00;0.00;0.50;0.60;0.00;74.29;619.96;4424.35;68.38;35.35;14.88;4.61;10.06;2.11;5.58;23.24;10.42;13.20;2.67;
2.83;17.72;11.77;4.41;5.94;4.89;2.86;0.00;0.00;0.00;0.03;0.04;0.04;3.03;7.73;0.81;21.87;17.74;10.41;4.59;0.80;0.68;0.18;0.40;14.27;4.07;2.93;8.82;2.61;0.00;0.00;0.50;0.60;0.00;71.08;518.92;3591.01;67.16;31.84;19.30;5.76;12.41;38.42;84.09;677.27;120.36;110.88;50.07;
2.83;17.72;11.77;4.41;5.94;4.89;2.86;0.00;0.00;0.00;0.03;0.04;0.04;2.96;7.69;0.78;21.66;17.65;10.25;4.59;0.80;0.68;0.18;0.40;14.39;4.09;2.98;8.86;2.61;0.00;0.00;0.50;0.60;0.00;86.39;1137.26;9014.63;72.72;50.51;11.91;3.82;8.41;4.15;10.49;50.92;18.41;21.66;5.27;
2.83;17.72;11.77;4.41;5.94;4.89;2.86;0.00;0.00;0.00;0.03;0.04;0.04;2.94;7.68;0.77;21.62;17.63;10.22;4.59;0.80;0.68;0.18;0.40;14.18;4.06;2.88;8.78;2.60;0.00;0.00;0.50;0.60;0.00;91.49;1432.70;11819.59;74.44;57.86;15.22;4.70;10.25;3.96;10.05;48.25;17.70;20.94;5.03;
2.83;17.72;11.77;4.41;5.94;4.89;2.86;0.00;0.00;0.00;0.03;0.04;0.04;2.94;7.68;0.77;21.61;17.63;10.21;4.59;0.80;0.68;0.18;0.40;14.13;4.06;2.87;8.76;2.60;0.00;0.00;0.50;0.60;0.00;64.97;361.48;2349.77;64.74;25.74;19.68;5.85;12.60;18.88;43.29;296.62;66.12;65.86;24.42;
2.83;17.72;11.77;4.41;5.94;4.89;2.86;0.00;0.00;0.00;0.03;0.04;0.04;2.94;7.68;0.77;21.61;17.63;10.21;4.59;0.80;0.68;0.18;0.40;14.37;4.08;2.97;8.85;2.61;0.00;0.00;0.50;0.60;0.00;115.16;3614.90;35003.49;81.76;99.73;14.75;4.58;9.99;4.75;11.92;59.69;20.66;23.94;6.05;
2.83;17.72;11.77;4.41;5.94;4.89;2.86;0.00;0.00;0.00;0.03;0.04;0.04;2.97;7.69;0.78;21.70;17.67;10.28;4.59;0.80;0.68;0.18;0.40;14.41;4.09;2.99;8.87;2.62;0.00;0.00;0.50;0.60;0.00;56.51;206.21;1216.30;61.16;18.50;20.97;6.18;13.26;5.59;13.88;72.09;23.69;26.98;7.14;
2.83;17.72;11.77;4.41;5.94;4.89;2.86;0.00;0.00;0.00;0.03;0.04;0.04;3.00;7.71;0.80;21.80;17.71;10.36;4.59;0.80;0.68;0.18;0.40;14.42;4.09;2.99;8.87;2.62;0.00;0.01;0.50;0.60;0.00;53.84;169.75;968.11;59.96;16.50;19.43;5.79;12.47;42.64;92.68;764.38;131.40;119.68;55.63;
2.83;17.72;11.77;4.41;5.94;4.89;2.86;0.00;0.00;0.00;0.03;0.04;0.04;2.98;7.70;0.79;21.73;17.68;10.31;4.59;0.80;0.68;0.18;0.40;14.18;4.06;2.89;8.78;2.60;0.00;0.01;0.50;0.60;0.00;60.64;273.87;1696.73;62.94;21.86;17.95;5.41;11.70;9.02;21.71;125.72;35.47;38.31;11.57;
2.83;17.72;11.77;4.41;5.94;4.89;2.86;0.00;0.00;0.00;0.03;0.04;0.04;3.03;7.73;0.81;21.89;17.75;10.43;4.58;0.80;0.67;0.18;0.40;14.26;4.07;2.92;8.81;2.60;0.00;0.00;0.50;0.59;0.00;62.49;309.20;1956.30;63.72;23.48;14.06;4.40;9.62;28.40;63.39;476.63;93.27;88.84;36.89;
2.83;17.72;11.77;4.41;5.94;4.89;2.86;0.00;0.00;0.00;0.03;0.04;0.04;3.01;7.72;0.80;21.84;17.73;10.39;4.59;0.80;0.68;0.18;0.40;14.27;4.07;2.92;8.82;2.61;0.00;0.00;0.50;0.60;0.00;61.67;293.17;1837.84;63.38;22.76;20.43;6.04;12.99;2.67;6.96;30.58;12.72;15.70;3.38;
2.83;17.72;11.77;4.41;5.94;4.89;2.86;0.00;0.00;0.00;0.03;0.04;0.04;2.98;7.70;0.79;21.74;17.69;10.31;4.59;0.80;0.68;0.18;0.40;14.15;4.06;2.87;8.77;2.60;0.00;0.00;0.50;0.60;0.00;60.70;274.96;1704.64;62.97;21.91;14.12;4.41;9.64;11.99;28.32;175.00;45.09;47.21;15.43;
2.85;17.92;11.88;4.46;6.00;4.93;2.89;0.00;0.00;0.00;0.04;0.04;0.04;3.09;7.76;0.83;22.07;17.83;10.56;4.66;0.81;0.69;0.19;0.40;14.25;4.07;2.92;8.81;2.60;0.00;0.01;0.50;0.60;0.00;57.72;224.60;1344.52;61.69;19.46;12.97;4.10;9.01;2.24;5.91;24.96;10.97;13.81;2.84;
2.86;17.96;11.90;4.47;6.01;4.93;2.89;0.00;0.00;0.00;0.04;0.04;0.04;3.11;7.77;0.84;22.14;17.86;10.61;4.76;0.82;0.72;0.19;0.41;14.39;4.09;2.98;8.86;2.61;0.00;0.01;0.50;0.60;0.00;89.05;1284.81;10401.48;73.62;54.27;15.71;4.83;10.51;5.01;12.52;63.41;21.58;24.88;6.38;
2.88;18.17;12.01;4.52;6.07;4.97;2.92;0.00;0.00;0.00;0.04;0.04;0.04;3.12;7.77;0.84;22.15;17.87;10.63;4.91;0.83;0.75;0.20;0.42;14.30;4.08;2.94;8.83;2.61;0.00;0.01;0.50;0.60;0.00;74.17;615.77;4389.26;68.33;35.21;21.80;6.38;13.68;3.45;8.83;41.11;15.76;18.92;4.38;
2.89;18.22;12.03;4.53;6.09;4.98;2.92;0.00;0.00;0.00;0.04;0.04;0.04;3.12;7.77;0.84;22.15;17.87;10.63;5.01;0.84;0.78;0.20;0.42;14.28;4.07;2.93;8.82;2.61;0.00;0.01;0.50;0.60;0.00;60.51;271.57;1680.07;62.89;21.76;16.43;5.02;10.90;2.52;6.60;28.61;12.12;15.05;3.19;
2.89;18.22;12.03;4.53;6.09;4.98;2.92;0.00;0.00;0.00;0.04;0.04;0.04;3.21;7.82;0.88;22.42;17.98;10.83;5.10;0.85;0.80;0.20;0.42;14.40;4.09;2.98;8.86;2.61;0.00;0.01;0.50;0.60;0.00;64.36;348.04;2247.61;64.49;25.17;14.41;4.49;9.80;3.05;7.88;35.66;14.22;17.30;3.87;
2.90;18.35;12.10;4.56;6.13;5.01;2.94;0.00;0.00;0.00;0.04;0.04;0.04;3.29;7.86;0.91;22.65;18.09;11.01;5.14;0.86;0.81;0.20;0.43;14.66;4.12;3.10;8.96;2.63;0.00;0.01;0.50;0.60;0.00;80.11;839.69;6315.51;70.51;42.26;12.21;3.90;8.58;66.58;140.58;1283.16;191.35;165.96;87.30;
2.91;18.46;12.15;4.58;6.16;5.03;2.95;0.00;0.00;0.00;0.04;0.04;0.04;3.30;7.87;0.92;22.70;18.11;11.05;5.21;0.86;0.82;0.21;0.43;14.35;4.08;2.96;8.85;2.61;0.00;0.01;0.50;0.60;0.00;53.38;164.01;929.84;59.75;16.17;16.31;4.99;10.83;14.88;34.66;224.93;54.09;55.31;19.20;
2.92;18.48;12.16;4.58;6.16;5.03;2.95;0.00;0.00;0.00;0.04;0.04;0.05;3.31;7.87;0.92;22.71;18.11;11.06;5.31;0.87;0.85;0.21;0.43;14.65;4.12;3.09;8.96;2.63;0.00;0.01;0.50;0.60;0.00;69.18;465.44;3160.83;66.42;29.87;15.76;4.84;10.54;5.94;14.68;77.29;24.92;28.19;7.58;
2.92;18.48;12.17;4.59;6.17;5.03;2.95;0.00;0.00;0.00;0.04;0.04;0.04;3.31;7.87;0.92;22.71;18.11;11.06;5.32;0.87;0.85;0.21;0.43;14.47;4.10;3.01;8.89;2.62;0.00;0.01;0.50;0.60;0.00;57.25;217.30;1293.41;61.48;19.08;15.10;4.67;10.18;1.92;5.10;20.77;9.61;12.30;2.42;
2.93;18.57;12.21;4.60;6.19;5.05;2.96;0.00;0.00;0.00;0.04;0.04;0.05;3.31;7.87;0.92;22.71;18.11;11.06;5.41;0.88;0.87;0.21;0.44;14.44;4.09;3.00;8.88;2.62;0.00;0.01;0.50;0.60;0.00;59.42;252.37;1541.58;62.42;20.84;12.68;4.03;8.84;6.84;16.75;91.06;28.07;31.26;8.74;
2.94;18.71;12.28;4.64;6.23;5.08;2.98;0.00;0.00;0.00;0.04;0.04;0.04;3.31;7.87;0.92;22.71;18.11;11.06;5.42;0.88;0.88;0.21;0.44;14.31;4.08;2.94;8.83;2.61;0.00;0.01;0.50;0.60;0.00;104.56;2450.75;22186.99;78.60;79.35;20.88;6.16;13.22;3.69;9.41;44.44;16.68;19.88;4.68;
2.95;18.74;12.30;4.64;6.24;5.08;2.98;0.00;0.00;0.00;0.04;0.04;0.05;3.31;7.87;0.92;22.71;18.11;11.06;5.51;0.89;0.90;0.22;0.44;14.77;4.13;3.14;9.00;2.64;0.00;0.01;0.50;0.60;0.00;73.36;589.28;4168.64;68.03;34.31;12.20;3.90;8.57;23.73;53.60;386.91;80.18;77.88;30.77;
2.95;18.75;12.30;4.64;6.24;5.09;2.98;0.00;0.00;0.00;0.04;0.04;0.05;3.31;7.87;0.92;22.71;18.11;11.06;5.53;0.89;0.90;0.22;0.44;14.62;4.11;3.08;8.95;2.63;0.00;0.01;0.50;0.60;0.00;75.49;661.03;4770.09;68.82;36.71;14.47;4.51;9.84;1.42;3.84;14.60;7.44;9.85;1.78;
2.95;18.75;12.30;4.64;6.24;5.09;2.98;0.00;0.00;0.00;0.04;0.04;0.05;3.34;7.89;0.93;22.80;18.15;11.13;5.53;0.89;0.90;0.22;0.44;14.58;4.11;3.06;8.94;2.63;0.00;0.01;0.50;0.60;0.00;90.54;1373.85;11252.12;74.12;56.45;13.64;4.29;9.38;2.36;6.19;26.41;11.43;14.31;2.98;
2.95;18.75;12.30;4.64;6.24;5.09;2.98;0.00;0.00;0.00;0.04;0.04;0.05;3.34;7.89;0.94;22.82;18.16;11.14;5.55;0.89;0.91;0.22;0.44;14.58;4.11;3.06;8.93;2.63;0.00;0.01;0.50;0.60;0.00;48.90;115.30;615.01;57.66;13.14;19.87;5.90;12.70;5.23;13.04;66.68;22.39;25.68;6.67;
2.95;18.75;12.30;4.64;6.24;5.09;2.98;0.00;0.00;0.00;0.04;0.04;0.05;3.34;7.89;0.94;22.82;18.16;11.15;5.62;0.90;0.92;0.22;0.45;14.70;4.12;3.11;8.98;2.64;0.00;0.01;0.50;0.60;0.00;54.71;181.04;1044.07;60.36;17.14;15.46;4.77;10.38;6.17;15.21;80.77;25.73;28.98;7.88;
2.95;18.79;12.33;4.65;6.26;5.09;2.99;0.00;0.00;0.00;0.04;0.04;0.05;3.38;7.91;0.95;22.91;18.20;11.22;5.63;0.90;0.93;0.22;0.45;14.36;4.08;2.96;8.85;2.61;0.00;0.01;0.50;0.60;0.00;76.31;690.34;5019.16;69.13;37.66;12.50;3.98;8.74;5.97;14.75;77.73;25.02;28.29;7.62;
2.97;18.93;12.40;4.68;6.30;5.12;3.00;0.00;0.00;0.00;0.04;0.04;0.05;3.41;7.93;0.97;23.02;18.25;11.31;5.63;0.90;0.93;0.22;0.45;14.41;4.09;2.99;8.87;2.62;0.00;0.01;0.50;0.60;0.00;39.61;49.40;227.56;52.91;7.98;13.10;4.14;9.08;9.12;21.93;127.34;35.80;38.62;11.70;
2.98;19.00;12.43;4.70;6.32;5.13;3.01;0.00;0.00;0.00;0.05;0.05;0.05;3.49;7.96;1.00;23.23;18.34;11.47;5.63;0.90;0.93;0.22;0.45;14.54;4.10;3.04;8.92;2.63;0.00;0.01;0.50;0.60;0.00;87.21;1181.67;9429.03;73.00;51.66;14.60;4.54;9.91;6.08;15.02;79.52;25.44;28.70;7.77;
2.98;19.01;12.44;4.70;6.32;5.14;3.01;0.00;0.00;0.00;0.05;0.05;0.05;3.50;7.97;1.00;23.27;18.36;11.50;5.63;0.90;0.93;0.22;0.45;14.57;4.11;3.06;8.93;2.63;0.00;0.01;0.50;0.60;0.00;67.59;423.81;2831.82;65.79;28.27;12.81;4.06;8.92;7.24;17.68;97.40;29.47;32.62;9.27;
2.98;19.02;12.44;4.70;6.32;5.14;3.01;0.00;0.00;0.00;0.05;0.05;0.05;3.50;7.97;1.00;23.28;18.36;11.51;5.65;0.90;0.93;0.22;0.45;14.58;4.11;3.06;8.93;2.63;0.00;0.01;0.50;0.60;0.00;107.36;2725.66;25134.06;79.45;84.47;14.21;4.44;9.69;6.64;16.29;88.01;27.38;30.59;8.49;
2.98;19.02;12.44;4.70;6.32;5.14;3.01;0.00;0.00;0.00;0.05;0.05;0.05;3.51;7.97;1.00;23.28;18.36;11.51;5.65;0.90;0.93;0.22;0.45;14.82;4.14;3.17;9.03;2.64;0.00;0.01;0.50;0.60;0.00;103.37;2341.32;21029.47;78.24;77.24;16.05;4.92;10.70;27.65;61.82;461.97;91.18;87.10;35.90;
2.98;19.02;12.44;4.70;6.32;5.14;3.01;0.00;0.00;0.00;0.05;0.05;0.05;3.51;7.97;1.00;23.28;18.36;11.51;5.72;0.91;0.95;0.23;0.45;14.75;4.13;3.14;9.00;2.64;0.00;0.01;0.50;0.60;0.00;65.40;371.31;2424.87;64.92;26.15;15.02;4.65;10.14;158.29;315.86;3511.28;397.21;313.23;209.53;
2.98;19.02;12.44;4.70;6.32;5.14;3.01;0.00;0.00;0.00;0.05;0.05;0.05;3.51;7.97;1.00;23.28;18.36;11.51;5.73;0.91;0.96;0.23;0.45;14.61;4.11;3.07;8.95;2.63;0.00;0.01;0.50;0.60;0.00;37.82;41.02;182.96;51.92;7.16;24.07;6.95;14.82;83.03;172.81;1658.65;230.52;195.14;109.13;
2.98;19.02;12.44;4.70;6.32;5.14;3.01;0.00;0.00;0.00;0.05;0.05;0.05;3.51;7.97;1.00;23.28;18.36;11.51;5.74;0.91;0.96;0.23;0.45;14.71;4.12;3.12;8.98;2.64;0.00;0.01;0.50;0.60;0.00;68.50;447.25;3016.40;66.15;29.17;27.60;7.80;16.54;18.15;41.71;283.21;63.93;63.96;23.46;
2.98;19.02;12.44;4.70;6.32;5.14;3.01;0.00;0.00;0.00;0.05;0.05;0.05;3.51;7.97;1.00;23.28;18.36;11.51;5.74;0.91;0.96;0.23;0.45;14.73;4.13;3.13;8.99;2.64;0.00;0.01;0.50;0.60;0.00;49.27;118.77;636.79;57.83;13.38;17.94;5.41;11.70;7.74;18.81;105.21;31.17;34.24;9.91;
2.98;19.02;12.44;4.70;6.32;5.14;3.01;0.00;0.00;0.00;0.05;0.05;0.05;3.51;7.97;1.00;23.28;18.36;11.51;5.74;0.91;0.96;0.23;0.45;14.36;4.08;2.96;8.85;2.61;0.00;0.01;0.50;0.60;0.00;64.58;352.93;2284.68;64.58;25.38;15.11;4.67;10.19;11.63;27.53;168.91;43.94;46.16;14.96;
2.99;19.10;12.49;4.72;6.35;5.15;3.02;0.00;0.00;0.00;0.05;0.05;0.05;3.51;7.97;1.00;23.28;18.36;11.51;5.74;0.91;0.96;0.23;0.45;14.90;4.15;3.21;9.06;2.65;0.00;0.01;0.50;0.60;0.00;113.24;3378.85;32337.63;81.20;95.84;15.78;4.85;10.55;2.18;5.76;24.14;10.71;13.52;2.76;
2.99;19.16;12.52;4.74;6.37;5.17;3.03;0.00;0.00;0.00;0.05;0.05;0.05;3.51;7.97;1.00;23.28;18.36;11.51;5.74;0.91;0.96;0.23;0.45;14.89;4.14;3.20;9.05;2.65;0.00;0.01;0.50;0.60;0.00;92.40;1490.89;12384.69;74.74;59.23;16.58;5.06;10.98;19.04;43.63;299.49;66.58;66.26;24.63;
2.99;19.13;12.50;4.73;6.36;5.16;3.03;0.00;0.00;0.00;0.05;0.05;0.05;3.51;7.97;1.00;23.28;18.36;11.51;5.76;0.91;0.96;0.23;0.45;14.89;4.14;3.20;9.05;2.65;0.00;0.01;0.50;0.60;0.00;87.26;1183.92;9450.03;73.01;51.72;17.07;5.18;11.23;27.97;62.49;468.19;92.07;87.84;36.32;
2.99;19.17;12.52;4.74;6.37;5.17;3.03;0.00;0.00;0.00;0.05;0.05;0.05;3.51;7.97;1.00;23.28;18.36;11.51;5.74;0.91;0.96;0.23;0.45;14.52;4.10;3.03;8.91;2.62;0.00;0.01;0.50;0.60;0.00;79.01;794.04;5914.68;70.12;40.89;20.07;5.95;12.80;7.95;19.28;108.49;31.87;34.91;10.18;
3.01;19.26;12.57;4.76;6.40;5.19;3.04;0.00;0.00;0.00;0.05;0.05;0.05;3.51;7.97;1.00;23.28;18.36;11.51;5.74;0.91;0.96;0.23;0.45;14.32;4.08;2.95;8.84;2.61;0.00;0.01;0.50;0.60;0.00;68.26;440.91;2966.33;66.06;28.93;17.68;5.34;11.56;2.15;5.68;23.73;10.58;13.38;2.71;
3.01;19.28;12.58;4.76;6.40;5.19;3.04;0.00;0.00;0.00;0.05;0.05;0.05;3.51;7.97;1.00;23.28;18.36;11.51;5.79;0.91;0.97;0.23;0.45;14.41;4.09;2.98;8.87;2.62;0.00;0.01;0.50;0.60;0.00;47.95;106.52;560.45;57.20;12.55;13.81;4.33;9.47;0.90;2.52;8.62;5.07;7.06;1.13;
3.01;19.29;12.58;4.76;6.40;5.19;3.04;0.00;0.00;0.00;0.05;0.05;0.05;3.51;7.97;1.00;23.28;18.36;11.51;5.83;0.92;0.98;0.23;0.46;14.54;4.10;3.04;8.92;2.62;0.00;0.01;0.50;0.60;0.00;46.49;94.10;484.58;56.48;11.66;15.62;4.81;10.46;29.66;66.02;501.33;96.76;91.71;38.55;
3.01;19.29;12.58;4.76;6.40;5.19;3.04;0.00;0.00;0.00;0.05;0.05;0.05;3.51;7.97;1.00;23.28;18.36;11.51;5.84;0.92;0.98;0.23;0.46;14.45;4.09;3.00;8.88;2.62;0.00;0.01;0.50;0.60;0.00;64.76;356.90;2314.87;64.66;25.55;18.45;5.54;11.97;1.11;3.05;10.96;6.04;8.22;1.39;
3.01;19.29;12.58;4.76;6.40;5.19;3.04;0.00;0.00;0.00;0.05;0.05;0.05;3.51;7.97;1.00;23.28;18.36;11.51;5.84;0.92;0.98;0.23;0.46;14.43;4.09;2.99;8.88;2.62;0.00;0.01;0.50;0.60;0.00;84.43;1036.94;8089.13;72.04;47.84;17.12;5.20;11.27;3.77;9.60;45.57;16.98;20.19;4.79;
3.01;19.29;12.58;4.76;6.40;5.19;3.04;0.00;0.00;0.00;0.05;0.05;0.05;3.51;7.97;1.00;23.28;18.36;11.51;5.84;0.92;0.98;0.23;0.46;14.43;4.09;2.99;8.88;2.62;0.00;0.01;0.50;0.60;0.00;109.43;2943.40;27505.36;80.07;88.37;12.35;3.94;8.66;22.15;50.24;356.99;75.63;74.03;28.69;
3.01;19.29;12.58;4.76;6.40;5.19;3.04;0.00;0.00;0.00;0.05;0.05;0.05;3.51;7.97;1.00;23.28;18.36;11.51;5.85;0.92;0.98;0.23;0.46;14.67;4.12;3.10;8.97;2.63;0.00;0.01;0.50;0.60;0.00;81.10;882.25;6692.64;70.87;43.51;18.92;5.66;12.21;77.38;161.79;1528.25;217.22;185.31;101.63;
3.01;19.29;12.58;4.76;6.40;5.19;3.04;0.00;0.00;0.00;0.05;0.05;0.05;3.51;7.97;1.00;23.28;18.36;11.51;5.85;0.92;0.98;0.23;0.46;14.60;4.11;3.07;8.94;2.63;0.00;0.01;0.50;0.60;0.00;122.95;4703.27;47664.79;83.97;116.43;21.95;6.42;13.76;7.88;19.13;107.47;31.65;34.70;10.10;
3.01;19.29;12.58;4.76;6.40;5.19;3.04;0.00;0.00;0.00;0.05;0.05;0.06;3.54;7.99;1.02;23.37;18.40;11.58;5.85;0.92;0.98;0.23;0.46;14.58;4.11;3.06;8.93;2.63;0.00;0.01;0.50;0.60;0.00;58.41;235.61;1422.19;61.99;20.01;20.76;6.12;13.15;2.17;5.73;24.00;10.67;13.48;2.74;
3.01;19.29;12.58;4.76;6.40;5.19;3.04;0.00;0.00;0.00;0.05;0.05;0.05;3.54;7.99;1.02;23.39;18.41;11.60;5.85;0.92;0.98;0.23;0.46;14.46;4.09;3.00;8.89;2.62;0.00;0.01;0.50;0.60;0.00;48.31;109.77;580.57;57.37;12.77;18.58;5.57;12.03;2.98;7.72;34.74;13.95;17.02;3.78;
3.01;19.29;12.58;4.76;6.40;5.19;3.04;0.00;0.00;0.00;0.05;0.05;0.05;3.55;7.99;1.02;23.40;18.41;11.60;5.85;0.92;0.98;0.23;0.46;14.55;4.11;3.05;8.92;2.63;0.00;0.01;0.50;0.60;0.00;103.53;2355.86;21182.63;78.29;77.53;13.55;4.26;9.33;1.10;3.04;10.90;6.02;8.19;1.38;
3.01;19.29;12.58;4.76;6.40;5.19;3.04;0.00;0.00;0.00;0.05;0.05;0.06;3.55;7.99;1.02;23.40;18.41;11.60;5.85;0.92;0.98;0.23;0.46;14.57;4.11;3.06;8.93;2.63;0.00;0.01;0.50;0.60;0.00;111.03;3120.48;29456.48;80.55;91.46;18.12;5.46;11.79;8.00;19.40;109.33;32.05;35.08;10.25;
3.01;19.33;12.60;4.77;6.42;5.20;3.05;0.00;0.00;0.00;0.05;0.05;0.05;3.61;8.02;1.05;23.58;18.49;11.75;5.85;0.92;0.98;0.23;0.46;14.70;4.12;3.11;8.98;2.64;0.00;0.01;0.50;0.60;0.00;44.65;79.94;400.20;55.56;10.60;16.15;4.95;10.75;7.19;17.56;96.61;29.30;32.45;9.20;
3.01;19.34;12.61;4.78;6.42;5.20;3.05;0.00;0.00;0.00;0.05;0.05;0.05;3.59;8.01;1.04;23.53;18.46;11.70;5.85;0.92;0.98;0.23;0.46;14.60;4.11;3.07;8.94;2.63;0.00;0.01;0.50;0.60;0.00;65.27;368.29;2401.75;64.86;26.02;19.72;5.86;12.62;5.60;13.90;72.22;23.72;27.00;7.15;
3.01;19.30;12.59;4.77;6.41;5.19;3.05;0.00;0.00;0.00;0.05;0.05;0.06;3.56;7.99;1.03;23.42;18.42;11.62;5.86;0.92;0.99;0.23;0.46;14.83;4.14;3.17;9.03;2.65;0.00;0.01;0.50;0.60;0.00;46.42;93.49;480.91;56.44;11.62;12.18;3.89;8.57;4.42;11.14;54.83;19.42;22.70;5.62;
3.01;19.33;12.60;4.78;6.42;5.20;3.05;0.00;0.00;0.00;0.05;0.05;0.06;3.62;8.02;1.05;23.59;18.49;11.75;5.85;0.92;0.99;0.23;0.46;14.63;4.11;3.08;8.95;2.63;0.00;0.01;0.50;0.60;0.00;56.05;199.56;1170.42;60.95;18.15;18.07;5.44;11.76;1.00;2.77;9.72;5.54;7.62;1.25;
3.02;19.43;12.65;4.80;6.45;5.22;3.06;0.00;0.00;0.00;0.05;0.05;0.06;3.63;8.03;1.06;23.62;18.51;11.78;5.85;0.92;0.98;0.23;0.46;14.47;4.10;3.01;8.89;2.62;0.00;0.01;0.50;0.60;0.00;58.67;239.83;1452.13;62.10;20.22;14.29;4.46;9.74;3.96;10.05;48.26;17.71;20.94;5.03;
3.03;19.45;12.66;4.80;6.45;5.22;3.06;0.00;0.00;0.00;0.05;0.05;0.06;3.60;8.01;1.04;23.53;18.47;11.71;5.85;0.92;0.98;0.23;0.46;14.80;4.13;3.16;9.02;2.64;0.00;0.01;0.50;0.60;0.00;69.27;467.74;3179.13;66.45;29.95;12.83;4.07;8.93;3.04;7.86;35.55;14.18;17.27;3.86;
3.01;19.32;12.60;4.77;6.41;5.20;3.05;0.00;0.00;0.00;0.05;0.05;0.06;3.62;8.03;1.05;23.61;18.50;11.77;5.85;0.92;0.98;0.23;0.46;14.74;4.13;3.13;9.00;2.64;0.00;0.01;0.50;0.60;0.00;60.08;263.87;1624.28;62.71;21.39;18.64;5.59;12.06;11.05;26.24;159.15;42.08;44.46;14.21;
3.01;19.34;12.61;4.78;6.42;5.20;3.05;0.00;0.00;0.00;0.05;0.05;0.06;3.60;8.01;1.04;23.53;18.47;11.71;5.90;0.92;1.00;0.23;0.46;14.61;4.11;3.07;8.95;2.63;0.00;0.01;0.50;0.60;0.00;101.05;2136.76;18890.71;77.52;73.20;19.01;5.68;12.25;12.44;29.30;182.57;46.49;48.49;16.01;
3.02;19.39;12.63;4.79;6.43;5.21;3.06;0.00;0.00;0.00;0.05;0.05;0.06;3.66;8.04;1.07;23.70;18.54;11.85;5.86;0.92;0.99;0.23;0.46;14.46;4.09;3.01;8.89;2.62;0.00;0.01;0.50;0.60;0.00;85.10;1070.75;8399.43;72.27;48.75;11.54;3.72;8.20;5.40;13.43;69.23;23.01;26.29;6.89;
3.02;19.40;12.64;4.79;6.44;5.21;3.06;0.00;0.00;0.00;0.05;0.05;0.06;3.57;8.00;1.03;23.46;18.44;11.65;5.85;0.92;0.98;0.23;0.46;14.68;4.12;3.10;8.97;2.63;0.00;0.01;0.50;0.60;0.00;148.20;9971.88;115096.69;90.62;181.14;15.28;4.72;10.28;1.90;5.06;20.58;9.54;12.23;2.40;
3.01;19.31;12.59;4.77;6.41;5.19;3.05;0.00;0.00;0.00;0.05;0.05;0.06;3.52;7.98;1.01;23.32;18.37;11.54;5.76;0.91;0.96;0.23;0.45;14.35;4.08;2.96;8.85;2.61;0.00;0.00;0.50;0.60;0.00;94.20;1610.78;13561.00;75.33;61.99;17.27;5.24;11.34;3.58;9.16;43.00;16.28;19.47;4.55;
3.01;19.29;12.58;4.77;6.41;5.19;3.04;0.00;0.00;0.00;0.05;0.05;0.05;3.51;7.97;1.00;23.29;18.36;11.51;5.66;0.90;0.94;0.22;0.45;14.41;4.09;2.99;8.87;2.62;0.00;0.00;0.50;0.60;0.00;60.87;278.21;1728.34;63.04;22.07;18.44;5.54;11.96;9.63;23.07;135.60;37.47;40.19;12.36;
3.01;19.29;12.58;4.76;6.40;5.19;3.04;0.00;0.00;0.00;0.05;0.05;0.05;3.51;7.97;1.00;23.28;18.36;11.51;5.62;0.90;0.93;0.22;0.45;14.18;4.06;2.89;8.78;2.60;0.00;0.00;0.50;0.60;0.00;55.21;187.86;1090.39;60.58;17.52;17.98;5.42;11.72;2.52;6.58;28.49;12.08;15.02;3.18;
3.01;19.29;12.58;4.76;6.40;5.19;3.04;0.00;0.00;0.00;0.05;0.05;0.05;3.51;7.97;1.00;23.28;18.36;11.51;5.55;0.89;0.91;0.22;0.44;14.38;4.08;2.97;8.86;2.61;0.00;0.00;0.50;0.60;0.00;47.02;98.45;510.96;56.74;11.98;15.08;4.67;10.17;8.24;19.95;113.20;32.87;35.86;10.56;
3.01;19.29;12.58;4.76;6.40;5.19;3.04;0.00;0.00;0.00;0.05;0.05;0.05;3.51;7.97;1.00;23.28;18.36;11.51;5.45;0.88;0.88;0.22;0.44;14.42;4.09;2.99;8.87;2.62;0.00;0.00;0.50;0.60;0.00;58.43;235.94;1424.53;62.00;20.03;12.74;4.04;8.88;115.84;235.90;2442.56;305.26;249.12;152.81;
3.01;19.29;12.58;4.76;6.40;5.19;3.04;0.00;0.00;0.00;0.05;0.05;0.05;3.51;7.97;1.00;23.28;18.36;11.51;5.43;0.88;0.88;0.22;0.44;14.30;4.08;2.94;8.83;2.61;0.00;0.00;0.50;0.60;0.00;59.48;253.47;1549.44;62.45;20.89;12.44;3.96;8.71;5.39;13.42;69.15;22.99;26.27;6.88;
3.00;19.24;12.56;4.76;6.39;5.18;3.04;0.00;0.00;0.00;0.05;0.05;0.05;3.51;7.97;1.00;23.28;18.36;11.51;5.35;0.88;0.86;0.21;0.43;14.16;4.06;2.88;8.77;2.60;0.00;0.00;0.50;0.59;0.00;77.27;726.28;5327.04;69.48;38.80;11.28;3.65;8.05;3.43;8.79;40.83;15.68;18.84;4.35;
2.99;19.15;12.51;4.73;6.36;5.16;3.03;0.00;0.00;0.00;0.05;0.05;0.05;3.51;7.97;1.00;23.28;18.36;11.51;5.33;0.87;0.85;0.21;0.43;14.01;4.04;2.81;8.72;2.59;0.00;0.00;0.50;0.59;0.00;71.16;521.32;3610.44;67.19;31.93;15.66;4.82;10.48;0.69;1.97;6.35;4.07;5.83;0.86;
2.99;19.13;12.50;4.73;6.36;5.16;3.03;0.00;0.00;0.00;0.05;0.05;0.05;3.44;7.94;0.98;23.10;18.28;11.36;5.25;0.87;0.83;0.21;0.43;14.46;4.09;3.01;8.89;2.62;0.00;0.00;0.50;0.59;0.00;46.02;90.29;461.63;56.25;11.38;13.96;4.37;9.56;4.32;10.90;53.37;19.05;22.31;5.49;
2.98;19.04;12.45;4.71;6.33;5.14;3.02;0.00;0.00;0.00;0.05;0.05;0.05;3.46;7.95;0.98;23.15;18.30;11.41;5.24;0.86;0.83;0.21;0.43;14.31;4.08;2.94;8.83;2.61;0.00;0.00;0.50;0.59;0.00;56.70;209.07;1236.18;61.24;18.65;16.25;4.97;10.80;4.35;10.97;53.82;19.16;22.43;5.53;
2.98;19.02;12.44;4.71;6.32;5.14;3.01;0.00;0.00;0.00;0.05;0.05;0.05;3.37;7.90;0.95;22.89;18.19;11.20;5.15;0.86;0.81;0.21;0.43;14.04;4.05;2.83;8.73;2.59;0.00;0.00;0.50;0.59;0.00;60.13;264.72;1630.42;62.73;21.43;14.29;4.46;9.74;2.28;5.99;25.37;11.11;13.96;2.88;
2.98;19.02;12.44;4.70;6.32;5.14;3.01;0.00;0.00;0.00;0.05;0.05;0.05;3.35;7.89;0.94;22.84;18.17;11.16;5.14;0.86;0.81;0.20;0.43;14.35;4.08;2.96;8.85;2.61;0.00;0.00;0.50;0.59;0.00;54.02;172.05;983.51;60.05;16.63;17.13;5.20;11.27;4.24;10.72;52.32;18.77;22.03;5.40;
2.98;19.02;12.44;4.70;6.32;5.14;3.01;0.00;0.00;0.00;0.04;0.05;0.05;3.31;7.88;0.92;22.74;18.12;11.08;5.14;0.86;0.81;0.20;0.43;14.29;4.07;2.93;8.82;2.61;0.00;0.00;0.50;0.59;0.00;45.45;85.89;435.36;55.96;11.05;22.59;6.58;14.08;4.31;10.89;53.31;19.03;22.30;5.49;
2.98;19.02;12.44;4.70;6.32;5.14;3.01;0.00;0.00;0.00;0.04;0.05;0.05;3.34;7.89;0.93;22.81;18.15;11.13;5.06;0.85;0.79;0.20;0.42;14.40;4.09;2.98;8.86;2.61;0.00;0.00;0.50;0.59;0.00;61.31;286.29;1787.38;63.23;22.44;15.29;4.72;10.28;28.06;62.68;469.99;92.33;88.05;36.44;
2.98;19.02;12.44;4.70;6.32;5.14;3.01;0.00;0.00;0.00;0.05;0.05;0.05;3.31;7.87;0.92;22.73;18.12;11.07;5.04;0.85;0.78;0.20;0.42;14.18;4.06;2.88;8.78;2.60;0.00;0.00;0.50;0.59;0.00;106.78;2666.98;24500.47;79.28;83.39;13.10;4.14;9.08;14.88;34.64;224.80;54.07;55.29;19.19;
2.98;19.02;12.44;4.70;6.32;5.14;3.01;0.00;0.00;0.00;0.05;0.05;0.05;3.31;7.87;0.92;22.71;18.11;11.06;5.04;0.85;0.78;0.20;0.42;14.37;4.08;2.97;8.86;2.61;0.00;0.00;0.50;0.59;0.00;101.08;2138.86;18912.51;77.52;73.24;14.85;4.61;10.05;1.50;4.06;15.62;7.81;10.27;1.89;
2.97;18.93;12.40;4.68;6.30;5.12;3.00;0.00;0.00;0.00;0.05;0.05;0.05;3.31;7.87;0.92;22.71;18.11;11.06;4.98;0.84;0.77;0.20;0.42;14.29;4.07;2.93;8.83;2.61;0.00;0.00;0.50;0.59;0.00;61.05;281.43;1751.85;63.12;22.22;16.80;5.11;11.09;1.65;4.45;17.50;8.48;11.04;2.08;
2.96;18.87;12.37;4.67;6.28;5.11;3.00;0.00;0.00;0.00;0.05;0.05;0.05;3.31;7.87;0.92;22.71;18.11;11.06;4.95;0.84;0.76;0.20;0.42;14.28;4.07;2.93;8.82;2.61;0.00;0.00;0.50;0.59;0.00;68.21;439.60;2955.95;66.04;28.88;17.32;5.25;11.37;22.52;51.03;363.94;76.69;74.93;29.17;
2.96;18.86;12.36;4.67;6.28;5.11;2.99;0.00;0.00;0.00;0.04;0.05;0.05;3.31;7.87;0.92;22.71;18.11;11.06;4.95;0.84;0.76;0.20;0.42;14.52;4.10;3.03;8.91;2.62;0.00;0.00;0.50;0.59;0.00;40.04;51.61;239.51;53.14;8.19;16.90;5.14;11.15;20.61;46.98;328.34;71.18;70.22;26.68;
2.95;18.77;12.31;4.65;6.25;5.09;2.98;0.00;0.00;0.00;0.04;0.05;0.05;3.31;7.87;0.92;22.71;18.11;11.06;4.95;0.84;0.76;0.20;0.42;14.20;4.06;2.89;8.79;2.60;0.00;0.00;0.50;0.59;0.00;71.93;544.28;3797.73;67.48;32.75;16.72;5.09;11.05;10.52;25.06;150.27;40.37;42.88;13.52;
2.95;18.75;12.31;4.65;6.25;5.09;2.98;0.00;0.00;0.00;0.05;0.05;0.05;3.31;7.87;0.92;22.71;18.11;11.06;4.95;0.84;0.76;0.20;0.42;14.14;4.06;2.87;8.77;2.60;0.00;0.00;0.50;0.59;0.00;61.13;283.01;1763.36;63.15;22.29;16.15;4.95;10.75;6.39;15.72;84.14;26.50;29.74;8.16;
2.95;18.75;12.30;4.64;6.24;5.09;2.98;0.00;0.00;0.00;0.04;0.05;0.05;3.31;7.87;0.92;22.71;18.11;11.06;4.95;0.84;0.76;0.20;0.42;14.13;4.06;2.86;8.76;2.60;0.00;0.00;0.50;0.59;0.00;79.86;829.17;6222.73;70.42;41.95;15.64;4.82;10.48;4.92;12.31;62.08;21.26;24.55;6.27;
2.95;18.75;12.30;4.64;6.24;5.09;2.98;0.00;0.00;0.00;0.04;0.04;0.05;3.31;7.87;0.92;22.71;18.11;11.06;4.90;0.83;0.75;0.20;0.41;14.24;4.07;2.91;8.81;2.60;0.00;0.00;0.50;0.59;0.00;117.42;3909.19;38369.36;82.41;104.43;13.87;4.35;9.51;1.20;3.30;12.09;6.48;8.74;1.51;
2.95;18.75;12.30;4.64;6.24;5.09;2.98;0.00;0.00;0.00;0.04;0.04;0.05;3.31;7.87;0.92;22.71;18.11;11.06;4.87;0.83;0.74;0.19;0.41;14.15;4.06;2.87;8.77;2.60;0.00;0.00;0.50;0.59;0.00;84.00;1015.98;7897.65;71.89;47.27;11.59;3.73;8.23;9.47;22.72;133.04;36.95;39.71;12.16;
2.95;18.75;12.30;4.64;6.24;5.09;2.98;0.00;0.00;0.00;0.04;0.04;0.05;3.31;7.87;0.92;22.71;18.11;11.06;4.86;0.83;0.74;0.19;0.41;14.37;4.08;2.97;8.85;2.61;0.00;0.00;0.50;0.59;0.00;81.85;915.27;6987.35;71.13;44.46;15.63;4.81;10.47;9.24;22.20;129.25;36.19;38.99;11.86;
2.95;18.75;12.30;4.64;6.24;5.09;2.98;0.00;0.00;0.00;0.04;0.04;0.05;3.31;7.87;0.92;22.71;18.11;11.06;4.86;0.83;0.74;0.19;0.41;14.17;4.06;2.88;8.78;2.60;0.00;0.00;0.50;0.59;0.00;55.30;189.12;1098.92;60.62;17.58;17.57;5.32;11.50;13.52;31.67;201.11;49.87;51.54;17.42;
2.95;18.75;12.30;4.64;6.24;5.09;2.98;0.00;0.00;0.00;0.04;0.04;0.05;3.31;7.87;0.92;22.71;18.11;11.06;4.86;0.83;0.74;0.19;0.41;14.37;4.08;2.97;8.86;2.61;0.00;0.00;0.50;0.59;0.00;53.47;165.14;937.32;59.80;16.24;18.26;5.49;11.86;10.02;23.94;141.97;38.74;41.37;12.87;
2.95;18.75;12.30;4.64;6.24;5.09;2.98;0.00;0.00;0.00;0.04;0.04;0.05;3.31;7.87;0.92;22.71;18.11;11.06;4.86;0.83;0.74;0.19;0.41;14.29;4.08;2.93;8.83;2.61;0.00;0.00;0.50;0.59;0.00;72.78;570.81;4015.77;67.81;33.68;17.82;5.38;11.63;1.65;4.43;17.40;8.45;11.00;2.07;
2.95;18.75;12.30;4.64;6.24;5.09;2.98;0.00;0.00;0.00;0.04;0.04;0.05;3.31;7.87;0.92;22.71;18.11;11.06;4.84;0.83;0.73;0.19;0.41;14.16;4.06;2.88;8.77;2.60;0.00;0.00;0.50;0.59;0.00;89.78;1328.00;10812.85;73.87;55.34;20.03;5.94;12.78;6.00;14.83;78.30;25.16;28.42;7.67;
2.94;18.71;12.28;4.64;6.23;5.08;2.98;0.00;0.00;0.00;0.04;0.04;0.05;3.31;7.87;0.92;22.71;18.11;11.06;4.81;0.82;0.73;0.19;0.41;14.37;4.08;2.97;8.85;2.61;0.00;0.00;0.50;0.59;0.00;84.16;1023.70;7968.10;71.94;47.48;14.44;4.50;9.82;22.32;50.61;360.21;76.12;74.45;28.91;
2.94;18.70;12.28;4.63;6.23;5.08;2.98;0.00;0.00;0.00;0.04;0.04;0.05;3.28;7.86;0.91;22.62;18.07;10.99;4.78;0.82;0.72;0.19;0.41;14.41;4.09;2.99;8.87;2.62;0.00;0.00;0.50;0.59;0.00;76.56;699.47;5097.15;69.22;37.95;13.36;4.21;9.22;3.99;10.13;48.74;17.83;21.07;5.08;
2.93;18.61;12.23;4.61;6.20;5.06;2.97;0.00;0.00;0.00;0.04;0.04;0.05;3.27;7.85;0.91;22.60;18.07;10.98;4.78;0.82;0.72;0.19;0.41;14.18;4.06;2.89;8.78;2.60;0.00;0.00;0.50;0.59;0.00;93.33;1551.78;12980.08;75.04;60.65;13.07;4.13;9.06;3.92;9.95;47.68;17.55;20.78;4.98;
2.93;18.59;12.22;4.61;6.20;5.06;2.96;0.00;0.00;0.00;0.04;0.04;0.05;3.27;7.85;0.90;22.60;18.06;10.97;4.77;0.82;0.72;0.19;0.41;14.26;4.07;2.92;8.81;2.60;0.00;0.00;0.50;0.59;0.00;82.20;931.39;7131.93;71.26;44.92;16.11;4.94;10.73;15.13;35.20;229.31;54.85;55.99;19.52;
2.92;18.51;12.18;4.59;6.17;5.04;2.95;0.00;0.00;0.00;0.04;0.04;0.05;3.18;7.81;0.87;22.33;17.95;10.76;4.77;0.82;0.72;0.19;0.41;14.15;4.06;2.87;8.77;2.60;0.00;0.00;0.50;0.59;0.00;63.06;320.60;2041.18;63.96;23.99;15.28;4.72;10.28;17.06;39.36;263.53;60.68;61.12;22.03;
2.92;18.49;12.17;4.59;6.17;5.04;2.95;0.00;0.00;0.00;0.04;0.04;0.05;3.13;7.78;0.85;22.19;17.88;10.65;4.77;0.82;0.72;0.19;0.41;14.13;4.06;2.86;8.76;2.60;0.00;0.00;0.50;0.59;0.00;63.35;326.50;2085.28;64.07;24.24;15.30;4.72;10.29;8.87;21.36;123.22;34.95;37.83;11.37;
2.92;18.49;12.17;4.59;6.17;5.04;2.95;0.00;0.00;0.00;0.04;0.04;0.05;3.21;7.82;0.88;22.43;17.99;10.84;4.77;0.82;0.72;0.19;0.41;14.24;4.07;2.91;8.81;2.60;0.00;0.00;0.50;0.59;0.00;63.74;334.69;2146.81;64.24;24.60;12.62;4.01;8.81;11.51;27.25;166.84;43.55;45.81;14.80;
2.92;18.49;12.17;4.59;6.17;5.04;2.95;0.00;0.00;0.00;0.04;0.04;0.05;3.26;7.85;0.90;22.56;18.05;10.95;4.77;0.82;0.72;0.19;0.41;14.27;4.07;2.92;8.82;2.61;0.00;0.00;0.50;0.59;0.00;85.79;1105.68;8721.67;72.51;49.68;12.55;3.99;8.77;2.14;5.66;23.66;10.56;13.35;2.71;
2.92;18.49;12.17;4.59;6.17;5.04;2.95;0.00;0.00;0.00;0.04;0.04;0.04;3.15;7.79;0.85;22.24;17.90;10.69;4.77;0.82;0.72;0.19;0.41;14.27;4.07;2.93;8.82;2.61;0.00;0.00;0.50;0.59;0.00;110.83;3098.77;29216.19;80.49;91.09;13.29;4.19;9.19;9.51;22.80;133.61;37.07;39.81;12.20;
2.92;18.49;12.17;4.59;6.17;5.04;2.95;0.00;0.00;0.00;0.04;0.04;0.05;3.12;7.78;0.85;22.17;17.88;10.64;4.75;0.82;0.71;0.19;0.41;14.03;4.04;2.82;8.73;2.59;0.00;0.00;0.50;0.59;0.00;62.53;309.97;1962.03;63.74;23.52;20.06;5.95;12.80;3.84;9.76;46.53;17.24;20.46;4.88;
2.92;18.49;12.17;4.59;6.17;5.04;2.95;0.00;0.00;0.00;0.04;0.04;0.04;3.12;7.78;0.84;22.16;17.87;10.63;4.72;0.82;0.71;0.19;0.41;14.11;4.05;2.85;8.75;2.59;0.00;0.00;0.50;0.59;0.00;68.27;441.20;2968.63;66.06;28.94;17.16;5.21;11.28;8.43;20.37;116.17;33.49;36.45;10.81;
2.92;18.49;12.17;4.59;6.17;5.04;2.95;0.00;0.00;0.00;0.04;0.04;0.04;3.12;7.78;0.84;22.15;17.87;10.63;4.72;0.82;0.71;0.19;0.41;14.24;4.07;2.91;8.80;2.60;0.00;0.00;0.50;0.59;0.00;74.49;626.56;4479.61;68.45;35.57;14.05;4.39;9.61;1.64;4.42;17.37;8.44;10.99;2.07;
2.92;18.49;12.17;4.59;6.17;5.04;2.95;0.00;0.00;0.00;0.04;0.04;0.04;3.15;7.79;0.86;22.24;17.91;10.70;4.69;0.81;0.70;0.19;0.40;14.27;4.07;2.92;8.82;2.61;0.00;0.00;0.50;0.59;0.00;51.56;142.64;789.37;58.91;14.90;18.15;5.46;11.81;1.82;4.85;19.52;9.18;11.83;2.29;
2.92;18.49;12.17;4.59;6.17;5.04;2.95;0.00;0.00;0.00;0.04;0.04;0.05;3.12;7.78;0.85;22.17;17.88;10.64;4.68;0.81;0.70;0.19;0.40;14.27;4.07;2.93;8.82;2.61;0.00;0.00;0.50;0.59;0.00;63.30;325.46;2077.51;64.05;24.20;18.07;5.44;11.76;6.12;15.11;80.10;25.57;28.83;7.82;
2.92;18.49;12.17;4.59;6.17;5.04;2.95;0.00;0.00;0.00;0.04;0.04;0.04;3.12;7.78;0.84;22.16;17.87;10.63;4.68;0.81;0.70;0.19;0.40;14.27;4.07;2.93;8.82;2.61;0.00;0.00;0.50;0.59;0.00;66.05;386.28;2539.97;65.18;26.77;19.26;5.75;12.38;1.74;4.67;18.61;8.87;11.48;2.20;
2.92;18.49;12.17;4.59;6.17;5.04;2.95;0.00;0.00;0.00;0.04;0.04;0.04;3.12;7.78;0.84;22.15;17.87;10.63;4.68;0.81;0.70;0.19;0.40;14.40;4.09;2.98;8.86;2.61;0.00;0.00;0.50;0.59;0.00;36.99;37.50;164.69;51.45;6.79;12.57;4.00;8.78;21.45;48.76;343.91;73.61;72.30;27.77;
2.92;18.49;12.17;4.59;6.17;5.04;2.95;0.00;0.00;0.00;0.04;0.04;0.04;3.12;7.78;0.84;22.15;17.87;10.63;4.68;0.81;0.70;0.19;0.40;14.18;4.06;2.88;8.78;2.60;0.00;0.00;0.50;0.59;0.00;55.55;192.58;1122.56;60.74;17.77;20.04;5.94;12.79;16.81;38.83;259.09;59.93;60.47;21.71;
2.92;18.49;12.17;4.59;6.17;5.04;2.95;0.00;0.00;0.00;0.04;0.04;0.04;3.12;7.78;0.84;22.15;17.87;10.63;4.68;0.81;0.70;0.19;0.40;14.38;4.08;2.97;8.86;2.61;0.00;0.00;0.50;0.59;0.00;84.78;1054.39;8249.03;72.16;48.31;14.03;4.39;9.59;27.20;60.89;453.37;89.95;86.07;35.32;
2.92;18.49;12.17;4.59;6.17;5.04;2.95;0.00;0.00;0.00;0.04;0.04;0.04;3.12;7.78;0.84;22.15;17.87;10.63;4.68;0.81;0.70;0.19;0.40;14.17;4.06;2.88;8.78;2.60;0.00;0.00;0.50;0.59;0.00;54.45;177.61;1020.93;60.24;16.95;10.68;3.48;7.71;6.01;14.85;78.41;25.18;28.44;7.68;
2.92;18.49;12.17;4.59;6.17;5.04;2.95;0.00;0.00;0.00;0.04;0.04;0.04;3.12;7.78;0.84;22.15;17.87;10.63;4.68;0.81;0.70;0.19;0.40;14.25;4.07;2.92;8.81;2.60;0.00;0.00;0.50;0.59;0.00;94.35;1621.12;13663.08;75.38;62.22;13.13;4.15;9.10;14.52;33.85;218.49;52.96;54.30;18.72;
2.92;18.49;12.17;4.59;6.17;5.04;2.95;0.00;0.00;0.00;0.04;0.04;0.04;3.12;7.78;0.84;22.15;17.87;10.63;4.68;0.81;0.70;0.19;0.40;14.27;4.07;2.92;8.82;2.61;0.00;0.00;0.50;0.59;0.00;70.13;491.66;3370.67;66.79;30.85;17.47;5.29;11.45;2.97;7.68;34.51;13.88;16.95;3.76;
2.92;18.49;12.17;4.59;6.17;5.04;2.95;0.00;0.00;0.00;0.04;0.04;0.04;3.12;7.78;0.84;22.15;17.87;10.63;4.68;0.81;0.70;0.19;0.40;14.27;4.07;2.93;8.82;2.61;0.00;0.00;0.50;0.59;0.00;46.35;92.91;477.37;56.41;11.58;15.18;4.69;10.23;5.82;14.42;75.58;24.52;27.79;7.43;
2.92;18.49;12.17;4.59;6.17;5.04;2.95;0.00;0.00;0.00;0.04;0.04;0.04;3.12;7.78;0.84;22.15;17.87;10.63;4.68;0.81;0.70;0.19;0.40;14.03;4.04;2.82;8.73;2.59;0.00;0.00;0.50;0.59;0.00;90.93;1397.62;11480.88;74.25;57.03;16.89;5.14;11.14;4.74;11.90;59.51;20.61;23.90;6.04;
2.89;18.28;12.06;4.54;6.10;4.99;2.93;0.00;0.00;0.00;0.04;0.04;0.04;3.12;7.78;0.84;22.15;17.87;10.63;4.68;0.81;0.70;0.19;0.40;13.99;4.04;2.80;8.71;2.59;0.00;0.00;0.50;0.59;0.00;108.96;2892.81;26951.65;79.93;87.48;12.70;4.03;8.86;17.86;41.09;277.98;63.08;63.22;23.08;
2.89;18.28;12.06;4.54;6.10;4.99;2.93;0.00;0.00;0.00;0.04;0.04;0.04;3.12;7.78;0.84;22.15;17.87;10.63;4.64;0.81;0.69;0.19;0.40;14.10;4.05;2.85;8.75;2.59;0.00;0.00;0.50;0.59;0.00;68.60;449.82;3036.72;66.19;29.27;13.15;4.15;9.11;2.87;7.43;33.16;13.49;16.53;3.63;
2.89;18.28;12.06;4.54;6.10;4.99;2.93;0.00;0.00;0.00;0.04;0.04;0.04;3.12;7.78;0.84;22.15;17.87;10.63;4.64;0.81;0.69;0.19;0.40;14.12;4.05;2.86;8.76;2.59;0.00;0.00;0.50;0.59;0.00;71.15;520.90;3607.07;67.18;31.91;19.86;5.90;12.69;18.63;42.75;292.02;65.37;65.21;24.09;
2.89;18.24;12.04;4.53;6.09;4.99;2.92;0.00;0.00;0.00;0.04;0.04;0.04;3.12;7.78;0.84;22.15;17.87;10.63;4.60;0.80;0.68;0.19;0.40;14.24;4.07;2.91;8.81;2.60;0.00;0.00;0.50;0.59;0.00;53.43;164.64;934.05;59.78;16.21;15.72;4.83;10.51;6.09;15.03;79.61;25.46;28.72;7.78;
2.89;18.23;12.03;4.53;6.09;4.99;2.92;0.00;0.00;0.00;0.04;0.04;0.04;3.12;7.78;0.84;22.15;17.87;10.63;4.60;0.80;0.68;0.18;0.40;14.15;4.06;2.87;8.77;2.60;0.00;0.00;0.50;0.59;0.00;74.92;641.15;4602.28;68.61;36.06;12.71;4.03;8.86;9.10;21.89;127.01;35.73;38.56;11.68;
2.89;18.23;12.03;4.53;6.09;4.98;2.92;0.00;0.00;0.00;0.04;0.04;0.04;3.12;7.78;0.84;22.15;17.87;10.63;4.59;0.80;0.68;0.18;0.40;14.37;4.08;2.97;8.85;2.61;0.00;0.00;0.50;0.59;0.00;70.47;501.14;3447.06;66.92;31.19;11.75;3.77;8.32;7.46;18.16;100.74;30.20;33.32;9.55;
2.89;18.23;12.03;4.53;6.09;4.98;2.92;0.00;0.00;0.00;0.04;0.04;0.04;3.12;7.78;0.84;22.15;17.87;10.63;4.59;0.80;0.68;0.18;0.40;14.41;4.09;2.99;8.87;2.62;0.00;0.00;0.50;0.59;0.00;63.30;325.47;2077.62;64.05;24.20;14.63;4.55;9.93;3.45;8.83;41.10;15.76;18.92;4.38;
2.89;18.23;12.03;4.53;6.09;4.98;2.92;0.00;0.00;0.00;0.04;0.04;0.04;3.12;7.78;0.84;22.15;17.87;10.63;4.59;0.80;0.68;0.18;0.40;14.06;4.05;2.83;8.74;2.59;0.00;0.00;0.50;0.59;0.00;97.44;1845.95;15911.75;76.38;67.16;13.23;4.18;9.16;20.73;47.24;330.64;71.54;70.53;26.84;
2.89;18.23;12.03;4.53;6.09;4.98;2.92;0.00;0.00;0.00;0.04;0.04;0.04;3.12;7.78;0.84;22.15;17.87;10.63;4.59;0.80;0.68;0.18;0.40;13.99;4.04;2.81;8.71;2.59;0.00;0.00;0.50;0.59;0.00;54.68;180.73;1041.97;60.35;17.12;15.59;4.80;10.45;4853.32;7745.36;187659.45;7123.94;3856.82;6670.08;
2.89;18.23;12.03;4.53;6.09;4.98;2.92;0.00;0.00;0.00;0.04;0.04;0.04;3.12;7.78;0.84;22.15;17.87;10.63;4.59;0.80;0.68;0.18;0.40;14.10;4.05;2.85;8.75;2.59;0.00;0.00;0.50;0.59;0.00;70.91;514.00;3551.04;67.09;31.66;16.84;5.13;11.12;11.56;27.37;167.71;43.71;45.96;14.87;
2.89;18.23;12.03;4.53;6.09;4.98;2.92;0.00;0.00;0.00;0.04;0.04;0.04;3.12;7.78;0.84;22.15;17.87;10.63;4.59;0.80;0.68;0.18;0.40;14.00;4.04;2.81;8.71;2.59;0.00;0.00;0.50;0.59;0.00;71.84;541.73;3776.83;67.45;32.66;17.19;5.22;11.30;6.24;15.37;81.85;25.98;29.22;7.97;
2.89;18.23;12.03;4.53;6.09;4.98;2.92;0.00;0.00;0.00;0.04;0.04;0.04;3.12;7.78;0.84;22.15;17.87;10.63;4.59;0.80;0.68;0.18;0.40;13.98;4.04;2.80;8.71;2.58;0.00;0.00;0.50;0.59;0.00;81.53;900.95;6859.30;71.02;44.05;15.90;4.88;10.61;30.85;68.49;524.71;100.01;94.39;40.11;
2.89;18.23;12.03;4.53;6.09;4.98;2.92;0.00;0.00;0.00;0.04;0.04;0.04;3.12;7.78;0.84;22.15;17.87;10.63;4.59;0.80;0.68;0.18;0.40;14.10;4.05;2.85;8.75;2.59;0.00;0.00;0.50;0.59;0.00;62.38;306.84;1938.75;63.67;23.38;15.14;4.68;10.20;7.61;18.52;103.17;30.73;33.82;9.75;
2.89;18.23;12.03;4.53;6.09;4.98;2.92;0.00;0.00;0.00;0.04;0.04;0.04;3.12;7.78;0.84;22.15;17.87;10.63;4.59;0.80;0.68;0.18;0.40;14.24;4.07;2.91;8.80;2.60;0.00;0.00;0.50;0.59;0.00;77.32;728.12;5342.84;69.50;38.86;19.27;5.75;12.39;5.32;13.25;68.07;22.73;26.02;6.79;
2.89;18.23;12.03;4.53;6.09;4.98;2.92;0.00;0.00;0.00;0.04;0.04;0.04;3.12;7.78;0.84;22.15;17.87;10.63;4.59;0.80;0.68;0.18;0.40;14.15;4.06;2.87;8.77;2.60;0.00;0.00;0.50;0.59;0.00;75.19;650.49;4681.03;68.71;36.37;12.71;4.03;8.86;3.42;8.77;40.73;15.66;18.82;4.34;
2.89;18.23;12.03;4.53;6.09;4.98;2.92;0.00;0.00;0.00;0.04;0.04;0.04;3.12;7.78;0.84;22.15;17.87;10.63;4.59;0.80;0.68;0.18;0.40;14.25;4.07;2.91;8.81;2.60;0.00;0.00;0.50;0.59;0.00;80.82;869.91;6582.95;70.77;43.15;15.99;4.91;10.66;2.94;7.60;34.11;13.77;16.82;3.72;
2.89;18.23;12.03;4.53;6.09;4.98;2.92;0.00;0.00;0.00;0.04;0.04;0.04;3.12;7.78;0.84;22.15;17.87;10.63;4.59;0.80;0.68;0.18;0.40;14.03;4.04;2.82;8.72;2.59;0.00;0.00;0.50;0.59;0.00;75.55;663.22;4788.63;68.85;36.78;18.48;5.55;11.98;2.34;6.15;26.18;11.36;14.24;2.96;
2.89;18.23;12.03;4.53;6.09;4.98;2.92;0.00;0.00;0.00;0.04;0.04;0.04;3.12;7.78;0.84;22.15;17.87;10.63;4.59;0.80;0.68;0.18;0.40;13.99;4.04;2.80;8.71;2.59;0.00;0.00;0.50;0.59;0.00;59.15;247.81;1508.99;62.31;20.62;17.42;5.28;11.42;6.77;16.60;90.06;27.84;31.04;8.66;
2.89;18.23;12.03;4.53;6.09;4.98;2.92;0.00;0.00;0.00;0.04;0.04;0.04;3.12;7.78;0.84;22.15;17.87;10.63;4.59;0.80;0.68;0.18;0.40;13.86;4.02;2.75;8.66;2.58;0.00;0.00;0.50;0.59;0.00;40.49;53.94;252.28;53.38;8.41;12.95;4.10;9.00;162.79;324.24;3627.54;406.71;319.74;215.55;
2.89;18.23;12.03;4.53;6.09;4.98;2.92;0.00;0.00;0.00;0.04;0.04;0.04;3.12;7.78;0.84;22.15;17.87;10.63;4.59;0.80;0.68;0.18;0.40;13.84;4.02;2.74;8.65;2.57;0.00;0.00;0.50;0.59;0.00;100.25;2068.99;18189.87;77.26;71.83;15.23;4.71;10.25;12.19;28.76;178.38;45.72;47.78;15.69;
2.89;18.23;12.03;4.53;6.09;4.98;2.92;0.00;0.00;0.00;0.04;0.04;0.04;3.12;7.78;0.84;22.15;17.87;10.63;4.59;0.80;0.68;0.18;0.40;14.07;4.05;2.84;8.74;2.59;0.00;0.00;0.50;0.59;0.00;87.67;1206.57;9662.47;73.15;52.30;14.99;4.64;10.12;5.81;14.39;75.43;24.48;27.76;7.42;
2.89;18.23;12.03;4.53;6.09;4.98;2.92;0.00;0.00;0.00;0.04;0.04;0.04;3.12;7.78;0.84;22.15;17.87;10.63;4.59;0.80;0.68;0.18;0.40;13.99;4.04;2.81;8.71;2.59;0.00;0.00;0.50;0.59;0.00;52.92;158.38;892.48;59.54;15.84;12.12;3.88;8.53;17.19;39.64;265.88;61.07;61.46;22.20;
