4.59;34.78;19.98;8.11;10.82;7.90;4.68;0.00;0.00;0.00;0.08;0.07;0.08;61.60;14.59;70.65;78.50;35.66;80.91;12.87;1.43;3.35;0.47;0.70;55.55;7.15;51.81;20.40;4.45;0.02;0.05;0.70;0.81;0.01;66.04;386.06;2538.27;65.17;26.76;17.72;5.35;11.58;2.11;5.58;23.19;10.40;13.19;2.66;
3.10;20.14;13.01;4.95;6.65;5.35;3.14;0.00;0.00;0.00;0.04;0.04;0.04;5.23;8.67;1.82;27.58;20.14;15.11;5.53;0.89;0.90;0.22;0.44;18.14;4.50;4.86;10.22;2.86;0.00;0.01;0.53;0.63;0.00;76.20;686.38;4985.40;69.09;37.53;11.49;3.70;8.17;0.04;0.14;0.23;0.36;0.71;0.05;
2.89;18.25;12.05;4.53;6.10;4.99;2.92;0.00;0.00;0.00;0.04;0.04;0.04;3.36;7.90;0.94;22.86;18.18;11.18;4.75;0.82;0.71;0.19;0.41;14.96;4.15;3.23;9.08;2.65;0.00;0.01;0.50;0.60;0.00;36.57;35.81;156.01;51.21;6.61;10.14;3.33;7.39;0.09;0.29;0.60;0.73;1.31;0.11;
2.85;17.91;11.87;4.46;5.99;4.92;2.88;0.00;0.00;0.00;0.03;0.04;0.04;2.99;7.71;0.79;21.78;17.70;10.34;4.61;0.81;0.68;0.19;0.40;14.29;4.07;2.93;8.82;2.61;0.00;0.00;0.50;0.60;0.00;46.72;95.97;495.92;56.60;11.80;9.64;3.19;7.10;0.06;0.20;0.38;0.53;0.98;0.07;
2.84;17.84;11.83;4.44;5.97;4.91;2.88;0.00;0.00;0.00;0.03;0.04;0.04;2.95;7.69;0.78;21.65;17.65;10.24;4.58;0.80;0.67;0.18;0.40;14.27;4.07;2.92;8.82;2.61;0.00;0.00;0.50;0.59;0.00;44.74;80.60;404.07;55.60;10.65;8.01;2.73;6.11;0.70;1.99;6.45;4.11;5.88;0.87;
2.84;17.82;11.82;4.44;5.97;4.91;2.87;0.00;0.00;0.00;0.03;0.04;0.04;2.92;7.67;0.76;21.54;17.60;10.16;4.58;0.80;0.67;0.18;0.40;14.38;4.09;2.97;8.86;2.61;0.00;0.00;0.50;0.59;0.00;41.19;57.79;273.51;53.76;8.76;10.04;3.30;7.33;0.27;0.83;2.16;1.86;2.95;0.34;
2.84;17.82;11.82;4.44;5.97;4.91;2.87;0.00;0.00;0.00;0.03;0.04;0.04;2.97;7.69;0.78;21.69;17.66;10.27;4.58;0.80;0.67;0.18;0.40;14.29;4.07;2.93;8.82;2.61;0.00;0.00;0.50;0.59;0.00;33.01;23.74;96.32;49.12;5.19;8.35;2.82;6.32;0.28;0.83;2.18;1.87;2.96;0.34;
2.84;17.82;11.82;4.44;5.97;4.91;2.87;0.00;0.00;0.00;0.03;0.04;0.04;2.92;7.67;0.77;21.55;17.60;10.17;4.58;0.80;0.67;0.18;0.40;14.16;4.06;2.88;8.77;2.60;0.00;0.00;0.50;0.59;0.00;66.17;389.13;2561.92;65.22;26.88;10.61;3.46;7.66;0.19;0.58;1.39;1.35;2.23;0.23;
2.84;17.82;11.82;4.44;5.97;4.91;2.87;0.00;0.00;0.00;0.03;0.04;0.04;2.91;7.66;0.76;21.52;17.59;10.15;4.58;0.80;0.67;0.18;0.40;14.13;4.06;2.86;8.76;2.60;0.00;0.00;0.50;0.59;0.00;78.95;791.76;5894.69;70.09;40.82;9.66;3.20;7.11;0.32;0.95;2.56;2.10;3.28;0.39;
2.84;17.82;11.82;4.44;5.97;4.91;2.87;0.00;0.00;0.00;0.03;0.04;0.04;2.94;7.68;0.77;21.60;17.62;10.20;4.58;0.80;0.67;0.18;0.40;14.35;4.08;2.96;8.85;2.61;0.00;0.00;0.50;0.59;0.00;94.39;1624.18;13693.42;75.39;62.29;12.94;4.10;8.99;0.06;0.22;0.41;0.55;1.03;0.08;
2.84;17.82;11.82;4.44;5.97;4.91;2.87;0.00;0.00;0.00;0.03;0.04;0.04;2.94;7.68;0.77;21.62;17.63;10.22;4.58;0.80;0.67;0.18;0.40;14.17;4.06;2.88;8.78;2.60;0.00;0.00;0.50;0.59;0.00;80.40;851.72;6421.74;70.62;42.61;8.60;2.90;6.47;0.09;0.30;0.62;0.75;1.34;0.11;
2.84;17.82;11.82;4.44;5.97;4.91;2.87;0.00;0.00;0.00;0.03;0.04;0.04;2.92;7.67;0.76;21.53;17.59;10.16;4.58;0.80;0.67;0.18;0.40;14.02;4.04;2.82;8.72;2.59;0.00;0.00;0.50;0.59;0.00;26.40;9.65;33.52;44.84;3.06;8.25;2.79;6.26;0.19;0.60;1.45;1.39;2.29;0.24;
2.84;17.82;11.82;4.44;5.97;4.91;2.87;0.00;0.00;0.00;0.03;0.04;0.04;2.91;7.66;0.76;21.52;17.59;10.14;4.58;0.80;0.67;0.18;0.40;14.10;4.05;2.85;8.75;2.59;0.00;0.00;0.50;0.59;0.00;55.95;198.17;1160.88;60.91;18.07;9.54;3.16;7.03;1.02;2.83;9.99;5.65;7.75;1.28;
2.84;17.82;11.82;4.44;5.97;4.91;2.87;0.00;0.00;0.00;0.03;0.04;0.04;2.94;7.68;0.77;21.60;17.62;10.20;4.58;0.80;0.67;0.18;0.40;14.12;4.05;2.86;8.76;2.59;0.00;0.00;0.50;0.59;0.00;36.68;36.24;158.20;51.27;6.65;10.72;3.49;7.72;0.50;1.46;4.39;3.11;4.61;0.63;
2.84;17.82;11.82;4.44;5.97;4.91;2.87;0.00;0.00;0.00;0.03;0.04;0.04;2.97;7.70;0.78;21.70;17.67;10.28;4.58;0.80;0.67;0.18;0.40;14.12;4.05;2.86;8.76;2.59;0.00;0.00;0.50;0.59;0.00;40.21;52.45;244.13;53.23;8.27;9.90;3.26;7.25;0.15;0.47;1.08;1.12;1.90;0.18;
2.84;17.82;11.82;4.44;5.97;4.91;2.87;0.00;0.00;0.00;0.03;0.04;0.04;2.98;7.70;0.79;21.72;17.68;10.30;4.58;0.80;0.67;0.18;0.40;14.24;4.07;2.91;8.80;2.60;0.00;0.00;0.50;0.59;0.00;62.23;304.01;1917.83;63.61;23.25;7.81;2.67;5.99;0.21;0.65;1.60;1.49;2.44;0.26;
2.84;17.82;11.82;4.44;5.97;4.91;2.87;0.00;0.00;0.00;0.03;0.04;0.04;2.95;7.68;0.78;21.64;17.64;10.23;4.58;0.80;0.67;0.18;0.40;14.15;4.06;2.87;8.77;2.60;0.00;0.00;0.50;0.59;0.00;40.37;53.33;248.90;53.32;8.35;6.84;2.38;5.38;0.18;0.56;1.33;1.31;2.17;0.22;
2.84;17.82;11.82;4.44;5.97;4.91;2.87;0.00;0.00;0.00;0.03;0.04;0.04;2.94;7.68;0.78;21.62;17.63;10.22;4.58;0.80;0.67;0.18;0.40;14.01;4.04;2.81;8.72;2.59;0.00;0.00;0.50;0.59;0.00;49.01;116.31;621.35;57.71;13.21;7.42;2.55;5.75;0.20;0.61;1.47;1.41;2.32;0.24;
2.84;17.82;11.82;4.44;5.97;4.91;2.87;0.00;0.00;0.00;0.03;0.04;0.04;2.92;7.67;0.76;21.54;17.59;10.16;4.58;0.80;0.67;0.18;0.40;14.10;4.05;2.85;8.75;2.59;0.00;0.00;0.50;0.59;0.00;26.67;10.06;35.18;45.03;3.13;7.55;2.59;5.83;0.32;0.95;2.56;2.11;3.29;0.39;
2.84;17.82;11.82;4.44;5.97;4.91;2.87;0.00;0.00;0.00;0.03;0.04;0.04;2.97;7.69;0.78;21.69;17.66;10.27;4.58;0.80;0.67;0.18;0.40;14.12;4.05;2.86;8.76;2.59;0.00;0.00;0.50;0.59;0.00;33.29;24.55;100.20;49.29;5.29;7.13;2.47;5.56;0.10;0.31;0.65;0.78;1.38;0.12;
2.84;17.82;11.82;4.44;5.97;4.91;2.87;0.00;0.00;0.00;0.03;0.04;0.04;2.92;7.67;0.77;21.55;17.60;10.17;4.58;0.80;0.67;0.18;0.40;14.01;4.04;2.81;8.72;2.59;0.00;0.00;0.50;0.59;0.00;58.38;235.09;1418.51;61.98;19.99;8.60;2.89;6.47;0.68;1.93;6.20;4.00;5.74;0.84;
2.84;17.82;11.82;4.44;5.97;4.91;2.87;0.00;0.00;0.00;0.03;0.04;0.04;2.91;7.66;0.76;21.52;17.59;10.15;4.58;0.80;0.67;0.18;0.40;14.10;4.05;2.85;8.75;2.59;0.00;0.00;0.50;0.59;0.00;39.06;46.68;212.93;52.61;7.72;7.84;2.68;6.01;0.07;0.24;0.45;0.60;1.10;0.09;
2.84;17.82;11.82;4.44;5.97;4.91;2.87;0.00;0.00;0.00;0.03;0.04;0.04;2.91;7.66;0.76;21.52;17.59;10.14;4.58;0.80;0.67;0.18;0.40;14.35;4.08;2.96;8.85;2.61;0.00;0.00;0.50;0.59;0.00;44.77;80.81;405.34;55.62;10.66;10.54;3.44;7.62;0.15;0.47;1.07;1.12;1.90;0.18;
2.84;17.82;11.82;4.44;5.97;4.91;2.87;0.00;0.00;0.00;0.03;0.04;0.04;2.91;7.66;0.76;21.52;17.59;10.14;4.58;0.80;0.67;0.18;0.40;14.05;4.05;2.83;8.73;2.59;0.00;0.00;0.50;0.59;0.00;38.84;45.66;207.45;52.49;7.62;9.16;3.05;6.81;1.06;2.92;10.38;5.81;7.94;1.32;
2.84;17.82;11.82;4.44;5.97;4.91;2.87;0.00;0.00;0.00;0.03;0.04;0.04;2.91;7.66;0.76;21.51;17.59;10.14;4.58;0.80;0.67;0.18;0.40;13.88;4.03;2.76;8.67;2.58;0.00;0.00;0.50;0.59;0.00;46.94;97.77;506.80;56.70;11.93;7.24;2.50;5.63;0.09;0.30;0.62;0.76;1.35;0.11;
2.84;17.82;11.82;4.44;5.97;4.91;2.87;0.00;0.00;0.00;0.03;0.04;0.04;2.91;7.66;0.76;21.51;17.59;10.14;4.58;0.80;0.67;0.18;0.40;14.08;4.05;2.84;8.74;2.59;0.00;0.00;0.50;0.59;0.00;28.60;13.33;48.95;46.33;3.69;8.89;2.98;6.64;0.22;0.68;1.68;1.55;2.52;0.27;
2.84;17.82;11.82;4.44;5.97;4.91;2.87;0.00;0.00;0.00;0.03;0.04;0.04;2.94;7.68;0.77;21.60;17.62;10.20;4.58;0.80;0.67;0.18;0.40;14.23;4.07;2.91;8.80;2.60;0.00;0.00;0.50;0.59;0.00;48.06;107.52;566.60;57.25;12.61;10.23;3.35;7.44;0.15;0.47;1.08;1.12;1.90;0.18;
2.84;17.82;11.82;4.44;5.97;4.91;2.87;0.00;0.00;0.00;0.03;0.04;0.04;2.94;7.68;0.77;21.62;17.63;10.22;4.58;0.80;0.67;0.18;0.40;14.38;4.08;2.97;8.86;2.61;0.00;0.00;0.50;0.59;0.00;38.66;44.79;202.82;52.39;7.54;9.97;3.28;7.29;0.20;0.62;1.50;1.43;2.34;0.25;
2.85;17.86;11.84;4.45;5.98;4.91;2.88;0.00;0.00;0.00;0.03;0.04;0.04;3.00;7.71;0.80;21.79;17.71;10.35;4.60;0.80;0.68;0.19;0.40;14.29;4.07;2.93;8.82;2.61;0.00;0.00;0.50;0.59;0.00;54.90;183.55;1061.05;60.44;17.28;8.80;2.95;6.59;0.41;1.21;3.45;2.61;3.96;0.51;
2.87;18.03;11.93;4.48;6.03;4.95;2.90;0.00;0.00;0.00;0.03;0.04;0.04;3.06;7.75;0.82;21.99;17.80;10.50;4.65;0.81;0.69;0.19;0.40;14.39;4.09;2.98;8.86;2.61;0.00;0.00;0.50;0.59;0.00;43.86;74.39;367.79;55.15;10.16;7.44;2.56;5.76;0.31;0.92;2.45;2.04;3.19;0.38;
2.87;18.07;11.95;4.49;6.04;4.95;2.90;0.00;0.00;0.00;0.03;0.04;0.04;3.08;7.75;0.83;22.03;17.82;10.54;4.73;0.82;0.71;0.19;0.41;14.06;4.05;2.83;8.74;2.59;0.00;0.00;0.50;0.59;0.00;46.94;97.74;506.63;56.70;11.93;9.22;3.07;6.84;0.47;1.37;4.06;2.94;4.39;0.58;
2.87;18.08;11.96;4.49;6.04;4.96;2.90;0.00;0.00;0.00;0.04;0.04;0.04;3.08;7.76;0.83;22.04;17.82;10.54;4.74;0.82;0.71;0.19;0.41;14.23;4.07;2.91;8.80;2.60;0.00;0.00;0.50;0.59;0.00;41.10;57.29;270.74;53.71;8.71;9.62;3.18;7.08;0.21;0.65;1.59;1.49;2.43;0.26;
2.87;18.08;11.96;4.49;6.04;4.96;2.90;0.00;0.00;0.00;0.04;0.04;0.04;3.08;7.76;0.83;22.04;17.82;10.54;4.82;0.83;0.73;0.19;0.41;14.49;4.10;3.02;8.90;2.62;0.00;0.00;0.50;0.59;0.00;29.71;15.54;58.60;47.06;4.04;7.44;2.56;5.76;0.24;0.72;1.82;1.64;2.65;0.29;
2.87;18.08;11.96;4.49;6.04;4.96;2.90;0.00;0.00;0.00;0.04;0.04;0.04;3.08;7.76;0.83;22.04;17.82;10.54;4.83;0.83;0.73;0.19;0.41;14.31;4.08;2.94;8.83;2.61;0.00;0.00;0.50;0.59;0.00;29.72;15.55;58.64;47.06;4.05;7.24;2.50;5.63;0.04;0.13;0.22;0.36;0.70;0.05;
2.87;18.08;11.96;4.49;6.05;4.96;2.90;0.00;0.00;0.00;0.04;0.04;0.04;3.08;7.76;0.83;22.04;17.82;10.54;4.85;0.83;0.74;0.19;0.41;14.39;4.09;2.98;8.86;2.61;0.00;0.00;0.50;0.59;0.00;45.17;83.74;422.60;55.82;10.89;8.84;2.96;6.62;0.19;0.60;1.45;1.39;2.29;0.24;
2.87;18.08;11.96;4.49;6.05;4.96;2.90;0.00;0.00;0.00;0.04;0.04;0.04;3.11;7.77;0.84;22.13;17.86;10.61;4.91;0.83;0.75;0.20;0.42;14.29;4.07;2.93;8.82;2.61;0.00;0.00;0.50;0.59;0.00;32.60;22.56;90.72;48.87;5.03;7.74;2.65;5.94;1.47;3.99;15.31;7.70;10.15;1.85;
2.87;18.08;11.96;4.49;6.05;4.96;2.90;0.00;0.00;0.00;0.04;0.04;0.04;3.12;7.77;0.84;22.15;17.87;10.62;4.92;0.84;0.75;0.20;0.42;14.27;4.07;2.93;8.82;2.61;0.00;0.00;0.50;0.59;0.00;31.44;19.51;76.52;48.15;4.62;8.14;2.76;6.19;0.11;0.35;0.75;0.87;1.52;0.14;
2.87;18.08;11.96;4.49;6.05;4.96;2.90;0.00;0.00;0.00;0.04;0.04;0.04;3.12;7.77;0.84;22.15;17.87;10.62;4.92;0.84;0.75;0.20;0.42;14.50;4.10;3.03;8.90;2.62;0.00;0.00;0.50;0.59;0.00;53.50;165.50;939.75;59.81;16.26;6.98;2.42;5.47;0.46;1.34;3.94;2.87;4.31;0.57;
2.89;18.20;12.02;4.52;6.08;4.98;2.92;0.00;0.00;0.00;0.04;0.04;0.04;3.09;7.76;0.83;22.06;17.83;10.56;4.94;0.84;0.76;0.20;0.42;14.55;4.10;3.05;8.92;2.63;0.00;0.00;0.50;0.59;0.00;30.91;18.21;70.58;47.82;4.44;10.21;3.35;7.43;0.35;1.04;2.86;2.28;3.52;0.43;
2.89;18.23;12.03;4.53;6.09;4.99;2.92;0.00;0.00;0.00;0.04;0.04;0.04;3.14;7.79;0.85;22.22;17.90;10.68;5.00;0.84;0.77;0.20;0.42;14.32;4.08;2.95;8.84;2.61;0.00;0.00;0.50;0.59;0.00;33.27;24.49;99.91;49.28;5.28;9.74;3.22;7.15;0.99;2.75;9.61;5.49;7.57;1.24;
2.89;18.27;12.06;4.54;6.10;4.99;2.93;0.00;0.00;0.00;0.04;0.04;0.04;3.21;7.82;0.88;22.42;17.99;10.84;5.01;0.84;0.78;0.20;0.42;14.40;4.09;2.98;8.86;2.61;0.00;0.00;0.50;0.59;0.00;42.69;66.73;323.77;54.55;9.53;6.92;2.41;5.43;2.36;6.20;26.49;11.46;14.34;2.99;
2.90;18.28;12.06;4.54;6.11;5.00;2.93;0.00;0.00;0.00;0.04;0.04;0.04;3.25;7.84;0.90;22.55;18.04;10.94;5.02;0.84;0.78;0.20;0.42;14.41;4.09;2.99;8.87;2.62;0.00;0.00;0.50;0.59;0.00;63.94;339.06;2179.70;64.32;24.79;7.97;2.71;6.09;7.28;17.76;97.97;29.60;32.74;9.32;
2.90;18.29;12.06;4.54;6.11;5.00;2.93;0.00;0.00;0.00;0.04;0.04;0.04;3.26;7.85;0.90;22.58;18.05;10.96;5.02;0.84;0.78;0.20;0.42;14.65;4.12;3.09;8.96;2.63;0.00;0.00;0.50;0.59;0.00;92.75;1513.63;12606.63;74.85;59.76;9.96;3.28;7.28;0.07;0.23;0.43;0.58;1.07;0.08;
2.89;18.20;12.02;4.52;6.08;4.98;2.92;0.00;0.00;0.00;0.04;0.04;0.04;3.26;7.85;0.90;22.58;18.06;10.96;5.11;0.85;0.80;0.20;0.42;14.70;4.12;3.11;8.98;2.64;0.00;0.00;0.50;0.59;0.00;54.13;173.42;992.74;60.09;16.71;9.56;3.17;7.05;0.08;0.27;0.54;0.68;1.23;0.10;
2.90;18.31;12.08;4.55;6.11;5.00;2.93;0.00;0.00;0.00;0.04;0.04;0.04;3.26;7.85;0.90;22.58;18.06;10.96;5.09;0.85;0.79;0.20;0.42;14.59;4.11;3.06;8.94;2.63;0.00;0.00;0.50;0.59;0.00;39.85;50.58;233.93;53.04;8.10;6.92;2.41;5.43;0.18;0.56;1.33;1.31;2.17;0.22;
2.90;18.33;12.09;4.55;6.12;5.01;2.93;0.00;0.00;0.00;0.04;0.04;0.04;3.26;7.85;0.90;22.58;18.06;10.96;5.03;0.85;0.78;0.20;0.42;14.69;4.12;3.11;8.97;2.64;0.00;0.00;0.50;0.59;0.00;40.59;54.50;255.34;53.44;8.46;8.01;2.72;6.11;0.05;0.17;0.30;0.44;0.84;0.06;
2.90;18.30;12.07;4.54;6.11;5.00;2.93;0.00;0.00;0.00;0.04;0.04;0.04;3.26;7.85;0.90;22.59;18.06;10.96;5.14;0.86;0.81;0.20;0.43;14.82;4.14;3.17;9.03;2.64;0.00;0.00;0.50;0.59;0.00;60.26;267.09;1647.58;62.78;21.54;9.88;3.26;7.24;0.07;0.23;0.45;0.59;1.09;0.09;
2.90;18.33;12.09;4.55;6.12;5.01;2.93;0.00;0.00;0.00;0.04;0.04;0.04;3.26;7.85;0.90;22.59;18.06;10.96;5.16;0.86;0.81;0.21;0.43;14.85;4.14;3.18;9.04;2.65;0.00;0.00;0.50;0.59;0.00;40.93;56.38;265.69;53.62;8.63;10.96;3.56;7.86;0.49;1.43;4.27;3.05;4.53;0.61;
2.90;18.34;12.09;4.55;6.12;5.01;2.93;0.00;0.00;0.00;0.04;0.04;0.04;3.26;7.85;0.90;22.59;18.06;10.96;5.16;0.86;0.81;0.21;0.43;14.62;4.11;3.08;8.95;2.63;0.00;0.00;0.50;0.59;0.00;39.97;51.22;237.39;53.10;8.16;11.40;3.68;8.12;0.34;1.03;2.83;2.26;3.49;0.43;
2.90;18.30;12.07;4.54;6.11;5.00;2.93;0.00;0.00;0.00;0.04;0.04;0.04;3.26;7.85;0.90;22.59;18.06;10.96;5.20;0.86;0.82;0.21;0.43;14.69;4.12;3.11;8.98;2.64;0.00;0.00;0.50;0.59;0.00;39.10;46.87;213.96;52.63;7.74;9.05;3.02;6.74;0.31;0.94;2.54;2.09;3.26;0.39;
2.90;18.29;12.07;4.54;6.11;5.00;2.93;0.00;0.00;0.00;0.04;0.04;0.04;3.26;7.85;0.90;22.59;18.06;10.96;5.20;0.86;0.82;0.21;0.43;14.71;4.12;3.12;8.98;2.64;0.00;0.00;0.50;0.59;0.00;48.45;111.02;588.28;57.44;12.85;7.03;2.44;5.50;0.09;0.28;0.57;0.70;1.27;0.11;
2.90;18.33;12.09;4.55;6.12;5.00;2.93;0.00;0.00;0.00;0.04;0.04;0.04;3.26;7.85;0.90;22.59;18.06;10.96;5.20;0.86;0.82;0.21;0.43;14.71;4.12;3.12;8.98;2.64;0.00;0.00;0.50;0.59;0.00;45.80;88.58;451.39;56.14;11.26;6.47;2.27;5.15;0.13;0.42;0.93;1.01;1.73;0.16;
2.90;18.34;12.09;4.55;6.12;5.01;2.93;0.00;0.00;0.00;0.04;0.04;0.04;3.26;7.85;0.90;22.59;18.06;10.96;5.20;0.86;0.82;0.21;0.43;14.71;4.12;3.12;8.98;2.64;0.00;0.00;0.50;0.59;0.00;41.62;60.26;287.30;53.99;8.97;7.95;2.71;6.08;1.50;4.06;15.63;7.81;10.28;1.89;
2.90;18.30;12.07;4.54;6.11;5.00;2.93;0.00;0.00;0.00;0.04;0.04;0.04;3.26;7.85;0.90;22.59;18.06;10.96;5.20;0.86;0.82;0.21;0.43;14.71;4.12;3.12;8.98;2.64;0.00;0.00;0.50;0.59;0.00;40.22;52.50;244.40;53.24;8.28;8.61;2.90;6.48;0.42;1.24;3.58;2.68;4.06;0.52;
2.90;18.33;12.09;4.55;6.12;5.01;2.93;0.00;0.00;0.00;0.04;0.04;0.04;3.26;7.85;0.90;22.59;18.06;10.96;5.23;0.86;0.83;0.21;0.43;14.71;4.12;3.12;8.98;2.64;0.00;0.00;0.50;0.59;0.00;44.44;78.46;391.53;55.45;10.48;9.53;3.16;7.03;0.51;1.49;4.48;3.16;4.68;0.64;
2.90;18.34;12.09;4.55;6.12;5.01;2.93;0.00;0.00;0.00;0.04;0.04;0.04;3.26;7.85;0.90;22.59;18.06;10.96;5.29;0.87;0.84;0.21;0.43;14.71;4.12;3.12;8.98;2.64;0.00;0.00;0.50;0.59;0.00;34.67;28.91;121.38;50.11;5.83;8.40;2.84;6.35;0.12;0.39;0.84;0.94;1.63;0.15;
2.90;18.34;12.09;4.55;6.12;5.01;2.93;0.00;0.00;0.00;0.04;0.04;0.04;3.26;7.85;0.90;22.59;18.06;10.96;5.30;0.87;0.84;0.21;0.43;14.71;4.12;3.12;8.98;2.64;0.00;0.00;0.50;0.59;0.00;71.27;524.57;3636.84;67.23;32.04;8.77;2.94;6.57;0.05;0.17;0.29;0.44;0.84;0.06;
2.90;18.34;12.09;4.55;6.12;5.01;2.93;0.00;0.00;0.00;0.04;0.04;0.04;3.26;7.85;0.90;22.59;18.06;10.96;5.30;0.87;0.85;0.21;0.43;14.47;4.10;3.01;8.89;2.62;0.00;0.00;0.50;0.59;0.00;51.69;144.12;798.98;58.98;14.99;9.03;3.02;6.73;0.16;0.51;1.19;1.21;2.02;0.20;
2.90;18.34;12.09;4.55;6.12;5.01;2.93;0.00;0.00;0.00;0.04;0.04;0.04;3.26;7.85;0.90;22.59;18.06;10.96;5.30;0.87;0.85;0.21;0.43;14.66;4.12;3.10;8.97;2.63;0.00;0.00;0.50;0.59;0.00;42.21;63.79;307.14;54.30;9.28;9.69;3.20;7.12;0.11;0.35;0.74;0.85;1.50;0.13;
2.90;18.34;12.09;4.55;6.12;5.01;2.93;0.00;0.00;0.00;0.04;0.04;0.04;3.26;7.85;0.90;22.59;18.06;10.96;5.30;0.87;0.85;0.21;0.43;14.70;4.12;3.11;8.98;2.64;0.00;0.00;0.50;0.59;0.00;38.72;45.08;204.41;52.42;7.57;9.00;3.01;6.71;0.46;1.35;3.98;2.90;4.34;0.57;
2.90;18.34;12.09;4.55;6.12;5.01;2.93;0.00;0.00;0.00;0.04;0.04;0.04;3.26;7.85;0.90;22.59;18.06;10.96;5.30;0.87;0.85;0.21;0.43;14.47;4.10;3.01;8.89;2.62;0.00;0.00;0.50;0.59;0.00;51.35;140.35;774.53;58.82;14.76;8.37;2.83;6.33;7.78;18.91;105.90;31.32;34.38;9.97;
2.90;18.34;12.09;4.55;6.12;5.01;2.93;0.00;0.00;0.00;0.04;0.04;0.04;3.26;7.85;0.90;22.59;18.06;10.96;5.30;0.87;0.85;0.21;0.43;14.66;4.12;3.10;8.96;2.63;0.00;0.00;0.50;0.59;0.00;65.36;370.24;2416.70;64.90;26.11;10.21;3.35;7.43;0.63;1.79;5.65;3.74;5.41;0.78;
2.90;18.34;12.09;4.55;6.12;5.01;2.93;0.00;0.00;0.00;0.04;0.04;0.04;3.26;7.85;0.90;22.59;18.06;10.96;5.35;0.87;0.86;0.21;0.43;14.82;4.14;3.17;9.02;2.64;0.00;0.00;0.50;0.59;0.00;71.87;542.68;3784.59;67.46;32.69;8.29;2.81;6.28;0.07;0.23;0.45;0.59;1.09;0.09;
2.90;18.34;12.09;4.55;6.12;5.01;2.93;0.00;0.00;0.00;0.04;0.04;0.05;3.26;7.85;0.90;22.59;18.06;10.96;5.39;0.88;0.87;0.21;0.44;14.85;4.14;3.18;9.04;2.65;0.00;0.00;0.50;0.59;0.00;49.35;119.58;641.88;57.87;13.43;6.89;2.40;5.41;0.22;0.66;1.64;1.52;2.48;0.27;
2.90;18.34;12.09;4.55;6.12;5.01;2.93;0.00;0.00;0.00;0.04;0.04;0.04;3.26;7.85;0.90;22.59;18.06;10.96;5.40;0.88;0.87;0.21;0.44;14.74;4.13;3.13;8.99;2.64;0.00;0.00;0.50;0.59;0.00;36.77;36.60;160.04;51.33;6.69;7.62;2.61;5.87;0.45;1.31;3.84;2.82;4.24;0.56;
2.90;18.34;12.09;4.55;6.12;5.01;2.93;0.00;0.00;0.00;0.04;0.04;0.04;3.26;7.85;0.90;22.59;18.06;10.96;5.40;0.88;0.87;0.21;0.44;14.60;4.11;3.07;8.94;2.63;0.00;0.00;0.50;0.59;0.00;35.86;33.12;142.35;50.81;6.31;6.49;2.28;5.16;0.10;0.33;0.70;0.82;1.44;0.13;
2.90;18.34;12.09;4.55;6.12;5.01;2.93;0.00;0.00;0.00;0.04;0.04;0.05;3.26;7.85;0.90;22.59;18.06;10.96;5.40;0.88;0.87;0.21;0.44;14.57;4.11;3.05;8.93;2.63;0.00;0.00;0.50;0.59;0.00;43.76;73.74;364.05;55.10;10.11;7.24;2.50;5.63;0.33;0.98;2.67;2.17;3.37;0.41;
2.90;18.34;12.09;4.55;6.12;5.01;2.93;0.00;0.00;0.00;0.04;0.04;0.05;3.26;7.85;0.90;22.59;18.06;10.96;5.40;0.88;0.87;0.21;0.44;14.68;4.12;3.11;8.97;2.63;0.00;0.00;0.50;0.59;0.00;43.33;70.84;347.31;54.88;9.87;6.61;2.31;5.23;0.19;0.58;1.41;1.36;2.25;0.23;
2.90;18.34;12.09;4.55;6.12;5.01;2.93;0.00;0.00;0.00;0.04;0.04;0.05;3.26;7.85;0.90;22.59;18.06;10.96;5.40;0.88;0.87;0.21;0.44;14.59;4.11;3.06;8.94;2.63;0.00;0.00;0.50;0.59;0.00;48.29;109.61;579.58;57.36;12.76;7.18;2.48;5.59;0.07;0.23;0.45;0.60;1.10;0.09;
2.90;18.34;12.09;4.55;6.12;5.01;2.93;0.00;0.00;0.00;0.04;0.04;0.05;3.26;7.85;0.90;22.59;18.06;10.96;5.40;0.88;0.87;0.21;0.44;14.69;4.12;3.11;8.97;2.64;0.00;0.00;0.50;0.59;0.00;41.89;61.85;296.18;54.13;9.11;8.55;2.88;6.44;0.65;1.84;5.86;3.83;5.53;0.80;
2.90;18.34;12.09;4.55;6.12;5.01;2.93;0.00;0.00;0.00;0.04;0.04;0.05;3.26;7.85;0.90;22.59;18.06;10.96;5.41;0.88;0.87;0.21;0.44;14.70;4.12;3.12;8.98;2.64;0.00;0.00;0.50;0.59;0.00;53.83;169.64;967.36;59.96;16.50;8.02;2.73;6.12;0.74;2.11;6.92;4.33;6.15;0.93;
2.90;18.34;12.09;4.55;6.12;5.01;2.93;0.00;0.00;0.00;0.04;0.04;0.05;3.29;7.87;0.91;22.67;18.10;11.03;5.40;0.88;0.87;0.21;0.44;14.59;4.11;3.06;8.94;2.63;0.00;0.00;0.50;0.59;0.00;60.00;262.43;1613.94;62.67;21.32;7.18;2.48;5.60;0.37;1.10;3.10;2.41;3.70;0.46;
2.90;18.34;12.09;4.55;6.12;5.01;2.93;0.00;0.00;0.00;0.04;0.04;0.05;3.27;7.85;0.91;22.60;18.07;10.98;5.41;0.88;0.87;0.21;0.44;14.57;4.11;3.05;8.93;2.63;0.00;0.00;0.50;0.59;0.00;40.57;54.37;254.61;53.43;8.45;8.18;2.77;6.21;0.09;0.28;0.57;0.71;1.27;0.11;
2.90;18.34;12.09;4.55;6.12;5.01;2.93;0.00;0.00;0.00;0.04;0.04;0.05;3.29;7.87;0.92;22.68;18.10;11.03;5.45;0.88;0.88;0.22;0.44;14.80;4.13;3.16;9.02;2.64;0.00;0.00;0.50;0.59;0.00;49.74;123.48;666.49;58.06;13.68;10.10;3.32;7.36;0.06;0.21;0.40;0.55;1.02;0.08;
2.90;18.34;12.09;4.55;6.12;5.01;2.93;0.00;0.00;0.00;0.04;0.04;0.05;3.27;7.85;0.91;22.60;18.07;10.98;5.47;0.89;0.89;0.22;0.44;14.37;4.08;2.97;8.86;2.61;0.00;0.00;0.50;0.59;0.00;57.30;218.12;1299.17;61.51;19.12;9.91;3.27;7.25;0.08;0.25;0.50;0.64;1.17;0.09;
2.90;18.34;12.09;4.55;6.12;5.01;2.93;0.00;0.00;0.00;0.04;0.04;0.05;3.29;7.87;0.92;22.68;18.10;11.03;5.44;0.88;0.88;0.22;0.44;14.76;4.13;3.14;9.00;2.64;0.00;0.00;0.50;0.59;0.00;44.53;79.08;395.17;55.50;10.53;7.49;2.57;5.79;0.43;1.27;3.69;2.74;4.13;0.54;
2.90;18.34;12.09;4.55;6.12;5.01;2.93;0.00;0.00;0.00;0.04;0.04;0.05;3.33;7.88;0.93;22.78;18.14;11.11;5.49;0.89;0.89;0.22;0.44;14.72;4.12;3.12;8.99;2.64;0.00;0.00;0.50;0.59;0.00;53.41;164.37;932.21;59.77;16.19;9.98;3.29;7.29;0.28;0.84;2.21;1.89;2.99;0.34;
2.90;18.34;12.09;4.55;6.12;5.01;2.93;0.00;0.00;0.00;0.04;0.04;0.05;3.28;7.86;0.91;22.62;18.07;10.99;5.50;0.89;0.89;0.22;0.44;14.71;4.12;3.12;8.98;2.64;0.00;0.00;0.50;0.59;0.00;31.42;19.45;76.23;48.14;4.61;6.95;2.41;5.45;0.35;1.03;2.84;2.27;3.51;0.43;
2.90;18.34;12.09;4.55;6.12;5.01;2.93;0.00;0.00;0.00;0.04;0.04;0.05;3.36;7.90;0.94;22.86;18.18;11.17;5.50;0.89;0.89;0.22;0.44;14.71;4.12;3.12;8.98;2.64;0.00;0.00;0.50;0.59;0.00;41.29;58.38;276.77;53.81;8.81;12.91;4.09;8.97;0.11;0.37;0.78;0.89;1.55;0.14;
2.90;18.34;12.09;4.55;6.12;5.01;2.93;0.00;0.00;0.00;0.04;0.04;0.05;3.31;7.87;0.92;22.73;18.12;11.07;5.50;0.89;0.89;0.22;0.44;14.71;4.12;3.12;8.98;2.64;0.00;0.00;0.50;0.59;0.00;46.87;97.23;503.53;56.67;11.89;7.96;2.71;6.08;0.15;0.48;1.10;1.14;1.93;0.19;
2.90;18.34;12.09;4.55;6.12;5.01;2.93;0.00;0.00;0.00;0.04;0.04;0.05;3.43;7.93;0.97;23.06;18.26;11.33;5.50;0.89;0.89;0.22;0.44;14.71;4.12;3.12;8.98;2.64;0.00;0.00;0.50;0.59;0.00;35.79;32.86;141.06;50.77;6.28;7.59;2.60;5.85;0.33;0.98;2.65;2.16;3.36;0.40;
2.90;18.34;12.09;4.55;6.12;5.01;2.93;0.00;0.00;0.00;0.04;0.04;0.05;3.39;7.91;0.95;22.94;18.21;11.24;5.50;0.89;0.89;0.22;0.44;14.71;4.12;3.12;8.98;2.64;0.00;0.00;0.50;0.59;0.00;29.58;15.26;57.35;46.97;4.00;9.89;3.26;7.24;0.39;1.14;3.23;2.49;3.80;0.48;
2.90;18.34;12.09;4.55;6.12;5.01;2.93;0.00;0.00;0.00;0.04;0.04;0.05;3.32;7.88;0.93;22.74;18.13;11.09;5.48;0.89;0.89;0.22;0.44;14.83;4.14;3.17;9.03;2.65;0.00;0.00;0.50;0.59;0.00;46.78;96.44;498.75;56.62;11.83;9.97;3.28;7.29;0.20;0.62;1.51;1.43;2.35;0.25;
2.90;18.34;12.09;4.55;6.12;5.01;2.93;0.00;0.00;0.00;0.04;0.04;0.05;3.27;7.86;0.91;22.62;18.07;10.99;5.41;0.88;0.87;0.21;0.44;14.73;4.13;3.13;8.99;2.64;0.00;0.00;0.50;0.59;0.00;87.67;1206.62;9662.96;73.15;52.30;9.43;3.13;6.97;0.33;0.98;2.68;2.18;3.38;0.41;
2.90;18.34;12.09;4.55;6.12;5.01;2.93;0.00;0.00;0.00;0.04;0.04;0.05;3.27;7.85;0.90;22.59;18.06;10.97;5.34;0.87;0.86;0.21;0.43;14.60;4.11;3.07;8.94;2.63;0.00;0.00;0.50;0.59;0.00;33.63;25.56;105.03;49.49;5.42;9.76;3.22;7.17;2.33;6.12;26.04;11.32;14.19;2.94;
2.90;18.34;12.09;4.55;6.12;5.01;2.93;0.00;0.00;0.00;0.04;0.04;0.05;3.26;7.85;0.90;22.59;18.06;10.96;5.31;0.87;0.85;0.21;0.43;14.69;4.12;3.11;8.97;2.64;0.00;0.00;0.50;0.60;0.00;35.50;31.80;135.72;50.60;6.16;9.11;3.04;6.78;0.26;0.80;2.07;1.80;2.87;0.33;
2.90;18.34;12.09;4.55;6.12;5.01;2.93;0.00;0.00;0.00;0.04;0.04;0.04;3.26;7.85;0.90;22.59;18.06;10.96;5.22;0.86;0.83;0.21;0.43;14.47;4.10;3.01;8.89;2.62;0.00;0.00;0.50;0.60;0.00;55.96;198.30;1161.79;60.92;18.08;9.51;3.15;7.02;0.14;0.46;1.03;1.09;1.85;0.18;
2.90;18.34;12.09;4.55;6.12;5.01;2.93;0.00;0.00;0.00;0.04;0.04;0.04;3.26;7.85;0.90;22.59;18.06;10.96;5.21;0.86;0.82;0.21;0.43;14.66;4.12;3.10;8.96;2.63;0.00;0.00;0.50;0.60;0.00;52.56;154.11;864.36;59.38;15.59;6.97;2.42;5.46;0.24;0.74;1.88;1.68;2.71;0.30;
2.90;18.34;12.09;4.55;6.12;5.01;2.93;0.00;0.00;0.00;0.04;0.04;0.04;3.26;7.85;0.90;22.59;18.06;10.96;5.19;0.86;0.82;0.21;0.43;14.35;4.08;2.96;8.85;2.61;0.00;0.00;0.50;0.60;0.00;41.97;62.34;298.97;54.17;9.16;5.97;2.12;4.82;1.22;3.34;12.24;6.54;8.81;1.53;
2.90;18.34;12.09;4.55;6.12;5.01;2.93;0.00;0.00;0.00;0.04;0.04;0.04;3.17;7.80;0.87;22.32;17.94;10.76;5.13;0.85;0.80;0.20;0.42;14.52;4.10;3.03;8.91;2.62;0.00;0.00;0.50;0.60;0.00;37.40;39.20;173.49;51.68;6.97;5.86;2.09;4.75;0.19;0.59;1.43;1.38;2.27;0.24;
2.90;18.34;12.09;4.55;6.12;5.01;2.93;0.00;0.00;0.00;0.04;0.04;0.04;3.13;7.78;0.85;22.19;17.88;10.65;5.04;0.85;0.78;0.20;0.42;14.67;4.12;3.10;8.97;2.63;0.00;0.00;0.50;0.59;0.00;20.31;3.36;9.72;40.29;1.64;6.86;2.39;5.39;0.32;0.95;2.58;2.11;3.30;0.39;
2.90;18.34;12.09;4.55;6.12;5.01;2.93;0.00;0.00;0.00;0.04;0.04;0.04;3.09;7.76;0.83;22.07;17.83;10.56;5.02;0.84;0.78;0.20;0.42;14.23;4.07;2.91;8.80;2.60;0.00;0.00;0.50;0.59;0.00;44.02;75.50;374.26;55.24;10.25;10.85;3.53;7.80;0.32;0.96;2.60;2.12;3.31;0.40;
2.90;18.30;12.07;4.54;6.11;5.00;2.93;0.00;0.00;0.00;0.04;0.04;0.04;3.14;7.79;0.85;22.22;17.90;10.68;5.02;0.84;0.78;0.20;0.42;14.15;4.06;2.87;8.77;2.60;0.00;0.00;0.50;0.59;0.00;66.25;390.91;2575.69;65.25;26.95;11.32;3.66;8.07;0.07;0.23;0.45;0.60;1.10;0.09;
2.90;18.33;12.09;4.55;6.12;5.01;2.93;0.00;0.00;0.00;0.04;0.04;0.04;3.12;7.78;0.85;22.16;17.87;10.64;5.02;0.84;0.78;0.20;0.42;14.24;4.07;2.91;8.81;2.60;0.00;0.00;0.50;0.59;0.00;62.05;300.37;1890.92;63.53;23.08;8.27;2.80;6.27;2.36;6.19;26.42;11.43;14.32;2.98;
2.90;18.34;12.09;4.55;6.12;5.01;2.93;0.00;0.00;0.00;0.04;0.04;0.04;3.09;7.76;0.83;22.07;17.83;10.56;4.94;0.84;0.76;0.20;0.42;14.38;4.09;2.97;8.86;2.61;0.00;0.00;0.50;0.60;0.00;59.65;256.31;1569.82;62.52;21.03;10.75;3.50;7.74;0.59;1.69;5.27;3.55;5.18;0.73;
2.90;18.34;12.09;4.55;6.12;5.01;2.93;0.00;0.00;0.00;0.04;0.04;0.04;3.08;7.76;0.83;22.05;17.82;10.55;4.93;0.84;0.76;0.20;0.42;14.52;4.10;3.03;8.91;2.62;0.00;0.00;0.50;0.59;0.00;94.14;1606.67;13520.34;75.31;61.90;13.27;4.19;9.17;0.18;0.55;1.31;1.29;2.15;0.22;
2.90;18.34;12.09;4.55;6.12;5.01;2.93;0.00;0.00;0.00;0.04;0.04;0.04;3.08;7.76;0.83;22.04;17.82;10.54;4.93;0.84;0.75;0.20;0.42;14.09;4.05;2.85;8.75;2.59;0.00;0.00;0.50;0.59;0.00;41.04;56.94;268.79;53.68;8.68;8.93;2.99;6.67;0.96;2.67;9.27;5.35;7.39;1.20;
2.90;18.34;12.09;4.55;6.12;5.01;2.93;0.00;0.00;0.00;0.04;0.04;0.04;3.08;7.76;0.83;22.04;17.82;10.54;4.93;0.84;0.75;0.20;0.42;14.12;4.05;2.86;8.76;2.59;0.00;0.00;0.50;0.59;0.00;62.33;305.93;1932.02;63.65;23.33;8.42;2.84;6.36;0.17;0.53;1.24;1.24;2.08;0.21;
2.90;18.34;12.09;4.55;6.12;5.01;2.93;0.00;0.00;0.00;0.04;0.04;0.04;3.08;7.76;0.83;22.04;17.82;10.54;4.87;0.83;0.74;0.19;0.41;14.12;4.05;2.86;8.76;2.59;0.00;0.00;0.50;0.59;0.00;29.22;14.53;54.17;46.74;3.89;6.98;2.42;5.47;0.18;0.55;1.29;1.28;2.13;0.22;
2.90;18.34;12.09;4.55;6.12;5.01;2.93;0.00;0.00;0.00;0.04;0.04;0.04;3.08;7.76;0.83;22.04;17.82;10.54;4.84;0.83;0.73;0.19;0.41;14.12;4.05;2.86;8.76;2.59;0.00;0.00;0.50;0.59;0.00;31.57;19.82;77.94;48.23;4.67;6.86;2.39;5.39;0.06;0.20;0.38;0.53;0.98;0.07;
2.90;18.30;12.07;4.54;6.11;5.00;2.93;0.00;0.00;0.00;0.04;0.04;0.04;3.08;7.76;0.83;22.04;17.82;10.54;4.84;0.83;0.73;0.19;0.41;14.12;4.05;2.86;8.76;2.59;0.00;0.00;0.50;0.59;0.00;39.46;48.67;223.58;52.83;7.91;9.69;3.20;7.12;0.28;0.85;2.24;1.91;3.02;0.35;
2.90;18.33;12.09;4.55;6.12;5.01;2.93;0.00;0.00;0.00;0.04;0.04;0.04;3.08;7.76;0.83;22.04;17.82;10.54;4.84;0.83;0.73;0.19;0.41;13.90;4.03;2.76;8.67;2.58;0.00;0.00;0.50;0.59;0.00;48.66;113.01;600.69;57.54;12.99;12.25;3.91;8.60;1.13;3.10;11.18;6.13;8.32;1.41;
2.90;18.34;12.09;4.55;6.12;5.01;2.93;0.00;0.00;0.00;0.04;0.04;0.04;3.08;7.76;0.83;22.04;17.82;10.54;4.84;0.83;0.73;0.19;0.41;14.31;4.08;2.94;8.83;2.61;0.00;0.00;0.50;0.59;0.00;62.45;308.34;1949.93;63.70;23.44;7.58;2.60;5.85;0.23;0.70;1.75;1.59;2.58;0.28;
2.90;18.34;12.09;4.55;6.12;5.01;2.93;0.00;0.00;0.00;0.04;0.04;0.04;3.08;7.76;0.83;22.04;17.82;10.54;4.79;0.82;0.72;0.19;0.41;14.05;4.05;2.83;8.73;2.59;0.00;0.00;0.50;0.59;0.00;51.97;147.26;819.45;59.11;15.18;9.00;3.01;6.71;0.07;0.23;0.45;0.59;1.09;0.09;
2.90;18.34;12.09;4.55;6.12;5.01;2.93;0.00;0.00;0.00;0.04;0.04;0.04;3.08;7.76;0.83;22.04;17.82;10.54;4.81;0.82;0.73;0.19;0.41;13.99;4.04;2.81;8.71;2.59;0.00;0.00;0.50;0.59;0.00;32.02;21.00;83.40;48.51;4.83;6.67;2.33;5.27;0.16;0.50;1.14;1.17;1.97;0.19;
2.90;18.34;12.09;4.55;6.12;5.01;2.93;0.00;0.00;0.00;0.04;0.04;0.04;3.08;7.76;0.83;22.04;17.82;10.54;4.82;0.83;0.73;0.19;0.41;14.33;4.08;2.95;8.84;2.61;0.00;0.00;0.50;0.59;0.00;51.68;144.03;798.41;58.97;14.98;6.67;2.33;5.27;0.19;0.57;1.38;1.34;2.22;0.23;
2.90;18.30;12.07;4.54;6.11;5.00;2.93;0.00;0.00;0.00;0.04;0.04;0.04;3.08;7.76;0.83;22.04;17.82;10.54;4.79;0.82;0.72;0.19;0.41;14.40;4.09;2.98;8.86;2.61;0.00;0.00;0.50;0.59;0.00;44.04;75.65;375.10;55.25;10.26;10.15;3.33;7.39;0.22;0.67;1.67;1.54;2.51;0.27;
2.90;18.29;12.07;4.54;6.11;5.00;2.93;0.00;0.00;0.00;0.04;0.04;0.04;3.08;7.76;0.83;22.04;17.82;10.54;4.76;0.82;0.71;0.19;0.41;14.18;4.06;2.88;8.78;2.60;0.00;0.00;0.50;0.59;0.00;55.09;186.24;1079.35;60.53;17.43;9.84;3.24;7.21;0.31;0.93;2.50;2.07;3.23;0.38;
2.90;18.29;12.07;4.54;6.11;5.00;2.93;0.00;0.00;0.00;0.04;0.04;0.04;3.08;7.76;0.83;22.04;17.82;10.54;4.75;0.82;0.71;0.19;0.41;14.37;4.08;2.97;8.85;2.61;0.00;0.00;0.50;0.59;0.00;53.50;165.48;939.60;59.81;16.26;10.03;3.30;7.32;0.18;0.55;1.29;1.28;2.13;0.22;
2.89;18.20;12.02;4.52;6.08;4.98;2.92;0.00;0.00;0.00;0.04;0.04;0.04;3.08;7.76;0.83;22.04;17.82;10.54;4.75;0.82;0.71;0.19;0.41;14.17;4.06;2.88;8.78;2.60;0.00;0.00;0.50;0.59;0.00;68.73;453.36;3064.79;66.24;29.41;10.00;3.29;7.30;0.64;1.82;5.78;3.80;5.49;0.79;
2.89;18.23;12.03;4.53;6.09;4.99;2.92;0.00;0.00;0.00;0.04;0.04;0.04;3.08;7.76;0.83;22.04;17.82;10.54;4.75;0.82;0.71;0.19;0.41;14.13;4.06;2.87;8.76;2.60;0.00;0.00;0.50;0.59;0.00;58.04;229.63;1379.93;61.83;19.71;7.35;2.53;5.70;1.12;3.09;11.14;6.11;8.30;1.41;
2.88;18.19;12.02;4.52;6.08;4.98;2.92;0.00;0.00;0.00;0.04;0.04;0.04;3.08;7.76;0.83;22.04;17.82;10.54;4.75;0.82;0.71;0.19;0.41;14.13;4.06;2.86;8.76;2.60;0.00;0.00;0.50;0.60;0.00;83.13;974.36;7519.48;71.59;46.12;7.15;2.47;5.58;0.97;2.70;9.42;5.41;7.47;1.22;
2.88;18.18;12.01;4.52;6.08;4.98;2.92;0.00;0.00;0.00;0.04;0.04;0.04;3.08;7.76;0.83;22.04;17.82;10.54;4.75;0.82;0.71;0.19;0.41;14.24;4.07;2.91;8.80;2.60;0.00;0.00;0.50;0.60;0.00;74.51;627.12;4484.31;68.46;35.59;8.81;2.96;6.60;0.43;1.27;3.68;2.73;4.13;0.54;
2.88;18.14;11.99;4.51;6.06;4.97;2.91;0.00;0.00;0.00;0.04;0.04;0.04;3.05;7.74;0.82;21.96;17.78;10.48;4.68;0.81;0.70;0.19;0.40;14.26;4.07;2.92;8.81;2.60;0.00;0.01;0.50;0.60;0.00;40.97;56.60;266.90;53.64;8.65;9.12;3.04;6.78;0.14;0.44;0.99;1.05;1.80;0.17;
2.89;18.22;12.03;4.53;6.09;4.98;2.92;0.00;0.00;0.00;0.04;0.04;0.04;3.08;7.75;0.83;22.03;17.81;10.53;4.67;0.81;0.69;0.19;0.40;14.15;4.06;2.87;8.77;2.60;0.00;0.01;0.50;0.60;0.00;39.37;48.19;221.03;52.78;7.87;9.12;3.04;6.79;0.21;0.64;1.59;1.49;2.43;0.26;
2.89;18.23;12.04;4.53;6.09;4.99;2.92;0.00;0.00;0.00;0.04;0.04;0.04;3.08;7.76;0.83;22.04;17.82;10.54;4.66;0.81;0.69;0.19;0.40;14.24;4.07;2.91;8.81;2.60;0.00;0.00;0.50;0.60;0.00;60.01;262.69;1615.75;62.68;21.33;10.90;3.54;7.83;0.10;0.33;0.70;0.82;1.45;0.13;
2.88;18.19;12.02;4.52;6.08;4.98;2.92;0.00;0.00;0.00;0.04;0.04;0.04;3.08;7.76;0.83;22.04;17.82;10.54;4.73;0.82;0.71;0.19;0.41;14.38;4.09;2.97;8.86;2.61;0.00;0.01;0.50;0.60;0.00;48.64;112.87;599.79;57.53;12.98;8.35;2.82;6.32;0.53;1.55;4.71;3.27;4.82;0.67;
2.87;18.10;11.97;4.50;6.05;4.96;2.91;0.00;0.00;0.00;0.04;0.04;0.04;3.08;7.76;0.83;22.04;17.82;10.54;4.70;0.81;0.70;0.19;0.41;14.06;4.05;2.83;8.74;2.59;0.00;0.00;0.50;0.60;0.00;34.04;26.84;111.23;49.74;5.58;8.16;2.77;6.21;0.06;0.20;0.37;0.51;0.96;0.07;
2.88;18.12;11.98;4.50;6.06;4.96;2.91;0.00;0.00;0.00;0.04;0.04;0.04;3.08;7.76;0.83;22.04;17.82;10.54;4.70;0.81;0.70;0.19;0.41;14.23;4.07;2.91;8.80;2.60;0.00;0.01;0.50;0.60;0.00;42.92;68.18;332.06;54.67;9.65;9.65;3.19;7.10;0.07;0.22;0.41;0.55;1.03;0.08;
2.87;18.09;11.96;4.50;6.05;4.96;2.91;0.00;0.00;0.00;0.04;0.04;0.04;3.08;7.76;0.83;22.04;17.82;10.54;4.68;0.81;0.70;0.19;0.40;14.14;4.06;2.87;8.77;2.60;0.00;0.00;0.50;0.60;0.00;50.67;132.98;727.01;58.50;14.29;5.72;2.05;4.66;0.37;1.11;3.11;2.42;3.71;0.46;
2.88;18.12;11.98;4.50;6.06;4.96;2.91;0.00;0.00;0.00;0.04;0.04;0.04;3.05;7.74;0.82;21.96;17.78;10.48;4.67;0.81;0.69;0.19;0.40;14.36;4.08;2.96;8.85;2.61;0.00;0.01;0.50;0.60;0.00;52.97;158.97;896.38;59.57;15.88;6.16;2.18;4.95;0.21;0.65;1.59;1.49;2.43;0.26;
2.88;18.13;11.98;4.51;6.06;4.97;2.91;0.00;0.00;0.00;0.04;0.04;0.04;3.05;7.74;0.82;21.94;17.77;10.46;4.66;0.81;0.69;0.19;0.40;14.17;4.06;2.88;8.78;2.60;0.00;0.01;0.50;0.60;0.00;84.39;1035.33;8074.42;72.03;47.80;10.31;3.38;7.49;0.16;0.51;1.18;1.20;2.01;0.20;
2.87;18.09;11.96;4.50;6.05;4.96;2.91;0.00;0.00;0.00;0.04;0.04;0.04;3.05;7.74;0.82;21.94;17.77;10.46;4.66;0.81;0.69;0.19;0.40;14.13;4.06;2.87;8.76;2.60;0.00;0.00;0.50;0.60;0.00;48.17;108.53;572.85;57.30;12.68;8.43;2.85;6.37;1.21;3.31;12.12;6.50;8.76;1.51;
2.87;18.08;11.96;4.49;6.05;4.96;2.90;0.00;0.00;0.00;0.04;0.04;0.04;3.05;7.74;0.82;21.94;17.77;10.46;4.66;0.81;0.69;0.19;0.40;14.01;4.04;2.81;8.72;2.59;0.00;0.01;0.50;0.60;0.00;37.76;40.74;181.48;51.89;7.13;10.04;3.30;7.33;1.97;5.24;21.49;9.85;12.57;2.49;
2.87;18.08;11.96;4.49;6.05;4.96;2.90;0.00;0.00;0.00;0.04;0.04;0.04;3.07;7.75;0.83;22.02;17.81;10.53;4.66;0.81;0.69;0.19;0.40;14.45;4.09;3.00;8.88;2.62;0.00;0.00;0.50;0.60;0.00;45.26;84.43;426.69;55.86;10.94;8.06;2.74;6.14;0.31;0.94;2.52;2.08;3.25;0.39;
2.87;18.08;11.96;4.49;6.05;4.96;2.90;0.00;0.00;0.00;0.04;0.04;0.04;3.05;7.74;0.82;21.95;17.78;10.47;4.66;0.81;0.69;0.19;0.40;14.19;4.06;2.89;8.78;2.60;0.00;0.00;0.50;0.60;0.00;27.36;11.15;39.68;45.50;3.33;7.31;2.52;5.68;0.12;0.38;0.83;0.93;1.61;0.15;
2.87;18.08;11.96;4.49;6.05;4.96;2.90;0.00;0.00;0.00;0.04;0.04;0.04;2.97;7.69;0.78;21.69;17.66;10.27;4.66;0.81;0.69;0.19;0.40;14.25;4.07;2.92;8.81;2.60;0.00;0.00;0.50;0.60;0.00;31.52;19.70;77.38;48.20;4.65;7.05;2.44;5.51;0.32;0.97;2.63;2.15;3.34;0.40;
2.87;18.08;11.96;4.49;6.05;4.96;2.90;0.00;0.00;0.00;0.04;0.04;0.04;2.98;7.70;0.79;21.72;17.68;10.29;4.66;0.81;0.69;0.19;0.40;14.38;4.09;2.97;8.86;2.61;0.00;0.00;0.50;0.60;0.00;23.93;6.50;21.08;43.08;2.42;10.08;3.31;7.36;0.15;0.47;1.08;1.12;1.91;0.18;
2.87;18.08;11.96;4.49;6.05;4.96;2.90;0.00;0.00;0.00;0.04;0.04;0.04;3.00;7.71;0.80;21.81;17.72;10.36;4.66;0.81;0.69;0.19;0.40;14.29;4.07;2.93;8.82;2.61;0.00;0.00;0.50;0.60;0.00;22.24;4.85;14.93;41.81;2.04;10.54;3.44;7.62;0.29;0.87;2.31;1.95;3.07;0.36;
2.87;18.08;11.96;4.49;6.05;4.96;2.90;0.00;0.00;0.00;0.04;0.04;0.04;2.93;7.67;0.77;21.57;17.61;10.18;4.66;0.81;0.69;0.19;0.40;14.39;4.09;2.98;8.86;2.61;0.00;0.00;0.50;0.59;0.00;34.61;28.71;120.39;50.08;5.80;6.08;2.16;4.89;0.78;2.21;7.35;4.52;6.39;0.98;
2.87;18.08;11.96;4.49;6.05;4.96;2.90;0.00;0.00;0.00;0.04;0.04;0.04;2.94;7.68;0.77;21.61;17.63;10.21;4.66;0.81;0.69;0.19;0.40;14.52;4.10;3.04;8.91;2.62;0.00;0.00;0.50;0.59;0.00;35.25;30.90;131.22;50.45;6.06;7.85;2.68;6.01;3.62;9.26;43.56;16.44;19.63;4.60;
2.87;18.08;11.96;4.49;6.05;4.96;2.90;0.00;0.00;0.00;0.04;0.04;0.04;2.92;7.67;0.76;21.53;17.59;10.15;4.66;0.81;0.69;0.19;0.40;14.09;4.05;2.85;8.75;2.59;0.00;0.00;0.50;0.60;0.00;51.17;138.40;761.92;58.73;14.63;9.55;3.16;7.04;0.20;0.60;1.46;1.40;2.31;0.24;
2.87;18.08;11.96;4.49;6.05;4.96;2.90;0.00;0.00;0.00;0.04;0.04;0.04;2.94;7.68;0.77;21.60;17.62;10.21;4.66;0.81;0.69;0.19;0.40;14.12;4.05;2.86;8.76;2.59;0.00;0.00;0.50;0.60;0.00;33.37;24.78;101.30;49.34;5.32;10.37;3.39;7.52;0.10;0.31;0.64;0.77;1.36;0.12;
2.87;18.08;11.96;4.49;6.05;4.96;2.90;0.00;0.00;0.00;0.04;0.04;0.04;3.02;7.73;0.81;21.87;17.74;10.41;4.76;0.82;0.72;0.19;0.41;14.12;4.05;2.86;8.76;2.59;0.00;0.00;0.50;0.60;0.00;32.36;21.90;87.61;48.72;4.95;12.93;4.10;8.99;0.20;0.62;1.50;1.43;2.34;0.25;
2.88;18.12;11.98;4.50;6.06;4.96;2.91;0.00;0.00;0.00;0.04;0.04;0.04;3.07;7.75;0.82;22.01;17.80;10.52;4.89;0.83;0.75;0.20;0.41;14.24;4.07;2.91;8.80;2.60;0.00;0.00;0.50;0.60;0.00;41.89;61.88;296.34;54.13;9.11;11.63;3.74;8.25;0.04;0.14;0.23;0.37;0.72;0.05;
2.88;18.17;12.00;4.51;6.07;4.97;2.91;0.00;0.00;0.00;0.04;0.04;0.04;3.08;7.75;0.83;22.04;17.82;10.54;4.92;0.83;0.75;0.20;0.42;14.26;4.07;2.92;8.81;2.60;0.00;0.01;0.50;0.60;0.00;55.44;190.96;1111.53;60.68;17.69;8.15;2.77;6.20;0.33;0.99;2.71;2.19;3.40;0.41;
2.88;18.18;12.01;4.52;6.08;4.98;2.92;0.00;0.00;0.00;0.03;0.04;0.04;3.08;7.76;0.83;22.04;17.82;10.54;4.92;0.84;0.75;0.20;0.42;14.38;4.09;2.97;8.86;2.61;0.00;0.01;0.50;0.60;0.00;69.98;487.50;3337.29;66.73;30.69;9.01;3.01;6.72;0.19;0.59;1.42;1.37;2.27;0.23;
2.87;18.10;11.97;4.50;6.05;4.96;2.91;0.00;0.00;0.00;0.03;0.04;0.04;3.08;7.76;0.83;22.04;17.82;10.54;4.93;0.84;0.75;0.20;0.42;14.18;4.06;2.88;8.78;2.60;0.00;0.01;0.50;0.60;0.00;34.72;29.07;122.15;50.14;5.84;9.46;3.14;6.99;3.01;7.78;35.09;14.05;17.13;3.81;
2.87;18.08;11.96;4.50;6.05;4.96;2.90;0.00;0.00;0.00;0.04;0.04;0.04;3.08;7.76;0.83;22.04;17.82;10.54;4.90;0.83;0.75;0.20;0.41;14.13;4.06;2.87;8.76;2.60;0.00;0.01;0.50;0.60;0.00;47.11;99.24;515.75;56.79;12.03;9.69;3.20;7.12;0.54;1.56;4.75;3.29;4.85;0.67;
2.88;18.12;11.98;4.50;6.06;4.96;2.91;0.00;0.00;0.00;0.03;0.04;0.04;3.08;7.76;0.83;22.04;17.82;10.54;4.92;0.84;0.75;0.20;0.42;14.24;4.07;2.91;8.81;2.60;0.00;0.01;0.50;0.60;0.00;43.44;71.60;351.68;54.94;9.93;8.03;2.73;6.12;0.34;1.02;2.82;2.25;3.49;0.43;
2.89;18.21;12.03;4.52;6.08;4.98;2.92;0.00;0.00;0.00;0.03;0.04;0.04;3.08;7.76;0.83;22.04;17.82;10.54;4.94;0.84;0.76;0.20;0.42;14.26;4.07;2.92;8.81;2.60;0.00;0.01;0.50;0.60;0.00;33.73;25.88;106.59;49.55;5.46;6.02;2.14;4.86;0.14;0.43;0.96;1.03;1.76;0.17;
2.90;18.31;12.08;4.55;6.12;5.00;2.93;0.00;0.00;0.00;0.03;0.04;0.04;3.08;7.76;0.83;22.04;17.82;10.54;5.00;0.84;0.77;0.20;0.42;14.27;4.07;2.92;8.82;2.61;0.00;0.01;0.50;0.60;0.00;83.12;974.07;7516.87;71.58;46.11;4.78;1.76;4.03;0.15;0.47;1.07;1.12;1.90;0.18;
2.89;18.25;12.05;4.53;6.10;4.99;2.92;0.00;0.00;0.00;0.04;0.04;0.04;3.08;7.76;0.83;22.04;17.82;10.54;5.13;0.86;0.80;0.20;0.43;14.38;4.09;2.97;8.86;2.61;0.00;0.01;0.50;0.60;0.00;84.44;1037.44;8093.70;72.04;47.86;8.84;2.96;6.61;0.15;0.48;1.10;1.14;1.92;0.19;
2.89;18.28;12.06;4.54;6.10;5.00;2.93;0.00;0.00;0.00;0.03;0.04;0.04;3.08;7.76;0.83;22.04;17.82;10.54;5.25;0.87;0.83;0.21;0.43;14.53;4.10;3.04;8.91;2.62;0.00;0.01;0.50;0.60;0.00;74.01;610.38;4344.22;68.27;35.03;9.22;3.07;6.84;0.09;0.29;0.59;0.72;1.29;0.11;
2.90;18.33;12.09;4.55;6.12;5.00;2.93;0.00;0.00;0.00;0.03;0.04;0.04;3.14;7.79;0.85;22.22;17.90;10.68;5.37;0.88;0.86;0.21;0.44;14.67;4.12;3.10;8.97;2.63;0.00;0.01;0.50;0.60;0.00;51.60;143.08;792.22;58.93;14.92;5.61;2.01;4.59;0.28;0.83;2.18;1.87;2.96;0.34;
2.90;18.34;12.09;4.55;6.12;5.01;2.93;0.00;0.00;0.00;0.04;0.04;0.04;3.24;7.84;0.89;22.51;18.02;10.90;5.39;0.88;0.87;0.21;0.44;14.47;4.10;3.01;8.89;2.62;0.00;0.01;0.50;0.60;0.00;44.12;76.18;378.22;55.29;10.30;7.55;2.59;5.83;0.74;2.09;6.85;4.29;6.11;0.92;
2.90;18.34;12.09;4.55;6.12;5.01;2.93;0.00;0.00;0.00;0.04;0.04;0.04;3.26;7.85;0.90;22.57;18.05;10.95;5.40;0.88;0.87;0.21;0.44;14.54;4.10;3.04;8.92;2.62;0.00;0.01;0.50;0.60;0.00;33.29;24.55;100.18;49.29;5.29;9.25;3.08;6.86;0.16;0.50;1.17;1.19;2.00;0.20;
2.90;18.34;12.09;4.55;6.12;5.01;2.93;0.00;0.00;0.00;0.03;0.04;0.04;3.23;7.83;0.89;22.49;18.02;10.89;5.40;0.88;0.87;0.21;0.44;14.56;4.11;3.05;8.93;2.63;0.00;0.01;0.50;0.60;0.00;49.80;124.04;670.03;58.09;13.72;8.79;2.95;6.58;0.63;1.81;5.73;3.77;5.46;0.79;
2.90;18.34;12.09;4.55;6.12;5.01;2.93;0.00;0.00;0.00;0.04;0.04;0.04;3.26;7.85;0.90;22.57;18.05;10.95;5.35;0.88;0.86;0.21;0.43;14.32;4.08;2.95;8.84;2.61;0.00;0.01;0.50;0.60;0.00;47.24;100.33;522.42;56.85;12.11;9.34;3.10;6.91;2.09;5.53;22.98;10.34;13.11;2.64;
2.90;18.34;12.09;4.55;6.12;5.01;2.93;0.00;0.00;0.00;0.04;0.04;0.04;3.20;7.82;0.88;22.41;17.98;10.82;5.31;0.87;0.85;0.21;0.43;14.51;4.10;3.03;8.91;2.62;0.00;0.01;0.50;0.60;0.00;42.95;68.40;333.29;54.68;9.67;8.45;2.85;6.38;1.24;3.41;12.58;6.67;8.96;1.56;
2.90;18.34;12.09;4.55;6.12;5.01;2.93;0.00;0.00;0.00;0.03;0.04;0.04;3.19;7.81;0.87;22.37;17.97;10.80;5.30;0.87;0.85;0.21;0.43;14.43;4.09;3.00;8.88;2.62;0.00;0.01;0.50;0.60;0.00;38.87;45.77;208.07;52.50;7.63;6.64;2.32;5.26;0.30;0.91;2.45;2.04;3.19;0.38;
2.90;18.34;12.09;4.55;6.12;5.01;2.93;0.00;0.00;0.00;0.03;0.04;0.04;3.25;7.84;0.90;22.54;18.04;10.93;5.38;0.88;0.87;0.21;0.44;14.65;4.12;3.09;8.96;2.63;0.00;0.01;0.50;0.60;0.00;34.38;27.93;116.54;49.94;5.71;6.71;2.34;5.30;0.76;2.16;7.11;4.41;6.26;0.95;
2.90;18.34;12.09;4.55;6.12;5.01;2.93;0.00;0.00;0.00;0.03;0.04;0.04;3.26;7.85;0.90;22.58;18.05;10.96;5.39;0.88;0.87;0.21;0.44;14.70;4.12;3.11;8.98;2.64;0.00;0.01;0.50;0.60;0.00;39.36;48.14;220.75;52.77;7.86;12.42;3.96;8.70;0.41;1.22;3.51;2.64;4.00;0.51;
2.90;18.30;12.07;4.54;6.11;5.00;2.93;0.00;0.00;0.00;0.03;0.04;0.04;3.26;7.85;0.90;22.58;18.06;10.96;5.40;0.88;0.87;0.21;0.44;14.71;4.12;3.12;8.98;2.64;0.00;0.01;0.50;0.60;0.00;39.31;47.91;219.51;52.75;7.84;7.06;2.45;5.52;0.20;0.63;1.54;1.45;2.38;0.25;
2.90;18.33;12.09;4.55;6.12;5.01;2.93;0.00;0.00;0.00;0.03;0.04;0.04;3.26;7.85;0.90;22.58;18.06;10.96;5.40;0.88;0.87;0.21;0.44;14.71;4.12;3.12;8.98;2.64;0.00;0.01;0.50;0.60;0.00;69.55;475.33;3239.78;66.56;30.24;6.02;2.14;4.86;0.28;0.84;2.21;1.89;2.99;0.34;
2.90;18.34;12.09;4.55;6.12;5.01;2.93;0.00;0.00;0.00;0.03;0.04;0.04;3.26;7.85;0.90;22.58;18.06;10.96;5.40;0.88;0.87;0.21;0.44;14.71;4.12;3.12;8.98;2.64;0.00;0.01;0.50;0.60;0.00;31.56;19.80;77.87;48.23;4.66;6.46;2.27;5.14;0.06;0.20;0.36;0.51;0.96;0.07;
