4.59;34.78;19.98;8.11;10.82;7.90;4.68;0.00;0.00;0.00;0.08;0.07;0.08;60.90;14.55;69.45;78.12;35.56;80.28;12.91;1.43;3.37;0.47;0.70;54.99;7.12;50.71;20.28;4.43;0.02;0.05;0.70;0.81;0.01;103.97;2396.47;21611.65;78.42;78.31;14.10;4.41;9.64;0.17;0.54;1.28;1.27;2.12;0.21;
3.11;20.23;13.06;4.98;6.68;5.37;3.15;0.00;0.00;0.00;0.04;0.04;0.04;5.27;8.68;1.84;27.67;20.18;15.19;5.55;0.89;0.91;0.22;0.44;18.26;4.51;4.93;10.27;2.87;0.00;0.01;0.53;0.63;0.00;83.05;970.40;7483.65;71.56;46.01;7.53;2.58;5.81;0.03;0.11;0.17;0.30;0.60;0.04;
2.90;18.36;12.10;4.56;6.13;5.01;2.94;0.00;0.00;0.00;0.04;0.04;0.04;3.42;7.93;0.97;23.05;18.26;11.33;4.77;0.82;0.72;0.19;0.41;14.98;4.15;3.24;9.08;2.66;0.00;0.01;0.50;0.60;0.00;53.93;170.94;976.06;60.01;16.57;6.48;2.28;5.15;0.08;0.25;0.49;0.64;1.16;0.09;
2.86;17.97;11.90;4.47;6.01;4.93;2.89;0.00;0.00;0.00;0.03;0.04;0.04;3.12;7.78;0.84;22.15;17.87;10.63;4.61;0.81;0.68;0.19;0.40;13.94;4.03;2.78;8.69;2.58;0.00;0.00;0.50;0.60;0.00;42.04;62.75;301.25;54.21;9.19;7.10;2.46;5.54;0.02;0.07;0.10;0.20;0.43;0.02;
2.85;17.93;11.88;4.46;6.00;4.93;2.89;0.00;0.00;0.00;0.03;0.04;0.04;3.06;7.74;0.82;21.98;17.79;10.49;4.60;0.80;0.68;0.18;0.40;13.97;4.04;2.80;8.70;2.58;0.00;0.00;0.50;0.59;0.00;73.66;598.86;4248.22;68.14;34.64;6.43;2.26;5.12;0.09;0.28;0.56;0.70;1.26;0.10;
2.85;17.88;11.86;4.45;5.99;4.92;2.88;0.00;0.00;0.00;0.03;0.04;0.04;3.02;7.72;0.81;21.86;17.74;10.40;4.59;0.80;0.68;0.18;0.40;14.09;4.05;2.85;8.75;2.59;0.00;0.00;0.50;0.59;0.00;53.67;167.62;953.90;59.89;16.38;7.72;2.64;5.93;0.12;0.39;0.84;0.93;1.62;0.15;
2.85;17.87;11.85;4.45;5.98;4.92;2.88;0.00;0.00;0.00;0.03;0.04;0.04;2.99;7.70;0.79;21.75;17.69;10.32;4.59;0.80;0.68;0.18;0.40;14.12;4.05;2.86;8.76;2.59;0.00;0.00;0.50;0.59;0.00;41.21;57.93;274.31;53.77;8.77;5.30;1.92;4.38;0.06;0.21;0.39;0.54;1.00;0.08;
2.85;17.91;11.87;4.46;6.00;4.92;2.88;0.00;0.00;0.00;0.03;0.04;0.04;3.01;7.72;0.80;21.81;17.72;10.37;4.59;0.80;0.68;0.18;0.40;14.12;4.05;2.86;8.76;2.59;0.00;0.00;0.50;0.59;0.00;60.70;275.01;1705.02;62.97;21.92;7.75;2.65;5.95;0.15;0.47;1.08;1.12;1.90;0.18;
2.85;17.88;11.85;4.45;5.99;4.92;2.88;0.00;0.00;0.00;0.03;0.04;0.04;3.07;7.75;0.82;22.00;17.80;10.51;4.59;0.80;0.68;0.18;0.40;13.89;4.03;2.76;8.67;2.58;0.00;0.00;0.50;0.59;0.00;48.83;114.61;610.68;57.62;13.10;7.41;2.55;5.74;0.06;0.21;0.39;0.54;1.01;0.08;
2.85;17.91;11.87;4.46;6.00;4.92;2.88;0.00;0.00;0.00;0.03;0.04;0.04;3.02;7.72;0.81;21.86;17.74;10.41;4.59;0.80;0.68;0.18;0.40;14.08;4.05;2.84;8.74;2.59;0.00;0.00;0.50;0.59;0.00;63.85;337.09;2164.84;64.28;24.70;5.67;2.03;4.63;0.03;0.11;0.17;0.30;0.60;0.04;
2.84;17.84;11.83;4.44;5.97;4.91;2.88;0.00;0.00;0.00;0.03;0.04;0.04;3.07;7.75;0.82;22.01;17.80;10.52;4.59;0.80;0.68;0.18;0.40;14.11;4.05;2.86;8.76;2.59;0.00;0.00;0.50;0.59;0.00;89.05;1285.00;10403.34;73.62;54.28;5.62;2.02;4.60;0.06;0.20;0.37;0.52;0.97;0.07;
2.85;17.87;11.85;4.45;5.98;4.91;2.88;0.00;0.00;0.00;0.03;0.04;0.04;3.02;7.72;0.81;21.87;17.74;10.41;4.59;0.80;0.68;0.18;0.40;14.12;4.05;2.86;8.76;2.59;0.00;0.01;0.50;0.60;0.00;67.72;427.19;2858.33;65.84;28.40;7.19;2.49;5.60;0.04;0.13;0.22;0.35;0.69;0.05;
2.84;17.79;11.81;4.43;5.96;4.90;2.87;0.00;0.00;0.00;0.03;0.04;0.04;2.99;7.70;0.79;21.75;17.69;10.32;4.59;0.80;0.68;0.18;0.40;14.01;4.04;2.81;8.72;2.59;0.00;0.01;0.50;0.60;0.00;47.24;100.31;522.29;56.85;12.11;6.40;2.25;5.10;0.82;2.30;7.73;4.69;6.59;1.02;
2.84;17.77;11.80;4.43;5.95;4.90;2.87;0.00;0.00;0.00;0.03;0.04;0.04;3.01;7.72;0.80;21.81;17.72;10.37;4.59;0.80;0.68;0.18;0.40;14.22;4.07;2.90;8.80;2.60;0.00;0.01;0.50;0.60;0.00;71.92;544.11;3796.30;67.48;32.74;6.44;2.26;5.13;0.08;0.27;0.53;0.67;1.21;0.10;
2.84;17.81;11.82;4.43;5.97;4.90;2.87;0.00;0.00;0.00;0.03;0.04;0.04;2.96;7.69;0.78;21.66;17.65;10.25;4.59;0.80;0.68;0.18;0.40;14.14;4.06;2.87;8.77;2.60;0.00;0.01;0.50;0.60;0.00;39.97;51.24;237.50;53.11;8.16;5.43;1.96;4.47;0.03;0.10;0.16;0.28;0.58;0.04;
2.84;17.82;11.82;4.44;5.97;4.90;2.87;0.00;0.00;0.00;0.03;0.04;0.04;2.95;7.68;0.78;21.63;17.63;10.22;4.59;0.80;0.68;0.18;0.40;14.01;4.04;2.81;8.72;2.59;0.00;0.01;0.50;0.60;0.00;51.04;136.98;752.76;58.67;14.55;6.54;2.29;5.19;0.21;0.63;1.55;1.46;2.39;0.25;
2.83;17.74;11.78;4.42;5.94;4.89;2.86;0.00;0.00;0.00;0.03;0.04;0.04;2.94;7.68;0.77;21.62;17.63;10.22;4.59;0.80;0.68;0.18;0.40;13.99;4.04;2.80;8.71;2.59;0.00;0.01;0.50;0.60;0.00;65.75;379.26;2485.89;65.05;26.48;5.47;1.97;4.49;0.03;0.10;0.16;0.28;0.57;0.03;
2.84;17.80;11.81;4.43;5.96;4.90;2.87;0.00;0.00;0.00;0.03;0.04;0.04;3.03;7.73;0.81;21.87;17.74;10.41;4.59;0.80;0.68;0.18;0.40;14.10;4.05;2.85;8.75;2.59;0.00;0.01;0.50;0.60;0.00;83.80;1006.23;7808.77;71.82;47.00;5.64;2.02;4.61;0.03;0.11;0.18;0.31;0.62;0.04;
2.84;17.82;11.82;4.44;5.97;4.90;2.87;0.00;0.00;0.00;0.03;0.04;0.04;2.93;7.68;0.77;21.59;17.62;10.19;4.59;0.80;0.68;0.18;0.40;13.89;4.03;2.76;8.67;2.58;0.00;0.00;0.50;0.60;0.00;87.60;1202.86;9627.64;73.13;52.21;8.36;2.82;6.32;0.07;0.24;0.47;0.61;1.12;0.09;
2.85;17.86;11.84;4.45;5.98;4.91;2.88;0.00;0.00;0.00;0.03;0.04;0.04;3.00;7.71;0.80;21.78;17.70;10.34;4.59;0.80;0.68;0.18;0.40;14.07;4.05;2.84;8.74;2.59;0.00;0.00;0.50;0.60;0.00;119.71;4223.68;42015.00;83.06;109.29;7.64;2.62;5.88;0.21;0.65;1.61;1.50;2.45;0.26;
2.85;17.91;11.87;4.46;6.00;4.92;2.88;0.00;0.00;0.00;0.03;0.04;0.04;2.95;7.69;0.78;21.65;17.65;10.24;4.59;0.80;0.68;0.18;0.40;14.11;4.05;2.86;8.76;2.59;0.00;0.00;0.50;0.60;0.00;58.72;240.74;1458.59;62.13;20.27;7.23;2.50;5.63;5.98;14.78;77.93;25.07;28.33;7.64;
2.85;17.88;11.85;4.45;5.99;4.92;2.88;0.00;0.00;0.00;0.03;0.04;0.04;3.00;7.71;0.80;21.79;17.71;10.35;4.59;0.80;0.68;0.18;0.40;14.12;4.05;2.86;8.76;2.59;0.00;0.00;0.50;0.59;0.00;49.59;121.96;656.90;57.99;13.59;6.29;2.22;5.03;0.05;0.16;0.29;0.43;0.83;0.06;
2.84;17.83;11.83;4.44;5.97;4.91;2.88;0.00;0.00;0.00;0.03;0.04;0.04;2.95;7.69;0.78;21.65;17.65;10.25;4.59;0.80;0.68;0.18;0.40;14.01;4.04;2.81;8.72;2.59;0.00;0.00;0.50;0.59;0.00;58.94;244.33;1484.12;62.22;20.44;6.49;2.28;5.16;0.03;0.11;0.17;0.29;0.59;0.04;
2.85;17.86;11.85;4.45;5.98;4.91;2.88;0.00;0.00;0.00;0.03;0.04;0.04;2.97;7.70;0.79;21.71;17.67;10.29;4.59;0.80;0.68;0.18;0.40;14.33;4.08;2.95;8.84;2.61;0.00;0.00;0.50;0.59;0.00;38.31;43.18;194.33;52.19;7.38;5.90;2.10;4.78;0.00;0.02;0.02;0.05;0.13;0.00;
2.85;17.91;11.87;4.46;6.00;4.92;2.88;0.00;0.00;0.00;0.03;0.04;0.04;2.95;7.68;0.78;21.64;17.64;10.23;4.59;0.80;0.68;0.18;0.40;14.17;4.06;2.88;8.78;2.60;0.00;0.00;0.50;0.59;0.00;47.20;99.97;520.22;56.83;12.09;4.92;1.80;4.13;0.02;0.06;0.08;0.18;0.38;0.02;
2.85;17.88;11.85;4.45;5.99;4.92;2.88;0.00;0.00;0.00;0.03;0.04;0.04;2.94;7.68;0.77;21.62;17.63;10.22;4.59;0.80;0.68;0.18;0.40;14.25;4.07;2.91;8.81;2.60;0.00;0.00;0.50;0.59;0.00;53.02;159.63;900.74;59.59;15.92;7.00;2.43;5.48;0.01;0.04;0.05;0.12;0.27;0.01;
2.85;17.87;11.85;4.45;5.98;4.92;2.88;0.00;0.00;0.00;0.03;0.04;0.04;2.94;7.68;0.77;21.62;17.63;10.22;4.59;0.80;0.68;0.18;0.40;14.15;4.06;2.87;8.77;2.60;0.00;0.00;0.50;0.59;0.00;42.01;62.58;300.30;54.19;9.18;6.66;2.33;5.27;0.12;0.39;0.84;0.93;1.62;0.15;
2.85;17.91;11.87;4.46;6.00;4.92;2.88;0.00;0.00;0.00;0.03;0.04;0.04;2.94;7.68;0.77;21.62;17.63;10.22;4.59;0.80;0.68;0.18;0.40;14.13;4.06;2.86;8.76;2.60;0.00;0.00;0.50;0.59;0.00;41.28;58.31;276.41;53.81;8.80;5.30;1.92;4.38;0.03;0.11;0.17;0.30;0.60;0.04;
2.85;17.92;11.88;4.46;6.00;4.93;2.89;0.00;0.00;0.00;0.03;0.04;0.04;3.03;7.73;0.81;21.87;17.74;10.41;4.59;0.80;0.68;0.18;0.40;14.12;4.05;2.86;8.76;2.60;0.00;0.00;0.50;0.59;0.00;31.31;19.18;75.01;48.07;4.58;6.66;2.33;5.27;0.08;0.26;0.52;0.67;1.21;0.10;
2.86;17.96;11.90;4.47;6.01;4.93;2.89;0.00;0.00;0.00;0.04;0.04;0.04;3.07;7.75;0.82;22.01;17.80;10.52;4.66;0.81;0.69;0.19;0.40;14.12;4.05;2.86;8.76;2.59;0.00;0.00;0.50;0.59;0.00;75.17;649.80;4675.14;68.70;36.34;6.05;2.14;4.87;0.04;0.12;0.20;0.33;0.66;0.04;
2.87;18.06;11.94;4.49;6.04;4.95;2.90;0.00;0.00;0.00;0.04;0.04;0.04;3.08;7.75;0.83;22.04;17.82;10.54;4.74;0.82;0.71;0.19;0.41;14.12;4.05;2.86;8.76;2.59;0.00;0.00;0.50;0.59;0.00;104.17;2414.47;21802.17;78.48;78.65;7.58;2.60;5.84;0.02;0.07;0.09;0.19;0.41;0.02;
2.88;18.16;12.00;4.51;6.07;4.97;2.91;0.00;0.00;0.00;0.04;0.04;0.04;3.08;7.76;0.83;22.04;17.82;10.54;4.83;0.83;0.73;0.19;0.41;14.12;4.05;2.86;8.76;2.59;0.00;0.00;0.50;0.59;0.00;61.04;281.22;1750.30;63.11;22.21;7.48;2.57;5.79;0.01;0.05;0.06;0.14;0.31;0.02;
2.88;18.18;12.01;4.52;6.07;4.98;2.92;0.00;0.00;0.00;0.04;0.04;0.04;3.11;7.77;0.84;22.13;17.86;10.61;4.85;0.83;0.74;0.19;0.41;14.24;4.07;2.91;8.80;2.60;0.00;0.00;0.50;0.59;0.00;87.44;1194.10;9545.41;73.08;51.98;5.84;2.08;4.74;0.04;0.13;0.21;0.35;0.69;0.05;
2.88;18.18;12.01;4.52;6.08;4.98;2.92;0.00;0.00;0.00;0.04;0.04;0.04;3.09;7.76;0.83;22.06;17.83;10.56;4.92;0.84;0.75;0.20;0.42;14.26;4.07;2.92;8.81;2.60;0.00;0.00;0.50;0.59;0.00;119.49;4193.82;41666.78;83.00;108.83;4.96;1.81;4.15;0.07;0.23;0.45;0.59;1.09;0.09;
2.88;18.18;12.01;4.52;6.08;4.98;2.92;0.00;0.00;0.00;0.04;0.04;0.04;3.14;7.79;0.85;22.22;17.90;10.68;4.94;0.84;0.76;0.20;0.42;14.27;4.07;2.92;8.81;2.61;0.00;0.00;0.50;0.59;0.00;116.83;3829.52;37453.65;82.24;103.17;5.33;1.93;4.40;0.03;0.09;0.14;0.25;0.52;0.03;
2.88;18.18;12.01;4.52;6.08;4.98;2.92;0.00;0.00;0.00;0.04;0.04;0.04;3.24;7.84;0.89;22.51;18.03;10.90;4.97;0.84;0.77;0.20;0.42;14.27;4.07;2.92;8.82;2.61;0.00;0.00;0.50;0.59;0.00;78.95;791.59;5893.27;70.09;40.82;6.02;2.14;4.86;0.03;0.10;0.15;0.27;0.55;0.03;
2.88;18.18;12.01;4.52;6.08;4.98;2.92;0.00;0.00;0.00;0.04;0.04;0.04;3.26;7.85;0.90;22.57;18.05;10.95;5.02;0.84;0.78;0.20;0.42;14.27;4.07;2.92;8.82;2.61;0.00;0.00;0.50;0.59;0.00;88.47;1251.81;10088.83;73.43;53.45;7.58;2.60;5.84;0.05;0.17;0.29;0.44;0.84;0.06;
2.88;18.18;12.01;4.52;6.08;4.98;2.92;0.00;0.00;0.00;0.04;0.04;0.04;3.26;7.85;0.90;22.58;18.06;10.96;5.03;0.85;0.78;0.20;0.42;14.15;4.06;2.87;8.77;2.60;0.00;0.00;0.50;0.59;0.00;67.53;422.22;2819.38;65.77;28.20;4.65;1.72;3.94;0.04;0.13;0.22;0.35;0.69;0.05;
2.89;18.27;12.05;4.54;6.10;4.99;2.93;0.00;0.00;0.00;0.04;0.04;0.04;3.26;7.85;0.90;22.59;18.06;10.96;5.11;0.85;0.80;0.20;0.42;14.24;4.07;2.91;8.81;2.60;0.00;0.00;0.50;0.59;0.00;37.40;39.22;173.58;51.69;6.97;7.80;2.66;5.98;0.11;0.35;0.74;0.85;1.50;0.13;
2.89;18.24;12.04;4.53;6.09;4.99;2.92;0.00;0.00;0.00;0.04;0.04;0.04;3.26;7.85;0.90;22.59;18.06;10.96;5.17;0.86;0.81;0.21;0.43;14.38;4.09;2.97;8.86;2.61;0.00;0.00;0.50;0.59;0.00;93.17;1541.23;12876.69;74.99;60.40;5.50;1.98;4.51;0.01;0.04;0.05;0.13;0.29;0.01;
2.89;18.28;12.06;4.54;6.10;4.99;2.93;0.00;0.00;0.00;0.04;0.04;0.04;3.26;7.85;0.90;22.59;18.06;10.96;5.21;0.86;0.82;0.21;0.43;14.64;4.12;3.09;8.96;2.63;0.00;0.00;0.50;0.59;0.00;49.88;124.82;674.98;58.12;13.77;5.56;2.00;4.55;0.20;0.61;1.49;1.42;2.33;0.24;
2.89;18.20;12.02;4.52;6.08;4.98;2.92;0.00;0.00;0.00;0.04;0.04;0.04;3.26;7.85;0.90;22.59;18.06;10.96;5.19;0.86;0.82;0.21;0.43;14.46;4.09;3.01;8.89;2.62;0.00;0.00;0.50;0.59;0.00;81.22;887.31;6737.64;70.91;43.65;6.75;2.35;5.32;0.18;0.55;1.29;1.28;2.13;0.22;
2.90;18.31;12.08;4.55;6.11;5.00;2.93;0.00;0.00;0.00;0.04;0.04;0.04;3.26;7.85;0.90;22.59;18.06;10.96;5.22;0.86;0.82;0.21;0.43;14.66;4.12;3.10;8.96;2.63;0.00;0.00;0.50;0.59;0.00;89.62;1318.50;10722.17;73.81;55.10;9.08;3.03;6.76;0.15;0.48;1.10;1.14;1.92;0.19;
2.89;18.25;12.05;4.53;6.10;4.99;2.92;0.00;0.00;0.00;0.04;0.04;0.04;3.26;7.85;0.90;22.59;18.06;10.96;5.22;0.86;0.83;0.21;0.43;14.46;4.09;3.01;8.89;2.62;0.00;0.00;0.50;0.59;0.00;58.82;242.33;1469.87;62.17;20.35;7.19;2.49;5.60;0.07;0.23;0.43;0.58;1.07;0.08;
2.89;18.28;12.06;4.54;6.11;5.00;2.93;0.00;0.00;0.00;0.04;0.04;0.04;3.26;7.85;0.90;22.59;18.06;10.96;5.22;0.86;0.83;0.21;0.43;14.42;4.09;2.99;8.87;2.62;0.00;0.00;0.50;0.59;0.00;50.00;126.02;682.61;58.18;13.85;5.35;1.93;4.42;0.22;0.69;1.71;1.57;2.55;0.28;
2.89;18.20;12.02;4.52;6.08;4.98;2.92;0.00;0.00;0.00;0.04;0.04;0.04;3.26;7.85;0.90;22.59;18.06;10.96;5.22;0.86;0.83;0.21;0.43;14.18;4.06;2.89;8.78;2.60;0.00;0.00;0.50;0.59;0.00;69.55;475.55;3241.49;66.56;30.25;5.77;2.06;4.69;0.01;0.05;0.07;0.15;0.33;0.02;
2.89;18.23;12.03;4.53;6.09;4.99;2.92;0.00;0.00;0.00;0.04;0.04;0.04;3.26;7.85;0.90;22.59;18.06;10.96;5.22;0.86;0.83;0.21;0.43;14.37;4.08;2.97;8.85;2.61;0.00;0.00;0.50;0.59;0.00;88.22;1237.21;9950.94;73.34;53.08;9.96;3.28;7.29;0.06;0.20;0.37;0.52;0.97;0.07;
2.90;18.32;12.08;4.55;6.12;5.00;2.93;0.00;0.00;0.00;0.04;0.04;0.04;3.26;7.85;0.90;22.59;18.06;10.96;5.24;0.86;0.83;0.21;0.43;14.29;4.07;2.93;8.82;2.61;0.00;0.00;0.50;0.59;0.00;74.34;621.67;4438.68;68.40;35.41;7.28;2.51;5.66;0.07;0.22;0.42;0.57;1.06;0.08;
2.90;18.29;12.07;4.54;6.11;5.00;2.93;0.00;0.00;0.00;0.04;0.04;0.04;3.26;7.85;0.90;22.59;18.06;10.96;5.30;0.87;0.85;0.21;0.43;14.39;4.09;2.98;8.86;2.61;0.00;0.00;0.50;0.59;0.00;62.14;302.11;1903.79;63.57;23.16;5.74;2.05;4.68;0.02;0.08;0.13;0.24;0.49;0.03;
2.90;18.33;12.09;4.55;6.12;5.01;2.93;0.00;0.00;0.00;0.04;0.04;0.05;3.26;7.85;0.90;22.59;18.06;10.96;5.32;0.87;0.85;0.21;0.43;14.64;4.12;3.09;8.96;2.63;0.00;0.00;0.50;0.59;0.00;33.76;25.97;107.01;49.57;5.47;5.66;2.03;4.62;0.02;0.08;0.12;0.22;0.46;0.03;
2.90;18.30;12.07;4.54;6.11;5.00;2.93;0.00;0.00;0.00;0.04;0.04;0.05;3.26;7.85;0.90;22.59;18.06;10.96;5.32;0.87;0.85;0.21;0.43;14.58;4.11;3.06;8.93;2.63;0.00;0.00;0.50;0.59;0.00;54.97;184.59;1068.16;60.48;17.34;6.85;2.38;5.39;0.16;0.50;1.17;1.19;2.00;0.20;
2.90;18.33;12.09;4.55;6.12;5.01;2.93;0.00;0.00;0.00;0.04;0.04;0.05;3.26;7.85;0.90;22.59;18.06;10.96;5.32;0.87;0.85;0.21;0.43;14.45;4.09;3.00;8.88;2.62;0.00;0.00;0.50;0.59;0.00;71.96;545.28;3805.91;67.49;32.78;6.06;2.15;4.88;0.12;0.38;0.81;0.91;1.59;0.14;
2.90;18.34;12.09;4.55;6.12;5.01;2.93;0.00;0.00;0.00;0.04;0.04;0.05;3.26;7.85;0.90;22.59;18.06;10.96;5.33;0.87;0.85;0.21;0.43;14.30;4.08;2.94;8.83;2.61;0.00;0.00;0.50;0.59;0.00;77.38;730.32;5361.77;69.52;38.93;5.41;1.95;4.45;0.06;0.20;0.38;0.52;0.98;0.07;
2.91;18.42;12.14;4.57;6.15;5.02;2.94;0.00;0.00;0.00;0.04;0.04;0.05;3.26;7.85;0.90;22.59;18.06;10.96;5.35;0.88;0.86;0.21;0.43;14.63;4.11;3.08;8.95;2.63;0.00;0.00;0.50;0.59;0.00;60.05;263.42;1621.09;62.70;21.37;6.36;2.24;5.08;0.15;0.47;1.08;1.13;1.91;0.19;
2.91;18.44;12.15;4.58;6.15;5.03;2.95;0.00;0.00;0.00;0.04;0.04;0.05;3.29;7.87;0.92;22.67;18.10;11.03;5.34;0.87;0.86;0.21;0.43;14.69;4.12;3.11;8.98;2.64;0.00;0.00;0.50;0.59;0.00;85.49;1090.26;8579.20;72.41;49.28;5.14;1.87;4.28;0.02;0.06;0.07;0.16;0.35;0.02;
2.91;18.45;12.15;4.58;6.15;5.03;2.95;0.00;0.00;0.00;0.04;0.04;0.05;3.27;7.85;0.91;22.60;18.07;10.98;5.39;0.88;0.87;0.21;0.44;14.83;4.14;3.17;9.03;2.65;0.00;0.00;0.50;0.59;0.00;83.08;971.87;7496.96;71.57;46.05;5.75;2.06;4.68;0.03;0.11;0.18;0.30;0.61;0.04;
2.91;18.45;12.15;4.58;6.15;5.03;2.95;0.00;0.00;0.00;0.04;0.04;0.05;3.26;7.85;0.90;22.59;18.06;10.96;5.41;0.88;0.87;0.21;0.44;14.49;4.10;3.02;8.90;2.62;0.00;0.00;0.50;0.59;0.00;81.25;888.70;6750.09;70.92;43.69;7.51;2.58;5.80;0.02;0.06;0.09;0.19;0.40;0.02;
2.91;18.40;12.13;4.57;6.14;5.02;2.94;0.00;0.00;0.00;0.04;0.04;0.05;3.29;7.87;0.92;22.67;18.10;11.03;5.42;0.88;0.87;0.21;0.44;14.55;4.10;3.05;8.92;2.63;0.00;0.00;0.50;0.60;0.00;101.17;2147.13;18998.39;77.55;73.41;7.04;2.44;5.51;0.02;0.06;0.09;0.19;0.40;0.02;
2.90;18.31;12.08;4.55;6.11;5.00;2.93;0.00;0.00;0.00;0.04;0.04;0.05;3.27;7.85;0.91;22.60;18.07;10.98;5.42;0.88;0.87;0.21;0.44;14.56;4.11;3.05;8.93;2.63;0.00;0.00;0.50;0.60;0.00;97.93;1883.09;16287.97;76.53;67.96;6.57;2.30;5.21;0.02;0.06;0.08;0.16;0.35;0.02;
2.91;18.42;12.13;4.57;6.15;5.02;2.94;0.00;0.00;0.00;0.04;0.04;0.05;3.32;7.88;0.93;22.77;18.14;11.10;5.42;0.88;0.87;0.21;0.44;14.56;4.11;3.05;8.93;2.63;0.00;0.01;0.50;0.60;0.00;82.03;923.46;7060.84;71.20;44.69;6.77;2.36;5.34;0.02;0.06;0.09;0.18;0.39;0.02;
2.91;18.44;12.14;4.58;6.15;5.03;2.95;0.00;0.00;0.00;0.04;0.04;0.05;3.31;7.87;0.92;22.71;18.11;11.06;5.42;0.88;0.87;0.21;0.44;14.68;4.12;3.10;8.97;2.63;0.00;0.00;0.50;0.60;0.00;72.49;561.49;3938.96;67.69;33.35;5.08;1.85;4.23;0.02;0.09;0.13;0.24;0.50;0.03;
2.91;18.45;12.15;4.58;6.15;5.03;2.95;0.00;0.00;0.00;0.04;0.04;0.05;3.33;7.88;0.93;22.79;18.15;11.12;5.42;0.88;0.87;0.21;0.44;14.70;4.12;3.12;8.98;2.64;0.00;0.00;0.50;0.60;0.00;59.20;248.60;1514.57;62.33;20.65;7.72;2.64;5.93;0.06;0.19;0.35;0.49;0.93;0.07;
2.90;18.36;12.10;4.56;6.13;5.01;2.94;0.00;0.00;0.00;0.04;0.04;0.05;3.31;7.87;0.92;22.71;18.11;11.06;5.42;0.88;0.87;0.21;0.44;14.71;4.12;3.12;8.98;2.64;0.00;0.00;0.50;0.60;0.00;95.35;1691.80;14364.55;75.70;63.81;5.03;1.83;4.20;0.24;0.72;1.83;1.65;2.65;0.29;
2.91;18.39;12.12;4.56;6.14;5.02;2.94;0.00;0.00;0.00;0.04;0.04;0.05;3.33;7.88;0.93;22.79;18.15;11.12;5.42;0.88;0.87;0.21;0.44;14.47;4.10;3.01;8.89;2.62;0.00;0.00;0.50;0.60;0.00;74.67;632.62;4530.51;68.52;35.78;6.45;2.27;5.13;0.04;0.13;0.21;0.35;0.69;0.05;
2.91;18.43;12.14;4.57;6.15;5.03;2.95;0.00;0.00;0.00;0.04;0.04;0.05;3.31;7.87;0.92;22.71;18.11;11.06;5.45;0.88;0.88;0.22;0.44;14.66;4.12;3.10;8.96;2.63;0.00;0.00;0.50;0.60;0.00;63.28;325.16;2075.30;64.05;24.19;6.64;2.32;5.26;0.05;0.16;0.28;0.42;0.81;0.06;
2.91;18.40;12.12;4.57;6.14;5.02;2.94;0.00;0.00;0.00;0.04;0.04;0.05;3.39;7.92;0.96;22.96;18.22;11.26;5.44;0.88;0.88;0.22;0.44;14.70;4.12;3.11;8.98;2.64;0.00;0.01;0.50;0.60;0.00;65.36;370.21;2416.41;64.90;26.10;6.53;2.29;5.19;0.06;0.19;0.34;0.49;0.92;0.07;
2.91;18.44;12.14;4.57;6.15;5.03;2.95;0.00;0.00;0.00;0.04;0.04;0.05;3.35;7.89;0.94;22.84;18.17;11.16;5.44;0.88;0.88;0.22;0.44;14.35;4.08;2.96;8.85;2.61;0.00;0.01;0.50;0.60;0.00;95.54;1705.22;14498.29;75.76;64.10;7.23;2.50;5.63;0.06;0.19;0.35;0.50;0.94;0.07;
2.91;18.44;12.15;4.58;6.15;5.03;2.95;0.00;0.00;0.00;0.04;0.04;0.05;3.31;7.87;0.92;22.72;18.12;11.07;5.44;0.88;0.88;0.22;0.44;14.52;4.10;3.03;8.91;2.62;0.00;0.01;0.50;0.60;0.00;60.09;264.10;1625.95;62.71;21.40;7.20;2.49;5.61;0.05;0.15;0.27;0.41;0.79;0.05;
2.91;18.40;12.13;4.57;6.14;5.02;2.94;0.00;0.00;0.00;0.04;0.04;0.05;3.33;7.89;0.93;22.79;18.15;11.12;5.45;0.88;0.88;0.22;0.44;14.43;4.09;2.99;8.88;2.62;0.00;0.01;0.50;0.60;0.00;88.90;1276.13;10319.14;73.57;54.06;9.31;3.10;6.89;0.01;0.05;0.07;0.15;0.33;0.02;
2.91;18.44;12.14;4.58;6.15;5.03;2.95;0.00;0.00;0.00;0.04;0.04;0.05;3.37;7.90;0.95;22.89;18.19;11.20;5.47;0.89;0.89;0.22;0.44;14.30;4.08;2.94;8.83;2.61;0.00;0.01;0.50;0.60;0.00;75.53;662.53;4782.80;68.84;36.76;6.08;2.15;4.89;0.07;0.23;0.44;0.59;1.08;0.08;
2.91;18.44;12.15;4.58;6.15;5.03;2.95;0.00;0.00;0.00;0.04;0.04;0.05;3.34;7.89;0.94;22.82;18.16;11.15;5.43;0.88;0.88;0.21;0.44;14.75;4.13;3.13;9.00;2.64;0.00;0.01;0.50;0.60;0.00;85.73;1102.71;8694.23;72.49;49.61;4.62;1.71;3.92;0.08;0.26;0.51;0.66;1.19;0.10;
2.91;18.45;12.15;4.58;6.15;5.03;2.95;0.00;0.00;0.00;0.04;0.04;0.05;3.34;7.89;0.93;22.81;18.16;11.14;5.48;0.89;0.89;0.22;0.44;14.48;4.10;3.02;8.90;2.62;0.00;0.01;0.50;0.60;0.00;50.74;133.72;731.78;58.53;14.34;6.41;2.26;5.11;0.02;0.07;0.11;0.21;0.45;0.03;
2.91;18.45;12.15;4.58;6.15;5.03;2.95;0.00;0.00;0.00;0.04;0.04;0.05;3.37;7.90;0.95;22.90;18.19;11.20;5.51;0.89;0.90;0.22;0.44;14.54;4.10;3.04;8.92;2.63;0.00;0.01;0.50;0.60;0.00;84.03;1017.66;7913.00;71.90;47.32;7.25;2.50;5.64;0.09;0.30;0.61;0.75;1.33;0.11;
2.91;18.40;12.13;4.57;6.14;5.02;2.94;0.00;0.00;0.00;0.04;0.04;0.05;3.38;7.91;0.95;22.91;18.20;11.22;5.50;0.89;0.90;0.22;0.44;14.80;4.13;3.16;9.02;2.64;0.00;0.01;0.50;0.60;0.00;53.25;162.43;919.36;59.70;16.08;6.77;2.36;5.34;0.02;0.07;0.10;0.20;0.42;0.02;
2.91;18.44;12.14;4.58;6.15;5.03;2.95;0.00;0.00;0.00;0.04;0.04;0.05;3.41;7.92;0.96;23.00;18.24;11.29;5.51;0.89;0.90;0.22;0.44;14.85;4.14;3.18;9.03;2.65;0.00;0.01;0.50;0.60;0.00;41.66;60.49;288.59;54.01;8.99;8.14;2.76;6.19;0.01;0.05;0.07;0.16;0.34;0.02;
2.91;18.44;12.15;4.58;6.15;5.03;2.95;0.00;0.00;0.00;0.04;0.04;0.05;3.45;7.94;0.98;23.11;18.29;11.38;5.52;0.89;0.90;0.22;0.44;14.62;4.11;3.08;8.95;2.63;0.00;0.01;0.50;0.60;0.00;41.96;62.27;298.56;54.17;9.15;8.23;2.79;6.24;0.11;0.34;0.73;0.84;1.48;0.13;
2.91;18.45;12.15;4.58;6.15;5.03;2.95;0.00;0.00;0.00;0.04;0.04;0.05;3.45;7.94;0.98;23.13;18.30;11.39;5.52;0.89;0.90;0.22;0.44;14.81;4.14;3.16;9.02;2.64;0.00;0.01;0.50;0.60;0.00;67.00;409.11;2716.92;65.56;27.68;7.21;2.49;5.61;0.07;0.24;0.46;0.60;1.11;0.09;
2.91;18.45;12.15;4.58;6.15;5.03;2.95;0.00;0.00;0.00;0.04;0.04;0.05;3.39;7.91;0.96;22.96;18.22;11.26;5.52;0.89;0.90;0.22;0.44;14.85;4.14;3.18;9.04;2.65;0.00;0.01;0.50;0.60;0.00;57.91;227.53;1365.17;61.77;19.61;8.08;2.75;6.16;0.02;0.06;0.08;0.18;0.38;0.02;
2.91;18.45;12.15;4.58;6.15;5.03;2.95;0.00;0.00;0.00;0.04;0.04;0.05;3.44;7.94;0.98;23.10;18.28;11.37;5.52;0.89;0.90;0.22;0.44;14.62;4.11;3.08;8.95;2.63;0.00;0.01;0.50;0.60;0.00;49.01;116.31;621.32;57.71;13.21;6.84;2.38;5.38;0.24;0.74;1.89;1.69;2.71;0.30;
2.91;18.45;12.15;4.58;6.15;5.03;2.95;0.00;0.00;0.00;0.04;0.04;0.05;3.39;7.91;0.96;22.95;18.22;11.25;5.52;0.89;0.90;0.22;0.44;14.81;4.14;3.16;9.02;2.64;0.00;0.01;0.50;0.60;0.00;56.02;199.17;1167.74;60.94;18.13;6.60;2.31;5.23;0.18;0.57;1.36;1.33;2.20;0.23;
2.91;18.45;12.15;4.58;6.15;5.03;2.95;0.00;0.00;0.00;0.04;0.04;0.05;3.44;7.94;0.98;23.10;18.28;11.37;5.52;0.89;0.90;0.22;0.44;14.73;4.13;3.13;8.99;2.64;0.00;0.01;0.50;0.60;0.00;79.06;796.00;5931.73;70.13;40.95;5.75;2.05;4.68;0.03;0.11;0.17;0.29;0.59;0.04;
2.91;18.45;12.15;4.58;6.15;5.03;2.95;0.00;0.00;0.00;0.04;0.04;0.05;3.42;7.93;0.97;23.04;18.26;11.32;5.52;0.89;0.90;0.22;0.44;14.83;4.14;3.17;9.03;2.65;0.00;0.01;0.50;0.60;0.00;114.01;3471.98;33385.60;81.43;97.39;6.93;2.41;5.44;0.08;0.26;0.52;0.66;1.20;0.10;
2.91;18.45;12.15;4.58;6.15;5.03;2.95;0.00;0.00;0.00;0.04;0.04;0.05;3.39;7.91;0.95;22.94;18.21;11.24;5.45;0.88;0.88;0.22;0.44;14.61;4.11;3.08;8.95;2.63;0.00;0.01;0.50;0.60;0.00;58.23;232.64;1401.21;61.91;19.86;4.97;1.81;4.16;0.03;0.11;0.17;0.29;0.59;0.04;
2.91;18.45;12.15;4.58;6.15;5.03;2.95;0.00;0.00;0.00;0.04;0.04;0.05;3.29;7.86;0.91;22.66;18.09;11.02;5.42;0.88;0.88;0.21;0.44;14.69;4.12;3.11;8.98;2.64;0.00;0.01;0.50;0.60;0.00;100.30;2073.92;18240.69;77.28;71.93;3.96;1.50;3.47;0.02;0.06;0.08;0.17;0.37;0.02;
2.91;18.40;12.13;4.57;6.14;5.02;2.94;0.00;0.00;0.00;0.04;0.04;0.05;3.27;7.85;0.90;22.60;18.06;10.97;5.34;0.87;0.86;0.21;0.43;14.59;4.11;3.06;8.94;2.63;0.00;0.01;0.50;0.60;0.00;52.88;157.92;889.48;59.53;15.82;4.79;1.76;4.04;0.03;0.12;0.19;0.32;0.64;0.04;
2.91;18.40;12.12;4.57;6.14;5.02;2.94;0.00;0.00;0.00;0.04;0.04;0.05;3.26;7.85;0.90;22.59;18.06;10.96;5.32;0.87;0.85;0.21;0.43;14.68;4.12;3.11;8.97;2.64;0.00;0.01;0.50;0.60;0.00;55.79;195.93;1145.51;60.84;17.95;5.34;1.93;4.41;0.04;0.15;0.25;0.39;0.76;0.05;
2.90;18.35;12.10;4.56;6.13;5.01;2.94;0.00;0.00;0.00;0.04;0.04;0.05;3.26;7.85;0.90;22.59;18.06;10.96;5.24;0.87;0.83;0.21;0.43;14.47;4.10;3.01;8.89;2.62;0.00;0.01;0.50;0.60;0.00;53.12;160.86;908.94;59.64;15.99;5.51;1.98;4.52;0.04;0.14;0.23;0.37;0.72;0.05;
2.90;18.30;12.07;4.54;6.11;5.00;2.93;0.00;0.00;0.00;0.04;0.04;0.05;3.26;7.85;0.90;22.59;18.06;10.96;5.23;0.86;0.83;0.21;0.43;14.31;4.08;2.94;8.83;2.61;0.00;0.01;0.50;0.60;0.00;72.09;549.26;3838.53;67.54;32.92;6.55;2.30;5.20;0.01;0.04;0.06;0.13;0.30;0.01;
2.90;18.29;12.07;4.54;6.11;5.00;2.93;0.00;0.00;0.00;0.04;0.04;0.05;3.26;7.85;0.90;22.59;18.06;10.96;5.22;0.86;0.83;0.21;0.43;14.51;4.10;3.03;8.91;2.62;0.00;0.01;0.50;0.60;0.00;45.27;84.53;427.28;55.87;10.95;8.02;2.73;6.12;0.02;0.06;0.09;0.19;0.40;0.02;
2.89;18.20;12.02;4.52;6.08;4.98;2.92;0.00;0.00;0.00;0.04;0.04;0.04;3.26;7.85;0.90;22.59;18.06;10.96;5.16;0.86;0.81;0.21;0.43;14.43;4.09;2.99;8.88;2.62;0.00;0.01;0.50;0.60;0.00;79.17;800.50;5971.12;70.17;41.09;6.01;2.13;4.85;0.02;0.07;0.11;0.21;0.44;0.02;
2.89;18.27;12.06;4.54;6.10;4.99;2.93;0.00;0.00;0.00;0.04;0.04;0.04;3.26;7.85;0.90;22.59;18.06;10.96;5.09;0.85;0.79;0.20;0.42;14.30;4.08;2.94;8.83;2.61;0.00;0.01;0.50;0.60;0.00;36.21;34.43;149.00;51.01;6.46;5.94;2.11;4.80;0.03;0.11;0.18;0.30;0.61;0.04;
2.89;18.20;12.02;4.52;6.08;4.98;2.92;0.00;0.00;0.00;0.04;0.04;0.04;3.20;7.82;0.88;22.41;17.98;10.83;5.05;0.85;0.78;0.20;0.42;14.51;4.10;3.03;8.91;2.62;0.00;0.01;0.50;0.60;0.00;53.45;164.91;935.83;59.79;16.22;6.35;2.24;5.07;0.03;0.12;0.19;0.32;0.64;0.04;
2.89;18.23;12.03;4.53;6.09;4.99;2.92;0.00;0.00;0.00;0.04;0.04;0.04;3.13;7.78;0.85;22.20;17.89;10.67;5.04;0.85;0.78;0.20;0.42;14.20;4.06;2.89;8.79;2.60;0.00;0.01;0.50;0.60;0.00;63.71;334.16;2142.78;64.23;24.58;4.44;1.65;3.80;0.03;0.12;0.20;0.33;0.65;0.04;
2.89;18.23;12.04;4.53;6.09;4.99;2.92;0.00;0.00;0.00;0.04;0.04;0.04;3.12;7.78;0.84;22.16;17.87;10.63;4.99;0.84;0.77;0.20;0.42;14.25;4.07;2.92;8.81;2.60;0.00;0.01;0.50;0.60;0.00;56.62;207.92;1228.21;61.21;18.59;5.55;2.00;4.55;0.06;0.21;0.39;0.54;1.01;0.08;
2.88;18.19;12.02;4.52;6.08;4.98;2.92;0.00;0.00;0.00;0.04;0.04;0.04;3.09;7.76;0.83;22.07;17.83;10.56;4.95;0.84;0.76;0.20;0.42;14.03;4.04;2.82;8.73;2.59;0.00;0.01;0.50;0.60;0.00;63.58;331.33;2121.54;64.17;24.46;6.08;2.15;4.89;0.09;0.28;0.56;0.69;1.25;0.10;
2.88;18.18;12.01;4.52;6.08;4.98;2.92;0.00;0.00;0.00;0.04;0.04;0.04;3.08;7.76;0.83;22.05;17.82;10.55;4.95;0.84;0.76;0.20;0.42;14.22;4.07;2.90;8.80;2.60;0.00;0.01;0.50;0.60;0.00;58.60;238.71;1444.13;62.07;20.17;4.53;1.68;3.86;0.04;0.15;0.26;0.40;0.77;0.05;
2.88;18.18;12.01;4.52;6.08;4.98;2.92;0.00;0.00;0.00;0.04;0.04;0.04;3.08;7.76;0.83;22.04;17.82;10.54;4.94;0.84;0.76;0.20;0.42;14.14;4.06;2.87;8.77;2.60;0.00;0.01;0.50;0.60;0.00;69.04;461.65;3130.61;66.36;29.72;5.73;2.05;4.67;0.01;0.05;0.06;0.14;0.31;0.01;
2.88;18.18;12.01;4.52;6.08;4.98;2.92;0.00;0.00;0.00;0.04;0.04;0.04;3.08;7.76;0.83;22.04;17.82;10.54;4.89;0.83;0.75;0.20;0.41;14.24;4.07;2.91;8.81;2.60;0.00;0.01;0.50;0.60;0.00;40.43;53.63;250.57;53.35;8.38;5.16;1.87;4.29;0.02;0.09;0.13;0.25;0.51;0.03;
2.88;18.18;12.01;4.52;6.08;4.98;2.92;0.00;0.00;0.00;0.04;0.04;0.04;3.08;7.76;0.83;22.04;17.82;10.54;4.86;0.83;0.74;0.19;0.41;14.26;4.07;2.92;8.81;2.60;0.00;0.01;0.50;0.60;0.00;50.53;131.47;717.36;58.43;14.20;4.54;1.68;3.87;0.03;0.09;0.14;0.25;0.52;0.03;
2.88;18.18;12.01;4.52;6.08;4.98;2.92;0.00;0.00;0.00;0.04;0.04;0.04;3.08;7.76;0.83;22.04;17.82;10.54;4.86;0.83;0.74;0.19;0.41;14.15;4.06;2.87;8.77;2.60;0.00;0.00;0.50;0.60;0.00;38.82;45.56;206.92;52.48;7.61;7.98;2.71;6.09;0.13;0.40;0.87;0.96;1.67;0.15;
2.88;18.18;12.01;4.52;6.08;4.98;2.92;0.00;0.00;0.00;0.04;0.04;0.04;3.08;7.76;0.83;22.04;17.82;10.54;4.85;0.83;0.74;0.19;0.41;14.24;4.07;2.91;8.81;2.60;0.00;0.01;0.50;0.60;0.00;49.28;118.89;637.55;57.84;13.38;7.07;2.45;5.53;0.13;0.41;0.90;0.98;1.70;0.16;
2.88;18.18;12.01;4.52;6.08;4.98;2.92;0.00;0.00;0.00;0.04;0.04;0.04;3.08;7.76;0.83;22.04;17.82;10.54;4.83;0.83;0.73;0.19;0.41;14.15;4.06;2.87;8.77;2.60;0.00;0.00;0.50;0.60;0.00;62.93;317.87;2020.80;63.90;23.87;6.25;2.21;5.01;0.03;0.09;0.14;0.25;0.52;0.03;
2.88;18.18;12.01;4.52;6.08;4.98;2.92;0.00;0.00;0.00;0.04;0.04;0.04;3.08;7.76;0.83;22.04;17.82;10.54;4.79;0.82;0.72;0.19;0.41;14.24;4.07;2.91;8.81;2.60;0.00;0.00;0.50;0.60;0.00;50.42;130.41;710.57;58.38;14.13;6.65;2.32;5.26;0.01;0.04;0.05;0.12;0.27;0.01;
2.88;18.18;12.01;4.52;6.08;4.98;2.92;0.00;0.00;0.00;0.04;0.04;0.04;3.08;7.76;0.83;22.04;17.82;10.54;4.77;0.82;0.72;0.19;0.41;14.15;4.06;2.87;8.77;2.60;0.00;0.00;0.50;0.59;0.00;37.90;41.36;184.76;51.97;7.19;5.41;1.95;4.46;0.02;0.06;0.08;0.18;0.38;0.02;
2.88;18.18;12.01;4.52;6.08;4.98;2.92;0.00;0.00;0.00;0.04;0.04;0.04;3.08;7.76;0.83;22.04;17.82;10.54;4.77;0.82;0.72;0.19;0.41;14.13;4.06;2.86;8.76;2.60;0.00;0.00;0.50;0.59;0.00;54.43;177.36;1019.20;60.23;16.93;4.90;1.80;4.12;0.01;0.04;0.05;0.11;0.26;0.01;
2.88;18.18;12.01;4.52;6.08;4.98;2.92;0.00;0.00;0.00;0.04;0.04;0.04;3.08;7.76;0.83;22.04;17.82;10.54;4.77;0.82;0.72;0.19;0.41;14.01;4.04;2.81;8.72;2.59;0.00;0.00;0.50;0.59;0.00;98.90;1959.74;17068.40;76.84;69.57;5.60;2.01;4.58;0.03;0.11;0.18;0.30;0.61;0.04;
2.88;18.18;12.01;4.52;6.08;4.98;2.92;0.00;0.00;0.00;0.04;0.04;0.04;3.08;7.76;0.83;22.04;17.82;10.54;4.77;0.82;0.72;0.19;0.41;14.10;4.05;2.85;8.75;2.59;0.00;0.00;0.50;0.59;0.00;64.05;341.40;2197.33;64.36;24.89;7.51;2.58;5.80;0.01;0.04;0.06;0.13;0.30;0.01;
2.88;18.18;12.01;4.52;6.08;4.98;2.92;0.00;0.00;0.00;0.04;0.04;0.04;3.08;7.76;0.83;22.04;17.82;10.54;4.74;0.82;0.71;0.19;0.41;14.12;4.05;2.86;8.76;2.59;0.00;0.00;0.50;0.59;0.00;76.91;712.70;5210.40;69.35;38.37;7.25;2.50;5.64;0.01;0.05;0.07;0.15;0.33;0.02;
2.88;18.18;12.01;4.52;6.08;4.98;2.92;0.00;0.00;0.00;0.04;0.04;0.04;3.08;7.76;0.83;22.04;17.82;10.54;4.69;0.81;0.70;0.19;0.40;14.01;4.04;2.81;8.72;2.59;0.00;0.00;0.50;0.59;0.00;72.06;548.38;3831.32;67.53;32.89;4.96;1.81;4.16;0.03;0.11;0.17;0.30;0.60;0.04;
2.88;18.18;12.01;4.52;6.08;4.98;2.92;0.00;0.00;0.00;0.04;0.04;0.04;3.08;7.76;0.83;22.04;17.82;10.54;4.69;0.81;0.70;0.19;0.41;14.10;4.05;2.85;8.75;2.59;0.00;0.00;0.50;0.59;0.00;109.89;2993.39;28054.13;80.21;89.25;5.35;1.93;4.42;0.11;0.37;0.78;0.89;1.55;0.14;
2.88;18.18;12.01;4.52;6.08;4.98;2.92;0.00;0.00;0.00;0.04;0.04;0.04;3.08;7.76;0.83;22.04;17.82;10.54;4.68;0.81;0.70;0.19;0.40;14.12;4.05;2.86;8.76;2.59;0.00;0.00;0.50;0.60;0.00;48.87;114.97;612.92;57.64;13.12;5.99;2.13;4.84;0.01;0.05;0.06;0.14;0.31;0.02;
2.88;18.18;12.01;4.52;6.08;4.98;2.92;0.00;0.00;0.00;0.04;0.04;0.04;3.08;7.76;0.83;22.04;17.82;10.54;4.68;0.81;0.70;0.19;0.40;14.12;4.05;2.86;8.76;2.59;0.00;0.00;0.50;0.59;0.00;107.27;2716.53;25035.37;79.43;84.30;5.88;2.10;4.77;0.02;0.08;0.11;0.22;0.46;0.03;
2.88;18.18;12.01;4.52;6.08;4.98;2.92;0.00;0.00;0.00;0.04;0.04;0.04;3.08;7.76;0.83;22.04;17.82;10.54;4.68;0.81;0.70;0.19;0.40;14.12;4.05;2.86;8.76;2.59;0.00;0.00;0.50;0.59;0.00;66.53;397.82;2629.19;65.37;27.23;7.96;2.71;6.08;0.01;0.04;0.06;0.13;0.30;0.01;
2.88;18.14;11.99;4.51;6.06;4.97;2.91;0.00;0.00;0.00;0.04;0.04;0.04;3.08;7.76;0.83;22.04;17.82;10.54;4.68;0.81;0.70;0.19;0.40;14.01;4.04;2.81;8.72;2.59;0.00;0.00;0.50;0.59;0.00;58.75;241.08;1460.99;62.13;20.28;6.47;2.27;5.15;0.04;0.15;0.26;0.40;0.78;0.05;
2.88;18.13;11.98;4.51;6.06;4.97;2.91;0.00;0.00;0.00;0.04;0.04;0.04;3.08;7.76;0.83;22.04;17.82;10.54;4.68;0.81;0.70;0.19;0.40;13.87;4.02;2.75;8.66;2.58;0.00;0.00;0.50;0.59;0.00;48.00;106.98;563.25;57.22;12.58;3.67;1.40;3.26;0.02;0.09;0.13;0.24;0.50;0.03;
2.88;18.13;11.98;4.51;6.06;4.97;2.91;0.00;0.00;0.00;0.04;0.04;0.04;3.05;7.74;0.82;21.96;17.78;10.48;4.65;0.81;0.69;0.19;0.40;14.07;4.05;2.84;8.74;2.59;0.00;0.00;0.50;0.59;0.00;105.45;2535.92;23094.23;78.87;80.96;6.76;2.36;5.33;0.02;0.08;0.11;0.22;0.46;0.03;
2.87;18.05;11.94;4.49;6.04;4.95;2.90;0.00;0.00;0.00;0.04;0.04;0.04;3.05;7.74;0.82;21.94;17.77;10.46;4.61;0.80;0.68;0.19;0.40;14.00;4.04;2.81;8.71;2.59;0.00;0.00;0.50;0.59;0.00;76.61;701.40;5113.57;69.24;38.01;5.87;2.09;4.76;0.02;0.06;0.08;0.17;0.37;0.02;
2.87;18.07;11.95;4.49;6.04;4.95;2.90;0.00;0.00;0.00;0.04;0.04;0.04;3.05;7.74;0.82;21.94;17.77;10.46;4.60;0.80;0.68;0.18;0.40;13.98;4.04;2.80;8.71;2.58;0.00;0.00;0.50;0.59;0.00;56.84;211.16;1250.63;61.30;18.76;7.49;2.57;5.79;0.11;0.36;0.78;0.89;1.55;0.14;
2.88;18.16;12.00;4.51;6.07;4.97;2.91;0.00;0.00;0.00;0.04;0.04;0.04;3.02;7.72;0.80;21.85;17.73;10.40;4.61;0.81;0.68;0.19;0.40;14.10;4.05;2.85;8.75;2.59;0.00;0.00;0.50;0.59;0.00;72.40;558.85;3917.26;67.66;33.26;8.24;2.79;6.25;0.34;1.00;2.75;2.22;3.44;0.42;
2.87;18.05;11.94;4.49;6.04;4.95;2.90;0.00;0.00;0.00;0.04;0.04;0.04;3.07;7.75;0.82;22.01;17.80;10.51;4.60;0.80;0.68;0.18;0.40;14.12;4.05;2.86;8.76;2.59;0.00;0.00;0.50;0.59;0.00;53.66;167.46;952.81;59.88;16.37;6.30;2.22;5.04;0.01;0.05;0.06;0.14;0.32;0.02;
2.87;18.07;11.95;4.49;6.04;4.95;2.90;0.00;0.00;0.00;0.04;0.04;0.04;3.02;7.72;0.81;21.86;17.74;10.41;4.59;0.80;0.68;0.18;0.40;14.12;4.05;2.86;8.76;2.59;0.00;0.00;0.50;0.59;0.00;54.21;174.55;1000.34;60.13;16.78;7.55;2.59;5.83;0.05;0.17;0.30;0.44;0.85;0.06;
2.86;17.95;11.89;4.47;6.01;4.93;2.89;0.00;0.00;0.00;0.04;0.04;0.04;2.96;7.69;0.78;21.67;17.65;10.26;4.59;0.80;0.68;0.18;0.40;14.12;4.05;2.86;8.76;2.59;0.00;0.00;0.50;0.59;0.00;76.30;690.08;5016.90;69.12;37.65;7.25;2.50;5.64;0.05;0.16;0.28;0.43;0.82;0.06;
2.86;17.97;11.90;4.47;6.01;4.93;2.89;0.00;0.00;0.00;0.04;0.04;0.04;2.92;7.67;0.77;21.54;17.60;10.16;4.59;0.80;0.68;0.18;0.40;14.12;4.05;2.86;8.76;2.59;0.00;0.00;0.50;0.59;0.00;58.97;244.78;1487.31;62.23;20.47;5.83;2.08;4.73;0.07;0.23;0.43;0.58;1.07;0.08;
2.86;17.97;11.90;4.47;6.01;4.94;2.89;0.00;0.00;0.00;0.04;0.04;0.04;2.94;7.68;0.77;21.60;17.62;10.21;4.59;0.80;0.68;0.18;0.40;14.01;4.04;2.81;8.72;2.59;0.00;0.00;0.50;0.59;0.00;49.02;116.41;621.98;57.71;13.22;7.64;2.62;5.88;0.01;0.04;0.04;0.11;0.26;0.01;
2.86;17.93;11.88;4.46;6.00;4.93;2.89;0.00;0.00;0.00;0.04;0.04;0.04;2.97;7.70;0.78;21.70;17.67;10.28;4.59;0.80;0.68;0.18;0.40;13.99;4.04;2.80;8.71;2.58;0.00;0.00;0.50;0.59;0.00;86.30;1132.66;8971.88;72.69;50.39;6.73;2.35;5.31;0.10;0.31;0.65;0.78;1.38;0.12;
2.85;17.93;11.88;4.46;6.00;4.93;2.89;0.00;0.00;0.00;0.04;0.04;0.04;2.95;7.68;0.78;21.64;17.64;10.23;4.59;0.80;0.68;0.18;0.40;13.98;4.04;2.80;8.71;2.58;0.00;0.00;0.50;0.59;0.00;57.07;214.56;1274.33;61.40;18.94;8.12;2.76;6.18;0.11;0.34;0.73;0.84;1.48;0.13;
2.85;17.92;11.88;4.46;6.00;4.93;2.89;0.00;0.00;0.00;0.04;0.04;0.04;2.94;7.68;0.77;21.62;17.63;10.22;4.59;0.80;0.68;0.18;0.40;14.10;4.05;2.85;8.75;2.59;0.00;0.00;0.50;0.59;0.00;80.32;848.24;6390.99;70.59;42.51;7.32;2.52;5.68;0.04;0.15;0.25;0.39;0.75;0.05;
2.86;17.96;11.90;4.47;6.01;4.93;2.89;0.00;0.00;0.00;0.04;0.04;0.04;2.92;7.67;0.76;21.54;17.59;10.16;4.58;0.80;0.67;0.18;0.40;14.00;4.04;2.81;8.71;2.59;0.00;0.00;0.50;0.59;0.00;76.52;698.12;5085.59;69.21;37.91;6.02;2.14;4.86;0.17;0.54;1.27;1.26;2.11;0.21;
2.85;17.93;11.88;4.46;6.00;4.93;2.89;0.00;0.00;0.00;0.04;0.04;0.04;2.91;7.66;0.76;21.52;17.59;10.14;4.56;0.80;0.67;0.18;0.40;14.10;4.05;2.85;8.75;2.59;0.00;0.00;0.50;0.59;0.00;72.59;564.62;3964.69;67.73;33.46;5.77;2.06;4.69;0.04;0.14;0.24;0.38;0.75;0.05;
2.85;17.92;11.88;4.46;6.00;4.93;2.89;0.00;0.00;0.00;0.04;0.04;0.04;2.91;7.66;0.76;21.52;17.59;10.14;4.53;0.80;0.66;0.18;0.40;13.77;4.01;2.71;8.63;2.57;0.00;0.00;0.50;0.59;0.00;68.31;442.31;2977.35;66.08;28.98;5.73;2.05;4.67;0.02;0.08;0.12;0.23;0.48;0.03;
2.85;17.92;11.88;4.46;6.00;4.93;2.89;0.00;0.00;0.00;0.04;0.04;0.04;2.91;7.66;0.76;21.51;17.58;10.14;4.53;0.80;0.66;0.18;0.40;13.94;4.03;2.78;8.69;2.58;0.00;0.00;0.50;0.59;0.00;55.33;189.48;1101.42;60.64;17.60;5.86;2.09;4.75;0.03;0.12;0.19;0.32;0.64;0.04;
2.85;17.92;11.88;4.46;6.00;4.93;2.89;0.00;0.00;0.00;0.04;0.04;0.04;2.91;7.66;0.76;21.51;17.58;10.14;4.53;0.80;0.66;0.18;0.40;13.97;4.04;2.79;8.70;2.58;0.00;0.00;0.50;0.59;0.00;100.11;2058.18;18078.42;77.22;71.60;4.59;1.70;3.90;0.09;0.31;0.63;0.76;1.35;0.12;
2.85;17.92;11.88;4.46;6.00;4.93;2.89;0.00;0.00;0.00;0.04;0.04;0.04;2.91;7.66;0.76;21.51;17.58;10.14;4.51;0.80;0.66;0.18;0.40;14.09;4.05;2.85;8.75;2.59;0.00;0.00;0.50;0.59;0.00;59.99;262.30;1612.99;62.67;21.32;3.99;1.51;3.49;0.06;0.19;0.35;0.50;0.94;0.07;
2.85;17.92;11.88;4.46;6.00;4.93;2.89;0.00;0.00;0.00;0.04;0.04;0.04;2.91;7.66;0.76;21.51;17.58;10.14;4.51;0.80;0.66;0.18;0.40;14.00;4.04;2.81;8.71;2.59;0.00;0.00;0.50;0.59;0.00;64.38;348.42;2250.49;64.50;25.19;5.61;2.01;4.59;0.10;0.31;0.65;0.78;1.38;0.12;
2.85;17.92;11.88;4.46;6.00;4.93;2.89;0.00;0.00;0.00;0.04;0.04;0.04;2.91;7.66;0.76;21.51;17.58;10.14;4.51;0.80;0.66;0.18;0.40;13.98;4.04;2.80;8.71;2.58;0.00;0.00;0.50;0.59;0.00;86.11;1122.85;8880.83;72.62;50.14;6.23;2.20;4.99;0.40;1.18;3.36;2.56;3.90;0.50;
2.85;17.92;11.88;4.46;6.00;4.93;2.89;0.00;0.00;0.00;0.04;0.04;0.04;2.91;7.66;0.76;21.51;17.58;10.14;4.51;0.80;0.66;0.18;0.40;14.10;4.05;2.85;8.75;2.59;0.00;0.00;0.50;0.59;0.00;55.45;191.09;1112.42;60.69;17.69;5.86;2.09;4.75;0.03;0.10;0.16;0.28;0.57;0.04;
2.85;17.92;11.88;4.46;6.00;4.93;2.89;0.00;0.00;0.00;0.04;0.04;0.04;2.91;7.66;0.76;21.51;17.58;10.14;4.51;0.80;0.66;0.18;0.40;13.89;4.03;2.76;8.67;2.58;0.00;0.00;0.50;0.59;0.00;66.33;392.91;2591.18;65.29;27.03;8.47;2.86;6.39;0.02;0.07;0.10;0.19;0.41;0.02;
2.85;17.92;11.88;4.46;6.00;4.93;2.89;0.00;0.00;0.00;0.04;0.04;0.04;2.91;7.66;0.76;21.51;17.58;10.14;4.51;0.80;0.66;0.18;0.40;14.08;4.05;2.84;8.74;2.59;0.00;0.00;0.50;0.59;0.00;63.14;322.20;2053.15;63.99;24.06;8.22;2.78;6.24;0.02;0.07;0.10;0.20;0.43;0.02;
2.85;17.92;11.88;4.46;6.00;4.93;2.89;0.00;0.00;0.00;0.04;0.04;0.04;2.91;7.66;0.76;21.51;17.58;10.14;4.51;0.80;0.66;0.18;0.40;13.88;4.03;2.76;8.67;2.58;0.00;0.00;0.50;0.59;0.00;57.01;213.69;1268.25;61.38;18.89;6.11;2.16;4.92;0.02;0.06;0.09;0.19;0.40;0.02;
2.85;17.92;11.88;4.46;6.00;4.93;2.89;0.00;0.00;0.00;0.04;0.04;0.04;2.91;7.66;0.76;21.51;17.58;10.14;4.51;0.80;0.66;0.18;0.40;13.96;4.04;2.79;8.70;2.58;0.00;0.00;0.50;0.59;0.00;103.15;2321.05;20815.98;78.17;76.85;7.06;2.45;5.52;0.02;0.08;0.12;0.23;0.47;0.03;
2.85;17.92;11.88;4.46;6.00;4.93;2.89;0.00;0.00;0.00;0.04;0.04;0.04;2.91;7.66;0.76;21.51;17.58;10.14;4.51;0.80;0.66;0.18;0.40;14.09;4.05;2.85;8.75;2.59;0.00;0.00;0.50;0.59;0.00;89.90;1335.02;10879.98;73.91;55.51;6.67;2.33;5.27;0.02;0.07;0.10;0.20;0.43;0.02;
2.85;17.92;11.88;4.46;6.00;4.93;2.89;0.00;0.00;0.00;0.04;0.04;0.04;2.91;7.66;0.76;21.51;17.58;10.14;4.51;0.80;0.66;0.18;0.40;14.00;4.04;2.81;8.71;2.59;0.00;0.00;0.50;0.59;0.00;127.45;5435.89;56487.18;85.21;126.77;6.69;2.34;5.28;0.02;0.08;0.12;0.23;0.47;0.03;
2.85;17.92;11.88;4.46;6.00;4.93;2.89;0.00;0.00;0.00;0.04;0.04;0.04;2.91;7.66;0.76;21.51;17.58;10.14;4.51;0.80;0.66;0.18;0.40;14.10;4.05;2.85;8.75;2.59;0.00;0.00;0.50;0.59;0.00;74.00;610.03;4341.31;68.27;35.02;5.59;2.01;4.57;0.04;0.15;0.26;0.40;0.77;0.05;
2.85;17.92;11.88;4.46;6.00;4.93;2.89;0.00;0.00;0.00;0.04;0.04;0.04;2.91;7.66;0.76;21.51;17.58;10.14;4.51;0.80;0.66;0.18;0.40;14.35;4.08;2.96;8.85;2.61;0.00;0.00;0.50;0.59;0.00;117.72;3948.28;38819.75;82.50;105.04;6.04;2.14;4.87;0.02;0.07;0.11;0.21;0.44;0.02;
2.85;17.92;11.88;4.46;6.00;4.93;2.89;0.00;0.00;0.00;0.04;0.04;0.04;2.91;7.66;0.76;21.51;17.58;10.14;4.51;0.80;0.66;0.18;0.40;14.05;4.05;2.83;8.73;2.59;0.00;0.00;0.50;0.59;0.00;57.89;227.30;1363.55;61.76;19.59;8.63;2.90;6.49;0.02;0.07;0.11;0.21;0.45;0.03;
2.85;17.92;11.88;4.46;6.00;4.93;2.89;0.00;0.00;0.00;0.04;0.04;0.04;2.91;7.66;0.76;21.51;17.58;10.14;4.51;0.80;0.66;0.18;0.40;14.22;4.07;2.90;8.80;2.60;0.00;0.00;0.50;0.59;0.00;56.69;208.88;1234.82;61.24;18.64;6.78;2.36;5.34;0.03;0.10;0.16;0.28;0.57;0.04;
2.85;17.92;11.88;4.46;6.00;4.93;2.89;0.00;0.00;0.00;0.04;0.04;0.04;2.91;7.66;0.76;21.51;17.58;10.14;4.51;0.80;0.66;0.18;0.40;14.03;4.04;2.82;8.72;2.59;0.00;0.00;0.50;0.59;0.00;68.54;448.37;3025.29;66.17;29.22;5.51;1.98;4.52;0.02;0.09;0.13;0.24;0.50;0.03;
2.85;17.92;11.88;4.46;6.00;4.93;2.89;0.00;0.00;0.00;0.04;0.04;0.04;2.91;7.66;0.76;21.51;17.58;10.14;4.51;0.80;0.66;0.18;0.40;14.22;4.07;2.90;8.80;2.60;0.00;0.00;0.50;0.59;0.00;91.94;1461.29;12096.73;74.59;58.54;7.03;2.44;5.50;0.02;0.06;0.08;0.18;0.38;0.02;
2.85;17.92;11.88;4.46;6.00;4.93;2.89;0.00;0.00;0.00;0.04;0.04;0.04;2.91;7.66;0.76;21.51;17.58;10.14;4.51;0.80;0.66;0.18;0.40;14.14;4.06;2.87;8.77;2.60;0.00;0.00;0.50;0.59;0.00;72.96;576.37;4061.67;67.87;33.87;5.23;1.90;4.33;0.02;0.08;0.11;0.22;0.46;0.03;
2.85;17.92;11.88;4.46;6.00;4.93;2.89;0.00;0.00;0.00;0.04;0.04;0.04;2.91;7.66;0.76;21.51;17.58;10.14;4.51;0.80;0.66;0.18;0.40;14.36;4.08;2.96;8.85;2.61;0.00;0.00;0.50;0.59;0.00;44.61;79.64;398.45;55.53;10.57;7.69;2.63;5.92;0.05;0.16;0.27;0.41;0.80;0.06;
2.85;17.92;11.88;4.46;6.00;4.93;2.89;0.00;0.00;0.00;0.04;0.04;0.04;2.91;7.66;0.76;21.51;17.58;10.14;4.50;0.79;0.66;0.18;0.40;14.05;4.05;2.83;8.73;2.59;0.00;0.00;0.50;0.59;0.00;48.07;107.64;567.35;57.26;12.62;5.62;2.01;4.59;0.01;0.04;0.05;0.12;0.27;0.01;
2.85;17.92;11.88;4.46;6.00;4.93;2.89;0.00;0.00;0.00;0.04;0.04;0.04;2.91;7.66;0.76;21.51;17.58;10.14;4.48;0.79;0.65;0.18;0.39;13.99;4.04;2.81;8.71;2.59;0.00;0.00;0.50;0.59;0.00;39.83;50.51;233.55;53.03;8.09;8.03;2.73;6.13;0.05;0.17;0.31;0.46;0.87;0.06;
2.85;17.92;11.88;4.46;6.00;4.93;2.89;0.00;0.00;0.00;0.04;0.04;0.04;2.91;7.66;0.76;21.51;17.58;10.14;4.50;0.80;0.66;0.18;0.40;14.10;4.05;2.85;8.75;2.59;0.00;0.00;0.50;0.59;0.00;70.01;488.21;3343.01;66.74;30.72;7.78;2.66;5.97;0.01;0.05;0.06;0.14;0.31;0.02;
2.85;17.92;11.88;4.46;6.00;4.93;2.89;0.00;0.00;0.00;0.04;0.04;0.04;2.91;7.66;0.76;21.51;17.58;10.14;4.51;0.80;0.66;0.18;0.40;14.00;4.04;2.81;8.71;2.59;0.00;0.00;0.50;0.59;0.00;48.19;108.71;573.94;57.31;12.70;5.88;2.09;4.76;0.03;0.10;0.16;0.28;0.57;0.03;
2.85;17.92;11.88;4.46;6.00;4.93;2.89;0.00;0.00;0.00;0.04;0.04;0.04;2.91;7.66;0.76;21.51;17.58;10.14;4.48;0.79;0.65;0.18;0.40;14.10;4.05;2.85;8.75;2.59;0.00;0.00;0.50;0.59;0.00;50.32;129.32;703.59;58.33;14.06;5.44;1.96;4.48;0.11;0.36;0.78;0.89;1.55;0.14;
2.85;17.92;11.88;4.46;6.00;4.93;2.89;0.00;0.00;0.00;0.04;0.04;0.04;2.91;7.66;0.76;21.51;17.58;10.14;4.45;0.79;0.64;0.18;0.39;14.00;4.04;2.81;8.71;2.59;0.00;0.00;0.50;0.59;0.00;54.93;184.00;1064.15;60.46;17.30;4.97;1.82;4.16;0.06;0.21;0.39;0.54;1.00;0.08;
