4.60;34.86;20.02;8.12;10.84;7.92;4.69;0.00;0.00;0.00;0.08;0.07;0.08;59.35;14.47;66.85;77.27;35.35;78.88;12.91;1.43;3.37;0.47;0.70;53.86;7.06;48.55;20.02;4.39;0.02;0.05;0.70;0.81;0.01;20.34;3.38;9.79;40.31;1.65;17.36;5.26;11.39;4.13;10.46;50.71;18.36;21.61;5.25;
3.12;20.28;13.09;4.98;6.70;5.38;3.16;0.00;0.00;0.00;0.04;0.04;0.04;5.14;8.64;1.77;27.37;20.06;14.92;5.55;0.89;0.91;0.22;0.44;17.89;4.47;4.72;10.14;2.85;0.00;0.01;0.53;0.63;0.00;53.47;165.07;936.91;59.79;16.23;13.98;4.38;9.57;4.04;10.23;49.35;18.00;21.24;5.13;
2.89;18.28;12.06;4.54;6.10;4.99;2.93;0.00;0.00;0.00;0.03;0.04;0.04;3.31;7.87;0.92;22.71;18.11;11.06;4.77;0.82;0.72;0.19;0.41;14.67;4.12;3.10;8.97;2.63;0.00;0.01;0.50;0.60;0.00;37.40;39.20;173.49;51.68;6.97;13.98;4.37;9.57;10.34;24.65;147.25;39.78;42.33;13.28;
2.85;17.91;11.87;4.46;6.00;4.92;2.88;0.00;0.00;0.00;0.03;0.04;0.04;3.03;7.73;0.81;21.90;17.75;10.43;4.63;0.81;0.68;0.19;0.40;13.99;4.04;2.80;8.71;2.59;0.00;0.00;0.50;0.60;0.00;30.50;17.25;66.25;47.56;4.30;15.01;4.65;10.13;31.76;70.37;542.73;102.49;96.42;41.30;
2.84;17.80;11.81;4.43;5.96;4.90;2.87;0.00;0.00;0.00;0.03;0.04;0.04;2.98;7.70;0.79;21.74;17.68;10.31;4.60;0.80;0.68;0.19;0.40;13.98;4.04;2.80;8.70;2.58;0.00;0.00;0.50;0.59;0.00;25.37;8.22;27.77;44.12;2.78;8.55;2.88;6.44;12.83;30.16;189.26;47.72;49.60;16.52;
2.84;17.78;11.80;4.43;5.96;4.90;2.87;0.00;0.00;0.00;0.03;0.04;0.04;2.97;7.70;0.79;21.71;17.67;10.29;4.60;0.80;0.68;0.18;0.40;13.97;4.04;2.80;8.70;2.58;0.00;0.00;0.50;0.59;0.00;55.02;185.24;1072.57;60.50;17.37;10.70;3.49;7.71;5.86;14.49;76.06;24.63;27.90;7.48;
2.85;17.85;11.84;4.44;5.98;4.91;2.88;0.00;0.00;0.00;0.03;0.04;0.04;2.97;7.70;0.78;21.70;17.67;10.28;4.58;0.80;0.67;0.18;0.40;13.74;4.01;2.70;8.61;2.57;0.00;0.00;0.50;0.59;0.00;51.61;143.19;792.97;58.94;14.93;15.79;4.85;10.55;0.61;1.76;5.53;3.68;5.34;0.77;
2.83;17.75;11.79;4.42;5.95;4.89;2.87;0.00;0.00;0.00;0.03;0.04;0.04;2.97;7.70;0.78;21.70;17.67;10.28;4.56;0.80;0.67;0.18;0.40;13.93;4.03;2.78;8.69;2.58;0.00;0.00;0.50;0.59;0.00;23.94;6.51;21.13;43.09;2.42;15.33;4.73;10.30;0.11;0.34;0.72;0.84;1.48;0.13;
2.84;17.77;11.80;4.43;5.95;4.90;2.87;0.00;0.00;0.00;0.03;0.04;0.04;2.97;7.70;0.78;21.70;17.67;10.28;4.54;0.80;0.67;0.18;0.40;13.97;4.04;2.79;8.70;2.58;0.00;0.00;0.50;0.59;0.00;23.36;5.91;18.84;42.66;2.29;11.78;3.78;8.33;0.76;2.14;7.07;4.39;6.23;0.95;
2.83;17.74;11.78;4.42;5.94;4.89;2.86;0.00;0.00;0.00;0.03;0.04;0.04;2.97;7.70;0.78;21.70;17.67;10.28;4.57;0.80;0.67;0.18;0.40;13.97;4.04;2.80;8.70;2.58;0.00;0.00;0.50;0.60;0.00;24.96;7.71;25.75;43.83;2.68;10.00;3.29;7.31;0.25;0.75;1.91;1.70;2.73;0.30;
2.83;17.73;11.78;4.42;5.94;4.89;2.86;0.00;0.00;0.00;0.03;0.04;0.04;2.97;7.70;0.78;21.70;17.67;10.28;4.55;0.80;0.67;0.18;0.40;13.98;4.04;2.80;8.70;2.58;0.00;0.00;0.50;0.60;0.00;27.02;10.60;37.42;45.27;3.23;13.72;4.31;9.43;1.37;3.72;14.02;7.22;9.60;1.72;
2.84;17.76;11.79;4.42;5.95;4.89;2.87;0.00;0.00;0.00;0.03;0.04;0.04;2.97;7.70;0.78;21.70;17.67;10.28;4.57;0.80;0.67;0.18;0.40;13.98;4.04;2.80;8.70;2.58;0.00;0.01;0.50;0.60;0.00;15.98;1.28;3.14;36.54;0.93;21.26;6.25;13.41;22.10;50.15;356.12;75.49;73.91;28.63;
2.83;17.73;11.78;4.42;5.94;4.89;2.86;0.00;0.00;0.00;0.03;0.04;0.04;2.97;7.70;0.78;21.70;17.67;10.28;4.55;0.80;0.67;0.18;0.40;14.09;4.05;2.85;8.75;2.59;0.00;0.01;0.50;0.60;0.00;26.15;9.29;32.06;44.67;2.99;12.72;4.04;8.87;1.56;4.21;16.33;8.07;10.57;1.96;
2.84;17.77;11.79;4.42;5.95;4.89;2.87;0.00;0.00;0.00;0.03;0.04;0.04;2.97;7.70;0.78;21.70;17.67;10.28;4.54;0.80;0.67;0.18;0.40;13.88;4.03;2.76;8.67;2.58;0.00;0.01;0.50;0.60;0.00;37.50;39.61;175.62;51.74;7.01;12.59;4.00;8.79;1.85;4.94;19.97;9.33;12.00;2.34;
2.83;17.74;11.78;4.42;5.94;4.89;2.86;0.00;0.00;0.00;0.03;0.04;0.04;2.97;7.70;0.78;21.70;17.67;10.28;4.53;0.80;0.66;0.18;0.40;14.07;4.05;2.84;8.74;2.59;0.00;0.01;0.50;0.60;0.00;48.49;111.39;590.59;57.46;12.88;10.19;3.34;7.42;0.73;2.06;6.73;4.24;6.04;0.91;
2.83;17.73;11.78;4.42;5.94;4.89;2.86;0.00;0.00;0.00;0.03;0.04;0.04;2.97;7.70;0.78;21.70;17.67;10.28;4.52;0.80;0.66;0.18;0.40;14.11;4.05;2.86;8.76;2.59;0.00;0.01;0.50;0.60;0.00;24.50;7.15;23.57;43.49;2.56;14.71;4.57;9.97;5.00;12.50;63.27;21.55;24.84;6.37;
2.83;17.73;11.77;4.42;5.94;4.89;2.86;0.00;0.00;0.00;0.03;0.04;0.04;2.97;7.70;0.78;21.70;17.67;10.28;4.51;0.80;0.66;0.18;0.40;14.12;4.05;2.86;8.76;2.59;0.00;0.01;0.50;0.60;0.00;19.10;2.63;7.29;39.30;1.42;11.69;3.76;8.28;0.92;2.58;8.88;5.18;7.19;1.15;
2.83;17.73;11.77;4.42;5.94;4.89;2.86;0.00;0.00;0.00;0.03;0.04;0.04;2.97;7.70;0.78;21.70;17.67;10.28;4.52;0.80;0.66;0.18;0.40;14.12;4.05;2.86;8.76;2.59;0.00;0.01;0.50;0.60;0.00;15.58;1.16;2.78;36.16;0.88;11.10;3.60;7.95;1.48;4.02;15.43;7.74;10.20;1.87;
2.83;17.73;11.77;4.42;5.94;4.89;2.86;0.00;0.00;0.00;0.03;0.04;0.04;2.97;7.70;0.78;21.70;17.67;10.28;4.51;0.80;0.66;0.18;0.40;14.12;4.05;2.86;8.76;2.59;0.00;0.01;0.50;0.60;0.00;14.79;0.94;2.18;35.40;0.78;10.70;3.48;7.71;1.21;3.31;12.14;6.50;8.76;1.51;
2.83;17.73;11.77;4.42;5.94;4.89;2.86;0.00;0.00;0.00;0.03;0.04;0.04;2.97;7.70;0.78;21.70;17.67;10.28;4.51;0.80;0.66;0.18;0.40;14.12;4.05;2.86;8.76;2.59;0.00;0.01;0.50;0.60;0.00;15.97;1.28;3.13;36.53;0.93;14.51;4.52;9.86;10.30;24.57;146.66;39.66;42.23;13.23;
2.83;17.73;11.77;4.42;5.94;4.89;2.86;0.00;0.00;0.00;0.03;0.04;0.04;2.97;7.70;0.78;21.70;17.67;10.28;4.51;0.80;0.66;0.18;0.40;14.12;4.05;2.86;8.76;2.59;0.00;0.01;0.50;0.60;0.00;19.87;3.08;8.78;39.94;1.56;11.71;3.76;8.29;1.01;2.80;9.83;5.58;7.67;1.26;
2.83;17.73;11.77;4.42;5.94;4.89;2.86;0.00;0.00;0.00;0.03;0.04;0.04;2.97;7.70;0.78;21.70;17.67;10.28;4.52;0.80;0.66;0.18;0.40;13.88;4.03;2.76;8.67;2.58;0.00;0.01;0.50;0.60;0.00;27.22;10.92;38.75;45.40;3.29;11.52;3.71;8.19;0.42;1.24;3.57;2.68;4.05;0.52;
2.83;17.73;11.77;4.42;5.94;4.89;2.86;0.00;0.00;0.00;0.03;0.04;0.04;2.97;7.70;0.78;21.70;17.67;10.28;4.51;0.80;0.66;0.18;0.40;13.72;4.01;2.69;8.60;2.57;0.00;0.01;0.50;0.60;0.00;26.57;9.91;34.55;44.96;3.10;6.54;2.29;5.19;18.13;41.68;282.97;63.89;63.93;23.44;
2.83;17.73;11.77;4.42;5.94;4.89;2.86;0.00;0.00;0.00;0.03;0.04;0.04;2.97;7.70;0.78;21.70;17.67;10.28;4.51;0.80;0.66;0.18;0.40;14.04;4.05;2.83;8.73;2.59;0.00;0.01;0.50;0.60;0.00;23.95;6.53;21.18;43.09;2.43;9.89;3.26;7.24;1.55;4.17;16.17;8.01;10.50;1.94;
2.83;17.73;11.77;4.42;5.94;4.89;2.86;0.00;0.00;0.00;0.03;0.04;0.04;2.97;7.70;0.78;21.70;17.67;10.28;4.51;0.80;0.66;0.18;0.40;13.87;4.02;2.75;8.66;2.58;0.00;0.01;0.50;0.60;0.00;14.96;0.98;2.30;35.57;0.80;12.33;3.93;8.65;0.60;1.72;5.39;3.61;5.25;0.75;
2.83;17.73;11.77;4.42;5.94;4.89;2.86;0.00;0.00;0.00;0.03;0.04;0.04;2.97;7.70;0.78;21.70;17.67;10.28;4.51;0.80;0.66;0.18;0.40;13.95;4.03;2.79;8.69;2.58;0.00;0.01;0.50;0.60;0.00;25.46;8.34;28.24;44.18;2.80;13.79;4.33;9.47;1.10;3.05;10.94;6.03;8.21;1.38;
2.83;17.73;11.77;4.42;5.94;4.89;2.86;0.00;0.00;0.00;0.03;0.04;0.04;2.97;7.70;0.78;21.70;17.67;10.28;4.51;0.80;0.66;0.18;0.40;14.09;4.05;2.85;8.75;2.59;0.00;0.01;0.50;0.60;0.00;26.53;9.85;34.30;44.93;3.09;9.70;3.21;7.13;7.42;18.09;100.20;30.08;33.20;9.50;
2.83;17.73;11.77;4.42;5.94;4.89;2.86;0.00;0.00;0.00;0.03;0.04;0.04;2.97;7.70;0.78;21.70;17.67;10.28;4.51;0.80;0.66;0.18;0.40;14.12;4.05;2.86;8.76;2.59;0.00;0.01;0.50;0.60;0.00;22.52;5.09;15.84;42.03;2.10;11.00;3.57;7.89;2.76;7.17;31.70;13.05;16.06;3.49;
2.83;17.73;11.77;4.42;5.94;4.89;2.86;0.00;0.00;0.00;0.03;0.04;0.04;2.94;7.68;0.77;21.61;17.63;10.21;4.51;0.80;0.66;0.18;0.40;14.00;4.04;2.81;8.71;2.59;0.00;0.01;0.50;0.60;0.00;26.77;10.22;35.84;45.10;3.16;15.02;4.65;10.14;0.71;2.03;6.58;4.17;5.96;0.89;
2.83;17.73;11.77;4.42;5.94;4.89;2.86;0.00;0.00;0.00;0.03;0.04;0.04;2.96;7.69;0.78;21.68;17.66;10.27;4.51;0.80;0.66;0.18;0.40;13.98;4.04;2.80;8.71;2.58;0.00;0.01;0.50;0.60;0.00;22.90;5.45;17.15;42.32;2.18;11.01;3.57;7.89;4.09;10.36;50.10;18.19;21.44;5.20;
2.85;17.88;11.85;4.45;5.99;4.92;2.88;0.00;0.00;0.00;0.03;0.04;0.04;2.94;7.68;0.77;21.60;17.62;10.21;4.51;0.80;0.66;0.18;0.40;13.98;4.04;2.80;8.70;2.58;0.00;0.01;0.50;0.60;0.00;23.81;6.38;20.62;43.00;2.40;14.27;4.45;9.73;1.31;3.57;13.31;6.96;9.29;1.64;
2.86;17.94;11.89;4.46;6.01;4.93;2.89;0.00;0.00;0.00;0.03;0.04;0.04;2.96;7.69;0.78;21.68;17.66;10.26;4.58;0.80;0.67;0.18;0.40;13.98;4.04;2.80;8.70;2.58;0.00;0.01;0.50;0.60;0.00;25.83;8.85;30.26;44.45;2.90;12.86;4.08;8.95;0.89;2.50;8.53;5.04;7.02;1.12;
2.88;18.11;11.97;4.50;6.05;4.96;2.91;0.00;0.00;0.00;0.03;0.04;0.04;2.97;7.69;0.78;21.69;17.66;10.28;4.63;0.81;0.69;0.19;0.40;14.21;4.07;2.90;8.79;2.60;0.00;0.01;0.50;0.60;0.00;25.42;8.30;28.08;44.16;2.80;17.39;5.27;11.41;2.74;7.12;31.42;12.97;15.97;3.47;
2.88;18.18;12.01;4.52;6.08;4.98;2.92;0.00;0.00;0.00;0.03;0.04;0.04;2.97;7.69;0.78;21.70;17.67;10.28;4.67;0.81;0.70;0.19;0.40;14.02;4.04;2.82;8.72;2.59;0.00;0.01;0.50;0.60;0.00;19.23;2.70;7.52;39.40;1.44;15.46;4.77;10.38;1.45;3.92;14.98;7.58;10.01;1.82;
2.91;18.39;12.12;4.56;6.14;5.02;2.94;0.00;0.00;0.00;0.03;0.04;0.04;2.97;7.69;0.78;21.70;17.67;10.28;4.75;0.82;0.71;0.19;0.41;14.10;4.05;2.85;8.75;2.59;0.00;0.01;0.50;0.60;0.00;25.67;8.63;29.38;44.33;2.86;21.22;6.24;13.39;4.62;11.62;57.78;20.18;23.46;5.89;
2.91;18.43;12.14;4.57;6.15;5.02;2.94;0.00;0.00;0.00;0.03;0.04;0.04;2.97;7.70;0.78;21.70;17.67;10.28;4.86;0.83;0.74;0.19;0.41;14.12;4.05;2.86;8.76;2.59;0.00;0.01;0.50;0.60;0.00;19.37;2.78;7.77;39.52;1.47;17.38;5.27;11.40;20.11;45.91;319.09;69.71;68.96;26.02;
2.93;18.63;12.24;4.62;6.21;5.06;2.97;0.00;0.00;0.00;0.03;0.04;0.04;2.97;7.70;0.78;21.70;17.67;10.28;4.94;0.84;0.76;0.20;0.42;14.00;4.04;2.81;8.71;2.59;0.00;0.01;0.50;0.60;0.00;39.23;47.52;217.41;52.70;7.80;19.09;5.70;12.29;3.86;9.81;46.85;17.33;20.55;4.90;
2.94;18.67;12.26;4.63;6.22;5.07;2.97;0.00;0.00;0.00;0.03;0.04;0.04;3.03;7.73;0.81;21.88;17.75;10.42;5.08;0.85;0.79;0.20;0.42;14.10;4.05;2.85;8.75;2.59;0.00;0.01;0.50;0.60;0.00;24.28;6.90;22.59;43.34;2.51;19.19;5.73;12.35;0.89;2.49;8.51;5.03;7.01;1.11;
2.96;18.88;12.37;4.67;6.28;5.11;3.00;0.00;0.00;0.00;0.04;0.04;0.04;3.13;7.78;0.85;22.20;17.89;10.66;5.22;0.86;0.83;0.21;0.43;14.24;4.07;2.91;8.80;2.60;0.00;0.01;0.50;0.60;0.00;24.23;6.84;22.38;43.30;2.50;17.62;5.33;11.53;0.42;1.24;3.59;2.69;4.07;0.53;
2.97;18.92;12.39;4.68;6.29;5.12;3.00;0.00;0.00;0.00;0.03;0.04;0.04;3.15;7.79;0.86;22.26;17.92;10.71;5.33;0.87;0.85;0.21;0.43;14.15;4.06;2.87;8.77;2.60;0.00;0.01;0.50;0.60;0.00;25.17;7.97;26.75;43.97;2.73;17.46;5.29;11.45;0.28;0.85;2.24;1.91;3.01;0.35;
2.99;19.13;12.50;4.73;6.36;5.16;3.03;0.00;0.00;0.00;0.04;0.04;0.04;3.16;7.80;0.86;22.27;17.92;10.72;5.44;0.88;0.88;0.22;0.44;14.61;4.11;3.08;8.95;2.63;0.00;0.01;0.50;0.60;0.00;34.54;28.48;119.26;50.04;5.77;18.77;5.62;12.13;11.93;28.18;173.91;44.88;47.02;15.35;
2.99;19.17;12.52;4.74;6.37;5.17;3.03;0.00;0.00;0.00;0.04;0.04;0.04;3.16;7.80;0.86;22.28;17.92;10.72;5.55;0.89;0.91;0.22;0.44;14.34;4.08;2.95;8.84;2.61;0.00;0.01;0.50;0.60;0.00;66.73;402.46;2665.17;65.45;27.42;12.77;4.05;8.90;0.89;2.50;8.54;5.04;7.02;1.12;
3.01;19.34;12.61;4.78;6.42;5.20;3.05;0.00;0.00;0.00;0.04;0.04;0.04;3.19;7.81;0.87;22.37;17.96;10.80;5.65;0.90;0.93;0.22;0.45;14.41;4.09;2.98;8.87;2.62;0.00;0.01;0.50;0.60;0.00;26.88;10.39;36.54;45.17;3.19;12.57;4.00;8.78;5.37;13.36;68.78;22.90;26.19;6.85;
3.02;19.42;12.65;4.79;6.44;5.21;3.06;0.00;0.00;0.00;0.04;0.04;0.04;3.33;7.88;0.93;22.77;18.14;11.11;5.76;0.91;0.96;0.23;0.45;14.54;4.10;3.04;8.92;2.63;0.00;0.01;0.50;0.60;0.00;25.53;8.45;28.65;44.24;2.82;16.17;4.95;10.76;0.79;2.22;7.37;4.53;6.40;0.98;
3.02;19.43;12.65;4.80;6.45;5.22;3.06;0.00;0.00;0.00;0.04;0.04;0.04;3.35;7.90;0.94;22.85;18.17;11.17;5.87;0.92;0.99;0.23;0.46;14.57;4.11;3.06;8.93;2.63;0.00;0.01;0.50;0.60;0.00;26.32;9.53;33.04;44.78;3.03;12.12;3.87;8.53;10.65;25.34;152.39;40.78;43.26;13.68;
3.05;19.64;12.76;4.84;6.51;5.26;3.08;0.00;0.00;0.00;0.04;0.04;0.04;3.36;7.90;0.94;22.87;18.18;11.18;5.99;0.93;1.02;0.23;0.46;14.58;4.11;3.06;8.93;2.63;0.00;0.01;0.50;0.60;0.00;34.18;27.30;113.47;49.82;5.63;11.23;3.63;8.02;0.32;0.97;2.64;2.15;3.34;0.40;
3.05;19.68;12.78;4.85;6.52;5.27;3.09;0.00;0.00;0.00;0.04;0.04;0.04;3.36;7.90;0.94;22.87;18.18;11.19;6.03;0.94;1.03;0.24;0.46;14.46;4.09;3.00;8.89;2.62;0.00;0.01;0.50;0.60;0.00;31.97;20.86;82.76;48.48;4.81;13.27;4.19;9.18;4.44;11.18;55.11;19.50;22.77;5.65;
3.06;19.73;12.81;4.86;6.53;5.28;3.10;0.00;0.00;0.00;0.04;0.04;0.04;3.40;7.92;0.96;22.97;18.22;11.26;6.11;0.94;1.06;0.24;0.47;14.55;4.11;3.05;8.92;2.63;0.00;0.01;0.50;0.60;0.00;24.73;7.42;24.63;43.66;2.62;14.72;4.57;9.97;0.77;2.17;7.18;4.44;6.29;0.96;
3.08;19.91;12.90;4.90;6.59;5.31;3.12;0.00;0.00;0.00;0.04;0.04;0.04;3.54;7.99;1.02;23.38;18.40;11.58;6.22;0.95;1.08;0.24;0.47;14.45;4.09;3.00;8.88;2.62;0.00;0.01;0.50;0.60;0.00;32.69;22.81;91.89;48.92;5.07;15.78;4.85;10.55;2.45;6.43;27.68;11.83;14.74;3.10;
3.08;19.95;12.92;4.91;6.60;5.32;3.12;0.00;0.00;0.00;0.04;0.04;0.04;3.57;8.00;1.03;23.46;18.44;11.65;6.34;0.96;1.12;0.25;0.48;14.55;4.11;3.05;8.92;2.63;0.00;0.01;0.50;0.60;0.00;20.42;3.44;9.99;40.38;1.67;18.31;5.50;11.89;4.17;10.55;51.27;18.50;21.75;5.30;
3.09;20.00;12.94;4.92;6.61;5.33;3.13;0.00;0.00;0.00;0.04;0.04;0.04;3.58;8.00;1.03;23.48;18.44;11.66;6.46;0.97;1.15;0.25;0.48;14.70;4.12;3.11;8.98;2.64;0.00;0.01;0.50;0.60;0.00;37.42;39.28;173.91;51.70;6.98;14.86;4.61;10.05;7.83;19.02;106.64;31.47;34.53;10.03;
3.11;20.18;13.03;4.96;6.67;5.36;3.15;0.00;0.00;0.00;0.04;0.04;0.04;3.61;8.02;1.05;23.58;18.49;11.75;6.49;0.97;1.16;0.25;0.48;14.73;4.13;3.13;8.99;2.64;0.00;0.01;0.50;0.60;0.00;69.16;464.91;3156.57;66.41;29.85;15.62;4.81;10.46;0.83;2.34;7.86;4.75;6.66;1.04;
3.11;20.21;13.05;4.97;6.68;5.37;3.15;0.00;0.00;0.00;0.04;0.04;0.04;3.62;8.02;1.05;23.60;18.50;11.76;6.59;0.98;1.19;0.26;0.49;14.61;4.11;3.07;8.94;2.63;0.00;0.01;0.51;0.60;0.00;27.25;10.98;38.97;45.43;3.30;9.46;3.14;6.98;0.97;2.69;9.36;5.39;7.44;1.21;
3.11;20.22;13.06;4.97;6.68;5.37;3.15;0.00;0.00;0.00;0.04;0.04;0.04;3.77;8.09;1.12;24.00;18.67;12.09;6.72;0.99;1.22;0.26;0.49;14.71;4.12;3.12;8.98;2.64;0.00;0.01;0.50;0.60;0.00;25.46;8.34;28.25;44.18;2.80;11.92;3.82;8.42;6.92;16.93;92.31;28.35;31.53;8.85;
3.13;20.39;13.14;5.01;6.73;5.40;3.17;0.00;0.00;0.00;0.04;0.04;0.04;3.80;8.10;1.13;24.08;18.70;12.15;6.84;1.00;1.26;0.26;0.50;14.60;4.11;3.07;8.94;2.63;0.00;0.01;0.50;0.60;0.00;18.47;2.29;6.21;38.76;1.31;13.26;4.18;9.17;1.01;2.80;9.86;5.59;7.69;1.26;
3.14;20.47;13.18;5.03;6.75;5.42;3.18;0.00;0.00;0.00;0.04;0.04;0.04;3.80;8.11;1.13;24.10;18.71;12.17;6.87;1.01;1.26;0.27;0.50;14.58;4.11;3.06;8.94;2.63;0.00;0.01;0.50;0.60;0.00;20.93;3.80;11.21;40.79;1.76;13.54;4.26;9.32;0.45;1.31;3.84;2.82;4.24;0.56;
3.14;20.49;13.19;5.03;6.76;5.42;3.18;0.00;0.00;0.00;0.04;0.04;0.04;3.80;8.11;1.13;24.10;18.71;12.17;6.98;1.01;1.30;0.27;0.50;14.83;4.14;3.17;9.03;2.65;0.00;0.01;0.50;0.60;0.00;34.17;27.25;113.24;49.81;5.63;12.46;3.97;8.72;1.62;4.36;17.07;8.33;10.87;2.04;
3.16;20.67;13.28;5.07;6.81;5.45;3.20;0.00;0.00;0.00;0.04;0.04;0.04;3.88;8.14;1.17;24.31;18.80;12.33;7.00;1.02;1.30;0.27;0.50;14.50;4.10;3.03;8.91;2.62;0.00;0.01;0.50;0.60;0.00;25.78;8.77;29.97;44.41;2.89;15.34;4.73;10.31;0.43;1.25;3.62;2.70;4.08;0.53;
3.17;20.75;13.32;5.09;6.83;5.47;3.21;0.00;0.00;0.00;0.04;0.04;0.05;4.01;8.20;1.23;24.66;18.94;12.62;7.11;1.03;1.34;0.27;0.51;14.69;4.12;3.11;8.97;2.64;0.00;0.01;0.50;0.60;0.00;26.41;9.67;33.59;44.85;3.06;11.75;3.77;8.32;0.76;2.14;7.07;4.39;6.23;0.95;
3.17;20.76;13.33;5.09;6.84;5.47;3.21;0.00;0.00;0.00;0.04;0.04;0.05;4.04;8.21;1.24;24.73;18.97;12.68;7.25;1.04;1.37;0.28;0.51;14.72;4.13;3.12;8.99;2.64;0.00;0.01;0.50;0.60;0.00;23.20;5.75;18.24;42.54;2.25;12.14;3.88;8.54;0.39;1.15;3.27;2.51;3.83;0.48;
3.18;20.81;13.35;5.10;6.85;5.48;3.22;0.00;0.00;0.00;0.04;0.04;0.05;4.05;8.21;1.24;24.74;18.98;12.69;7.27;1.04;1.38;0.28;0.51;14.86;4.14;3.18;9.04;2.65;0.00;0.01;0.50;0.60;0.00;15.07;1.01;2.38;35.68;0.81;12.95;4.10;9.00;1.27;3.48;12.90;6.80;9.11;1.60;
3.19;20.95;13.43;5.13;6.89;5.51;3.23;0.00;0.00;0.00;0.04;0.04;0.05;4.05;8.21;1.24;24.74;18.98;12.69;7.39;1.05;1.42;0.28;0.52;14.63;4.11;3.08;8.95;2.63;0.00;0.01;0.50;0.60;0.00;24.84;7.56;25.17;43.74;2.65;10.75;3.50;7.74;1.26;3.43;12.70;6.72;9.02;1.58;
3.20;21.03;13.46;5.15;6.91;5.52;3.24;0.00;0.00;0.00;0.04;0.04;0.05;4.17;8.27;1.30;25.06;19.11;12.95;7.41;1.05;1.42;0.28;0.52;14.84;4.14;3.18;9.03;2.65;0.00;0.01;0.50;0.60;0.00;18.88;2.51;6.89;39.11;1.38;8.34;2.82;6.31;1.71;4.58;18.17;8.72;11.31;2.15;
3.20;21.04;13.47;5.15;6.92;5.52;3.24;0.00;0.00;0.00;0.04;0.04;0.05;4.28;8.31;1.35;25.33;19.22;13.18;7.53;1.06;1.46;0.29;0.52;15.00;4.16;3.25;9.09;2.66;0.00;0.01;0.50;0.60;0.00;32.76;23.02;92.89;48.97;5.09;14.44;4.50;9.82;0.79;2.24;7.45;4.56;6.44;0.99;
3.21;21.09;13.49;5.16;6.93;5.53;3.25;0.00;0.00;0.00;0.04;0.04;0.05;4.30;8.32;1.36;25.39;19.25;13.22;7.55;1.06;1.47;0.29;0.52;14.91;4.15;3.21;9.06;2.65;0.00;0.01;0.50;0.60;0.00;29.02;14.13;52.40;46.60;3.82;15.26;4.71;10.27;1.83;4.88;19.67;9.23;11.88;2.31;
3.23;21.28;13.59;5.21;6.99;5.57;3.27;0.00;0.00;0.00;0.04;0.04;0.05;4.30;8.32;1.36;25.40;19.25;13.23;7.67;1.07;1.50;0.29;0.53;14.89;4.14;3.20;9.05;2.65;0.00;0.01;0.50;0.60;0.00;34.18;27.29;113.44;49.82;5.63;17.35;5.26;11.39;2.46;6.43;27.69;11.83;14.75;3.10;
3.23;21.32;13.61;5.21;7.00;5.57;3.27;0.00;0.00;0.00;0.04;0.04;0.05;4.30;8.32;1.36;25.40;19.25;13.23;7.72;1.07;1.52;0.30;0.53;14.89;4.14;3.20;9.05;2.65;0.00;0.01;0.50;0.60;0.00;17.76;1.96;5.16;38.14;1.20;15.34;4.73;10.31;2.49;6.52;28.16;11.98;14.91;3.15;
3.23;21.32;13.61;5.22;7.00;5.58;3.28;0.00;0.00;0.00;0.04;0.04;0.05;4.35;8.34;1.38;25.50;19.30;13.32;7.83;1.08;1.55;0.30;0.53;14.76;4.13;3.14;9.00;2.64;0.00;0.01;0.50;0.60;0.00;24.28;6.89;22.57;43.33;2.51;15.64;4.81;10.47;1.71;4.58;18.18;8.72;11.31;2.15;
3.24;21.37;13.64;5.23;7.02;5.58;3.28;0.00;0.00;0.00;0.04;0.04;0.05;4.53;8.41;1.47;25.96;19.48;13.70;7.85;1.08;1.56;0.30;0.54;14.99;4.16;3.24;9.09;2.66;0.00;0.01;0.51;0.60;0.00;39.50;48.85;224.55;52.85;7.93;10.27;3.36;7.46;2.23;5.87;24.71;10.89;13.72;2.81;
3.25;21.52;13.71;5.26;7.06;5.61;3.30;0.00;0.00;0.00;0.04;0.04;0.05;4.57;8.43;1.49;26.05;19.52;13.78;7.90;1.09;1.57;0.30;0.54;15.41;4.20;3.44;9.25;2.69;0.00;0.01;0.51;0.60;0.00;33.02;23.76;96.40;49.13;5.19;11.92;3.82;8.42;4.20;10.63;51.75;18.63;21.88;5.35;
3.26;21.59;13.75;5.28;7.08;5.63;3.31;0.00;0.00;0.00;0.04;0.04;0.05;4.58;8.43;1.49;26.07;19.53;13.80;7.98;1.09;1.60;0.30;0.54;14.99;4.16;3.24;9.09;2.66;0.00;0.01;0.51;0.60;0.00;21.99;4.63;14.15;41.62;1.98;16.55;5.05;10.96;4.45;11.21;55.29;19.54;22.82;5.66;
3.26;21.61;13.75;5.28;7.09;5.63;3.31;0.00;0.00;0.00;0.04;0.04;0.05;4.58;8.43;1.49;26.07;19.53;13.80;8.07;1.10;1.62;0.31;0.54;15.16;4.18;3.32;9.15;2.67;0.00;0.01;0.51;0.60;0.00;31.40;19.41;76.06;48.13;4.61;16.88;5.14;11.14;11.56;27.37;167.73;43.72;45.96;14.87;
3.26;21.61;13.76;5.28;7.09;5.63;3.31;0.00;0.00;0.00;0.04;0.04;0.05;4.62;8.45;1.51;26.18;19.57;13.89;8.14;1.11;1.65;0.31;0.55;14.94;4.15;3.22;9.07;2.65;0.00;0.01;0.51;0.60;0.00;41.82;61.44;293.89;54.09;9.08;15.62;4.81;10.46;2.68;6.97;30.61;12.72;15.71;3.39;
3.26;21.61;13.76;5.28;7.09;5.63;3.31;0.00;0.00;0.00;0.04;0.04;0.05;4.68;8.47;1.54;26.31;19.63;14.00;8.15;1.11;1.65;0.31;0.55;14.90;4.15;3.20;9.05;2.65;0.00;0.01;0.51;0.60;0.00;35.84;33.03;141.89;50.79;6.30;13.28;4.19;9.18;5.55;13.77;71.40;23.53;26.81;7.08;
3.27;21.71;13.80;5.30;7.11;5.65;3.32;0.00;0.00;0.00;0.05;0.05;0.05;4.83;8.53;1.61;26.67;19.77;14.31;8.15;1.11;1.65;0.31;0.55;15.53;4.22;3.50;9.29;2.69;0.00;0.01;0.51;0.60;0.00;24.65;7.32;24.24;43.60;2.60;17.64;5.33;11.54;5.22;13.01;66.49;22.34;25.63;6.65;
3.29;21.86;13.88;5.33;7.16;5.68;3.34;0.00;0.00;0.00;0.05;0.05;0.05;4.86;8.54;1.63;26.74;19.80;14.37;8.28;1.12;1.69;0.31;0.55;14.89;4.14;3.20;9.05;2.65;0.00;0.01;0.51;0.60;0.00;37.34;38.95;172.19;51.65;6.94;16.31;4.99;10.83;3.14;8.09;36.83;14.55;17.66;3.98;
3.29;21.90;13.90;5.34;7.17;5.68;3.34;0.00;0.00;0.00;0.05;0.05;0.05;4.87;8.54;1.63;26.75;19.81;14.39;8.30;1.12;1.70;0.32;0.55;14.64;4.12;3.09;8.96;2.63;0.00;0.01;0.51;0.60;0.00;53.64;167.20;951.05;59.87;16.36;17.39;5.27;11.41;1.39;3.77;14.26;7.31;9.70;1.74;
3.30;21.90;13.90;5.34;7.17;5.68;3.34;0.00;0.00;0.00;0.05;0.05;0.05;4.87;8.54;1.63;26.76;19.81;14.39;8.36;1.12;1.72;0.32;0.55;15.22;4.18;3.35;9.17;2.67;0.00;0.01;0.51;0.60;0.00;24.68;7.37;24.41;43.63;2.61;16.68;5.09;11.03;5.88;14.55;76.48;24.73;28.00;7.51;
3.30;21.90;13.90;5.34;7.17;5.68;3.34;0.00;0.00;0.00;0.05;0.05;0.05;4.87;8.54;1.63;26.76;19.81;14.39;8.45;1.13;1.74;0.32;0.56;15.08;4.17;3.28;9.12;2.66;0.00;0.01;0.51;0.60;0.00;18.34;2.23;6.01;38.65;1.29;20.23;5.99;12.88;3.60;9.19;43.18;16.33;19.52;4.57;
3.30;21.90;13.90;5.34;7.17;5.68;3.34;0.00;0.00;0.00;0.05;0.05;0.05;4.87;8.54;1.63;26.76;19.81;14.39;8.46;1.13;1.75;0.32;0.56;14.93;4.15;3.22;9.06;2.65;0.00;0.01;0.51;0.60;0.00;22.01;4.64;14.20;41.63;1.99;13.05;4.13;9.05;6.13;15.13;80.24;25.61;28.86;7.83;
3.31;22.05;13.97;5.37;7.21;5.71;3.36;0.00;0.00;0.00;0.05;0.05;0.05;5.06;8.61;1.73;27.21;19.99;14.78;8.47;1.13;1.75;0.32;0.56;15.15;4.17;3.32;9.15;2.67;0.00;0.01;0.51;0.61;0.00;16.11;1.32;3.26;36.66;0.95;12.31;3.93;8.64;2.68;6.99;30.71;12.76;15.74;3.40;
3.32;22.17;14.03;5.40;7.25;5.73;3.37;0.00;0.00;0.00;0.05;0.05;0.05;5.15;8.64;1.78;27.41;20.07;14.96;8.49;1.13;1.76;0.32;0.56;15.07;4.16;3.28;9.12;2.66;0.00;0.01;0.51;0.61;0.00;29.46;15.00;56.23;46.89;3.96;10.83;3.52;7.79;1.82;4.87;19.59;9.20;11.85;2.30;
3.31;22.00;13.95;5.37;7.20;5.70;3.35;0.00;0.00;0.00;0.05;0.05;0.05;5.17;8.65;1.79;27.45;20.09;14.99;8.47;1.13;1.75;0.32;0.56;14.80;4.13;3.16;9.02;2.64;0.00;0.01;0.51;0.61;0.00;20.46;3.46;10.06;40.41;1.67;10.32;3.38;7.50;7.23;17.64;97.14;29.41;32.56;9.25;
3.30;21.92;13.91;5.35;7.18;5.69;3.34;0.00;0.00;0.00;0.05;0.05;0.05;5.12;8.63;1.76;27.35;20.05;14.90;8.22;1.11;1.67;0.31;0.55;15.00;4.16;3.25;9.09;2.66;0.00;0.01;0.51;0.61;0.00;23.81;6.37;20.59;42.99;2.39;11.96;3.83;8.44;6.95;17.02;92.88;28.47;31.65;8.89;
3.30;21.91;13.90;5.34;7.17;5.68;3.34;0.00;0.00;0.00;0.04;0.04;0.05;5.01;8.59;1.71;27.10;19.95;14.68;8.04;1.10;1.62;0.31;0.54;14.91;4.15;3.21;9.06;2.65;0.00;0.01;0.51;0.61;0.00;26.52;9.83;34.25;44.92;3.09;19.00;5.68;12.25;2.20;5.79;24.32;10.77;13.59;2.77;
3.28;21.72;13.81;5.30;7.12;5.65;3.32;0.00;0.00;0.00;0.05;0.05;0.05;4.90;8.55;1.65;26.83;19.84;14.45;7.89;1.09;1.57;0.30;0.54;14.89;4.14;3.20;9.05;2.65;0.00;0.01;0.51;0.61;0.00;14.56;0.88;2.02;35.17;0.75;19.57;5.82;12.54;6.19;15.26;81.11;25.81;29.06;7.91;
3.27;21.63;13.77;5.28;7.09;5.63;3.31;0.00;0.00;0.00;0.04;0.05;0.05;4.92;8.56;1.66;26.88;19.86;14.50;7.74;1.08;1.52;0.30;0.53;15.01;4.16;3.26;9.10;2.66;0.00;0.01;0.51;0.61;0.00;20.17;3.27;9.42;40.18;1.62;17.72;5.35;11.58;3.92;9.95;47.67;17.55;20.78;4.98;
3.26;21.62;13.76;5.28;7.09;5.63;3.31;0.00;0.00;0.00;0.04;0.04;0.05;4.88;8.54;1.64;26.78;19.82;14.41;7.57;1.06;1.47;0.29;0.52;14.91;4.15;3.21;9.06;2.65;0.00;0.01;0.51;0.61;0.00;29.51;15.11;56.69;46.92;3.98;13.15;4.15;9.11;1.78;4.77;19.08;9.03;11.66;2.25;
3.24;21.38;13.64;5.23;7.02;5.59;3.28;0.00;0.00;0.00;0.04;0.04;0.05;4.87;8.54;1.63;26.76;19.81;14.39;7.45;1.05;1.43;0.29;0.52;14.64;4.12;3.09;8.96;2.63;0.00;0.01;0.51;0.61;0.00;43.45;71.67;352.10;54.94;9.94;13.01;4.12;9.03;0.97;2.69;9.35;5.38;7.44;1.21;
3.23;21.34;13.62;5.22;7.01;5.58;3.28;0.00;0.00;0.00;0.04;0.04;0.05;4.87;8.54;1.63;26.76;19.81;14.39;7.31;1.04;1.39;0.28;0.51;14.72;4.12;3.12;8.99;2.64;0.00;0.01;0.51;0.60;0.00;21.62;4.32;13.06;41.33;1.90;13.01;4.11;9.03;1.28;3.49;12.96;6.82;9.14;1.60;
3.23;21.33;13.61;5.22;7.00;5.58;3.28;0.00;0.00;0.00;0.04;0.04;0.05;4.87;8.54;1.63;26.76;19.81;14.39;7.18;1.03;1.35;0.28;0.51;14.85;4.14;3.18;9.04;2.65;0.00;0.01;0.51;0.60;0.00;14.06;0.77;1.72;34.69;0.69;6.85;2.38;5.39;2.27;5.99;25.34;11.09;13.94;2.87;
3.21;21.15;13.52;5.18;6.95;5.54;3.26;0.00;0.00;0.00;0.04;0.04;0.05;4.87;8.54;1.63;26.76;19.81;14.39;7.04;1.02;1.31;0.27;0.50;14.76;4.13;3.14;9.00;2.64;0.00;0.01;0.51;0.60;0.00;21.85;4.51;13.73;41.51;1.95;10.40;3.40;7.54;0.44;1.29;3.76;2.78;4.18;0.55;
3.20;21.06;13.48;5.16;6.93;5.53;3.25;0.00;0.00;0.00;0.04;0.04;0.05;4.68;8.47;1.54;26.32;19.63;14.01;6.91;1.01;1.28;0.27;0.50;14.86;4.14;3.19;9.04;2.65;0.00;0.01;0.51;0.60;0.00;21.13;3.94;11.73;40.95;1.81;11.49;3.70;8.17;1.66;4.46;17.57;8.51;11.07;2.09;
3.20;21.05;13.47;5.15;6.92;5.52;3.24;0.00;0.00;0.00;0.04;0.04;0.05;4.69;8.47;1.55;26.34;19.64;14.03;6.88;1.01;1.27;0.27;0.50;14.88;4.14;3.20;9.05;2.65;0.00;0.01;0.51;0.60;0.00;20.14;3.25;9.35;40.16;1.61;11.62;3.74;8.25;0.41;1.20;3.44;2.60;3.95;0.51;
3.20;21.04;13.47;5.15;6.92;5.52;3.24;0.00;0.00;0.00;0.04;0.04;0.05;4.60;8.44;1.50;26.12;19.55;13.85;6.77;1.00;1.24;0.26;0.49;14.52;4.10;3.03;8.91;2.62;0.00;0.01;0.51;0.60;0.00;28.61;13.35;49.03;46.34;3.70;14.15;4.42;9.66;0.97;2.70;9.41;5.41;7.46;1.21;
3.18;20.82;13.36;5.10;6.85;5.48;3.22;0.00;0.00;0.00;0.04;0.04;0.05;4.58;8.43;1.49;26.08;19.53;13.81;6.65;0.99;1.20;0.26;0.49;14.57;4.11;3.05;8.93;2.63;0.00;0.01;0.51;0.60;0.00;30.26;16.73;63.90;47.41;4.22;16.47;5.03;10.92;0.78;2.20;7.31;4.50;6.36;0.97;
3.17;20.78;13.34;5.10;6.84;5.47;3.21;0.00;0.00;0.00;0.04;0.04;0.05;4.58;8.43;1.49;26.07;19.53;13.80;6.63;0.99;1.20;0.26;0.49;14.82;4.14;3.17;9.03;2.64;0.00;0.01;0.51;0.60;0.00;21.75;4.43;13.45;41.44;1.93;22.60;6.58;14.09;3.27;8.40;38.60;15.06;18.19;4.14;
3.17;20.77;13.33;5.09;6.84;5.47;3.21;0.00;0.00;0.00;0.04;0.04;0.05;4.58;8.43;1.49;26.07;19.53;13.80;6.52;0.98;1.17;0.25;0.48;14.63;4.11;3.08;8.95;2.63;0.00;0.01;0.51;0.60;0.00;30.23;16.66;63.57;47.39;4.21;16.48;5.03;10.92;3.43;8.80;40.90;15.70;18.86;4.36;
3.17;20.72;13.31;5.08;6.83;5.46;3.21;0.00;0.00;0.00;0.04;0.04;0.05;4.58;8.43;1.49;26.07;19.53;13.80;6.50;0.98;1.16;0.25;0.48;14.59;4.11;3.06;8.94;2.63;0.00;0.01;0.51;0.60;0.00;50.79;134.28;735.36;58.56;14.38;16.46;5.03;10.91;0.51;1.47;4.43;3.13;4.64;0.63;
3.16;20.62;13.26;5.06;6.80;5.44;3.20;0.00;0.00;0.00;0.04;0.04;0.05;4.58;8.43;1.49;26.07;19.53;13.80;6.40;0.97;1.13;0.25;0.48;14.58;4.11;3.06;8.93;2.63;0.00;0.01;0.51;0.60;0.00;52.64;155.02;870.35;59.41;15.64;10.72;3.49;7.72;0.23;0.71;1.79;1.62;2.62;0.29;
3.14;20.52;13.21;5.04;6.77;5.42;3.18;0.00;0.00;0.00;0.04;0.04;0.05;4.58;8.43;1.49;26.07;19.53;13.80;6.36;0.96;1.12;0.25;0.48;14.70;4.12;3.11;8.98;2.64;0.00;0.01;0.51;0.60;0.00;40.78;55.55;261.09;53.54;8.55;10.54;3.44;7.62;0.86;2.40;8.15;4.87;6.82;1.07;
3.14;20.50;13.20;5.03;6.76;5.42;3.18;0.00;0.00;0.00;0.04;0.04;0.05;4.58;8.43;1.49;26.07;19.53;13.80;6.27;0.96;1.10;0.24;0.47;14.36;4.08;2.96;8.85;2.61;0.00;0.01;0.51;0.60;0.00;53.45;164.91;935.81;59.79;16.22;19.39;5.78;12.45;1.39;3.78;14.28;7.32;9.71;1.75;
3.14;20.49;13.19;5.03;6.76;5.42;3.18;0.00;0.00;0.00;0.04;0.04;0.05;4.49;8.40;1.45;25.85;19.44;13.62;6.24;0.95;1.09;0.24;0.47;14.53;4.10;3.04;8.92;2.62;0.00;0.01;0.51;0.60;0.00;30.64;17.58;67.70;47.65;4.35;18.30;5.50;11.88;1.28;3.50;13.01;6.84;9.16;1.61;
3.14;20.49;13.19;5.03;6.76;5.42;3.18;0.00;0.00;0.00;0.04;0.04;0.05;4.34;8.34;1.38;25.49;19.29;13.31;6.15;0.95;1.07;0.24;0.47;14.82;4.14;3.17;9.02;2.64;0.00;0.01;0.51;0.60;0.00;33.97;26.63;110.21;49.70;5.55;19.26;5.75;12.38;8.73;21.05;120.99;34.49;37.40;11.19;
3.12;20.32;13.11;4.99;6.71;5.39;3.16;0.00;0.00;0.00;0.04;0.04;0.05;4.31;8.33;1.36;25.42;19.26;13.25;6.14;0.94;1.06;0.24;0.47;14.63;4.11;3.08;8.95;2.63;0.00;0.01;0.51;0.60;0.00;24.21;6.82;22.29;43.29;2.49;18.74;5.61;12.11;24.41;55.02;399.69;82.09;79.49;31.65;
3.11;20.24;13.07;4.98;6.68;5.37;3.15;0.00;0.00;0.00;0.04;0.04;0.05;4.35;8.34;1.38;25.51;19.30;13.33;6.06;0.94;1.04;0.24;0.47;14.84;4.14;3.17;9.03;2.65;0.00;0.01;0.51;0.60;0.00;17.90;2.03;5.37;38.27;1.22;11.72;3.77;8.30;2.61;6.82;29.77;12.47;15.44;3.31;
3.11;20.23;13.06;4.97;6.68;5.37;3.15;0.00;0.00;0.00;0.04;0.04;0.05;4.31;8.33;1.37;25.42;19.26;13.25;6.02;0.93;1.03;0.24;0.46;14.63;4.11;3.08;8.95;2.63;0.00;0.01;0.51;0.60;0.00;19.97;3.14;8.97;40.01;1.58;11.49;3.70;8.17;14.34;33.47;215.44;52.43;53.82;18.49;
3.11;20.22;13.06;4.97;6.68;5.37;3.15;0.00;0.00;0.00;0.04;0.04;0.05;4.31;8.32;1.36;25.40;19.26;13.24;6.02;0.93;1.03;0.24;0.46;14.59;4.11;3.06;8.94;2.63;0.00;0.01;0.51;0.60;0.00;35.19;30.69;130.19;50.42;6.03;13.24;4.18;9.16;2.37;6.23;26.61;11.50;14.38;3.00;
3.11;20.22;13.06;4.97;6.68;5.37;3.15;0.00;0.00;0.00;0.04;0.04;0.05;4.30;8.32;1.36;25.40;19.25;13.24;5.94;0.93;1.01;0.23;0.46;14.58;4.11;3.06;8.93;2.63;0.00;0.01;0.51;0.60;0.00;39.92;50.98;236.10;53.08;8.13;15.54;4.79;10.42;1.04;2.89;10.22;5.74;7.86;1.31;
3.09;20.05;12.97;4.93;6.63;5.34;3.13;0.00;0.00;0.00;0.04;0.04;0.04;4.30;8.32;1.36;25.40;19.25;13.23;5.91;0.93;1.00;0.23;0.46;14.58;4.11;3.06;8.93;2.63;0.00;0.01;0.51;0.60;0.00;15.05;1.01;2.37;35.66;0.81;14.30;4.46;9.75;3.42;8.77;40.71;15.65;18.81;4.34;
3.08;19.97;12.93;4.92;6.61;5.32;3.12;0.00;0.00;0.00;0.04;0.04;0.04;4.30;8.32;1.36;25.40;19.25;13.23;5.90;0.92;1.00;0.23;0.46;14.58;4.11;3.06;8.93;2.63;0.00;0.01;0.51;0.60;0.00;26.34;9.57;33.18;44.80;3.04;14.02;4.39;9.59;9.66;23.13;136.02;37.55;40.27;12.39;
3.08;19.96;12.92;4.91;6.60;5.32;3.12;0.00;0.00;0.00;0.04;0.04;0.04;4.30;8.32;1.36;25.40;19.25;13.23;5.81;0.92;0.98;0.23;0.45;14.33;4.08;2.95;8.84;2.61;0.00;0.01;0.50;0.60;0.00;26.87;10.37;36.45;45.17;3.19;18.30;5.50;11.88;31.11;69.03;529.92;100.73;94.98;40.45;
3.08;19.96;12.92;4.91;6.60;5.32;3.12;0.00;0.00;0.00;0.04;0.04;0.04;4.26;8.30;1.34;25.29;19.21;13.15;5.79;0.91;0.97;0.23;0.45;14.41;4.09;2.98;8.87;2.62;0.00;0.01;0.51;0.60;0.00;50.43;130.45;710.86;58.38;14.13;17.73;5.36;11.59;2.92;7.56;33.86;13.69;16.74;3.70;
3.08;19.96;12.92;4.91;6.60;5.32;3.12;0.00;0.00;0.00;0.04;0.04;0.04;4.30;8.32;1.36;25.38;19.24;13.22;5.77;0.91;0.97;0.23;0.45;14.42;4.09;2.99;8.87;2.62;0.00;0.01;0.51;0.60;0.00;35.05;30.18;127.67;50.33;5.98;16.78;5.11;11.08;4.22;10.66;51.93;18.67;21.93;5.36;
3.08;19.96;12.92;4.91;6.60;5.32;3.12;0.00;0.00;0.00;0.04;0.04;0.04;4.30;8.32;1.36;25.39;19.25;13.23;5.70;0.91;0.95;0.22;0.45;14.55;4.10;3.05;8.92;2.63;0.00;0.01;0.51;0.60;0.00;37.08;37.88;166.65;51.51;6.83;12.29;3.92;8.63;1.02;2.84;10.03;5.66;7.77;1.28;
3.08;19.96;12.92;4.91;6.60;5.32;3.12;0.00;0.00;0.00;0.04;0.04;0.04;4.18;8.27;1.30;25.08;19.12;12.97;5.68;0.91;0.94;0.22;0.45;14.45;4.09;3.00;8.88;2.62;0.00;0.01;0.50;0.60;0.00;21.29;4.06;12.14;41.07;1.84;15.07;4.66;10.16;1.87;4.98;20.13;9.39;12.06;2.35;
3.07;19.87;12.88;4.89;6.58;5.30;3.11;0.00;0.00;0.00;0.04;0.04;0.04;4.11;8.24;1.27;24.91;19.05;12.83;5.68;0.90;0.94;0.22;0.45;14.07;4.05;2.84;8.74;2.59;0.00;0.01;0.51;0.60;0.00;36.01;33.65;145.04;50.89;6.37;17.23;5.23;11.32;0.42;1.22;3.52;2.65;4.01;0.52;
3.07;19.85;12.87;4.89;6.57;5.30;3.11;0.00;0.00;0.00;0.04;0.04;0.04;4.06;8.22;1.25;24.78;18.99;12.72;5.63;0.90;0.93;0.22;0.45;14.35;4.08;2.96;8.85;2.61;0.00;0.01;0.50;0.60;0.00;27.90;12.06;43.52;45.86;3.48;15.95;4.90;10.64;11.53;27.29;167.11;43.60;45.85;14.83;
3.06;19.77;12.83;4.87;6.54;5.28;3.10;0.00;0.00;0.00;0.04;0.04;0.04;4.05;8.22;1.24;24.75;18.98;12.70;5.58;0.90;0.92;0.22;0.44;14.17;4.06;2.88;8.78;2.60;0.00;0.01;0.50;0.60;0.00;24.78;7.48;24.86;43.70;2.63;13.94;4.36;9.54;15.13;35.20;229.34;54.86;55.99;19.52;
3.06;19.71;12.80;4.86;6.53;5.27;3.09;0.00;0.00;0.00;0.04;0.04;0.04;4.05;8.21;1.24;24.75;18.98;12.69;5.57;0.90;0.91;0.22;0.44;14.25;4.07;2.92;8.81;2.60;0.00;0.01;0.50;0.60;0.00;20.50;3.49;10.17;40.45;1.68;14.12;4.41;9.64;3.92;9.95;47.67;17.55;20.78;4.98;
3.05;19.70;12.79;4.86;6.52;5.27;3.09;0.00;0.00;0.00;0.04;0.04;0.04;4.05;8.21;1.24;24.74;18.98;12.69;5.57;0.90;0.91;0.22;0.44;14.39;4.09;2.98;8.86;2.61;0.00;0.01;0.50;0.60;0.00;12.63;0.50;1.03;33.20;0.53;8.82;2.96;6.60;4.40;11.09;54.53;19.35;22.62;5.60;
3.05;19.69;12.79;4.85;6.52;5.27;3.09;0.00;0.00;0.00;0.04;0.04;0.04;4.05;8.21;1.24;24.74;18.98;12.69;5.50;0.89;0.90;0.22;0.44;14.30;4.08;2.94;8.83;2.61;0.00;0.01;0.50;0.60;0.00;21.29;4.06;12.15;41.07;1.84;14.30;4.46;9.75;1.07;2.97;10.59;5.89;8.04;1.35;
3.05;19.69;12.79;4.85;6.52;5.27;3.09;0.00;0.00;0.00;0.04;0.04;0.04;4.05;8.21;1.24;24.74;18.98;12.69;5.47;0.89;0.89;0.22;0.44;14.40;4.09;2.98;8.87;2.61;0.00;0.01;0.50;0.60;0.00;38.80;45.47;206.44;52.47;7.60;16.30;4.99;10.83;6.66;16.34;88.28;27.44;30.65;8.51;
3.05;19.65;12.77;4.85;6.51;5.26;3.09;0.00;0.00;0.00;0.04;0.04;0.04;4.05;8.21;1.24;24.74;18.98;12.69;5.47;0.89;0.89;0.22;0.44;14.30;4.08;2.94;8.83;2.61;0.00;0.01;0.50;0.60;0.00;23.01;5.56;17.54;42.40;2.21;18.49;5.55;11.99;1.41;3.82;14.49;7.40;9.80;1.77;
3.05;19.64;12.76;4.84;6.51;5.26;3.09;0.00;0.00;0.00;0.04;0.04;0.04;4.05;8.21;1.24;24.74;18.98;12.69;5.47;0.89;0.89;0.22;0.44;14.16;4.06;2.88;8.77;2.60;0.00;0.01;0.50;0.60;0.00;13.59;0.67;1.46;34.20;0.64;12.10;3.87;8.52;1.36;3.71;13.99;7.21;9.58;1.71;
3.04;19.60;12.74;4.83;6.50;5.25;3.08;0.00;0.00;0.00;0.04;0.04;0.04;4.05;8.21;1.24;24.74;18.98;12.69;5.47;0.89;0.89;0.22;0.44;14.13;4.06;2.86;8.76;2.60;0.00;0.01;0.50;0.60;0.00;15.54;1.15;2.75;36.13;0.87;14.96;4.63;10.10;8.02;19.45;109.69;32.13;35.16;10.28;
3.03;19.51;12.69;4.81;6.47;5.23;3.07;0.00;0.00;0.00;0.04;0.04;0.04;4.05;8.21;1.24;24.74;18.98;12.69;5.38;0.88;0.87;0.21;0.44;14.24;4.07;2.91;8.81;2.60;0.00;0.01;0.50;0.60;0.00;27.11;10.75;38.01;45.33;3.25;18.89;5.65;12.19;36.01;79.15;628.18;113.96;105.74;46.90;
3.03;19.45;12.66;4.80;6.45;5.22;3.06;0.00;0.00;0.00;0.04;0.04;0.04;4.05;8.21;1.24;24.74;18.98;12.69;5.37;0.88;0.86;0.21;0.44;14.39;4.09;2.98;8.86;2.61;0.00;0.01;0.50;0.60;0.00;30.86;18.09;70.04;47.79;4.42;17.71;5.35;11.57;2.68;6.98;30.67;12.74;15.73;3.39;
3.02;19.44;12.66;4.80;6.45;5.22;3.06;0.00;0.00;0.00;0.04;0.04;0.04;3.97;8.18;1.21;24.54;18.89;12.52;5.36;0.88;0.86;0.21;0.44;14.18;4.06;2.88;8.78;2.60;0.00;0.01;0.50;0.60;0.00;27.19;10.88;38.55;45.38;3.28;25.93;7.40;15.73;0.95;2.66;9.22;5.33;7.37;1.19;
3.02;19.44;12.66;4.80;6.45;5.22;3.06;0.00;0.00;0.00;0.04;0.04;0.04;3.95;8.17;1.20;24.50;18.88;12.49;5.36;0.88;0.86;0.21;0.44;14.02;4.04;2.82;8.72;2.59;0.00;0.01;0.50;0.60;0.00;17.64;1.91;5.01;38.04;1.18;16.16;4.95;10.75;0.45;1.30;3.80;2.80;4.21;0.55;
3.02;19.43;12.66;4.80;6.45;5.22;3.06;0.00;0.00;0.00;0.04;0.04;0.04;3.83;8.12;1.15;24.18;18.74;12.23;5.36;0.88;0.86;0.21;0.44;14.10;4.05;2.85;8.75;2.59;0.00;0.01;0.50;0.60;0.00;34.77;29.25;123.05;50.17;5.87;10.55;3.44;7.63;0.37;1.11;3.11;2.42;3.71;0.46;
3.02;19.43;12.66;4.80;6.45;5.22;3.06;0.00;0.00;0.00;0.04;0.04;0.04;3.85;8.13;1.15;24.22;18.76;12.26;5.30;0.87;0.84;0.21;0.43;14.24;4.07;2.91;8.80;2.60;0.00;0.01;0.50;0.60;0.00;47.29;100.74;524.96;56.87;12.14;13.61;4.28;9.36;3.24;8.34;38.29;14.97;18.10;4.12;
3.02;19.43;12.66;4.80;6.45;5.22;3.06;0.00;0.00;0.00;0.04;0.04;0.04;3.85;8.13;1.15;24.23;18.76;12.27;5.27;0.87;0.84;0.21;0.43;14.03;4.04;2.82;8.72;2.59;0.00;0.01;0.50;0.60;0.00;18.78;2.45;6.72;39.02;1.37;12.50;3.98;8.74;0.21;0.64;1.57;1.48;2.42;0.26;
3.02;19.43;12.66;4.80;6.45;5.22;3.06;0.00;0.00;0.00;0.04;0.04;0.04;3.81;8.11;1.14;24.13;18.72;12.19;5.26;0.87;0.84;0.21;0.43;14.47;4.10;3.01;8.89;2.62;0.00;0.01;0.50;0.60;0.00;24.57;7.24;23.91;43.55;2.58;12.23;3.90;8.59;0.79;2.23;7.43;4.56;6.43;0.99;
3.01;19.27;12.57;4.76;6.40;5.19;3.04;0.00;0.00;0.00;0.04;0.04;0.04;3.81;8.11;1.13;24.11;18.71;12.17;5.26;0.87;0.84;0.21;0.43;14.31;4.08;2.94;8.83;2.61;0.00;0.01;0.50;0.60;0.00;26.10;9.22;31.76;44.63;2.97;12.04;3.85;8.48;7.30;17.80;98.21;29.65;32.79;9.34;
3.00;19.24;12.56;4.75;6.39;5.18;3.04;0.00;0.00;0.00;0.04;0.04;0.04;3.81;8.11;1.13;24.11;18.71;12.17;5.26;0.87;0.84;0.21;0.43;14.16;4.06;2.88;8.77;2.60;0.00;0.01;0.50;0.60;0.00;18.32;2.22;5.98;38.64;1.29;12.27;3.92;8.61;9.14;21.98;127.67;35.87;38.69;11.73;
3.00;19.23;12.55;4.75;6.39;5.18;3.04;0.00;0.00;0.00;0.04;0.04;0.04;3.80;8.11;1.13;24.10;18.71;12.17;5.26;0.87;0.84;0.21;0.43;14.13;4.06;2.86;8.76;2.60;0.00;0.01;0.50;0.60;0.00;31.86;20.57;81.40;48.41;4.77;11.08;3.59;7.93;1.36;3.71;13.98;7.21;9.58;1.71;
3.00;19.19;12.53;4.74;6.37;5.17;3.03;0.00;0.00;0.00;0.04;0.04;0.04;3.80;8.11;1.13;24.10;18.71;12.17;5.21;0.86;0.82;0.21;0.43;14.01;4.04;2.81;8.72;2.59;0.00;0.01;0.50;0.60;0.00;16.25;1.37;3.40;36.79;0.97;11.70;3.76;8.29;0.86;2.42;8.23;4.91;6.86;1.08;
3.00;19.18;12.53;4.74;6.37;5.17;3.03;0.00;0.00;0.00;0.04;0.04;0.04;3.80;8.11;1.13;24.10;18.71;12.17;5.19;0.86;0.82;0.21;0.43;14.22;4.07;2.90;8.80;2.60;0.00;0.01;0.50;0.60;0.00;19.19;2.68;7.44;39.37;1.44;12.79;4.06;8.91;5.92;14.63;76.96;24.84;28.11;7.55;
3.00;19.18;12.53;4.74;6.37;5.17;3.03;0.00;0.00;0.00;0.04;0.04;0.04;3.80;8.11;1.13;24.10;18.71;12.17;5.16;0.86;0.81;0.21;0.43;14.26;4.07;2.92;8.81;2.60;0.00;0.01;0.50;0.60;0.00;24.30;6.92;22.67;43.35;2.51;22.97;6.68;14.27;3.20;8.24;37.72;14.81;17.92;4.06;
3.00;19.18;12.53;4.74;6.37;5.17;3.03;0.00;0.00;0.00;0.04;0.04;0.04;3.80;8.11;1.13;24.10;18.71;12.17;5.16;0.86;0.81;0.21;0.43;14.27;4.07;2.92;8.82;2.61;0.00;0.01;0.50;0.60;0.00;19.37;2.78;7.77;39.52;1.47;16.41;5.01;10.89;14.24;33.25;213.67;52.11;53.55;18.36;
3.00;19.18;12.53;4.74;6.37;5.17;3.03;0.00;0.00;0.00;0.04;0.04;0.04;3.80;8.11;1.13;24.10;18.71;12.17;5.16;0.86;0.81;0.21;0.43;14.03;4.04;2.82;8.73;2.59;0.00;0.01;0.50;0.60;0.00;40.67;54.92;257.66;53.48;8.50;15.72;4.83;10.52;6.82;16.72;90.87;28.02;31.22;8.73;
3.00;19.18;12.53;4.74;6.37;5.17;3.03;0.00;0.00;0.00;0.04;0.04;0.04;3.80;8.11;1.13;24.10;18.71;12.17;5.16;0.86;0.81;0.21;0.43;13.99;4.04;2.80;8.71;2.59;0.00;0.01;0.50;0.60;0.00;48.64;112.84;599.63;57.53;12.98;13.43;4.23;9.27;2.71;7.06;31.08;12.87;15.86;3.43;
3.00;19.18;12.53;4.74;6.37;5.17;3.03;0.00;0.00;0.00;0.04;0.04;0.04;3.80;8.11;1.13;24.10;18.71;12.17;5.14;0.86;0.81;0.20;0.43;13.98;4.04;2.80;8.70;2.58;0.00;0.01;0.50;0.60;0.00;16.02;1.29;3.17;36.58;0.94;10.48;3.42;7.59;129.42;261.67;2778.63;335.18;270.23;170.94;
3.00;19.18;12.53;4.74;6.37;5.17;3.03;0.00;0.00;0.00;0.04;0.04;0.04;3.77;8.09;1.12;24.00;18.67;12.09;5.11;0.85;0.80;0.20;0.42;14.09;4.05;2.85;8.75;2.59;0.00;0.01;0.50;0.60;0.00;18.95;2.55;7.02;39.17;1.40;10.72;3.49;7.73;0.91;2.54;8.70;5.11;7.11;1.13;
3.00;19.18;12.53;4.74;6.37;5.17;3.03;0.00;0.00;0.00;0.04;0.04;0.04;3.72;8.07;1.10;23.88;18.62;11.99;5.07;0.85;0.79;0.20;0.42;14.00;4.04;2.81;8.71;2.59;0.00;0.01;0.50;0.60;0.00;34.71;29.03;121.98;50.13;5.84;11.65;3.75;8.26;0.52;1.52;4.59;3.21;4.74;0.65;
2.99;19.10;12.48;4.72;6.35;5.15;3.02;0.00;0.00;0.00;0.04;0.04;0.04;3.64;8.03;1.06;23.66;18.52;11.81;5.06;0.85;0.79;0.20;0.42;14.10;4.05;2.85;8.75;2.59;0.00;0.01;0.50;0.60;0.00;21.29;4.06;12.15;41.07;1.84;14.33;4.47;9.76;0.78;2.20;7.29;4.49;6.35;0.97;
2.98;19.04;12.45;4.71;6.33;5.14;3.02;0.00;0.00;0.00;0.04;0.04;0.04;3.59;8.01;1.04;23.52;18.46;11.70;5.06;0.85;0.79;0.20;0.42;14.12;4.05;2.86;8.76;2.59;0.00;0.01;0.50;0.60;0.00;39.76;50.13;231.48;52.99;8.05;17.19;5.22;11.30;3.36;8.62;39.88;15.42;18.57;4.26;
2.98;19.03;12.45;4.71;6.33;5.14;3.01;0.00;0.00;0.00;0.04;0.04;0.04;3.58;8.00;1.04;23.49;18.45;11.67;5.06;0.85;0.79;0.20;0.42;14.12;4.05;2.86;8.76;2.59;0.00;0.01;0.50;0.60;0.00;30.07;16.30;61.98;47.29;4.16;19.75;5.87;12.64;0.74;2.10;6.89;4.31;6.13;0.93;
2.97;18.95;12.41;4.69;6.30;5.12;3.01;0.00;0.00;0.00;0.04;0.04;0.04;3.61;8.02;1.05;23.58;18.49;11.75;5.06;0.85;0.79;0.20;0.42;14.12;4.05;2.86;8.76;2.59;0.00;0.01;0.50;0.60;0.00;42.83;67.64;328.97;54.62;9.60;17.61;5.33;11.53;1.11;3.05;10.96;6.04;8.22;1.39;
2.97;18.93;12.40;4.69;6.30;5.12;3.00;0.00;0.00;0.00;0.04;0.04;0.04;3.58;8.01;1.04;23.50;18.45;11.68;5.06;0.85;0.79;0.20;0.42;14.01;4.04;2.81;8.72;2.59;0.00;0.01;0.50;0.60;0.00;25.21;8.03;26.99;44.01;2.74;13.44;4.23;9.27;7.53;18.33;101.88;30.45;33.55;9.64;
2.97;18.93;12.40;4.68;6.30;5.12;3.00;0.00;0.00;0.00;0.04;0.04;0.04;3.58;8.00;1.03;23.48;18.45;11.67;5.06;0.85;0.79;0.20;0.42;14.10;4.05;2.85;8.75;2.59;0.00;0.01;0.50;0.60;0.00;19.27;2.72;7.59;39.44;1.45;15.27;4.72;10.27;9.44;22.63;132.42;36.83;39.59;12.11;
2.97;18.93;12.40;4.68;6.30;5.12;3.00;0.00;0.00;0.00;0.04;0.04;0.04;3.58;8.00;1.03;23.48;18.45;11.67;5.06;0.85;0.79;0.20;0.42;13.88;4.03;2.76;8.67;2.58;0.00;0.01;0.50;0.60;0.00;38.25;42.92;192.94;52.16;7.35;12.63;4.01;8.82;2.76;7.17;31.69;13.05;16.06;3.49;
2.97;18.93;12.40;4.68;6.30;5.12;3.00;0.00;0.00;0.00;0.04;0.04;0.04;3.58;8.00;1.03;23.48;18.45;11.67;4.98;0.84;0.77;0.20;0.42;14.19;4.06;2.89;8.79;2.60;0.00;0.01;0.50;0.60;0.00;29.95;16.04;60.79;47.21;4.12;17.11;5.20;11.26;2.37;6.22;26.56;11.48;14.37;2.99;
2.97;18.93;12.40;4.68;6.30;5.12;3.00;0.00;0.00;0.00;0.04;0.04;0.04;3.58;8.00;1.03;23.48;18.45;11.67;4.97;0.84;0.76;0.20;0.42;14.02;4.04;2.82;8.72;2.59;0.00;0.01;0.50;0.60;0.00;17.11;1.69;4.34;37.57;1.10;17.91;5.40;11.68;1.75;4.69;18.71;8.90;11.52;2.21;
2.97;18.93;12.40;4.68;6.30;5.12;3.00;0.00;0.00;0.00;0.04;0.04;0.04;3.58;8.00;1.03;23.48;18.45;11.67;4.96;0.84;0.76;0.20;0.42;13.98;4.04;2.80;8.71;2.58;0.00;0.01;0.50;0.60;0.00;19.68;2.96;8.39;39.78;1.53;16.72;5.10;11.05;2.22;5.85;24.63;10.87;13.70;2.80;
