4.58;34.68;19.94;8.08;10.79;7.89;4.67;0.00;0.00;0.00;0.08;0.07;0.08;61.60;14.59;70.65;78.50;35.66;80.91;12.77;1.42;3.31;0.46;0.70;55.02;7.12;50.78;20.28;4.43;0.02;0.05;0.70;0.80;0.01;29.63;15.36;57.80;47.00;4.02;5.78;2.07;4.70;0.24;0.72;1.81;1.64;2.64;0.29;
3.10;20.13;13.01;4.95;6.65;5.35;3.14;0.00;0.00;0.00;0.04;0.04;0.04;5.33;8.71;1.87;27.81;20.23;15.31;5.49;0.89;0.89;0.22;0.44;18.27;4.51;4.93;10.27;2.87;0.00;0.01;0.53;0.63;0.00;25.20;8.01;26.92;44.00;2.74;4.45;1.65;3.81;0.18;0.55;1.29;1.28;2.13;0.22;
2.89;18.25;12.05;4.53;6.10;4.99;2.92;0.00;0.00;0.00;0.04;0.04;0.04;3.43;7.93;0.97;23.07;18.27;11.35;4.71;0.82;0.70;0.19;0.41;14.86;4.14;3.18;9.04;2.65;0.00;0.01;0.50;0.60;0.00;26.26;9.45;32.69;44.74;3.02;4.35;1.62;3.74;0.10;0.33;0.70;0.82;1.44;0.13;
2.85;17.87;11.85;4.45;5.98;4.91;2.88;0.00;0.00;0.00;0.03;0.04;0.04;3.15;7.79;0.86;22.25;17.91;10.70;4.59;0.80;0.68;0.18;0.40;14.39;4.09;2.98;8.86;2.61;0.00;0.00;0.50;0.59;0.00;29.68;15.48;58.32;47.04;4.03;4.50;1.67;3.84;0.11;0.34;0.71;0.83;1.47;0.13;
2.84;17.79;11.81;4.43;5.96;4.90;2.87;0.00;0.00;0.00;0.03;0.04;0.04;3.13;7.78;0.85;22.17;17.88;10.64;4.56;0.80;0.67;0.18;0.40;14.18;4.06;2.88;8.78;2.60;0.00;0.00;0.50;0.59;0.00;22.04;4.67;14.30;41.66;1.99;5.04;1.84;4.21;0.13;0.41;0.91;0.99;1.71;0.16;
2.84;17.81;11.82;4.44;5.97;4.90;2.87;0.00;0.00;0.00;0.03;0.04;0.04;3.09;7.76;0.83;22.07;17.83;10.56;4.55;0.80;0.67;0.18;0.40;14.26;4.07;2.92;8.81;2.60;0.00;0.00;0.50;0.59;0.00;18.35;2.24;6.03;38.66;1.29;5.14;1.87;4.27;0.21;0.65;1.60;1.50;2.44;0.26;
2.84;17.82;11.82;4.44;5.97;4.91;2.87;0.00;0.00;0.00;0.03;0.04;0.04;3.08;7.76;0.83;22.05;17.82;10.55;4.54;0.80;0.67;0.18;0.40;14.27;4.07;2.93;8.82;2.61;0.00;0.00;0.50;0.59;0.00;22.23;4.84;14.91;41.81;2.04;5.88;2.10;4.77;0.15;0.48;1.11;1.14;1.93;0.19;
2.84;17.82;11.82;4.44;5.97;4.91;2.87;0.00;0.00;0.00;0.03;0.04;0.04;3.08;7.76;0.83;22.04;17.82;10.54;4.53;0.80;0.66;0.18;0.40;14.40;4.09;2.98;8.87;2.61;0.00;0.00;0.50;0.59;0.00;25.32;8.17;27.55;44.09;2.77;4.24;1.59;3.67;0.55;1.58;4.82;3.33;4.90;0.68;
2.84;17.82;11.82;4.44;5.97;4.91;2.87;0.00;0.00;0.00;0.03;0.04;0.04;3.08;7.76;0.83;22.04;17.82;10.54;4.51;0.80;0.66;0.18;0.40;14.18;4.06;2.88;8.78;2.60;0.00;0.00;0.50;0.59;0.00;30.50;17.25;66.23;47.56;4.30;3.09;1.21;2.83;0.04;0.13;0.22;0.35;0.69;0.05;
2.84;17.82;11.82;4.44;5.97;4.91;2.87;0.00;0.00;0.00;0.03;0.04;0.04;3.08;7.76;0.83;22.04;17.82;10.54;4.51;0.80;0.66;0.18;0.40;14.13;4.06;2.87;8.76;2.60;0.00;0.00;0.50;0.59;0.00;18.24;2.18;5.86;38.57;1.28;3.28;1.27;2.97;0.01;0.04;0.05;0.12;0.28;0.01;
2.84;17.82;11.82;4.44;5.97;4.91;2.87;0.00;0.00;0.00;0.03;0.04;0.04;3.08;7.76;0.83;22.04;17.82;10.54;4.51;0.80;0.66;0.18;0.40;14.00;4.04;2.81;8.71;2.59;0.00;0.00;0.50;0.59;0.00;25.59;8.52;28.93;44.27;2.84;3.57;1.37;3.19;0.03;0.11;0.17;0.29;0.59;0.04;
2.84;17.78;11.80;4.43;5.96;4.90;2.87;0.00;0.00;0.00;0.03;0.04;0.04;3.08;7.76;0.83;22.04;17.82;10.54;4.45;0.79;0.64;0.18;0.39;14.10;4.05;2.85;8.75;2.59;0.00;0.00;0.50;0.59;0.00;29.95;16.04;60.80;47.21;4.12;3.93;1.49;3.44;0.10;0.32;0.66;0.78;1.39;0.12;
2.82;17.66;11.74;4.40;5.92;4.87;2.85;0.00;0.00;0.00;0.03;0.04;0.04;3.08;7.76;0.83;22.04;17.82;10.54;4.43;0.79;0.64;0.18;0.39;14.00;4.04;2.81;8.71;2.59;0.00;0.00;0.49;0.59;0.00;51.24;139.16;766.81;58.77;14.68;5.82;2.08;4.72;0.14;0.43;0.96;1.03;1.77;0.17;
2.82;17.60;11.71;4.39;5.90;4.86;2.85;0.00;0.00;0.00;0.03;0.04;0.04;3.08;7.76;0.83;22.04;17.82;10.54;4.42;0.79;0.64;0.18;0.39;14.10;4.05;2.85;8.75;2.59;0.00;0.00;0.49;0.59;0.00;27.35;11.13;39.62;45.49;3.32;4.91;1.80;4.12;0.09;0.30;0.62;0.75;1.34;0.11;
2.82;17.58;11.70;4.38;5.90;4.86;2.85;0.00;0.00;0.00;0.03;0.04;0.04;3.08;7.76;0.83;22.04;17.82;10.54;4.42;0.79;0.64;0.18;0.39;14.12;4.05;2.86;8.76;2.59;0.00;0.00;0.49;0.59;0.00;23.83;6.40;20.69;43.01;2.40;4.70;1.73;3.98;0.24;0.73;1.85;1.66;2.67;0.29;
2.81;17.58;11.70;4.38;5.90;4.86;2.85;0.00;0.00;0.00;0.03;0.04;0.04;3.05;7.74;0.82;21.95;17.78;10.47;4.45;0.79;0.64;0.18;0.39;14.00;4.04;2.81;8.71;2.59;0.00;0.00;0.49;0.59;0.00;37.77;40.79;181.75;51.89;7.13;2.74;1.09;2.57;0.16;0.49;1.12;1.16;1.95;0.19;
2.81;17.58;11.70;4.38;5.90;4.86;2.85;0.00;0.00;0.00;0.03;0.04;0.04;3.08;7.75;0.83;22.03;17.81;10.53;4.49;0.79;0.65;0.18;0.40;14.22;4.07;2.90;8.80;2.60;0.00;0.00;0.49;0.59;0.00;57.67;223.86;1339.37;61.67;19.42;2.87;1.14;2.68;0.23;0.71;1.80;1.63;2.62;0.29;
2.81;17.58;11.70;4.38;5.90;4.86;2.85;0.00;0.00;0.00;0.03;0.04;0.04;3.08;7.76;0.83;22.04;17.82;10.54;4.50;0.80;0.66;0.18;0.40;14.02;4.04;2.82;8.72;2.59;0.00;0.00;0.49;0.59;0.00;25.87;8.91;30.50;44.47;2.91;4.25;1.59;3.67;0.44;1.28;3.72;2.76;4.15;0.54;
2.81;17.58;11.70;4.38;5.90;4.86;2.85;0.00;0.00;0.00;0.03;0.04;0.04;3.08;7.76;0.83;22.04;17.82;10.54;4.51;0.80;0.66;0.18;0.40;14.22;4.07;2.90;8.80;2.60;0.00;0.00;0.49;0.59;0.00;36.08;33.94;146.49;50.93;6.40;3.93;1.49;3.45;0.94;2.63;9.11;5.28;7.31;1.18;
2.81;17.58;11.70;4.38;5.90;4.86;2.85;0.00;0.00;0.00;0.03;0.04;0.04;3.08;7.76;0.83;22.04;17.82;10.54;4.51;0.80;0.66;0.18;0.40;14.14;4.06;2.87;8.77;2.60;0.00;0.00;0.49;0.59;0.00;43.45;71.65;351.95;54.94;9.94;4.53;1.68;3.86;0.16;0.49;1.12;1.15;1.94;0.19;
2.81;17.58;11.70;4.38;5.90;4.86;2.85;0.00;0.00;0.00;0.03;0.04;0.04;3.08;7.76;0.83;22.04;17.82;10.54;4.51;0.80;0.66;0.18;0.40;14.13;4.06;2.86;8.76;2.60;0.00;0.00;0.49;0.59;0.00;54.89;183.43;1060.30;60.44;17.27;4.24;1.59;3.66;0.09;0.30;0.61;0.74;1.33;0.11;
2.81;17.58;11.70;4.38;5.90;4.86;2.85;0.00;0.00;0.00;0.03;0.04;0.04;3.08;7.76;0.83;22.04;17.82;10.54;4.51;0.80;0.66;0.18;0.40;14.12;4.05;2.86;8.76;2.60;0.00;0.00;0.49;0.59;0.00;26.01;9.09;31.25;44.57;2.95;3.02;1.19;2.78;0.11;0.36;0.76;0.87;1.52;0.14;
2.81;17.58;11.70;4.38;5.90;4.86;2.85;0.00;0.00;0.00;0.03;0.04;0.04;3.08;7.76;0.83;22.04;17.82;10.54;4.51;0.80;0.66;0.18;0.40;14.12;4.05;2.86;8.76;2.59;0.00;0.00;0.49;0.59;0.00;23.06;5.60;17.70;42.43;2.22;3.32;1.29;3.00;0.15;0.47;1.07;1.12;1.89;0.18;
2.81;17.58;11.70;4.38;5.90;4.86;2.85;0.00;0.00;0.00;0.03;0.04;0.04;3.08;7.76;0.83;22.04;17.82;10.54;4.51;0.80;0.66;0.18;0.40;14.12;4.05;2.86;8.76;2.59;0.00;0.00;0.49;0.59;0.00;30.08;16.32;62.06;47.29;4.16;3.47;1.34;3.11;0.14;0.43;0.97;1.04;1.78;0.17;
2.81;17.58;11.70;4.38;5.90;4.86;2.85;0.00;0.00;0.00;0.03;0.04;0.04;3.08;7.76;0.83;22.04;17.82;10.54;4.51;0.80;0.66;0.18;0.40;14.37;4.08;2.97;8.85;2.61;0.00;0.00;0.49;0.59;0.00;20.72;3.64;10.68;40.62;1.72;4.25;1.59;3.67;0.44;1.30;3.79;2.79;4.20;0.55;
2.81;17.58;11.70;4.38;5.90;4.86;2.85;0.00;0.00;0.00;0.03;0.04;0.04;3.08;7.76;0.83;22.04;17.82;10.54;4.51;0.80;0.66;0.18;0.40;14.29;4.08;2.93;8.83;2.61;0.00;0.00;0.49;0.59;0.00;20.49;3.48;10.14;40.44;1.68;3.12;1.22;2.86;0.26;0.79;2.04;1.78;2.85;0.32;
2.81;17.58;11.70;4.38;5.90;4.86;2.85;0.00;0.00;0.00;0.03;0.04;0.04;3.08;7.76;0.83;22.04;17.82;10.54;4.51;0.80;0.66;0.18;0.40;14.28;4.07;2.93;8.82;2.61;0.00;0.00;0.49;0.59;0.00;23.04;5.58;17.64;42.42;2.21;2.75;1.10;2.58;0.07;0.22;0.42;0.57;1.05;0.08;
2.81;17.58;11.70;4.38;5.90;4.86;2.85;0.00;0.00;0.00;0.03;0.04;0.04;3.08;7.76;0.83;22.04;17.82;10.54;4.51;0.80;0.66;0.18;0.40;14.40;4.09;2.98;8.87;2.61;0.00;0.00;0.49;0.59;0.00;25.18;7.98;26.81;43.98;2.73;2.54;1.03;2.42;0.36;1.07;2.97;2.34;3.60;0.45;
2.82;17.62;11.72;4.39;5.91;4.87;2.85;0.00;0.00;0.00;0.03;0.04;0.04;3.08;7.76;0.83;22.04;17.82;10.54;4.52;0.80;0.66;0.18;0.40;14.18;4.06;2.88;8.78;2.60;0.00;0.00;0.49;0.59;0.00;32.64;22.68;91.28;48.89;5.05;3.81;1.45;3.36;1.92;5.11;20.83;9.62;12.32;2.42;
2.83;17.74;11.78;4.42;5.94;4.89;2.86;0.00;0.00;0.00;0.03;0.04;0.04;3.08;7.76;0.83;22.04;17.82;10.54;4.58;0.80;0.67;0.18;0.40;14.13;4.06;2.87;8.76;2.60;0.00;0.00;0.49;0.59;0.00;50.06;126.67;686.73;58.21;13.89;6.10;2.16;4.90;0.93;2.59;8.93;5.21;7.22;1.16;
2.84;17.80;11.81;4.43;5.96;4.90;2.87;0.00;0.00;0.00;0.03;0.04;0.04;3.08;7.76;0.83;22.04;17.82;10.54;4.66;0.81;0.69;0.19;0.40;14.00;4.04;2.81;8.71;2.59;0.00;0.00;0.49;0.59;0.00;36.75;36.55;159.81;51.32;6.69;4.56;1.69;3.88;1.05;2.91;10.34;5.79;7.92;1.32;
2.84;17.82;11.82;4.44;5.97;4.90;2.87;0.00;0.00;0.00;0.04;0.04;0.04;3.08;7.76;0.83;22.04;17.82;10.54;4.75;0.82;0.71;0.19;0.41;13.98;4.04;2.80;8.70;2.58;0.00;0.00;0.49;0.59;0.00;37.36;39.02;172.54;51.66;6.95;4.69;1.73;3.97;0.27;0.81;2.12;1.83;2.91;0.33;
2.86;18.01;11.92;4.48;6.03;4.94;2.90;0.00;0.00;0.00;0.04;0.04;0.04;3.11;7.77;0.84;22.13;17.86;10.61;4.84;0.83;0.73;0.19;0.41;14.34;4.08;2.95;8.84;2.61;0.00;0.00;0.49;0.59;0.00;31.85;20.55;81.34;48.41;4.77;5.89;2.10;4.77;0.64;1.82;5.78;3.80;5.49;0.80;
2.87;18.05;11.94;4.49;6.04;4.95;2.90;0.00;0.00;0.00;0.04;0.04;0.04;3.15;7.79;0.86;22.24;17.91;10.70;4.94;0.84;0.76;0.20;0.42;14.29;4.07;2.93;8.82;2.61;0.00;0.00;0.49;0.59;0.00;43.46;71.71;352.30;54.95;9.94;4.13;1.55;3.59;0.23;0.71;1.78;1.62;2.61;0.29;
2.87;18.06;11.95;4.49;6.04;4.95;2.90;0.00;0.00;0.00;0.04;0.04;0.04;3.22;7.83;0.88;22.45;18.00;10.86;5.03;0.85;0.78;0.20;0.42;14.53;4.10;3.04;8.91;2.62;0.00;0.00;0.49;0.59;0.00;35.52;31.87;136.07;50.61;6.17;3.17;1.24;2.90;0.14;0.44;0.98;1.05;1.79;0.17;
2.88;18.14;11.99;4.51;6.06;4.97;2.91;0.00;0.00;0.00;0.04;0.04;0.04;3.26;7.85;0.90;22.58;18.06;10.96;5.10;0.85;0.80;0.20;0.42;14.45;4.09;3.00;8.88;2.62;0.00;0.00;0.49;0.59;0.00;42.68;66.71;323.68;54.55;9.53;3.42;1.32;3.08;0.22;0.67;1.68;1.55;2.51;0.27;
2.89;18.28;12.06;4.54;6.10;4.99;2.93;0.00;0.00;0.00;0.04;0.04;0.04;3.27;7.85;0.91;22.61;18.07;10.98;5.14;0.86;0.81;0.20;0.43;14.56;4.11;3.05;8.93;2.63;0.00;0.00;0.49;0.59;0.00;42.09;63.03;302.80;54.23;9.21;2.90;1.15;2.70;2.85;7.40;32.95;13.42;16.46;3.61;
2.90;18.30;12.07;4.55;6.11;5.00;2.93;0.00;0.00;0.00;0.04;0.04;0.04;3.27;7.86;0.91;22.62;18.07;10.98;5.23;0.86;0.83;0.21;0.43;14.71;4.12;3.12;8.98;2.64;0.00;0.00;0.49;0.59;0.00;28.01;12.25;44.34;45.94;3.52;4.37;1.63;3.76;2.47;6.47;27.92;11.90;14.82;3.13;
2.90;18.31;12.08;4.55;6.11;5.00;2.93;0.00;0.00;0.00;0.04;0.04;0.04;3.27;7.86;0.91;22.62;18.07;10.99;5.25;0.87;0.83;0.21;0.43;14.74;4.13;3.13;8.99;2.64;0.00;0.00;0.49;0.59;0.00;27.43;11.26;40.14;45.54;3.35;4.79;1.76;4.04;5.73;14.19;74.13;24.18;27.45;7.31;
2.90;18.31;12.08;4.55;6.11;5.00;2.93;0.00;0.00;0.00;0.04;0.04;0.04;3.27;7.86;0.91;22.62;18.07;10.99;5.33;0.87;0.85;0.21;0.43;14.74;4.13;3.13;9.00;2.64;0.00;0.00;0.49;0.59;0.00;40.17;52.28;243.18;53.21;8.25;4.05;1.53;3.53;0.51;1.49;4.50;3.17;4.69;0.64;
2.90;18.35;12.10;4.56;6.13;5.01;2.94;0.00;0.00;0.00;0.04;0.04;0.04;3.27;7.86;0.91;22.62;18.07;10.99;5.35;0.87;0.86;0.21;0.43;14.49;4.10;3.02;8.90;2.62;0.00;0.00;0.49;0.59;0.00;44.33;77.70;387.10;55.40;10.42;4.66;1.72;3.95;2.16;5.71;23.89;10.63;13.44;2.73;
2.92;18.48;12.16;4.58;6.16;5.03;2.95;0.00;0.00;0.00;0.04;0.04;0.04;3.27;7.86;0.91;22.62;18.07;10.99;5.35;0.88;0.86;0.21;0.43;14.44;4.09;3.00;8.88;2.62;0.00;0.00;0.50;0.59;0.00;33.91;26.42;109.21;49.66;5.53;6.23;2.20;4.99;0.09;0.31;0.63;0.76;1.36;0.12;
2.92;18.54;12.20;4.60;6.18;5.05;2.96;0.00;0.00;0.00;0.04;0.04;0.04;3.31;7.87;0.92;22.71;18.11;11.06;5.43;0.88;0.88;0.22;0.44;14.31;4.08;2.94;8.83;2.61;0.00;0.00;0.50;0.59;0.00;61.27;285.62;1782.44;63.21;22.41;3.49;1.34;3.13;1.11;3.06;10.99;6.05;8.23;1.39;
2.93;18.56;12.21;4.60;6.19;5.05;2.96;0.00;0.00;0.00;0.04;0.04;0.04;3.28;7.86;0.91;22.63;18.08;11.00;5.45;0.88;0.88;0.22;0.44;14.41;4.09;2.98;8.87;2.62;0.00;0.00;0.50;0.59;0.00;39.19;47.29;216.21;52.68;7.78;3.64;1.39;3.24;0.77;2.18;7.22;4.46;6.31;0.96;
2.93;18.56;12.21;4.60;6.19;5.05;2.96;0.00;0.00;0.00;0.04;0.04;0.04;3.40;7.92;0.96;22.99;18.24;11.28;5.45;0.88;0.88;0.22;0.44;14.93;4.15;3.22;9.07;2.65;0.00;0.00;0.50;0.59;0.00;47.26;100.47;523.28;56.86;12.12;3.37;1.30;3.04;0.37;1.09;3.04;2.38;3.66;0.45;
2.93;18.56;12.21;4.60;6.19;5.05;2.96;0.00;0.00;0.00;0.04;0.04;0.04;3.46;7.95;0.99;23.16;18.31;11.41;5.54;0.89;0.91;0.22;0.44;14.78;4.13;3.15;9.01;2.64;0.00;0.00;0.50;0.59;0.00;45.78;88.42;450.44;56.13;11.24;3.73;1.42;3.30;5.67;14.07;73.29;23.98;27.26;7.24;
2.93;18.56;12.21;4.60;6.19;5.05;2.96;0.00;0.00;0.00;0.04;0.04;0.04;3.47;7.95;0.99;23.19;18.32;11.44;5.55;0.89;0.91;0.22;0.44;14.88;4.14;3.19;9.05;2.65;0.00;0.00;0.50;0.59;0.00;21.52;4.24;12.77;41.25;1.88;4.61;1.70;3.92;0.64;1.83;5.82;3.81;5.51;0.80;
2.93;18.56;12.21;4.60;6.19;5.05;2.96;0.00;0.00;0.00;0.04;0.04;0.04;3.48;7.96;0.99;23.20;18.32;11.45;5.56;0.89;0.91;0.22;0.44;14.90;4.15;3.20;9.05;2.65;0.00;0.00;0.50;0.59;0.00;28.15;12.50;45.37;46.03;3.56;4.05;1.52;3.53;0.96;2.68;9.33;5.37;7.42;1.20;
2.93;18.56;12.21;4.60;6.19;5.05;2.96;0.00;0.00;0.00;0.04;0.04;0.04;3.48;7.96;0.99;23.20;18.33;11.45;5.56;0.89;0.91;0.22;0.44;14.78;4.13;3.15;9.01;2.64;0.00;0.00;0.50;0.59;0.00;30.16;16.49;62.81;47.34;4.19;3.30;1.28;2.99;0.40;1.19;3.40;2.58;3.93;0.50;
2.93;18.56;12.21;4.60;6.19;5.05;2.96;0.00;0.00;0.00;0.04;0.04;0.04;3.48;7.96;0.99;23.20;18.33;11.45;5.61;0.90;0.92;0.22;0.45;14.75;4.13;3.14;9.00;2.64;0.00;0.00;0.50;0.59;0.00;23.45;6.00;19.18;42.73;2.31;3.54;1.36;3.17;0.30;0.90;2.39;2.00;3.14;0.37;
2.93;18.60;12.23;4.61;6.20;5.06;2.97;0.00;0.00;0.00;0.04;0.04;0.04;3.48;7.96;0.99;23.20;18.33;11.45;5.65;0.90;0.93;0.22;0.45;15.00;4.16;3.25;9.09;2.66;0.00;0.00;0.50;0.59;0.00;20.48;3.48;10.12;40.43;1.68;5.02;1.83;4.20;0.27;0.82;2.15;1.85;2.94;0.34;
2.93;18.61;12.23;4.61;6.20;5.06;2.97;0.00;0.00;0.00;0.04;0.04;0.04;3.48;7.96;0.99;23.20;18.33;11.45;5.66;0.90;0.94;0.22;0.45;14.67;4.12;3.10;8.97;2.63;0.00;0.00;0.50;0.59;0.00;45.22;84.17;425.17;55.85;10.92;4.47;1.66;3.82;0.05;0.18;0.32;0.47;0.89;0.06;
2.94;18.65;12.25;4.62;6.22;5.07;2.97;0.00;0.00;0.00;0.04;0.04;0.04;3.48;7.96;0.99;23.20;18.33;11.45;5.66;0.90;0.94;0.22;0.45;14.60;4.11;3.07;8.94;2.63;0.00;0.00;0.50;0.59;0.00;49.36;119.74;642.86;57.88;13.44;4.22;1.58;3.65;0.20;0.61;1.47;1.41;2.31;0.24;
2.94;18.70;12.28;4.63;6.23;5.08;2.98;0.00;0.00;0.00;0.04;0.04;0.04;3.48;7.96;0.99;23.20;18.33;11.45;5.66;0.90;0.94;0.22;0.45;14.59;4.11;3.06;8.94;2.63;0.00;0.00;0.50;0.59;0.00;29.38;14.85;55.55;46.84;3.94;3.56;1.37;3.18;0.09;0.29;0.58;0.72;1.29;0.11;
2.94;18.67;12.26;4.63;6.22;5.07;2.97;0.00;0.00;0.00;0.04;0.04;0.04;3.48;7.96;0.99;23.20;18.33;11.45;5.75;0.91;0.96;0.23;0.45;14.84;4.14;3.18;9.03;2.65;0.00;0.00;0.50;0.59;0.00;49.63;122.36;659.42;58.01;13.61;3.56;1.37;3.18;0.16;0.49;1.14;1.17;1.97;0.19;
2.95;18.79;12.32;4.65;6.26;5.09;2.99;0.00;0.00;0.00;0.04;0.04;0.04;3.48;7.96;0.99;23.20;18.33;11.45;5.77;0.91;0.96;0.23;0.45;14.76;4.13;3.14;9.00;2.64;0.00;0.00;0.50;0.59;0.00;47.86;105.68;555.27;57.15;12.49;4.26;1.59;3.67;0.22;0.68;1.70;1.56;2.53;0.27;
2.95;18.81;12.34;4.66;6.26;5.10;2.99;0.00;0.00;0.00;0.04;0.04;0.04;3.51;7.97;1.01;23.30;18.37;11.52;5.77;0.91;0.97;0.23;0.45;14.75;4.13;3.14;9.00;2.64;0.00;0.00;0.50;0.59;0.00;34.46;28.20;117.87;49.99;5.74;6.69;2.34;5.28;0.44;1.28;3.71;2.75;4.15;0.54;
2.96;18.81;12.34;4.66;6.26;5.10;2.99;0.00;0.00;0.00;0.04;0.04;0.04;3.52;7.98;1.01;23.32;18.37;11.54;5.77;0.91;0.97;0.23;0.45;14.62;4.11;3.08;8.95;2.63;0.00;0.00;0.50;0.59;0.00;42.43;65.11;314.58;54.41;9.39;4.81;1.76;4.05;0.57;1.63;5.02;3.43;5.02;0.70;
2.96;18.82;12.34;4.66;6.26;5.10;2.99;0.00;0.00;0.00;0.04;0.04;0.04;3.66;8.04;1.07;23.71;18.54;11.85;5.77;0.91;0.97;0.23;0.45;14.72;4.12;3.12;8.99;2.64;0.00;0.00;0.50;0.59;0.00;36.11;34.03;146.97;50.95;6.41;6.00;2.13;4.84;3.09;7.97;36.18;14.37;17.46;3.92;
2.96;18.82;12.34;4.66;6.26;5.10;2.99;0.00;0.00;0.00;0.04;0.04;0.04;3.69;8.05;1.08;23.78;18.57;11.91;5.79;0.91;0.97;0.23;0.45;14.87;4.14;3.19;9.04;2.65;0.00;0.00;0.50;0.59;0.00;34.84;29.46;124.10;50.21;5.89;3.99;1.51;3.49;0.35;1.04;2.88;2.29;3.54;0.43;
2.96;18.82;12.34;4.66;6.26;5.10;2.99;0.00;0.00;0.00;0.04;0.04;0.04;3.69;8.06;1.08;23.80;18.58;11.92;5.81;0.92;0.98;0.23;0.45;15.02;4.16;3.26;9.10;2.66;0.00;0.00;0.50;0.59;0.00;31.17;18.83;73.42;47.98;4.53;4.77;1.75;4.03;0.93;2.58;8.91;5.20;7.21;1.16;
2.96;18.82;12.34;4.66;6.26;5.10;2.99;0.00;0.00;0.00;0.04;0.04;0.04;3.69;8.06;1.08;23.80;18.58;11.93;5.87;0.92;0.99;0.23;0.46;14.80;4.13;3.16;9.02;2.64;0.00;0.00;0.50;0.59;0.00;34.57;28.56;119.65;50.05;5.78;4.95;1.81;4.15;5.71;14.15;73.86;24.11;27.39;7.29;
2.96;18.82;12.34;4.66;6.26;5.10;2.99;0.00;0.00;0.00;0.04;0.04;0.05;3.69;8.06;1.08;23.80;18.58;11.93;5.88;0.92;0.99;0.23;0.46;14.75;4.13;3.14;9.00;2.64;0.00;0.00;0.50;0.59;0.00;42.46;65.34;315.87;54.43;9.41;3.12;1.22;2.86;0.18;0.56;1.34;1.32;2.18;0.22;
2.96;18.82;12.34;4.66;6.26;5.10;2.99;0.00;0.00;0.00;0.04;0.04;0.05;3.69;8.06;1.08;23.80;18.58;11.93;5.88;0.92;0.99;0.23;0.46;14.75;4.13;3.13;9.00;2.64;0.00;0.00;0.50;0.59;0.00;26.34;9.57;33.20;44.80;3.04;3.63;1.39;3.23;6.11;15.07;79.88;25.52;28.78;7.80;
2.96;18.82;12.34;4.66;6.26;5.10;2.99;0.00;0.00;0.00;0.04;0.04;0.05;3.69;8.06;1.08;23.80;18.58;11.93;5.88;0.92;0.99;0.23;0.46;14.75;4.13;3.13;9.00;2.64;0.00;0.00;0.50;0.59;0.00;45.61;87.07;442.37;56.04;11.14;4.45;1.65;3.81;0.15;0.46;1.05;1.10;1.87;0.18;
2.96;18.82;12.34;4.66;6.26;5.10;2.99;0.00;0.00;0.00;0.04;0.04;0.05;3.69;8.06;1.08;23.80;18.58;11.93;5.88;0.92;0.99;0.23;0.46;14.87;4.14;3.19;9.04;2.65;0.00;0.00;0.50;0.59;0.00;56.47;205.71;1212.84;61.14;18.48;4.41;1.64;3.78;0.07;0.24;0.47;0.61;1.13;0.09;
2.96;18.82;12.34;4.66;6.26;5.10;2.99;0.00;0.00;0.00;0.04;0.04;0.05;3.69;8.06;1.08;23.80;18.58;11.93;5.90;0.92;1.00;0.23;0.46;14.77;4.13;3.15;9.01;2.64;0.00;0.01;0.50;0.60;0.00;32.14;21.32;84.89;48.59;4.87;3.36;1.30;3.04;0.11;0.36;0.78;0.88;1.55;0.14;
2.96;18.86;12.36;4.67;6.28;5.11;2.99;0.00;0.00;0.00;0.04;0.04;0.05;3.69;8.06;1.08;23.80;18.58;11.93;5.89;0.92;1.00;0.23;0.46;14.75;4.13;3.14;9.00;2.64;0.00;0.01;0.50;0.60;0.00;32.81;23.16;93.58;49.00;5.11;3.27;1.27;2.97;0.22;0.68;1.70;1.56;2.53;0.27;
2.97;18.99;12.43;4.70;6.32;5.13;3.01;0.00;0.00;0.00;0.04;0.04;0.05;3.69;8.06;1.08;23.80;18.58;11.93;5.94;0.93;1.01;0.23;0.46;15.00;4.16;3.25;9.09;2.66;0.00;0.00;0.50;0.60;0.00;29.71;15.54;58.59;47.06;4.04;5.17;1.88;4.29;0.51;1.49;4.48;3.16;4.67;0.64;
2.98;19.06;12.46;4.71;6.34;5.15;3.02;0.00;0.00;0.00;0.04;0.04;0.05;3.69;8.06;1.08;23.80;18.58;11.93;5.98;0.93;1.02;0.23;0.46;14.80;4.13;3.16;9.02;2.64;0.00;0.00;0.50;0.59;0.00;41.81;61.40;293.65;54.09;9.07;4.49;1.67;3.84;0.38;1.11;3.12;2.43;3.72;0.46;
2.98;19.07;12.47;4.72;6.34;5.15;3.02;0.00;0.00;0.00;0.04;0.04;0.05;3.69;8.06;1.08;23.80;18.58;11.93;5.99;0.93;1.02;0.23;0.46;14.63;4.11;3.08;8.95;2.63;0.00;0.00;0.50;0.60;0.00;34.69;28.96;121.63;50.12;5.83;4.22;1.58;3.65;0.24;0.73;1.85;1.66;2.68;0.30;
2.98;19.07;12.47;4.72;6.34;5.15;3.02;0.00;0.00;0.00;0.04;0.04;0.05;3.69;8.06;1.08;23.80;18.58;11.93;6.00;0.93;1.02;0.24;0.46;14.85;4.14;3.18;9.04;2.65;0.00;0.00;0.50;0.59;0.00;17.64;1.91;5.01;38.05;1.18;4.71;1.73;3.98;0.22;0.67;1.68;1.55;2.51;0.27;
2.98;19.07;12.47;4.72;6.34;5.15;3.02;0.00;0.00;0.00;0.04;0.04;0.05;3.69;8.06;1.08;23.80;18.58;11.93;6.00;0.93;1.02;0.24;0.46;15.02;4.16;3.26;9.10;2.66;0.00;0.00;0.50;0.60;0.00;20.83;3.72;10.96;40.71;1.74;3.06;1.20;2.82;0.33;1.00;2.72;2.20;3.41;0.41;
2.98;19.07;12.47;4.72;6.34;5.15;3.02;0.00;0.00;0.00;0.04;0.04;0.05;3.69;8.06;1.08;23.80;18.58;11.93;6.00;0.93;1.02;0.24;0.46;14.80;4.13;3.16;9.02;2.64;0.00;0.00;0.50;0.60;0.00;28.30;12.78;46.59;46.13;3.60;3.73;1.42;3.31;0.62;1.77;5.57;3.69;5.36;0.77;
2.98;19.07;12.47;4.72;6.34;5.15;3.02;0.00;0.00;0.00;0.04;0.04;0.05;3.69;8.06;1.08;23.80;18.58;11.93;6.00;0.93;1.02;0.24;0.46;14.88;4.14;3.20;9.05;2.65;0.00;0.00;0.50;0.59;0.00;29.23;14.54;54.21;46.74;3.89;5.12;1.86;4.26;0.17;0.54;1.26;1.26;2.10;0.21;
2.98;19.07;12.47;4.72;6.34;5.15;3.02;0.00;0.00;0.00;0.04;0.04;0.05;3.69;8.06;1.08;23.80;18.58;11.93;6.00;0.93;1.02;0.24;0.46;14.77;4.13;3.15;9.01;2.64;0.00;0.00;0.50;0.59;0.00;48.23;109.06;576.14;57.33;12.72;5.04;1.84;4.21;0.12;0.37;0.79;0.90;1.56;0.14;
2.98;19.07;12.47;4.72;6.34;5.15;3.02;0.00;0.00;0.00;0.04;0.04;0.05;3.69;8.06;1.08;23.80;18.58;11.93;6.00;0.93;1.02;0.24;0.46;14.75;4.13;3.14;9.00;2.64;0.00;0.00;0.50;0.60;0.00;51.20;138.71;763.90;58.75;14.65;5.60;2.01;4.58;0.57;1.63;5.04;3.44;5.03;0.71;
2.98;19.07;12.47;4.72;6.34;5.15;3.02;0.00;0.00;0.00;0.04;0.04;0.05;3.84;8.12;1.15;24.20;18.75;12.24;6.01;0.93;1.03;0.24;0.46;14.87;4.14;3.19;9.04;2.65;0.00;0.00;0.50;0.60;0.00;49.17;117.87;631.08;57.79;13.32;5.06;1.84;4.22;0.67;1.91;6.14;3.97;5.70;0.84;
2.98;19.07;12.47;4.72;6.34;5.15;3.02;0.00;0.00;0.00;0.04;0.04;0.05;3.83;8.12;1.15;24.18;18.74;12.23;6.02;0.93;1.03;0.24;0.46;14.90;4.15;3.20;9.05;2.65;0.00;0.00;0.50;0.60;0.00;55.32;189.27;1099.99;60.63;17.59;4.09;1.54;3.56;0.14;0.43;0.96;1.03;1.77;0.17;
2.98;19.07;12.47;4.72;6.34;5.15;3.02;0.00;0.00;0.00;0.04;0.04;0.05;3.90;8.15;1.18;24.37;18.82;12.38;6.02;0.93;1.03;0.24;0.46;14.78;4.13;3.15;9.01;2.64;0.00;0.00;0.50;0.60;0.00;31.51;19.68;77.31;48.20;4.65;3.49;1.34;3.13;0.31;0.93;2.50;2.07;3.24;0.38;
2.98;19.07;12.47;4.72;6.34;5.15;3.02;0.00;0.00;0.00;0.04;0.04;0.05;3.92;8.16;1.18;24.41;18.84;12.42;6.02;0.93;1.03;0.24;0.46;14.75;4.13;3.14;9.00;2.64;0.00;0.01;0.50;0.60;0.00;24.50;7.15;23.58;43.50;2.56;3.54;1.36;3.17;0.99;2.75;9.62;5.50;7.57;1.24;
2.98;19.07;12.47;4.72;6.34;5.15;3.02;0.00;0.00;0.00;0.04;0.04;0.05;3.92;8.16;1.19;24.42;18.84;12.42;6.00;0.93;1.03;0.24;0.46;14.75;4.13;3.13;9.00;2.64;0.00;0.00;0.50;0.59;0.00;40.24;52.65;245.18;53.25;8.29;4.18;1.57;3.62;0.18;0.57;1.37;1.33;2.21;0.23;
2.98;19.07;12.47;4.72;6.34;5.15;3.02;0.00;0.00;0.00;0.04;0.04;0.05;3.85;8.13;1.15;24.22;18.76;12.26;5.91;0.92;1.00;0.23;0.46;14.74;4.13;3.13;9.00;2.64;0.00;0.00;0.50;0.60;0.00;32.26;21.63;86.35;48.66;4.91;3.51;1.35;3.15;0.48;1.41;4.18;3.00;4.48;0.60;
2.98;19.07;12.47;4.72;6.34;5.15;3.02;0.00;0.00;0.00;0.04;0.04;0.05;3.80;8.10;1.13;24.08;18.70;12.15;5.80;0.92;0.97;0.23;0.45;14.87;4.14;3.19;9.04;2.65;0.00;0.00;0.50;0.60;0.00;37.27;38.65;170.65;51.61;6.91;3.89;1.48;3.42;0.12;0.40;0.87;0.96;1.66;0.15;
2.97;18.95;12.41;4.69;6.30;5.13;3.01;0.00;0.00;0.00;0.04;0.04;0.05;3.71;8.07;1.09;23.86;18.61;11.97;5.69;0.91;0.94;0.22;0.45;14.90;4.15;3.20;9.05;2.65;0.00;0.00;0.50;0.59;0.00;50.39;130.03;708.15;58.36;14.11;3.34;1.29;3.02;0.22;0.66;1.65;1.53;2.48;0.27;
2.96;18.88;12.37;4.67;6.28;5.11;3.00;0.00;0.00;0.00;0.04;0.04;0.05;3.70;8.06;1.09;23.81;18.59;11.93;5.67;0.90;0.94;0.22;0.45;14.65;4.12;3.09;8.96;2.63;0.00;0.00;0.50;0.59;0.00;43.55;72.32;355.83;54.99;9.99;3.17;1.24;2.90;1.46;3.94;15.08;7.61;10.05;1.83;
2.96;18.83;12.35;4.66;6.27;5.10;2.99;0.00;0.00;0.00;0.04;0.04;0.05;3.69;8.06;1.09;23.81;18.58;11.93;5.58;0.90;0.92;0.22;0.44;14.47;4.10;3.01;8.89;2.62;0.00;0.00;0.50;0.59;0.00;33.31;24.61;100.48;49.30;5.30;3.19;1.24;2.91;1.06;2.94;10.46;5.84;7.98;1.33;
2.96;18.82;12.34;4.66;6.26;5.10;2.99;0.00;0.00;0.00;0.04;0.04;0.05;3.69;8.06;1.08;23.80;18.58;11.93;5.53;0.89;0.90;0.22;0.44;14.69;4.12;3.11;8.98;2.64;0.00;0.00;0.50;0.59;0.00;24.22;6.82;22.32;43.29;2.49;3.64;1.39;3.24;1.35;3.69;13.87;7.16;9.53;1.70;
2.96;18.82;12.34;4.66;6.26;5.10;2.99;0.00;0.00;0.00;0.04;0.04;0.04;3.69;8.06;1.08;23.80;18.58;11.93;5.47;0.89;0.89;0.22;0.44;14.73;4.13;3.13;8.99;2.64;0.00;0.00;0.50;0.59;0.00;43.13;69.57;340.03;54.78;9.77;4.04;1.52;3.52;2.03;5.38;22.17;10.07;12.82;2.56;
2.96;18.82;12.34;4.66;6.26;5.10;2.99;0.00;0.00;0.00;0.04;0.04;0.05;3.69;8.06;1.08;23.80;18.58;11.93;5.41;0.88;0.87;0.21;0.44;14.49;4.10;3.02;8.90;2.62;0.00;0.00;0.50;0.59;0.00;35.27;30.98;131.62;50.47;6.07;4.27;1.59;3.68;0.13;0.40;0.87;0.96;1.66;0.15;
2.94;18.69;12.27;4.63;6.23;5.08;2.98;0.00;0.00;0.00;0.04;0.04;0.04;3.69;8.06;1.08;23.80;18.58;11.93;5.36;0.88;0.86;0.21;0.44;14.44;4.09;3.00;8.88;2.62;0.00;0.00;0.50;0.59;0.00;44.88;81.61;410.02;55.67;10.73;3.93;1.49;3.45;0.20;0.63;1.54;1.45;2.38;0.25;
2.93;18.59;12.22;4.61;6.20;5.06;2.96;0.00;0.00;0.00;0.04;0.04;0.04;3.66;8.04;1.07;23.71;18.54;11.85;5.35;0.88;0.86;0.21;0.43;14.68;4.12;3.11;8.97;2.63;0.00;0.00;0.50;0.59;0.00;29.47;15.04;56.39;46.90;3.97;4.33;1.62;3.73;0.16;0.50;1.15;1.18;1.98;0.19;
2.93;18.57;12.21;4.60;6.19;5.05;2.96;0.00;0.00;0.00;0.04;0.04;0.04;3.58;8.01;1.04;23.49;18.45;11.68;5.27;0.87;0.84;0.21;0.43;14.73;4.13;3.13;8.99;2.64;0.00;0.00;0.50;0.59;0.00;54.53;178.68;1028.14;60.28;17.01;4.51;1.67;3.85;0.16;0.50;1.15;1.18;1.98;0.20;
2.93;18.56;12.21;4.60;6.19;5.05;2.96;0.00;0.00;0.00;0.04;0.04;0.04;3.67;8.05;1.07;23.74;18.56;11.88;5.25;0.87;0.83;0.21;0.43;14.37;4.08;2.97;8.85;2.61;0.00;0.00;0.50;0.59;0.00;47.04;98.63;512.07;56.75;11.99;4.90;1.80;4.12;0.11;0.37;0.79;0.90;1.56;0.14;
2.93;18.56;12.21;4.60;6.19;5.05;2.96;0.00;0.00;0.00;0.04;0.04;0.04;3.55;7.99;1.02;23.40;18.41;11.61;5.24;0.86;0.83;0.21;0.43;14.42;4.09;2.99;8.87;2.62;0.00;0.00;0.50;0.59;0.00;33.30;24.58;100.34;49.30;5.30;5.16;1.87;4.29;0.16;0.51;1.17;1.19;2.00;0.20;
2.93;18.56;12.21;4.60;6.19;5.05;2.96;0.00;0.00;0.00;0.04;0.04;0.04;3.53;7.98;1.01;23.34;18.38;11.55;5.17;0.86;0.81;0.21;0.43;14.30;4.08;2.94;8.83;2.61;0.00;0.00;0.50;0.59;0.00;46.52;94.34;486.01;56.50;11.68;6.14;2.17;4.94;0.14;0.43;0.97;1.04;1.78;0.17;
2.93;18.56;12.21;4.60;6.19;5.05;2.96;0.00;0.00;0.00;0.04;0.04;0.04;3.49;7.96;1.00;23.23;18.34;11.47;5.15;0.86;0.81;0.21;0.43;14.28;4.07;2.93;8.82;2.61;0.00;0.00;0.50;0.59;0.00;34.65;28.84;121.01;50.10;5.82;3.85;1.46;3.39;0.22;0.68;1.68;1.55;2.52;0.27;
2.93;18.56;12.21;4.60;6.19;5.05;2.96;0.00;0.00;0.00;0.04;0.04;0.04;3.48;7.96;0.99;23.21;18.33;11.45;5.14;0.86;0.81;0.20;0.43;14.53;4.10;3.04;8.91;2.62;0.00;0.00;0.50;0.59;0.00;43.49;71.91;353.47;54.96;9.96;3.92;1.48;3.44;3.44;8.80;40.92;15.71;18.87;4.36;
2.93;18.56;12.21;4.60;6.19;5.05;2.96;0.00;0.00;0.00;0.04;0.04;0.04;3.48;7.96;0.99;23.20;18.33;11.45;5.09;0.85;0.79;0.20;0.42;14.45;4.09;3.00;8.88;2.62;0.00;0.00;0.50;0.59;0.00;29.90;15.93;60.32;47.17;4.10;5.17;1.88;4.29;0.18;0.57;1.35;1.32;2.19;0.22;
2.93;18.56;12.21;4.60;6.19;5.05;2.96;0.00;0.00;0.00;0.04;0.04;0.04;3.48;7.96;0.99;23.20;18.33;11.45;5.06;0.85;0.79;0.20;0.42;14.31;4.08;2.94;8.83;2.61;0.00;0.00;0.50;0.59;0.00;28.97;14.03;51.96;46.57;3.81;4.51;1.67;3.85;0.36;1.06;2.94;2.33;3.59;0.44;
2.93;18.56;12.21;4.60;6.19;5.05;2.96;0.00;0.00;0.00;0.04;0.04;0.04;3.48;7.96;0.99;23.20;18.33;11.45;5.06;0.85;0.79;0.20;0.42;14.28;4.07;2.93;8.82;2.61;0.00;0.00;0.50;0.59;0.00;41.15;57.61;272.50;53.74;8.74;4.93;1.80;4.13;0.25;0.77;1.96;1.73;2.78;0.31;
2.92;18.48;12.17;4.58;6.16;5.03;2.95;0.00;0.00;0.00;0.04;0.04;0.04;3.48;7.96;0.99;23.20;18.33;11.45;5.04;0.85;0.78;0.20;0.42;14.53;4.10;3.04;8.91;2.62;0.00;0.00;0.50;0.59;0.00;39.86;50.65;234.31;53.04;8.10;4.43;1.65;3.80;0.28;0.83;2.18;1.87;2.96;0.34;
2.91;18.38;12.12;4.56;6.14;5.02;2.94;0.00;0.00;0.00;0.04;0.04;0.04;3.48;7.96;0.99;23.20;18.33;11.45;4.99;0.84;0.77;0.20;0.42;13.96;4.04;2.79;8.70;2.58;0.00;0.00;0.50;0.59;0.00;53.33;163.37;925.60;59.73;16.13;4.36;1.62;3.74;0.77;2.16;7.15;4.43;6.27;0.96;
2.90;18.37;12.11;4.56;6.13;5.01;2.94;0.00;0.00;0.00;0.04;0.04;0.04;3.48;7.96;0.99;23.20;18.33;11.45;4.96;0.84;0.76;0.20;0.42;14.21;4.07;2.90;8.79;2.60;0.00;0.00;0.50;0.59;0.00;33.82;26.15;107.88;49.61;5.49;5.38;1.94;4.44;0.18;0.57;1.37;1.33;2.21;0.23;
2.90;18.32;12.08;4.55;6.12;5.00;2.93;0.00;0.00;0.00;0.04;0.04;0.04;3.48;7.96;0.99;23.20;18.33;11.45;4.96;0.84;0.76;0.20;0.42;14.14;4.06;2.87;8.77;2.60;0.00;0.00;0.50;0.59;0.00;49.76;123.60;667.27;58.07;13.69;3.50;1.35;3.13;0.20;0.63;1.53;1.45;2.37;0.25;
2.90;18.31;12.08;4.55;6.11;5.00;2.93;0.00;0.00;0.00;0.04;0.04;0.04;3.48;7.96;0.99;23.20;18.33;11.45;4.96;0.84;0.76;0.20;0.42;14.50;4.10;3.02;8.90;2.62;0.00;0.00;0.50;0.59;0.00;40.94;56.38;265.70;53.62;8.63;3.73;1.42;3.30;0.14;0.45;1.03;1.08;1.85;0.18;
2.90;18.31;12.08;4.55;6.11;5.00;2.93;0.00;0.00;0.00;0.04;0.04;0.04;3.48;7.96;0.99;23.20;18.33;11.45;4.96;0.84;0.76;0.20;0.42;14.32;4.08;2.95;8.84;2.61;0.00;0.00;0.50;0.59;0.00;30.98;18.38;71.33;47.86;4.46;3.32;1.29;3.00;0.68;1.93;6.22;4.00;5.75;0.85;
2.90;18.31;12.08;4.55;6.11;5.00;2.93;0.00;0.00;0.00;0.04;0.04;0.04;3.48;7.96;0.99;23.20;18.33;11.45;4.91;0.83;0.75;0.20;0.42;14.16;4.06;2.88;8.78;2.60;0.00;0.00;0.50;0.59;0.00;28.51;13.17;48.24;46.27;3.67;3.67;1.40;3.26;0.66;1.89;6.02;3.91;5.63;0.82;
2.90;18.31;12.08;4.55;6.11;5.00;2.93;0.00;0.00;0.00;0.04;0.04;0.04;3.48;7.96;0.99;23.20;18.33;11.45;4.87;0.83;0.74;0.19;0.41;14.25;4.07;2.92;8.81;2.60;0.00;0.00;0.50;0.59;0.00;61.02;280.82;1747.38;63.10;22.19;4.19;1.57;3.63;1.92;5.10;20.76;9.60;12.30;2.42;
2.90;18.31;12.08;4.55;6.11;5.00;2.93;0.00;0.00;0.00;0.04;0.04;0.04;3.48;7.96;0.99;23.20;18.33;11.45;4.87;0.83;0.74;0.19;0.41;14.52;4.10;3.03;8.91;2.62;0.00;0.00;0.50;0.59;0.00;22.32;4.91;15.17;41.87;2.05;4.46;1.66;3.81;1.54;4.15;16.08;7.98;10.47;1.93;
2.90;18.31;12.08;4.55;6.11;5.00;2.93;0.00;0.00;0.00;0.04;0.04;0.04;3.48;7.96;0.99;23.20;18.33;11.45;4.87;0.83;0.74;0.19;0.41;14.45;4.09;3.00;8.88;2.62;0.00;0.00;0.50;0.59;0.00;18.42;2.27;6.14;38.72;1.31;5.26;1.91;4.36;0.43;1.27;3.70;2.75;4.14;0.54;
2.90;18.31;12.08;4.55;6.11;5.00;2.93;0.00;0.00;0.00;0.04;0.04;0.04;3.48;7.96;0.99;23.20;18.33;11.45;4.87;0.83;0.74;0.19;0.41;14.31;4.08;2.94;8.83;2.61;0.00;0.00;0.50;0.59;0.00;36.46;35.41;153.96;51.15;6.56;3.73;1.42;3.31;0.32;0.95;2.58;2.11;3.30;0.39;
2.90;18.31;12.08;4.55;6.11;5.00;2.93;0.00;0.00;0.00;0.04;0.04;0.04;3.35;7.89;0.94;22.83;18.16;11.15;4.87;0.83;0.74;0.19;0.41;14.28;4.07;2.93;8.82;2.61;0.00;0.00;0.50;0.59;0.00;38.83;45.60;207.17;52.48;7.62;4.64;1.71;3.94;0.09;0.29;0.58;0.72;1.29;0.11;
2.89;18.27;12.06;4.54;6.10;4.99;2.93;0.00;0.00;0.00;0.04;0.04;0.04;3.35;7.89;0.94;22.84;18.17;11.16;4.85;0.83;0.74;0.19;0.41;14.28;4.07;2.93;8.82;2.61;0.00;0.00;0.50;0.59;0.00;50.80;134.37;735.95;58.56;14.38;3.76;1.43;3.32;1.41;3.82;14.50;7.40;9.81;1.77;
2.90;18.30;12.07;4.54;6.11;5.00;2.93;0.00;0.00;0.00;0.04;0.04;0.04;3.39;7.91;0.95;22.94;18.21;11.24;4.82;0.83;0.73;0.19;0.41;14.40;4.09;2.98;8.87;2.61;0.00;0.00;0.50;0.59;0.00;45.38;85.34;432.08;55.93;11.01;3.90;1.48;3.42;0.37;1.11;3.12;2.43;3.72;0.46;
2.89;18.27;12.06;4.54;6.10;4.99;2.93;0.00;0.00;0.00;0.04;0.04;0.04;3.30;7.87;0.92;22.68;18.10;11.04;4.78;0.82;0.72;0.19;0.41;14.30;4.08;2.94;8.83;2.61;0.00;0.00;0.50;0.59;0.00;59.37;251.51;1535.41;62.40;20.80;3.87;1.47;3.40;0.10;0.32;0.65;0.78;1.39;0.12;
2.89;18.22;12.03;4.53;6.09;4.98;2.92;0.00;0.00;0.00;0.04;0.04;0.04;3.28;7.86;0.91;22.63;18.08;11.00;4.77;0.82;0.72;0.19;0.41;14.16;4.06;2.88;8.77;2.60;0.00;0.00;0.50;0.59;0.00;26.55;9.88;34.44;44.94;3.10;4.95;1.81;4.15;0.04;0.15;0.26;0.40;0.77;0.05;
2.88;18.17;12.01;4.52;6.07;4.97;2.92;0.00;0.00;0.00;0.04;0.04;0.04;3.37;7.90;0.95;22.90;18.19;11.21;4.77;0.82;0.72;0.19;0.41;14.13;4.06;2.86;8.76;2.60;0.00;0.00;0.50;0.59;0.00;24.07;6.66;21.70;43.19;2.46;4.33;1.61;3.72;0.12;0.37;0.80;0.91;1.58;0.14;
2.87;18.09;11.96;4.50;6.05;4.96;2.90;0.00;0.00;0.00;0.04;0.04;0.04;3.29;7.87;0.91;22.67;18.10;11.03;4.77;0.82;0.72;0.19;0.41;14.25;4.07;2.91;8.81;2.60;0.00;0.00;0.49;0.59;0.00;50.99;136.36;748.76;58.65;14.51;4.12;1.55;3.58;0.55;1.59;4.87;3.35;4.93;0.68;
2.87;18.11;11.97;4.50;6.05;4.96;2.91;0.00;0.00;0.00;0.04;0.04;0.04;3.31;7.87;0.92;22.72;18.12;11.07;4.77;0.82;0.72;0.19;0.41;14.15;4.06;2.87;8.77;2.60;0.00;0.00;0.49;0.59;0.00;44.38;78.04;389.04;55.42;10.45;4.54;1.68;3.87;0.94;2.63;9.13;5.29;7.32;1.18;
2.87;18.07;11.95;4.49;6.04;4.95;2.90;0.00;0.00;0.00;0.04;0.04;0.04;3.28;7.86;0.91;22.64;18.08;11.00;4.77;0.82;0.72;0.19;0.41;14.13;4.06;2.86;8.76;2.60;0.00;0.00;0.49;0.59;0.00;46.71;95.83;495.02;56.59;11.79;5.58;2.00;4.57;3.71;9.47;44.81;16.78;19.98;4.72;
2.87;18.07;11.95;4.49;6.04;4.95;2.90;0.00;0.00;0.00;0.04;0.04;0.04;3.28;7.86;0.91;22.62;18.07;10.99;4.77;0.82;0.72;0.19;0.41;14.12;4.05;2.86;8.76;2.60;0.00;0.00;0.49;0.59;0.00;49.77;123.74;668.11;58.07;13.70;4.65;1.72;3.95;1.49;4.02;15.46;7.75;10.21;1.87;
2.87;18.06;11.95;4.49;6.04;4.95;2.90;0.00;0.00;0.00;0.04;0.04;0.04;3.27;7.86;0.91;22.62;18.07;10.99;4.76;0.82;0.72;0.19;0.41;14.49;4.10;3.02;8.90;2.62;0.00;0.00;0.49;0.59;0.00;28.13;12.47;45.28;46.02;3.55;4.18;1.57;3.62;1.58;4.25;16.55;8.15;10.66;1.98;
2.87;18.06;11.95;4.49;6.04;4.95;2.90;0.00;0.00;0.00;0.04;0.04;0.04;3.27;7.86;0.91;22.62;18.07;10.99;4.71;0.82;0.70;0.19;0.41;14.20;4.06;2.89;8.79;2.60;0.00;0.00;0.49;0.59;0.00;36.58;35.84;156.18;51.22;6.61;3.84;1.46;3.38;0.06;0.21;0.38;0.53;0.99;0.08;
2.87;18.06;11.95;4.49;6.04;4.95;2.90;0.00;0.00;0.00;0.04;0.04;0.04;3.27;7.86;0.91;22.62;18.07;10.99;4.70;0.81;0.70;0.19;0.41;14.14;4.06;2.87;8.77;2.60;0.00;0.00;0.49;0.59;0.00;35.15;30.56;129.54;50.40;6.02;3.27;1.27;2.97;0.45;1.31;3.82;2.81;4.22;0.55;
2.87;18.06;11.95;4.49;6.04;4.95;2.90;0.00;0.00;0.00;0.04;0.04;0.04;3.27;7.86;0.91;22.62;18.07;10.99;4.69;0.81;0.70;0.19;0.40;14.13;4.06;2.86;8.76;2.60;0.00;0.00;0.50;0.59;0.00;26.26;9.45;32.70;44.74;3.02;3.58;1.37;3.19;0.05;0.17;0.30;0.44;0.84;0.06;
2.87;18.06;11.95;4.49;6.04;4.95;2.90;0.00;0.00;0.00;0.04;0.04;0.04;3.27;7.86;0.91;22.62;18.07;10.99;4.68;0.81;0.70;0.19;0.40;14.37;4.08;2.97;8.85;2.61;0.00;0.01;0.50;0.60;0.00;33.67;25.68;105.63;49.51;5.43;3.34;1.29;3.02;1.05;2.91;10.35;5.79;7.92;1.32;
2.87;18.06;11.95;4.49;6.04;4.95;2.90;0.00;0.00;0.00;0.04;0.04;0.04;3.27;7.86;0.91;22.62;18.07;10.99;4.68;0.81;0.70;0.19;0.40;14.17;4.06;2.88;8.78;2.60;0.00;0.01;0.50;0.60;0.00;43.78;73.86;364.72;55.11;10.11;4.39;1.63;3.77;0.23;0.70;1.74;1.59;2.57;0.28;
2.87;18.06;11.95;4.49;6.04;4.95;2.90;0.00;0.00;0.00;0.04;0.04;0.04;3.27;7.86;0.91;22.62;18.07;10.99;4.68;0.81;0.70;0.19;0.40;14.13;4.06;2.87;8.76;2.60;0.00;0.01;0.50;0.60;0.00;74.89;640.40;4595.90;68.60;36.03;4.20;1.57;3.63;0.78;2.21;7.33;4.51;6.38;0.98;
2.87;18.06;11.95;4.49;6.04;4.95;2.90;0.00;0.00;0.00;0.04;0.04;0.04;3.27;7.86;0.91;22.62;18.07;10.99;4.68;0.81;0.70;0.19;0.40;14.25;4.07;2.91;8.81;2.60;0.00;0.01;0.50;0.60;0.00;53.76;168.70;961.12;59.93;16.44;3.71;1.42;3.29;0.64;1.84;5.85;3.83;5.53;0.80;
2.87;18.06;11.95;4.49;6.04;4.95;2.90;0.00;0.00;0.00;0.04;0.04;0.04;3.27;7.86;0.91;22.62;18.07;10.99;4.68;0.81;0.70;0.19;0.40;14.15;4.06;2.87;8.77;2.60;0.00;0.01;0.50;0.60;0.00;44.79;81.00;406.41;55.63;10.68;5.05;1.84;4.22;1.01;2.81;9.88;5.60;7.70;1.27;
2.87;18.06;11.95;4.49;6.04;4.95;2.90;0.00;0.00;0.00;0.04;0.04;0.04;3.27;7.86;0.91;22.62;18.07;10.99;4.68;0.81;0.70;0.19;0.40;14.37;4.08;2.97;8.85;2.61;0.00;0.01;0.50;0.60;0.00;50.26;128.73;699.82;58.30;14.02;4.29;1.60;3.69;1.09;3.02;10.81;5.98;8.15;1.37;
2.87;18.06;11.95;4.49;6.04;4.95;2.90;0.00;0.00;0.00;0.04;0.04;0.04;3.27;7.86;0.91;22.62;18.07;10.99;4.68;0.81;0.70;0.19;0.40;14.17;4.06;2.88;8.78;2.60;0.00;0.01;0.50;0.60;0.00;49.95;125.59;679.88;58.16;13.82;5.26;1.90;4.35;0.30;0.90;2.40;2.01;3.15;0.37;
2.87;18.06;11.95;4.49;6.04;4.95;2.90;0.00;0.00;0.00;0.04;0.04;0.04;3.27;7.86;0.91;22.62;18.07;10.99;4.68;0.81;0.70;0.19;0.40;14.26;4.07;2.92;8.81;2.60;0.00;0.01;0.50;0.60;0.00;33.20;24.27;98.85;49.23;5.26;3.47;1.34;3.11;1.32;3.60;13.45;7.01;9.35;1.66;
2.87;18.06;11.95;4.49;6.04;4.95;2.90;0.00;0.00;0.00;0.04;0.04;0.04;3.27;7.86;0.91;22.62;18.07;10.99;4.68;0.81;0.70;0.19;0.40;14.27;4.07;2.93;8.82;2.61;0.00;0.01;0.50;0.60;0.00;25.57;8.49;28.84;44.26;2.83;4.70;1.73;3.98;0.14;0.43;0.97;1.04;1.78;0.17;
2.87;18.06;11.95;4.49;6.04;4.95;2.90;0.00;0.00;0.00;0.04;0.04;0.04;3.27;7.86;0.91;22.62;18.07;10.99;4.67;0.81;0.69;0.19;0.40;14.15;4.06;2.87;8.77;2.60;0.00;0.01;0.50;0.60;0.00;35.19;30.70;130.21;50.42;6.03;3.23;1.26;2.94;0.11;0.37;0.78;0.89;1.56;0.14;
2.87;18.06;11.95;4.49;6.04;4.95;2.90;0.00;0.00;0.00;0.04;0.04;0.04;3.27;7.86;0.91;22.62;18.07;10.99;4.65;0.81;0.69;0.19;0.40;14.25;4.07;2.92;8.81;2.60;0.00;0.01;0.50;0.60;0.00;47.47;102.29;534.42;56.96;12.25;3.43;1.33;3.09;0.20;0.62;1.52;1.44;2.36;0.25;
2.87;18.06;11.95;4.49;6.04;4.95;2.90;0.00;0.00;0.00;0.04;0.04;0.04;3.27;7.86;0.91;22.62;18.07;10.99;4.65;0.81;0.69;0.19;0.40;14.39;4.09;2.98;8.86;2.61;0.00;0.01;0.50;0.60;0.00;16.50;1.46;3.65;37.02;1.01;2.86;1.14;2.67;1.00;2.79;9.79;5.56;7.65;1.26;
2.86;17.99;11.91;4.47;6.02;4.94;2.89;0.00;0.00;0.00;0.04;0.04;0.04;3.27;7.86;0.91;22.62;18.07;10.99;4.60;0.80;0.68;0.19;0.40;14.42;4.09;2.99;8.87;2.62;0.00;0.01;0.50;0.60;0.00;28.38;12.92;47.18;46.18;3.63;2.48;1.01;2.38;0.28;0.84;2.19;1.88;2.98;0.34;
2.86;17.97;11.90;4.47;6.01;4.93;2.89;0.00;0.00;0.00;0.04;0.04;0.04;3.27;7.86;0.91;22.62;18.07;10.99;4.61;0.81;0.68;0.19;0.40;14.31;4.08;2.94;8.83;2.61;0.00;0.01;0.50;0.60;0.00;31.79;20.40;80.61;48.37;4.75;3.23;1.26;2.94;0.27;0.82;2.14;1.85;2.93;0.34;
2.85;17.85;11.84;4.44;5.98;4.91;2.88;0.00;0.00;0.00;0.04;0.04;0.04;3.27;7.86;0.91;22.62;18.07;10.99;4.61;0.81;0.68;0.19;0.40;14.16;4.06;2.88;8.77;2.60;0.00;0.01;0.50;0.60;0.00;38.05;42.00;188.12;52.05;7.26;2.70;1.08;2.55;0.56;1.61;4.94;3.39;4.97;0.69;
2.86;17.98;11.91;4.47;6.02;4.94;2.89;0.00;0.00;0.00;0.04;0.04;0.04;3.27;7.86;0.91;22.62;18.07;10.99;4.60;0.80;0.68;0.18;0.40;14.25;4.07;2.92;8.81;2.60;0.00;0.01;0.50;0.60;0.00;23.31;5.86;18.65;42.62;2.28;2.46;1.00;2.36;0.52;1.51;4.56;3.20;4.73;0.65;
2.85;17.89;11.86;4.45;5.99;4.92;2.88;0.00;0.00;0.00;0.04;0.04;0.04;3.27;7.86;0.91;22.62;18.07;10.99;4.59;0.80;0.68;0.18;0.40;14.15;4.06;2.87;8.77;2.60;0.00;0.01;0.50;0.60;0.00;31.03;18.51;71.94;47.90;4.48;3.47;1.34;3.12;0.12;0.37;0.80;0.90;1.57;0.14;
2.85;17.87;11.85;4.45;5.98;4.92;2.88;0.00;0.00;0.00;0.04;0.04;0.04;3.27;7.86;0.91;22.62;18.07;10.99;4.61;0.81;0.68;0.19;0.40;14.25;4.07;2.92;8.81;2.60;0.00;0.01;0.50;0.60;0.00;44.81;81.12;407.16;55.64;10.69;2.83;1.12;2.64;0.08;0.26;0.52;0.66;1.20;0.10;
2.84;17.83;11.83;4.44;5.97;4.91;2.88;0.00;0.00;0.00;0.04;0.04;0.04;3.24;7.84;0.89;22.52;18.03;10.91;4.60;0.80;0.68;0.18;0.40;14.15;4.06;2.87;8.77;2.60;0.00;0.01;0.50;0.60;0.00;35.62;32.21;137.78;50.67;6.21;3.67;1.40;3.26;0.25;0.76;1.94;1.72;2.75;0.31;
2.84;17.82;11.82;4.44;5.97;4.91;2.87;0.00;0.00;0.00;0.04;0.04;0.04;3.24;7.84;0.89;22.51;18.02;10.90;4.59;0.80;0.68;0.18;0.40;14.25;4.07;2.92;8.81;2.60;0.00;0.01;0.50;0.60;0.00;36.78;36.67;160.43;51.34;6.70;4.95;1.81;4.15;0.08;0.27;0.54;0.68;1.23;0.10;
2.84;17.82;11.82;4.44;5.97;4.91;2.87;0.00;0.00;0.00;0.04;0.04;0.04;3.27;7.85;0.90;22.59;18.06;10.97;4.59;0.80;0.68;0.18;0.40;14.15;4.06;2.87;8.77;2.60;0.00;0.01;0.50;0.60;0.00;29.81;15.74;59.48;47.12;4.07;5.65;2.03;4.62;0.94;2.61;9.02;5.24;7.27;1.17;
2.84;17.82;11.82;4.44;5.97;4.91;2.87;0.00;0.00;0.00;0.04;0.04;0.04;3.21;7.82;0.88;22.43;17.99;10.84;4.59;0.80;0.68;0.18;0.40;14.37;4.08;2.97;8.86;2.61;0.00;0.01;0.50;0.60;0.00;32.59;22.53;90.58;48.86;5.03;5.17;1.88;4.30;0.53;1.54;4.69;3.26;4.81;0.66;
2.84;17.82;11.82;4.44;5.97;4.91;2.87;0.00;0.00;0.00;0.04;0.04;0.04;3.20;7.82;0.88;22.39;17.97;10.81;4.59;0.80;0.68;0.18;0.40;14.05;4.05;2.83;8.73;2.59;0.00;0.01;0.50;0.60;0.00;47.36;101.35;528.65;56.91;12.18;6.87;2.39;5.40;0.21;0.65;1.61;1.50;2.45;0.26;
2.84;17.82;11.82;4.44;5.97;4.91;2.87;0.00;0.00;0.00;0.04;0.04;0.04;3.17;7.80;0.86;22.30;17.93;10.74;4.59;0.80;0.68;0.18;0.40;13.99;4.04;2.80;8.71;2.59;0.00;0.01;0.50;0.60;0.00;39.45;48.58;223.14;52.82;7.91;4.17;1.56;3.61;0.42;1.24;3.59;2.69;4.06;0.53;
2.84;17.82;11.82;4.44;5.97;4.91;2.87;0.00;0.00;0.00;0.04;0.04;0.04;3.19;7.81;0.87;22.37;17.96;10.79;4.59;0.80;0.68;0.18;0.40;14.10;4.05;2.85;8.75;2.59;0.00;0.01;0.50;0.60;0.00;31.80;20.43;80.75;48.38;4.75;4.76;1.75;4.02;0.55;1.59;4.87;3.35;4.92;0.68;
2.84;17.82;11.82;4.44;5.97;4.91;2.87;0.00;0.00;0.00;0.04;0.04;0.04;3.16;7.80;0.86;22.29;17.93;10.73;4.59;0.80;0.68;0.18;0.40;14.12;4.05;2.86;8.76;2.59;0.00;0.01;0.50;0.60;0.00;24.85;7.57;25.22;43.75;2.65;5.48;1.97;4.50;1.26;3.45;12.75;6.74;9.04;1.58;
2.84;17.82;11.82;4.44;5.97;4.91;2.87;0.00;0.00;0.00;0.04;0.04;0.04;3.10;7.76;0.84;22.09;17.84;10.58;4.59;0.80;0.68;0.18;0.40;14.24;4.07;2.91;8.81;2.60;0.00;0.01;0.50;0.60;0.00;47.32;101.03;526.71;56.89;12.16;5.25;1.90;4.35;0.22;0.67;1.66;1.53;2.50;0.27;
2.84;17.82;11.82;4.44;5.97;4.91;2.87;0.00;0.00;0.00;0.04;0.04;0.04;3.08;7.76;0.83;22.05;17.82;10.55;4.59;0.80;0.68;0.18;0.40;14.39;4.09;2.98;8.86;2.61;0.00;0.01;0.50;0.60;0.00;43.84;74.28;367.17;55.14;10.15;5.13;1.87;4.27;0.16;0.50;1.14;1.17;1.97;0.19;
2.84;17.82;11.82;4.44;5.97;4.91;2.87;0.00;0.00;0.00;0.04;0.04;0.04;3.08;7.76;0.83;22.05;17.82;10.54;4.59;0.80;0.68;0.18;0.40;14.18;4.06;2.88;8.78;2.60;0.00;0.01;0.51;0.60;0.00;45.68;87.66;445.90;56.08;11.19;4.65;1.71;3.94;0.37;1.09;3.04;2.38;3.66;0.45;
2.84;17.82;11.82;4.44;5.97;4.91;2.87;0.00;0.00;0.00;0.04;0.04;0.04;3.08;7.76;0.83;22.04;17.82;10.54;4.59;0.80;0.68;0.18;0.40;14.26;4.07;2.92;8.81;2.60;0.00;0.01;0.51;0.60;0.00;37.99;41.75;186.80;52.02;7.23;4.08;1.54;3.55;0.27;0.82;2.15;1.85;2.94;0.34;
