4.56;34.48;19.85;8.04;10.74;7.86;4.65;0.00;0.00;0.00;0.08;0.07;0.08;61.60;14.59;70.65;78.50;35.66;80.91;12.91;1.43;3.37;0.47;0.70;54.43;7.09;49.64;20.15;4.41;0.02;0.05;0.70;0.80;0.01;23.26;5.80;18.46;42.59;2.27;9.36;3.11;6.93;2.95;7.62;34.22;13.80;16.86;3.73;
3.09;20.02;12.95;4.93;6.62;5.33;3.13;0.00;0.00;0.00;0.04;0.04;0.04;5.33;8.71;1.87;27.81;20.23;15.31;5.55;0.89;0.91;0.22;0.44;18.40;4.52;5.00;10.31;2.88;0.00;0.01;0.53;0.63;0.00;24.94;7.68;25.65;43.81;2.67;3.39;1.31;3.06;2.06;5.46;22.57;10.20;12.96;2.60;
2.88;18.15;11.99;4.51;6.07;4.97;2.91;0.00;0.00;0.00;0.04;0.04;0.04;3.33;7.88;0.93;22.79;18.15;11.12;4.77;0.82;0.72;0.19;0.41;15.00;4.16;3.25;9.09;2.66;0.00;0.01;0.50;0.60;0.00;26.94;10.48;36.90;45.21;3.21;3.53;1.36;3.16;0.58;1.68;5.21;3.52;5.14;0.73;
2.84;17.81;11.82;4.43;5.96;4.90;2.87;0.00;0.00;0.00;0.03;0.04;0.04;3.01;7.72;0.80;21.83;17.72;10.38;4.63;0.81;0.68;0.19;0.40;14.54;4.10;3.04;8.92;2.62;0.00;0.00;0.50;0.59;0.00;25.81;8.81;30.12;44.43;2.90;4.85;1.78;4.08;0.39;1.14;3.24;2.49;3.81;0.48;
2.82;17.66;11.74;4.40;5.92;4.87;2.85;0.00;0.00;0.00;0.03;0.04;0.04;2.92;7.67;0.77;21.55;17.60;10.17;4.60;0.80;0.68;0.19;0.40;14.32;4.08;2.95;8.84;2.61;0.00;0.00;0.49;0.59;0.00;43.96;75.08;371.82;55.20;10.21;5.16;1.87;4.29;0.73;2.08;6.81;4.28;6.09;0.92;
2.82;17.67;11.74;4.40;5.92;4.88;2.86;0.00;0.00;0.00;0.03;0.04;0.04;2.99;7.71;0.79;21.76;17.70;10.33;4.60;0.80;0.68;0.18;0.40;14.28;4.07;2.93;8.82;2.61;0.00;0.00;0.49;0.59;0.00;29.23;14.55;54.24;46.74;3.89;6.74;2.35;5.32;1.96;5.22;21.38;9.81;12.53;2.48;
2.83;17.71;11.77;4.41;5.94;4.88;2.86;0.00;0.00;0.00;0.03;0.04;0.04;2.95;7.68;0.78;21.63;17.63;10.22;4.59;0.80;0.68;0.18;0.40;14.16;4.06;2.87;8.77;2.60;0.00;0.00;0.49;0.59;0.00;55.87;197.02;1153.00;60.88;18.01;6.37;2.24;5.08;1.29;3.51;13.06;6.86;9.18;1.61;
2.83;17.72;11.77;4.41;5.94;4.89;2.86;0.00;0.00;0.00;0.03;0.04;0.04;2.97;7.69;0.78;21.69;17.66;10.27;4.59;0.80;0.68;0.18;0.40;14.37;4.08;2.97;8.85;2.61;0.00;0.00;0.49;0.59;0.00;49.65;122.58;660.77;58.02;13.63;3.55;1.36;3.17;3.65;9.31;43.87;16.52;19.72;4.63;
2.82;17.64;11.73;4.40;5.92;4.87;2.85;0.00;0.00;0.00;0.03;0.04;0.04;2.94;7.68;0.77;21.61;17.63;10.21;4.59;0.80;0.68;0.18;0.40;14.05;4.05;2.83;8.73;2.59;0.00;0.00;0.49;0.58;0.00;49.18;117.97;631.72;57.79;13.32;3.94;1.49;3.45;20.46;46.66;325.57;70.74;69.84;26.48;
2.82;17.63;11.72;4.39;5.91;4.87;2.85;0.00;0.00;0.00;0.03;0.04;0.04;2.94;7.68;0.77;21.60;17.62;10.20;4.59;0.80;0.68;0.18;0.40;14.23;4.07;2.91;8.80;2.60;0.00;0.00;0.49;0.58;0.00;49.73;123.38;665.84;58.05;13.68;3.70;1.41;3.28;2.46;6.44;27.77;11.86;14.77;3.11;
2.82;17.66;11.74;4.40;5.92;4.87;2.86;0.00;0.00;0.00;0.03;0.04;0.04;2.96;7.69;0.78;21.68;17.66;10.27;4.59;0.80;0.68;0.18;0.40;14.14;4.06;2.87;8.77;2.60;0.00;0.00;0.49;0.58;0.00;28.65;13.43;49.37;46.36;3.71;4.03;1.52;3.52;6.70;16.44;89.01;27.61;30.81;8.57;
2.81;17.52;11.66;4.37;5.88;4.85;2.84;0.00;0.00;0.00;0.03;0.04;0.04;2.94;7.68;0.77;21.61;17.63;10.21;4.59;0.80;0.68;0.18;0.40;14.25;4.07;2.91;8.81;2.60;0.00;0.00;0.49;0.58;0.00;25.13;7.92;26.58;43.95;2.72;6.16;2.18;4.95;6.47;15.91;85.45;26.80;30.03;8.27;
2.81;17.56;11.69;4.38;5.89;4.85;2.84;0.00;0.00;0.00;0.03;0.04;0.04;2.91;7.66;0.76;21.51;17.58;10.13;4.59;0.80;0.68;0.18;0.40;14.63;4.11;3.08;8.95;2.63;0.00;0.00;0.49;0.58;0.00;42.88;67.93;330.61;54.65;9.63;4.74;1.74;4.00;0.82;2.30;7.69;4.67;6.57;1.02;
2.83;17.69;11.75;4.41;5.93;4.88;2.86;0.00;0.00;0.00;0.03;0.04;0.04;2.93;7.67;0.77;21.58;17.61;10.19;4.59;0.80;0.68;0.18;0.40;14.22;4.07;2.90;8.80;2.60;0.00;0.00;0.49;0.59;0.00;33.95;26.56;109.86;49.68;5.54;5.64;2.02;4.61;1.23;3.36;12.37;6.59;8.87;1.54;
2.83;17.72;11.77;4.41;5.94;4.88;2.86;0.00;0.00;0.00;0.03;0.04;0.04;2.91;7.66;0.76;21.50;17.58;10.13;4.59;0.80;0.68;0.18;0.40;14.38;4.09;2.97;8.86;2.61;0.00;0.00;0.49;0.59;0.00;36.17;34.28;148.22;50.99;6.44;5.55;2.00;4.55;0.81;2.28;7.64;4.65;6.54;1.01;
2.83;17.68;11.75;4.41;5.93;4.88;2.86;0.00;0.00;0.00;0.03;0.04;0.04;2.96;7.69;0.78;21.66;17.65;10.25;4.59;0.80;0.68;0.18;0.40;14.18;4.06;2.88;8.78;2.60;0.00;0.00;0.49;0.58;0.00;35.16;30.58;129.62;50.40;6.02;5.43;1.96;4.47;13.31;31.21;197.45;49.21;50.94;17.14;
2.81;17.52;11.67;4.37;5.88;4.85;2.84;0.00;0.00;0.00;0.03;0.04;0.04;2.91;7.66;0.76;21.52;17.59;10.14;4.59;0.80;0.68;0.18;0.40;14.25;4.07;2.92;8.81;2.60;0.00;0.00;0.49;0.59;0.00;39.12;46.97;214.46;52.64;7.75;4.05;1.52;3.53;2.58;6.75;29.40;12.36;15.32;3.27;
2.80;17.49;11.65;4.36;5.87;4.84;2.83;0.00;0.00;0.00;0.03;0.04;0.04;2.90;7.66;0.76;21.49;17.57;10.12;4.59;0.80;0.68;0.18;0.40;14.27;4.07;2.92;8.82;2.61;0.00;0.00;0.49;0.59;0.00;47.40;101.73;530.97;56.93;12.21;4.44;1.65;3.80;12.12;28.59;177.08;45.47;47.56;15.59;
2.80;17.48;11.64;4.36;5.87;4.84;2.83;0.00;0.00;0.00;0.03;0.04;0.04;2.93;7.67;0.77;21.57;17.61;10.18;4.59;0.80;0.68;0.18;0.40;14.15;4.06;2.87;8.77;2.60;0.00;0.00;0.49;0.59;0.00;44.83;81.28;408.07;55.65;10.70;4.49;1.67;3.83;0.52;1.50;4.53;3.18;4.70;0.64;
2.83;17.67;11.75;4.40;5.92;4.88;2.86;0.00;0.00;0.00;0.03;0.04;0.04;2.91;7.66;0.76;21.50;17.58;10.13;4.59;0.80;0.68;0.18;0.40;14.25;4.07;2.92;8.81;2.60;0.00;0.00;0.49;0.58;0.00;42.91;68.12;331.74;54.66;9.65;4.16;1.56;3.61;0.99;2.75;9.64;5.50;7.58;1.24;
2.82;17.59;11.70;4.39;5.90;4.86;2.85;0.00;0.00;0.00;0.03;0.04;0.04;2.90;7.66;0.76;21.48;17.57;10.12;4.59;0.80;0.68;0.18;0.40;14.03;4.04;2.82;8.72;2.59;0.00;0.00;0.49;0.58;0.00;41.60;60.14;286.62;53.98;8.96;5.53;1.99;4.53;0.32;0.94;2.55;2.10;3.27;0.39;
2.83;17.70;11.76;4.41;5.93;4.88;2.86;0.00;0.00;0.00;0.03;0.04;0.04;2.90;7.66;0.76;21.48;17.57;10.12;4.59;0.80;0.68;0.18;0.40;14.10;4.05;2.85;8.75;2.59;0.00;0.00;0.49;0.58;0.00;53.03;159.73;901.41;59.59;15.92;5.39;1.95;4.44;0.56;1.62;4.99;3.41;5.00;0.70;
2.82;17.64;11.73;4.40;5.91;4.87;2.85;0.00;0.00;0.00;0.03;0.04;0.04;2.96;7.69;0.78;21.66;17.65;10.25;4.59;0.80;0.68;0.18;0.40;14.36;4.08;2.96;8.85;2.61;0.00;0.00;0.49;0.59;0.00;50.44;130.55;711.47;58.39;14.14;5.00;1.82;4.18;18.83;43.19;295.73;65.97;65.73;24.36;
2.84;17.82;11.82;4.44;5.97;4.91;2.87;0.00;0.00;0.00;0.03;0.04;0.04;2.94;7.68;0.77;21.61;17.63;10.21;4.59;0.80;0.68;0.18;0.40;14.17;4.06;2.88;8.78;2.60;0.00;0.00;0.49;0.59;0.00;29.87;15.88;60.09;47.16;4.10;6.99;2.43;5.48;1.11;3.05;10.96;6.04;8.22;1.39;
2.83;17.74;11.78;4.42;5.95;4.89;2.86;0.00;0.00;0.00;0.03;0.04;0.04;2.91;7.66;0.76;21.51;17.58;10.13;4.59;0.80;0.68;0.18;0.40;14.13;4.06;2.87;8.76;2.60;0.00;0.00;0.49;0.59;0.00;52.01;147.75;822.67;59.13;15.21;4.09;1.54;3.56;0.55;1.58;4.83;3.33;4.90;0.68;
2.83;17.73;11.77;4.42;5.94;4.89;2.86;0.00;0.00;0.00;0.03;0.04;0.04;2.90;7.66;0.76;21.49;17.57;10.12;4.59;0.80;0.68;0.18;0.40;14.13;4.06;2.86;8.76;2.60;0.00;0.00;0.49;0.59;0.00;29.94;16.01;60.69;47.20;4.12;6.40;2.25;5.10;4.68;11.75;58.62;20.39;23.67;5.96;
2.83;17.72;11.77;4.41;5.94;4.89;2.86;0.00;0.00;0.00;0.03;0.04;0.04;2.90;7.66;0.76;21.48;17.57;10.12;4.59;0.80;0.68;0.18;0.40;14.24;4.07;2.91;8.81;2.60;0.00;0.00;0.49;0.59;0.00;31.51;19.69;77.34;48.20;4.65;6.71;2.34;5.30;0.39;1.15;3.25;2.50;3.82;0.48;
2.83;17.68;11.75;4.41;5.93;4.88;2.86;0.00;0.00;0.00;0.03;0.04;0.04;2.93;7.67;0.77;21.57;17.61;10.18;4.59;0.80;0.68;0.18;0.40;14.03;4.04;2.82;8.72;2.59;0.00;0.00;0.49;0.59;0.00;42.12;63.23;303.97;54.25;9.23;4.84;1.78;4.07;0.91;2.54;8.74;5.13;7.12;1.14;
2.83;17.71;11.77;4.41;5.94;4.88;2.86;0.00;0.00;0.00;0.03;0.04;0.04;2.99;7.71;0.79;21.77;17.70;10.33;4.59;0.80;0.68;0.18;0.40;14.34;4.08;2.96;8.84;2.61;0.00;0.00;0.49;0.59;0.00;35.95;33.45;144.01;50.86;6.35;5.25;1.90;4.35;4.04;10.25;49.43;18.02;21.26;5.14;
2.84;17.84;11.83;4.44;5.97;4.91;2.88;0.00;0.00;0.00;0.03;0.04;0.04;3.03;7.73;0.81;21.90;17.76;10.43;4.67;0.81;0.69;0.19;0.40;14.17;4.06;2.88;8.78;2.60;0.00;0.00;0.49;0.59;0.00;40.75;55.37;260.15;53.53;8.54;4.10;1.54;3.57;2.18;5.75;24.11;10.70;13.51;2.75;
2.82;17.67;11.74;4.40;5.92;4.88;2.86;0.00;0.00;0.00;0.03;0.04;0.04;3.07;7.75;0.83;22.01;17.81;10.52;4.68;0.81;0.70;0.19;0.40;14.13;4.06;2.86;8.76;2.60;0.00;0.00;0.49;0.59;0.00;56.86;211.46;1252.77;61.31;18.78;5.05;1.84;4.22;1.18;3.23;11.77;6.36;8.60;1.48;
2.85;17.87;11.85;4.45;5.98;4.91;2.88;0.00;0.00;0.00;0.04;0.04;0.04;3.08;7.75;0.83;22.04;17.82;10.54;4.76;0.82;0.71;0.19;0.41;14.24;4.07;2.91;8.81;2.60;0.00;0.00;0.49;0.59;0.00;38.04;41.99;188.06;52.05;7.26;4.94;1.81;4.14;2.19;5.77;24.21;10.73;13.55;2.76;
2.83;17.75;11.79;4.42;5.95;4.89;2.87;0.00;0.00;0.00;0.04;0.04;0.04;3.08;7.76;0.83;22.04;17.82;10.54;4.77;0.82;0.72;0.19;0.41;14.27;4.07;2.92;8.82;2.61;0.00;0.00;0.49;0.59;0.00;34.96;29.89;126.21;50.28;5.94;4.19;1.57;3.63;0.45;1.31;3.83;2.81;4.23;0.56;
2.86;17.97;11.90;4.47;6.01;4.93;2.89;0.00;0.00;0.00;0.04;0.04;0.04;3.08;7.76;0.83;22.04;17.82;10.54;4.85;0.83;0.74;0.19;0.41;14.51;4.10;3.03;8.91;2.62;0.00;0.00;0.49;0.59;0.00;44.90;81.79;411.07;55.68;10.74;4.12;1.55;3.58;2.93;7.58;34.01;13.73;16.79;3.71;
2.88;18.17;12.00;4.51;6.07;4.97;2.91;0.00;0.00;0.00;0.04;0.04;0.04;3.08;7.76;0.83;22.04;17.82;10.54;4.87;0.83;0.74;0.19;0.41;14.44;4.09;3.00;8.88;2.62;0.00;0.00;0.49;0.59;0.00;68.04;435.17;2921.05;65.97;28.71;7.75;2.65;5.95;1.47;3.98;15.26;7.68;10.13;1.85;
2.86;17.97;11.90;4.47;6.01;4.93;2.89;0.00;0.00;0.00;0.04;0.04;0.04;3.08;7.76;0.83;22.04;17.82;10.54;4.88;0.83;0.74;0.20;0.41;14.31;4.08;2.94;8.83;2.61;0.00;0.00;0.50;0.59;0.00;43.80;73.99;365.48;55.12;10.13;4.38;1.63;3.76;3.75;9.55;45.31;16.91;20.12;4.76;
2.86;18.01;11.92;4.48;6.02;4.94;2.90;0.00;0.00;0.00;0.04;0.04;0.04;3.08;7.76;0.83;22.04;17.82;10.54;4.95;0.84;0.76;0.20;0.42;14.28;4.07;2.93;8.82;2.61;0.00;0.01;0.50;0.60;0.00;57.04;214.07;1270.91;61.39;18.91;3.93;1.49;3.44;1.67;4.49;17.69;8.55;11.12;2.10;
2.86;17.94;11.88;4.46;6.00;4.93;2.89;0.00;0.00;0.00;0.04;0.04;0.04;3.11;7.77;0.84;22.13;17.86;10.61;4.96;0.84;0.76;0.20;0.42;14.27;4.07;2.93;8.82;2.61;0.00;0.01;0.50;0.60;0.00;51.33;140.09;772.82;58.81;14.74;4.11;1.54;3.57;3.79;9.64;45.82;17.05;20.26;4.81;
2.89;18.20;12.02;4.52;6.08;4.98;2.92;0.00;0.00;0.00;0.04;0.04;0.04;3.09;7.76;0.83;22.06;17.83;10.56;4.96;0.84;0.76;0.20;0.42;14.39;4.09;2.98;8.86;2.61;0.00;0.01;0.51;0.60;0.00;82.65;951.89;7316.48;71.42;45.49;4.15;1.56;3.60;4.71;11.81;58.99;20.48;23.77;5.99;
2.89;18.22;12.03;4.53;6.09;4.98;2.92;0.00;0.00;0.00;0.04;0.04;0.04;3.08;7.76;0.83;22.05;17.82;10.55;4.96;0.84;0.76;0.20;0.42;14.30;4.08;2.94;8.83;2.61;0.00;0.01;0.51;0.61;0.00;24.11;6.70;21.84;43.21;2.47;4.29;1.60;3.69;1.02;2.84;10.02;5.66;7.76;1.28;
2.89;18.22;12.03;4.53;6.09;4.98;2.92;0.00;0.00;0.00;0.04;0.04;0.04;3.11;7.77;0.84;22.14;17.86;10.61;4.97;0.84;0.76;0.20;0.42;14.40;4.09;2.98;8.87;2.61;0.00;0.01;0.51;0.61;0.00;45.25;84.34;426.17;55.86;10.94;3.52;1.35;3.15;1.68;4.51;17.82;8.59;11.17;2.12;
2.87;18.10;11.97;4.50;6.05;4.96;2.91;0.00;0.00;0.00;0.04;0.04;0.04;3.18;7.81;0.87;22.34;17.95;10.77;5.03;0.85;0.78;0.20;0.42;14.42;4.09;2.99;8.87;2.62;0.00;0.01;0.51;0.61;0.00;50.78;134.12;734.36;58.55;14.37;4.87;1.78;4.09;1.38;3.75;14.15;7.27;9.65;1.73;
2.89;18.20;12.02;4.52;6.08;4.98;2.92;0.00;0.00;0.00;0.04;0.04;0.04;3.22;7.83;0.89;22.47;18.01;10.87;5.06;0.85;0.79;0.20;0.42;14.55;4.10;3.04;8.92;2.63;0.00;0.01;0.51;0.61;0.00;49.97;125.71;680.65;58.17;13.83;4.10;1.54;3.56;0.55;1.58;4.84;3.34;4.91;0.68;
2.89;18.22;12.03;4.53;6.09;4.98;2.92;0.00;0.00;0.00;0.04;0.04;0.04;3.17;7.80;0.86;22.31;17.94;10.75;5.06;0.85;0.79;0.20;0.42;14.45;4.09;3.00;8.88;2.62;0.00;0.01;0.51;0.61;0.00;65.18;366.12;2385.16;64.82;25.93;4.31;1.61;3.71;0.80;2.25;7.49;4.58;6.46;1.00;
2.89;18.22;12.03;4.53;6.09;4.98;2.92;0.00;0.00;0.00;0.04;0.04;0.04;3.22;7.83;0.89;22.47;18.01;10.87;5.06;0.85;0.79;0.20;0.42;14.31;4.08;2.94;8.83;2.61;0.00;0.01;0.51;0.61;0.00;40.56;54.33;254.39;53.42;8.44;4.34;1.62;3.73;0.88;2.46;8.37;4.96;6.93;1.10;
2.87;18.06;11.95;4.49;6.04;4.95;2.90;0.00;0.00;0.00;0.04;0.04;0.04;3.26;7.85;0.90;22.59;18.06;10.96;5.06;0.85;0.79;0.20;0.42;14.65;4.12;3.09;8.96;2.63;0.00;0.01;0.51;0.61;0.00;50.56;131.85;719.81;58.45;14.22;5.51;1.98;4.52;0.39;1.16;3.30;2.53;3.85;0.49;
2.87;18.03;11.93;4.48;6.03;4.95;2.90;0.00;0.00;0.00;0.04;0.04;0.04;3.24;7.84;0.89;22.52;18.03;10.91;5.06;0.85;0.79;0.20;0.42;14.35;4.08;2.96;8.85;2.61;0.00;0.01;0.50;0.60;0.00;31.63;19.98;78.70;48.27;4.69;7.17;2.48;5.59;1.11;3.06;11.01;6.06;8.24;1.39;
2.86;17.98;11.91;4.47;6.02;4.94;2.89;0.00;0.00;0.00;0.04;0.04;0.04;3.27;7.85;0.90;22.60;18.06;10.97;5.06;0.85;0.79;0.20;0.42;14.41;4.09;2.98;8.87;2.62;0.00;0.00;0.50;0.59;0.00;70.70;507.91;3501.72;67.01;31.44;6.37;2.24;5.08;0.60;1.74;5.43;3.63;5.28;0.75;
2.86;18.01;11.92;4.48;6.03;4.94;2.90;0.00;0.00;0.00;0.04;0.04;0.04;3.27;7.86;0.91;22.62;18.07;10.99;5.06;0.85;0.79;0.20;0.42;14.54;4.10;3.04;8.92;2.63;0.00;0.00;0.50;0.59;0.00;50.80;134.38;736.04;58.56;14.38;5.00;1.83;4.18;0.55;1.58;4.84;3.34;4.90;0.68;
2.86;18.02;11.93;4.48;6.03;4.94;2.90;0.00;0.00;0.00;0.04;0.04;0.04;3.27;7.86;0.91;22.62;18.07;10.99;5.06;0.85;0.79;0.20;0.42;14.33;4.08;2.95;8.84;2.61;0.00;0.00;0.49;0.59;0.00;51.56;142.61;789.15;58.91;14.89;4.00;1.51;3.50;1.50;4.07;15.66;7.82;10.29;1.89;
2.86;18.02;11.93;4.48;6.03;4.94;2.90;0.00;0.00;0.00;0.04;0.04;0.04;3.28;7.86;0.91;22.62;18.07;10.99;5.06;0.85;0.79;0.20;0.42;14.40;4.09;2.98;8.87;2.62;0.00;0.00;0.49;0.59;0.00;48.74;113.73;605.21;57.58;13.04;4.64;1.71;3.94;4.47;11.25;55.51;19.60;22.87;5.68;
2.88;18.18;12.01;4.52;6.08;4.98;2.92;0.00;0.00;0.00;0.04;0.04;0.04;3.28;7.86;0.91;22.62;18.07;10.99;5.06;0.85;0.79;0.20;0.42;14.30;4.08;2.94;8.83;2.61;0.00;0.00;0.49;0.59;0.00;71.76;539.20;3756.14;67.42;32.57;3.75;1.43;3.31;4.81;12.06;60.52;20.87;24.16;6.13;
2.86;18.01;11.92;4.48;6.03;4.94;2.90;0.00;0.00;0.00;0.04;0.04;0.04;3.28;7.86;0.91;22.62;18.07;10.99;5.06;0.85;0.79;0.20;0.42;14.40;4.09;2.98;8.87;2.61;0.00;0.00;0.49;0.59;0.00;97.02;1814.24;15591.58;76.24;66.48;4.23;1.58;3.66;0.82;2.31;7.74;4.69;6.60;1.02;
2.87;18.10;11.97;4.50;6.05;4.96;2.91;0.00;0.00;0.00;0.04;0.04;0.04;3.28;7.86;0.91;22.62;18.07;10.99;5.06;0.85;0.79;0.20;0.42;14.54;4.10;3.04;8.92;2.62;0.00;0.00;0.49;0.59;0.00;70.37;498.53;3426.05;66.88;31.10;3.80;1.44;3.35;2.32;6.11;25.96;11.29;14.16;2.94;
2.89;18.20;12.02;4.52;6.08;4.98;2.92;0.00;0.00;0.00;0.04;0.04;0.04;3.28;7.86;0.91;22.62;18.07;10.99;5.06;0.85;0.79;0.20;0.42;14.33;4.08;2.95;8.84;2.61;0.00;0.00;0.49;0.59;0.00;37.86;41.19;183.85;51.94;7.17;4.13;1.55;3.59;0.93;2.60;8.98;5.23;7.24;1.17;
2.90;18.30;12.07;4.54;6.11;5.00;2.93;0.00;0.00;0.00;0.04;0.04;0.04;3.28;7.86;0.91;22.62;18.07;10.99;5.08;0.85;0.79;0.20;0.42;14.53;4.10;3.04;8.91;2.62;0.00;0.00;0.49;0.59;0.00;31.13;18.75;73.04;47.96;4.52;4.74;1.74;4.01;9.05;21.77;126.15;35.55;38.40;11.61;
2.91;18.44;12.14;4.58;6.15;5.03;2.95;0.00;0.00;0.00;0.04;0.04;0.04;3.28;7.86;0.91;22.62;18.07;10.99;5.10;0.85;0.80;0.20;0.42;14.20;4.06;2.90;8.79;2.60;0.00;0.00;0.49;0.58;0.00;24.06;6.65;21.66;43.18;2.46;5.49;1.98;4.51;8.93;21.50;124.23;35.16;38.03;11.45;
2.90;18.35;12.10;4.55;6.12;5.01;2.94;0.00;0.00;0.00;0.04;0.04;0.04;3.28;7.86;0.91;22.62;18.07;10.99;5.08;0.85;0.79;0.20;0.42;14.26;4.07;2.92;8.81;2.60;0.00;0.00;0.49;0.58;0.00;47.28;100.69;524.65;56.87;12.14;4.60;1.70;3.91;0.45;1.32;3.87;2.84;4.26;0.56;
2.87;18.08;11.96;4.50;6.05;4.96;2.90;0.00;0.00;0.00;0.04;0.04;0.04;3.28;7.86;0.91;22.62;18.07;10.99;5.11;0.85;0.80;0.20;0.42;14.51;4.10;3.03;8.91;2.62;0.00;0.00;0.49;0.58;0.00;41.30;58.43;277.07;53.82;8.81;3.62;1.39;3.22;0.61;1.76;5.52;3.67;5.33;0.76;
2.87;18.07;11.95;4.49;6.04;4.95;2.90;0.00;0.00;0.00;0.04;0.04;0.04;3.28;7.86;0.91;22.62;18.07;10.99;5.15;0.86;0.81;0.20;0.43;14.20;4.06;2.89;8.79;2.60;0.00;0.00;0.49;0.58;0.00;40.03;51.55;239.19;53.14;8.19;6.03;2.14;4.86;1.93;5.13;20.93;9.66;12.36;2.43;
2.87;18.03;11.93;4.48;6.03;4.95;2.90;0.00;0.00;0.00;0.04;0.04;0.04;3.28;7.86;0.91;22.62;18.07;10.99;5.14;0.86;0.81;0.20;0.43;14.38;4.09;2.97;8.86;2.61;0.00;0.00;0.49;0.58;0.00;60.70;274.97;1704.73;62.97;21.92;7.05;2.44;5.51;4.46;11.24;55.49;19.59;22.87;5.68;
2.88;18.14;11.99;4.51;6.06;4.97;2.91;0.00;0.00;0.00;0.04;0.04;0.04;3.28;7.86;0.91;22.62;18.07;10.99;5.16;0.86;0.81;0.21;0.43;14.66;4.12;3.10;8.96;2.63;0.00;0.00;0.49;0.58;0.00;44.40;78.15;389.73;55.43;10.46;5.40;1.95;4.45;5.41;13.45;69.31;23.02;26.31;6.90;
2.89;18.25;12.04;4.53;6.09;4.99;2.92;0.00;0.00;0.00;0.04;0.04;0.04;3.28;7.86;0.91;22.62;18.07;10.99;5.16;0.86;0.81;0.21;0.43;14.47;4.10;3.01;8.89;2.62;0.00;0.00;0.50;0.59;0.00;44.88;81.66;410.31;55.68;10.73;4.65;1.71;3.94;2.25;5.92;25.01;10.99;13.83;2.84;
2.91;18.43;12.14;4.57;6.15;5.02;2.95;0.00;0.00;0.00;0.04;0.04;0.04;3.28;7.86;0.91;22.62;18.07;10.99;5.16;0.86;0.81;0.21;0.43;14.80;4.13;3.16;9.02;2.64;0.00;0.00;0.50;0.59;0.00;44.70;80.34;402.52;55.58;10.63;5.90;2.10;4.78;4.14;10.48;50.81;18.38;21.63;5.26;
2.91;18.43;12.14;4.57;6.15;5.02;2.94;0.00;0.00;0.00;0.04;0.04;0.04;3.28;7.86;0.91;22.62;18.07;10.99;5.15;0.86;0.81;0.20;0.43;14.38;4.08;2.97;8.86;2.61;0.00;0.00;0.50;0.59;0.00;45.71;87.87;447.17;56.09;11.20;6.24;2.20;5.00;1.52;4.11;15.86;7.90;10.37;1.91;
2.89;18.26;12.05;4.54;6.10;4.99;2.93;0.00;0.00;0.00;0.04;0.04;0.04;3.28;7.86;0.91;22.62;18.07;10.99;5.16;0.86;0.81;0.21;0.43;14.54;4.10;3.04;8.92;2.62;0.00;0.00;0.50;0.59;0.00;42.77;67.28;326.92;54.59;9.57;4.11;1.54;3.57;1.18;3.25;11.87;6.40;8.64;1.49;
2.91;18.39;12.12;4.56;6.14;5.02;2.94;0.00;0.00;0.00;0.04;0.04;0.04;3.28;7.86;0.91;22.62;18.07;10.99;5.16;0.86;0.81;0.21;0.43;14.57;4.11;3.05;8.93;2.63;0.00;0.00;0.50;0.59;0.00;49.36;119.67;642.42;57.88;13.43;5.47;1.97;4.49;1.51;4.09;15.79;7.87;10.35;1.90;
2.88;18.17;12.01;4.52;6.07;4.97;2.92;0.00;0.00;0.00;0.04;0.04;0.04;3.28;7.86;0.91;22.62;18.07;10.99;5.16;0.86;0.81;0.21;0.43;14.33;4.08;2.95;8.84;2.61;0.00;0.00;0.50;0.59;0.00;45.95;89.72;458.21;56.21;11.34;6.65;2.32;5.26;3.43;8.79;40.86;15.69;18.85;4.35;
2.89;18.21;12.03;4.52;6.08;4.98;2.92;0.00;0.00;0.00;0.04;0.04;0.04;3.28;7.86;0.91;22.62;18.07;10.99;5.16;0.86;0.81;0.21;0.43;14.28;4.07;2.93;8.82;2.61;0.00;0.01;0.50;0.60;0.00;37.10;37.94;166.93;51.51;6.84;4.22;1.58;3.65;0.57;1.63;5.03;3.43;5.03;0.70;
2.82;17.62;11.72;4.39;5.91;4.87;2.85;0.00;0.00;0.00;0.04;0.04;0.04;3.28;7.86;0.91;22.62;18.07;10.99;5.16;0.86;0.81;0.21;0.43;14.64;4.12;3.09;8.96;2.63;0.00;0.01;0.50;0.60;0.00;27.04;10.63;37.54;45.28;3.23;4.16;1.56;3.61;0.93;2.60;8.97;5.22;7.24;1.17;
2.87;18.06;11.95;4.49;6.04;4.95;2.90;0.00;0.00;0.00;0.04;0.04;0.04;3.28;7.86;0.91;22.62;18.07;10.99;5.16;0.86;0.81;0.21;0.43;14.35;4.08;2.96;8.85;2.61;0.00;0.01;0.50;0.60;0.00;63.26;324.63;2071.32;64.04;24.16;4.09;1.54;3.56;2.08;5.50;22.78;10.27;13.04;2.62;
2.86;17.95;11.89;4.47;6.01;4.93;2.89;0.00;0.00;0.00;0.04;0.04;0.04;3.28;7.86;0.91;22.62;18.07;10.99;5.16;0.86;0.81;0.21;0.43;14.29;4.07;2.93;8.82;2.61;0.00;0.01;0.50;0.60;0.00;75.11;647.89;4659.03;68.68;36.28;6.42;2.26;5.12;1.56;4.22;16.40;8.09;10.60;1.97;
2.90;18.37;12.11;4.56;6.13;5.01;2.94;0.00;0.00;0.00;0.04;0.04;0.04;3.28;7.86;0.91;22.62;18.07;10.99;5.16;0.86;0.81;0.21;0.43;14.40;4.09;2.98;8.86;2.61;0.00;0.01;0.50;0.60;0.00;56.55;206.88;1220.95;61.18;18.54;6.20;2.19;4.97;1.78;4.75;19.00;9.00;11.63;2.24;
2.89;18.25;12.05;4.53;6.10;4.99;2.92;0.00;0.00;0.00;0.04;0.04;0.04;3.28;7.86;0.91;22.62;18.07;10.99;5.16;0.86;0.81;0.21;0.43;14.54;4.10;3.04;8.92;2.62;0.00;0.01;0.50;0.60;0.00;58.34;234.39;1413.58;61.96;19.95;6.92;2.41;5.43;7.58;18.45;102.71;30.63;33.73;9.71;
2.89;18.23;12.03;4.53;6.09;4.98;2.92;0.00;0.00;0.00;0.04;0.04;0.04;3.28;7.86;0.91;22.62;18.07;10.99;5.16;0.86;0.81;0.21;0.43;14.57;4.11;3.06;8.93;2.63;0.00;0.01;0.50;0.60;0.00;50.04;126.47;685.49;58.20;13.88;5.85;2.08;4.74;0.89;2.50;8.56;5.05;7.03;1.12;
2.89;18.22;12.03;4.53;6.09;4.98;2.92;0.00;0.00;0.00;0.04;0.04;0.04;3.28;7.86;0.91;22.62;18.07;10.99;5.16;0.86;0.81;0.21;0.43;14.45;4.09;3.00;8.89;2.62;0.00;0.01;0.50;0.60;0.00;59.60;255.46;1563.74;62.50;20.99;4.40;1.64;3.77;6.70;16.43;88.93;27.59;30.79;8.56;
2.91;18.43;12.14;4.57;6.15;5.02;2.94;0.00;0.00;0.00;0.04;0.04;0.04;3.28;7.86;0.91;22.62;18.07;10.99;5.16;0.86;0.81;0.21;0.43;14.43;4.09;2.99;8.88;2.62;0.00;0.01;0.50;0.60;0.00;59.24;249.30;1519.60;62.35;20.69;5.29;1.91;4.37;0.43;1.26;3.63;2.71;4.09;0.53;
2.89;18.22;12.03;4.53;6.09;4.98;2.92;0.00;0.00;0.00;0.04;0.04;0.04;3.28;7.86;0.91;22.62;18.07;10.99;5.16;0.86;0.81;0.21;0.43;14.67;4.12;3.10;8.97;2.63;0.00;0.01;0.50;0.60;0.00;50.86;135.00;740.03;58.59;14.42;6.33;2.23;5.06;0.34;1.01;2.77;2.22;3.45;0.42;
2.91;18.42;12.14;4.57;6.15;5.02;2.94;0.00;0.00;0.00;0.04;0.04;0.04;3.28;7.86;0.91;22.62;18.07;10.99;5.16;0.86;0.81;0.21;0.43;14.84;4.14;3.18;9.03;2.65;0.00;0.01;0.51;0.60;0.00;28.15;12.51;45.42;46.03;3.56;4.76;1.75;4.02;0.52;1.49;4.51;3.17;4.69;0.64;
2.89;18.26;12.05;4.54;6.10;4.99;2.93;0.00;0.00;0.00;0.04;0.04;0.04;3.28;7.86;0.91;22.62;18.07;10.99;5.16;0.86;0.81;0.21;0.43;14.63;4.11;3.08;8.95;2.63;0.00;0.01;0.51;0.60;0.00;52.40;152.25;852.11;59.31;15.48;5.22;1.89;4.33;0.96;2.67;9.29;5.36;7.40;1.20;
2.89;18.27;12.06;4.54;6.10;4.99;2.93;0.00;0.00;0.00;0.04;0.04;0.04;3.28;7.86;0.91;22.62;18.07;10.99;5.16;0.86;0.81;0.21;0.43;14.71;4.12;3.12;8.98;2.64;0.00;0.01;0.51;0.60;0.00;59.58;255.15;1561.54;62.49;20.97;5.42;1.95;4.46;2.55;6.66;28.94;12.22;15.17;3.23;
2.89;18.23;12.04;4.53;6.09;4.99;2.92;0.00;0.00;0.00;0.04;0.04;0.04;3.28;7.86;0.91;22.62;18.07;10.99;5.08;0.85;0.79;0.20;0.42;14.48;4.10;3.02;8.90;2.62;0.00;0.01;0.51;0.60;0.00;33.51;25.19;103.27;49.42;5.37;5.43;1.96;4.47;4.36;11.01;54.05;19.22;22.49;5.55;
2.88;18.18;12.01;4.52;6.08;4.98;2.92;0.00;0.00;0.00;0.04;0.04;0.04;3.28;7.86;0.91;22.62;18.07;10.99;5.07;0.85;0.79;0.20;0.42;14.44;4.09;3.00;8.88;2.62;0.00;0.01;0.51;0.60;0.00;58.19;232.08;1397.21;61.89;19.83;5.05;1.84;4.21;4.66;11.71;58.38;20.33;23.61;5.94;
2.86;17.97;11.90;4.47;6.01;4.93;2.89;0.00;0.00;0.00;0.04;0.04;0.04;3.28;7.86;0.91;22.62;18.07;10.99;5.00;0.84;0.77;0.20;0.42;14.80;4.13;3.16;9.02;2.64;0.00;0.01;0.51;0.60;0.00;49.93;125.39;678.62;58.15;13.81;4.15;1.56;3.60;1.61;4.33;16.96;8.29;10.82;2.03;
2.86;17.97;11.90;4.47;6.01;4.93;2.89;0.00;0.00;0.00;0.04;0.04;0.04;3.28;7.86;0.91;22.62;18.07;10.99;4.97;0.84;0.77;0.20;0.42;14.62;4.11;3.08;8.95;2.63;0.00;0.01;0.51;0.60;0.00;30.47;17.20;65.99;47.54;4.29;3.54;1.36;3.17;0.39;1.17;3.31;2.53;3.86;0.49;
2.87;18.09;11.96;4.50;6.05;4.96;2.91;0.00;0.00;0.00;0.04;0.04;0.04;3.28;7.86;0.91;22.62;18.07;10.99;4.97;0.84;0.76;0.20;0.42;14.34;4.08;2.96;8.84;2.61;0.00;0.01;0.51;0.61;0.00;33.81;26.12;107.76;49.60;5.49;4.94;1.81;4.14;0.85;2.38;8.05;4.83;6.77;1.06;
2.88;18.15;12.00;4.51;6.07;4.97;2.91;0.00;0.00;0.00;0.04;0.04;0.04;3.28;7.86;0.91;22.62;18.07;10.99;4.90;0.83;0.75;0.20;0.41;14.41;4.09;2.98;8.87;2.62;0.00;0.01;0.51;0.61;0.00;30.24;16.69;63.70;47.40;4.22;6.60;2.31;5.23;1.49;4.02;15.46;7.75;10.21;1.87;
2.89;18.21;12.02;4.52;6.08;4.98;2.92;0.00;0.00;0.00;0.04;0.04;0.04;3.28;7.86;0.91;22.62;18.07;10.99;4.88;0.83;0.74;0.20;0.41;14.42;4.09;2.99;8.87;2.62;0.00;0.01;0.51;0.61;0.00;44.16;76.49;380.02;55.31;10.33;7.40;2.55;5.73;1.50;4.06;15.65;7.82;10.29;1.89;
2.88;18.18;12.01;4.52;6.07;4.98;2.92;0.00;0.00;0.00;0.04;0.04;0.04;3.28;7.86;0.91;22.62;18.07;10.99;4.87;0.83;0.74;0.19;0.41;14.30;4.08;2.94;8.83;2.61;0.00;0.01;0.51;0.61;0.00;37.57;39.91;177.19;51.78;7.04;6.13;2.17;4.93;1.86;4.97;20.12;9.38;12.05;2.35;
2.89;18.25;12.05;4.53;6.10;4.99;2.92;0.00;0.00;0.00;0.04;0.04;0.04;3.28;7.86;0.91;22.62;18.07;10.99;4.87;0.83;0.74;0.19;0.41;14.52;4.10;3.03;8.91;2.62;0.00;0.01;0.51;0.61;0.00;36.98;37.47;164.52;51.45;6.79;5.46;1.97;4.49;0.40;1.18;3.37;2.57;3.91;0.50;
2.90;18.31;12.08;4.55;6.11;5.00;2.93;0.00;0.00;0.00;0.04;0.04;0.04;3.28;7.86;0.91;22.62;18.07;10.99;4.87;0.83;0.74;0.19;0.41;14.32;4.08;2.95;8.84;2.61;0.00;0.01;0.51;0.61;0.00;43.96;75.09;371.87;55.20;10.21;7.19;2.49;5.60;8.27;20.00;113.57;32.95;35.93;10.60;
2.87;18.04;11.94;4.49;6.03;4.95;2.90;0.00;0.00;0.00;0.04;0.04;0.04;3.24;7.84;0.89;22.53;18.03;10.92;4.85;0.83;0.74;0.19;0.41;14.28;4.07;2.93;8.82;2.61;0.00;0.01;0.51;0.61;0.00;33.24;24.40;99.47;49.26;5.27;5.14;1.87;4.28;2.10;5.55;23.05;10.36;13.13;2.65;
2.85;17.90;11.87;4.46;5.99;4.92;2.88;0.00;0.00;0.00;0.04;0.04;0.04;3.17;7.80;0.87;22.32;17.94;10.76;4.79;0.82;0.72;0.19;0.41;14.40;4.09;2.98;8.86;2.61;0.00;0.01;0.51;0.61;0.00;37.73;40.61;180.79;51.87;7.11;4.03;1.52;3.52;2.82;7.31;32.49;13.29;16.31;3.57;
2.81;17.56;11.69;4.38;5.89;4.85;2.84;0.00;0.00;0.00;0.04;0.04;0.04;3.13;7.78;0.85;22.19;17.88;10.66;4.78;0.82;0.72;0.19;0.41;14.18;4.06;2.88;8.78;2.60;0.00;0.01;0.51;0.61;0.00;60.73;275.51;1708.70;62.98;21.94;4.85;1.78;4.08;2.24;5.89;24.83;10.93;13.77;2.82;
2.85;17.89;11.86;4.45;5.99;4.92;2.88;0.00;0.00;0.00;0.04;0.04;0.04;3.09;7.76;0.83;22.07;17.83;10.57;4.78;0.82;0.72;0.19;0.41;14.13;4.06;2.87;8.76;2.60;0.00;0.01;0.51;0.61;0.00;60.29;267.68;1651.83;62.80;21.57;5.59;2.01;4.57;0.40;1.18;3.37;2.57;3.91;0.50;
2.85;17.91;11.87;4.46;6.00;4.92;2.88;0.00;0.00;0.00;0.04;0.04;0.04;3.11;7.77;0.84;22.14;17.86;10.62;4.78;0.82;0.72;0.19;0.41;14.25;4.07;2.91;8.81;2.60;0.00;0.01;0.51;0.61;0.00;73.75;601.83;4272.94;68.17;34.74;4.87;1.79;4.10;1.14;3.14;11.38;6.21;8.41;1.43;
2.83;17.72;11.77;4.41;5.94;4.89;2.86;0.00;0.00;0.00;0.04;0.04;0.04;3.09;7.76;0.83;22.06;17.83;10.56;4.78;0.82;0.72;0.19;0.41;14.39;4.09;2.98;8.86;2.61;0.00;0.01;0.51;0.61;0.00;30.84;18.04;69.82;47.77;4.42;4.64;1.71;3.94;1.26;3.45;12.78;6.75;9.05;1.58;
2.84;17.80;11.81;4.43;5.96;4.90;2.87;0.00;0.00;0.00;0.04;0.04;0.04;3.11;7.77;0.84;22.14;17.86;10.62;4.78;0.82;0.72;0.19;0.41;14.30;4.08;2.94;8.83;2.61;0.00;0.01;0.51;0.61;0.00;40.45;53.72;251.04;53.36;8.39;5.20;1.89;4.32;0.77;2.16;7.15;4.43;6.27;0.96;
2.86;17.94;11.88;4.46;6.00;4.93;2.89;0.00;0.00;0.00;0.04;0.04;0.04;3.09;7.76;0.83;22.06;17.83;10.56;4.78;0.82;0.72;0.19;0.41;14.40;4.09;2.98;8.87;2.61;0.00;0.01;0.51;0.61;0.00;39.06;46.67;212.86;52.61;7.72;4.13;1.55;3.58;1.71;4.58;18.16;8.71;11.30;2.15;
2.86;17.96;11.90;4.47;6.01;4.93;2.89;0.00;0.00;0.00;0.04;0.04;0.04;3.08;7.76;0.83;22.05;17.82;10.55;4.73;0.82;0.71;0.19;0.41;14.42;4.09;2.99;8.87;2.62;0.00;0.01;0.51;0.61;0.00;36.78;36.67;160.44;51.34;6.70;4.51;1.67;3.85;2.82;7.32;32.55;13.30;16.33;3.57;
2.86;17.97;11.90;4.47;6.01;4.93;2.89;0.00;0.00;0.00;0.04;0.04;0.04;3.11;7.77;0.84;22.14;17.86;10.61;4.71;0.81;0.70;0.19;0.41;14.18;4.06;2.89;8.78;2.60;0.00;0.01;0.51;0.61;0.00;62.12;301.75;1901.14;63.56;23.15;4.71;1.74;3.99;1.29;3.52;13.07;6.86;9.18;1.62;
2.85;17.93;11.88;4.46;6.00;4.93;2.89;0.00;0.00;0.00;0.04;0.04;0.04;3.09;7.76;0.83;22.06;17.83;10.56;4.70;0.81;0.70;0.19;0.41;14.26;4.07;2.92;8.81;2.60;0.00;0.01;0.51;0.61;0.00;54.49;178.22;1025.01;60.26;16.98;5.48;1.97;4.50;2.20;5.81;24.41;10.80;13.62;2.78;
2.84;17.80;11.81;4.43;5.96;4.90;2.87;0.00;0.00;0.00;0.04;0.04;0.04;3.08;7.76;0.83;22.05;17.82;10.55;4.69;0.81;0.70;0.19;0.40;14.27;4.07;2.92;8.82;2.61;0.00;0.01;0.51;0.61;0.00;51.95;146.99;817.71;59.09;15.16;6.02;2.14;4.86;0.60;1.72;5.37;3.60;5.24;0.75;
2.86;17.94;11.88;4.46;6.00;4.93;2.89;0.00;0.00;0.00;0.04;0.04;0.04;3.08;7.76;0.83;22.04;17.82;10.54;4.68;0.81;0.70;0.19;0.40;14.15;4.06;2.87;8.77;2.60;0.00;0.01;0.51;0.61;0.00;76.02;680.01;4931.16;69.02;37.33;6.57;2.30;5.21;0.85;2.40;8.12;4.86;6.80;1.07;
2.87;18.04;11.94;4.49;6.03;4.95;2.90;0.00;0.00;0.00;0.04;0.04;0.04;3.08;7.76;0.83;22.04;17.82;10.54;4.68;0.81;0.70;0.19;0.40;14.13;4.06;2.86;8.76;2.60;0.00;0.01;0.51;0.61;0.00;37.97;41.66;186.30;52.00;7.22;4.80;1.76;4.05;1.10;3.04;10.91;6.02;8.19;1.38;
2.87;18.02;11.93;4.48;6.03;4.95;2.90;0.00;0.00;0.00;0.04;0.04;0.04;3.08;7.76;0.83;22.04;17.82;10.54;4.68;0.81;0.70;0.19;0.40;14.13;4.05;2.86;8.76;2.60;0.00;0.01;0.51;0.61;0.00;47.25;100.41;522.93;56.86;12.12;4.37;1.63;3.75;6.94;16.98;92.66;28.42;31.60;8.88;
2.86;17.98;11.91;4.47;6.02;4.94;2.89;0.00;0.00;0.00;0.04;0.04;0.04;3.08;7.76;0.83;22.04;17.82;10.54;4.68;0.81;0.70;0.19;0.40;14.00;4.04;2.81;8.71;2.59;0.00;0.01;0.51;0.61;0.00;53.64;167.21;951.17;59.87;16.36;4.45;1.65;3.81;4.01;10.16;48.93;17.88;21.12;5.09;
2.86;17.97;11.90;4.47;6.01;4.93;2.89;0.00;0.00;0.00;0.04;0.04;0.04;3.08;7.76;0.83;22.04;17.82;10.54;4.68;0.81;0.70;0.19;0.40;14.10;4.05;2.85;8.75;2.59;0.00;0.01;0.51;0.61;0.00;59.32;250.69;1529.55;62.38;20.76;4.57;1.69;3.89;0.98;2.73;9.52;5.46;7.52;1.23;
2.86;18.01;11.92;4.48;6.02;4.94;2.90;0.00;0.00;0.00;0.04;0.04;0.04;3.08;7.76;0.83;22.04;17.82;10.54;4.68;0.81;0.70;0.19;0.40;14.24;4.07;2.91;8.80;2.60;0.00;0.01;0.51;0.61;0.00;64.39;348.80;2253.31;64.50;25.21;7.06;2.45;5.52;12.22;28.83;178.89;45.81;47.87;15.73;
2.85;17.86;11.84;4.45;5.98;4.91;2.88;0.00;0.00;0.00;0.04;0.04;0.04;3.08;7.76;0.83;22.04;17.82;10.54;4.68;0.81;0.70;0.19;0.40;14.27;4.07;2.92;8.81;2.61;0.00;0.01;0.51;0.61;0.00;52.33;151.46;846.94;59.27;15.43;6.25;2.21;5.01;2.08;5.50;22.79;10.27;13.04;2.62;
2.84;17.83;11.83;4.44;5.97;4.91;2.87;0.00;0.00;0.00;0.04;0.04;0.04;3.08;7.76;0.83;22.04;17.82;10.54;4.68;0.81;0.70;0.19;0.40;14.27;4.07;2.92;8.82;2.61;0.00;0.01;0.51;0.61;0.00;32.06;21.09;83.83;48.54;4.84;4.31;1.61;3.71;2.88;7.45;33.28;13.52;16.56;3.64;
2.87;18.10;11.97;4.50;6.05;4.96;2.91;0.00;0.00;0.00;0.04;0.04;0.04;3.08;7.76;0.83;22.04;17.82;10.54;4.68;0.81;0.70;0.19;0.40;14.27;4.07;2.93;8.82;2.61;0.00;0.01;0.51;0.61;0.00;45.22;84.18;425.22;55.85;10.92;3.70;1.41;3.28;1.62;4.37;17.14;8.36;10.90;2.05;
2.86;18.00;11.91;4.48;6.02;4.94;2.89;0.00;0.00;0.00;0.04;0.04;0.04;3.08;7.76;0.83;22.04;17.82;10.54;4.68;0.81;0.70;0.19;0.40;14.39;4.09;2.98;8.86;2.61;0.00;0.01;0.51;0.61;0.00;77.61;739.05;5437.07;69.61;39.20;4.07;1.53;3.54;6.31;15.53;82.90;26.22;29.46;8.06;
2.87;18.05;11.94;4.49;6.04;4.95;2.90;0.00;0.00;0.00;0.04;0.04;0.04;3.08;7.76;0.83;22.04;17.82;10.54;4.67;0.81;0.69;0.19;0.40;14.18;4.06;2.88;8.78;2.60;0.00;0.01;0.51;0.61;0.00;60.05;263.40;1620.92;62.69;21.37;4.95;1.81;4.15;0.96;2.67;9.27;5.35;7.39;1.20;
2.86;17.95;11.89;4.47;6.01;4.93;2.89;0.00;0.00;0.00;0.04;0.04;0.04;3.08;7.76;0.83;22.04;17.82;10.54;4.67;0.81;0.69;0.19;0.40;14.37;4.08;2.97;8.86;2.61;0.00;0.01;0.51;0.61;0.00;69.47;473.17;3222.48;66.53;30.16;3.98;1.50;3.48;0.69;1.95;6.29;4.04;5.79;0.86;
2.84;17.77;11.79;4.42;5.95;4.89;2.87;0.00;0.00;0.00;0.04;0.04;0.04;3.08;7.76;0.83;22.04;17.82;10.54;4.64;0.81;0.69;0.19;0.40;14.29;4.07;2.93;8.83;2.61;0.00;0.01;0.51;0.61;0.00;36.27;34.66;150.16;51.04;6.48;5.57;2.00;4.56;2.93;7.59;34.01;13.74;16.79;3.71;
2.85;17.89;11.86;4.45;5.99;4.92;2.88;0.00;0.00;0.00;0.04;0.04;0.04;3.08;7.76;0.83;22.04;17.82;10.54;4.66;0.81;0.69;0.19;0.40;14.04;4.04;2.82;8.73;2.59;0.00;0.01;0.51;0.61;0.00;39.09;46.83;213.71;52.62;7.74;6.19;2.19;4.97;1.50;4.05;15.58;7.80;10.26;1.88;
2.85;17.87;11.85;4.45;5.98;4.92;2.88;0.00;0.00;0.00;0.04;0.04;0.04;3.08;7.76;0.83;22.04;17.82;10.54;4.66;0.81;0.69;0.19;0.40;14.11;4.05;2.85;8.75;2.59;0.00;0.01;0.51;0.61;0.00;34.24;27.47;114.32;49.85;5.65;4.65;1.71;3.94;20.18;46.07;320.49;69.94;69.15;26.12;
2.85;17.91;11.87;4.46;6.00;4.92;2.88;0.00;0.00;0.00;0.04;0.04;0.04;3.08;7.76;0.83;22.04;17.82;10.54;4.65;0.81;0.69;0.19;0.40;14.36;4.08;2.96;8.85;2.61;0.00;0.01;0.51;0.61;0.00;37.32;38.86;171.69;51.64;6.93;6.92;2.41;5.43;41.05;89.45;731.37;127.26;116.39;53.54;
2.86;17.96;11.89;4.47;6.01;4.93;2.89;0.00;0.00;0.00;0.04;0.04;0.04;3.08;7.76;0.83;22.04;17.82;10.54;4.63;0.81;0.69;0.19;0.40;14.41;4.09;2.99;8.87;2.62;0.00;0.01;0.51;0.61;0.00;56.09;200.10;1174.17;60.97;18.18;7.70;2.63;5.92;1.18;3.25;11.87;6.40;8.64;1.49;
2.86;17.97;11.90;4.47;6.01;4.93;2.89;0.00;0.00;0.00;0.04;0.04;0.04;3.08;7.76;0.83;22.04;17.82;10.54;4.60;0.80;0.68;0.19;0.40;14.18;4.06;2.89;8.78;2.60;0.00;0.01;0.51;0.61;0.00;58.83;242.56;1471.51;62.17;20.36;4.44;1.65;3.80;0.43;1.27;3.67;2.73;4.12;0.54;
2.86;17.97;11.90;4.47;6.01;4.93;2.89;0.00;0.00;0.00;0.04;0.04;0.04;3.08;7.76;0.83;22.04;17.82;10.54;4.61;0.81;0.68;0.19;0.40;14.25;4.07;2.92;8.81;2.60;0.00;0.01;0.51;0.61;0.00;41.97;62.35;299.01;54.17;9.16;4.53;1.68;3.87;2.57;6.71;29.22;12.30;15.26;3.25;
2.85;17.93;11.88;4.46;6.00;4.93;2.89;0.00;0.00;0.00;0.04;0.04;0.04;3.08;7.76;0.83;22.04;17.82;10.54;4.60;0.80;0.68;0.18;0.40;14.39;4.09;2.98;8.86;2.61;0.00;0.01;0.51;0.61;0.00;69.60;476.95;3252.69;66.58;30.30;6.31;2.23;5.05;1.89;5.04;20.48;9.51;12.19;2.39;
2.86;17.96;11.90;4.47;6.01;4.93;2.89;0.00;0.00;0.00;0.04;0.04;0.04;3.08;7.76;0.83;22.04;17.82;10.54;4.61;0.81;0.68;0.19;0.40;14.42;4.09;2.99;8.87;2.62;0.00;0.01;0.51;0.61;0.00;40.43;53.63;250.59;53.35;8.38;5.92;2.11;4.79;5.33;13.27;68.17;22.75;26.04;6.80;
2.85;17.89;11.86;4.45;5.99;4.92;2.88;0.00;0.00;0.00;0.04;0.04;0.04;3.08;7.76;0.83;22.04;17.82;10.54;4.60;0.80;0.68;0.18;0.40;14.18;4.06;2.89;8.78;2.60;0.00;0.01;0.51;0.61;0.00;44.09;76.00;377.14;55.27;10.29;3.65;1.40;3.24;0.37;1.08;3.02;2.37;3.64;0.45;
2.85;17.91;11.87;4.46;6.00;4.92;2.88;0.00;0.00;0.00;0.04;0.04;0.04;3.08;7.76;0.83;22.04;17.82;10.54;4.59;0.80;0.68;0.18;0.40;14.25;4.07;2.92;8.81;2.60;0.00;0.01;0.51;0.61;0.00;56.23;202.14;1188.20;61.03;18.29;3.62;1.39;3.23;0.23;0.69;1.73;1.58;2.57;0.28;
2.86;17.96;11.89;4.47;6.01;4.93;2.89;0.00;0.00;0.00;0.04;0.04;0.04;3.08;7.76;0.83;22.04;17.82;10.54;4.59;0.80;0.68;0.18;0.40;14.27;4.07;2.92;8.82;2.61;0.00;0.01;0.51;0.61;0.00;68.13;437.52;2939.58;66.00;28.80;4.87;1.78;4.09;0.43;1.27;3.68;2.74;4.13;0.54;
2.86;17.97;11.90;4.47;6.01;4.93;2.89;0.00;0.00;0.00;0.03;0.04;0.04;3.08;7.76;0.83;22.04;17.82;10.54;4.59;0.80;0.68;0.18;0.40;14.27;4.07;2.93;8.82;2.61;0.00;0.01;0.51;0.61;0.00;68.74;453.65;3067.14;66.25;29.42;5.20;1.89;4.32;0.76;2.14;7.05;4.38;6.22;0.94;
2.85;17.93;11.88;4.46;6.00;4.93;2.89;0.00;0.00;0.00;0.04;0.04;0.04;3.08;7.76;0.83;22.04;17.82;10.54;4.59;0.80;0.68;0.18;0.40;14.03;4.04;2.82;8.73;2.59;0.00;0.01;0.51;0.61;0.00;58.51;237.15;1433.09;62.03;20.09;5.83;2.08;4.73;2.10;5.56;23.12;10.38;13.16;2.65;
2.83;17.68;11.75;4.41;5.93;4.88;2.86;0.00;0.00;0.00;0.04;0.04;0.04;3.08;7.76;0.83;22.04;17.82;10.54;4.59;0.80;0.68;0.18;0.40;14.35;4.08;2.96;8.84;2.61;0.00;0.01;0.51;0.61;0.00;65.90;382.87;2513.70;65.12;26.63;6.90;2.40;5.42;1.48;4.01;15.38;7.72;10.18;1.86;
2.85;17.91;11.87;4.46;6.00;4.92;2.88;0.00;0.00;0.00;0.04;0.04;0.04;3.08;7.76;0.83;22.04;17.82;10.54;4.59;0.80;0.68;0.18;0.40;14.29;4.07;2.93;8.82;2.61;0.00;0.01;0.51;0.61;0.00;70.52;502.67;3459.44;66.94;31.25;5.63;2.02;4.60;0.74;2.10;6.90;4.32;6.14;0.93;
2.86;17.96;11.89;4.47;6.01;4.93;2.89;0.00;0.00;0.00;0.03;0.04;0.04;3.08;7.76;0.83;22.04;17.82;10.54;4.59;0.80;0.68;0.18;0.40;14.40;4.09;2.98;8.86;2.61;0.00;0.01;0.51;0.61;0.00;58.96;244.69;1486.72;62.23;20.46;5.00;1.82;4.18;1.89;5.03;20.42;9.49;12.17;2.38;
2.86;17.97;11.90;4.47;6.01;4.93;2.89;0.00;0.00;0.00;0.03;0.04;0.04;3.08;7.76;0.83;22.04;17.82;10.54;4.59;0.80;0.68;0.18;0.40;14.42;4.09;2.99;8.87;2.62;0.00;0.01;0.51;0.61;0.00;50.97;136.22;747.87;58.64;14.50;4.57;1.69;3.89;3.82;9.73;46.35;17.20;20.41;4.86;
2.86;17.97;11.90;4.47;6.01;4.93;2.89;0.00;0.00;0.00;0.03;0.04;0.04;3.08;7.76;0.83;22.04;17.82;10.54;4.59;0.80;0.68;0.18;0.40;14.42;4.09;2.99;8.87;2.62;0.00;0.01;0.51;0.61;0.00;39.92;50.95;235.93;53.08;8.13;4.35;1.62;3.74;1.18;3.24;11.82;6.38;8.62;1.48;
2.85;17.89;11.86;4.45;5.99;4.92;2.88;0.00;0.00;0.00;0.04;0.04;0.04;3.08;7.76;0.83;22.04;17.82;10.54;4.59;0.80;0.68;0.18;0.40;14.18;4.06;2.89;8.78;2.60;0.00;0.01;0.51;0.61;0.00;47.61;103.52;541.99;57.03;12.34;4.74;1.74;4.01;0.17;0.52;1.22;1.22;2.05;0.20;
2.86;17.95;11.89;4.47;6.01;4.93;2.89;0.00;0.00;0.00;0.03;0.04;0.04;3.05;7.74;0.82;21.95;17.78;10.47;4.59;0.80;0.68;0.18;0.40;14.26;4.07;2.92;8.81;2.60;0.00;0.01;0.51;0.61;0.00;66.76;403.20;2670.95;65.46;27.45;5.40;1.95;4.45;1.13;3.11;11.20;6.14;8.33;1.41;
2.85;17.85;11.84;4.44;5.98;4.91;2.88;0.00;0.00;0.00;0.03;0.04;0.04;3.08;7.75;0.83;22.03;17.81;10.53;4.59;0.80;0.68;0.18;0.40;14.15;4.06;2.87;8.77;2.60;0.00;0.01;0.51;0.61;0.00;62.24;304.23;1919.44;63.62;23.26;4.63;1.71;3.93;2.00;5.30;21.78;9.94;12.68;2.52;
2.84;17.79;11.80;4.43;5.96;4.90;2.87;0.00;0.00;0.00;0.03;0.04;0.04;3.08;7.76;0.83;22.04;17.82;10.54;4.59;0.80;0.68;0.18;0.40;14.25;4.07;2.91;8.81;2.60;0.00;0.01;0.51;0.61;0.00;27.61;11.57;41.46;45.67;3.40;6.02;2.14;4.85;14.12;32.99;211.55;51.74;53.21;18.20;
2.85;17.85;11.84;4.44;5.98;4.91;2.88;0.00;0.00;0.00;0.03;0.04;0.04;3.05;7.74;0.82;21.95;17.78;10.47;4.59;0.80;0.68;0.18;0.40;14.27;4.07;2.92;8.81;2.61;0.00;0.01;0.51;0.61;0.00;45.60;87.03;442.18;56.04;11.14;5.57;2.00;4.56;0.65;1.86;5.92;3.86;5.57;0.81;
2.85;17.91;11.87;4.46;5.99;4.92;2.88;0.00;0.00;0.00;0.04;0.04;0.04;3.05;7.74;0.81;21.93;17.77;10.46;4.59;0.80;0.68;0.18;0.40;14.03;4.04;2.82;8.73;2.59;0.00;0.01;0.51;0.61;0.00;41.15;57.60;272.46;53.74;8.74;4.51;1.67;3.85;2.13;5.64;23.51;10.51;13.30;2.69;
2.85;17.88;11.85;4.45;5.99;4.92;2.88;0.00;0.00;0.00;0.04;0.04;0.04;2.99;7.70;0.79;21.75;17.69;10.32;4.59;0.80;0.68;0.18;0.40;14.11;4.05;2.85;8.75;2.59;0.00;0.01;0.51;0.61;0.00;49.24;118.52;635.16;57.82;13.36;4.65;1.72;3.95;7.29;17.79;98.14;29.63;32.77;9.33;
2.85;17.87;11.85;4.45;5.98;4.92;2.88;0.00;0.00;0.00;0.03;0.04;0.04;3.03;7.73;0.81;21.89;17.75;10.43;4.59;0.80;0.68;0.18;0.40;14.24;4.07;2.91;8.80;2.60;0.00;0.01;0.51;0.61;0.00;52.55;153.93;863.16;59.37;15.58;6.29;2.22;5.03;1.94;5.16;21.06;9.70;12.41;2.45;
2.83;17.75;11.79;4.42;5.95;4.89;2.87;0.00;0.00;0.00;0.03;0.04;0.04;2.98;7.70;0.79;21.74;17.69;10.31;4.59;0.80;0.68;0.18;0.40;14.39;4.09;2.98;8.86;2.61;0.00;0.01;0.51;0.61;0.00;29.22;14.53;54.16;46.74;3.89;5.82;2.08;4.73;17.46;40.22;270.73;61.88;62.17;22.55;
2.85;17.89;11.86;4.45;5.99;4.92;2.88;0.00;0.00;0.00;0.03;0.04;0.04;2.92;7.67;0.76;21.53;17.59;10.15;4.59;0.80;0.68;0.18;0.40;14.18;4.06;2.88;8.78;2.60;0.00;0.01;0.51;0.61;0.00;38.94;46.14;210.01;52.54;7.67;5.65;2.02;4.61;1.34;3.64;13.64;7.08;9.43;1.68;
2.86;17.95;11.89;4.47;6.01;4.93;2.89;0.00;0.00;0.00;0.03;0.04;0.04;2.90;7.66;0.76;21.49;17.57;10.12;4.58;0.80;0.67;0.18;0.40;14.13;4.06;2.87;8.76;2.60;0.00;0.01;0.51;0.61;0.00;40.20;52.41;243.87;53.23;8.27;5.22;1.89;4.33;0.75;2.12;6.95;4.34;6.17;0.93;
2.85;17.89;11.86;4.45;5.99;4.92;2.88;0.00;0.00;0.00;0.03;0.04;0.04;2.93;7.67;0.77;21.57;17.61;10.18;4.59;0.80;0.68;0.18;0.40;14.01;4.04;2.81;8.72;2.59;0.00;0.01;0.51;0.61;0.00;36.79;36.71;160.63;51.34;6.70;4.13;1.55;3.59;0.67;1.90;6.09;3.94;5.67;0.83;
2.86;17.95;11.89;4.47;6.01;4.93;2.89;0.00;0.00;0.00;0.03;0.04;0.04;2.93;7.68;0.77;21.59;17.62;10.20;4.59;0.80;0.68;0.18;0.40;14.34;4.08;2.95;8.84;2.61;0.00;0.01;0.51;0.61;0.00;50.66;132.92;726.67;58.49;14.29;4.63;1.71;3.93;1.79;4.78;19.16;9.06;11.69;2.25;
2.84;17.77;11.80;4.42;5.95;4.89;2.87;0.00;0.00;0.00;0.03;0.04;0.04;2.96;7.69;0.78;21.68;17.66;10.27;4.59;0.80;0.68;0.18;0.40;14.17;4.06;2.88;8.78;2.60;0.00;0.01;0.51;0.61;0.00;54.56;179.08;1030.86;60.29;17.03;5.97;2.12;4.82;1.83;4.89;19.70;9.24;11.90;2.31;
2.85;17.93;11.88;4.46;6.00;4.93;2.89;0.00;0.00;0.00;0.03;0.04;0.04;2.94;7.68;0.77;21.61;17.63;10.21;4.59;0.80;0.68;0.18;0.40;14.13;4.06;2.86;8.76;2.60;0.00;0.01;0.51;0.61;0.00;62.97;318.78;2027.55;63.92;23.91;4.98;1.82;4.17;0.85;2.39;8.09;4.85;6.79;1.06;
2.85;17.92;11.88;4.46;6.00;4.93;2.89;0.00;0.00;0.00;0.03;0.04;0.04;2.96;7.69;0.78;21.69;17.66;10.27;4.57;0.80;0.67;0.18;0.40;14.12;4.05;2.86;8.76;2.59;0.00;0.01;0.51;0.61;0.00;76.25;688.27;5001.46;69.11;37.59;4.26;1.59;3.68;1.13;3.12;11.26;6.16;8.36;1.42;
2.86;17.96;11.90;4.47;6.01;4.93;2.89;0.00;0.00;0.00;0.03;0.04;0.04;2.94;7.68;0.77;21.61;17.63;10.21;4.55;0.80;0.67;0.18;0.40;14.00;4.04;2.81;8.71;2.59;0.00;0.01;0.51;0.61;0.00;46.99;98.16;509.20;56.72;11.96;4.93;1.80;4.14;1.54;4.16;16.11;7.99;10.48;1.94;
2.86;17.97;11.90;4.47;6.01;4.93;2.89;0.00;0.00;0.00;0.03;0.04;0.04;2.96;7.69;0.78;21.69;17.66;10.27;4.57;0.80;0.67;0.18;0.40;14.10;4.05;2.85;8.75;2.59;0.00;0.01;0.51;0.61;0.00;54.61;179.69;1034.97;60.31;17.06;5.54;1.99;4.54;0.57;1.65;5.11;3.47;5.08;0.71;
2.87;18.05;11.94;4.49;6.04;4.95;2.90;0.00;0.00;0.00;0.03;0.04;0.04;2.91;7.66;0.76;21.52;17.59;10.15;4.57;0.80;0.67;0.18;0.40;14.00;4.04;2.81;8.71;2.59;0.00;0.01;0.51;0.61;0.00;45.39;85.45;432.77;55.93;11.02;5.41;1.95;4.45;9.92;23.71;140.29;38.40;41.06;12.73;
2.86;17.99;11.91;4.47;6.02;4.94;2.89;0.00;0.00;0.00;0.03;0.04;0.04;2.93;7.67;0.77;21.58;17.61;10.19;4.56;0.80;0.67;0.18;0.40;14.34;4.08;2.95;8.84;2.61;0.00;0.01;0.51;0.61;0.00;61.43;288.47;1803.35;63.27;22.54;3.56;1.37;3.18;15.51;36.01;235.93;56.00;57.00;20.01;
2.86;17.97;11.90;4.47;6.01;4.94;2.89;0.00;0.00;0.00;0.03;0.04;0.04;2.91;7.66;0.76;21.50;17.58;10.13;4.53;0.80;0.66;0.18;0.40;14.05;4.05;2.83;8.73;2.59;0.00;0.01;0.51;0.61;0.00;45.54;86.59;439.52;56.01;11.11;4.73;1.74;4.00;1.62;4.36;17.09;8.34;10.88;2.04;
2.85;17.93;11.88;4.46;6.00;4.93;2.89;0.00;0.00;0.00;0.03;0.04;0.04;2.90;7.66;0.76;21.48;17.57;10.12;4.51;0.80;0.66;0.18;0.40;14.11;4.05;2.85;8.75;2.59;0.00;0.01;0.51;0.61;0.00;39.43;48.47;222.53;52.81;7.90;4.29;1.60;3.70;3.40;8.73;40.48;15.59;18.74;4.32;
