4.58;34.68;19.94;8.08;10.79;7.89;4.67;0.00;0.00;0.00;0.08;0.07;0.08;61.60;14.59;70.65;78.50;35.66;80.91;12.91;1.43;3.37;0.47;0.70;53.87;7.06;48.56;20.02;4.39;0.02;0.05;0.70;0.81;0.01;13.27;0.61;1.31;33.87;0.60;6.92;2.41;5.43;0.06;0.21;0.38;0.53;0.99;0.07;
3.10;20.13;13.01;4.95;6.65;5.35;3.14;0.00;0.00;0.00;0.04;0.04;0.04;5.33;8.71;1.87;27.81;20.23;15.31;5.55;0.89;0.91;0.22;0.44;17.73;4.46;4.63;10.08;2.84;0.00;0.01;0.53;0.63;0.00;8.35;0.09;0.15;28.04;0.20;4.78;1.76;4.03;0.20;0.61;1.47;1.41;2.32;0.24;
2.89;18.25;12.05;4.53;6.10;4.99;2.92;0.00;0.00;0.00;0.03;0.04;0.04;3.43;7.93;0.97;23.07;18.27;11.35;4.77;0.82;0.72;0.19;0.41;14.65;4.12;3.09;8.96;2.63;0.00;0.01;0.50;0.60;0.00;8.88;0.12;0.20;28.75;0.23;2.92;1.15;2.71;0.02;0.08;0.11;0.21;0.45;0.03;
2.85;17.91;11.87;4.46;5.99;4.92;2.88;0.00;0.00;0.00;0.03;0.04;0.04;3.15;7.79;0.86;22.25;17.91;10.70;4.63;0.81;0.68;0.19;0.40;14.11;4.05;2.85;8.75;2.59;0.00;0.00;0.50;0.60;0.00;9.55;0.16;0.28;29.62;0.28;3.68;1.41;3.27;0.02;0.06;0.08;0.17;0.36;0.02;
2.84;17.84;11.83;4.44;5.97;4.91;2.88;0.00;0.00;0.00;0.03;0.04;0.04;3.09;7.76;0.83;22.08;17.84;10.57;4.60;0.80;0.68;0.19;0.40;13.88;4.03;2.76;8.67;2.58;0.00;0.00;0.50;0.59;0.00;6.88;0.04;0.06;25.92;0.13;3.81;1.45;3.36;0.02;0.07;0.09;0.19;0.40;0.02;
2.84;17.82;11.82;4.44;5.97;4.91;2.87;0.00;0.00;0.00;0.03;0.04;0.04;3.08;7.76;0.83;22.05;17.82;10.55;4.60;0.80;0.68;0.18;0.40;14.08;4.05;2.84;8.74;2.59;0.00;0.00;0.50;0.59;0.00;7.42;0.06;0.08;26.72;0.15;4.53;1.68;3.86;0.02;0.07;0.09;0.19;0.40;0.02;
2.84;17.82;11.82;4.44;5.97;4.91;2.87;0.00;0.00;0.00;0.03;0.04;0.04;3.08;7.76;0.83;22.05;17.82;10.54;4.59;0.80;0.68;0.18;0.40;14.00;4.04;2.81;8.71;2.59;0.00;0.01;0.50;0.60;0.00;10.08;0.20;0.36;30.28;0.31;5.24;1.90;4.34;0.03;0.10;0.16;0.28;0.57;0.03;
2.84;17.82;11.82;4.44;5.97;4.91;2.87;0.00;0.00;0.00;0.03;0.04;0.04;3.08;7.76;0.83;22.04;17.82;10.54;4.59;0.80;0.68;0.18;0.40;13.98;4.04;2.80;8.71;2.58;0.00;0.01;0.50;0.60;0.00;5.74;0.02;0.03;24.07;0.08;5.74;2.05;4.67;0.07;0.24;0.47;0.61;1.13;0.09;
2.84;17.82;11.82;4.44;5.97;4.91;2.87;0.00;0.00;0.00;0.03;0.04;0.04;3.08;7.76;0.83;22.04;17.82;10.54;4.59;0.80;0.68;0.18;0.40;13.98;4.04;2.80;8.70;2.58;0.00;0.00;0.50;0.60;0.00;11.02;0.29;0.54;31.40;0.39;6.28;2.22;5.03;0.05;0.18;0.33;0.47;0.90;0.07;
2.84;17.82;11.82;4.44;5.97;4.91;2.87;0.00;0.00;0.00;0.03;0.04;0.04;3.08;7.76;0.83;22.04;17.82;10.54;4.59;0.80;0.68;0.18;0.40;14.10;4.05;2.85;8.75;2.59;0.00;0.01;0.50;0.60;0.00;22.20;4.81;14.80;41.78;2.03;6.14;2.17;4.94;0.04;0.13;0.22;0.36;0.70;0.05;
2.84;17.82;11.82;4.44;5.97;4.91;2.87;0.00;0.00;0.00;0.03;0.04;0.04;3.08;7.76;0.83;22.04;17.82;10.54;4.59;0.80;0.68;0.18;0.40;14.00;4.04;2.81;8.71;2.59;0.00;0.01;0.50;0.60;0.00;26.79;10.24;35.92;45.11;3.16;6.36;2.24;5.08;0.09;0.30;0.60;0.74;1.32;0.11;
2.84;17.82;11.82;4.44;5.97;4.91;2.87;0.00;0.00;0.00;0.03;0.04;0.04;3.08;7.76;0.83;22.04;17.82;10.54;4.59;0.80;0.68;0.18;0.40;14.22;4.07;2.90;8.80;2.60;0.00;0.00;0.50;0.59;0.00;13.96;0.74;1.66;34.58;0.68;6.01;2.13;4.85;0.40;1.18;3.35;2.56;3.89;0.49;
2.84;17.82;11.82;4.44;5.97;4.91;2.87;0.00;0.00;0.00;0.03;0.04;0.04;3.08;7.76;0.83;22.04;17.82;10.54;4.59;0.80;0.68;0.18;0.40;13.91;4.03;2.77;8.68;2.58;0.00;0.00;0.50;0.60;0.00;19.62;2.93;8.26;39.73;1.51;5.64;2.02;4.60;0.23;0.72;1.80;1.63;2.63;0.29;
2.84;17.82;11.82;4.44;5.97;4.91;2.87;0.00;0.00;0.00;0.03;0.04;0.04;3.08;7.76;0.83;22.04;17.82;10.54;4.59;0.80;0.68;0.18;0.40;14.08;4.05;2.84;8.74;2.59;0.00;0.00;0.50;0.60;0.00;14.27;0.81;1.84;34.89;0.71;7.19;2.49;5.60;1.06;2.93;10.41;5.82;7.95;1.33;
2.84;17.82;11.82;4.44;5.97;4.91;2.87;0.00;0.00;0.00;0.03;0.04;0.04;3.08;7.76;0.83;22.04;17.82;10.54;4.59;0.80;0.68;0.18;0.40;14.12;4.05;2.86;8.76;2.59;0.00;0.00;0.50;0.60;0.00;20.28;3.34;9.66;40.27;1.64;9.83;3.24;7.20;0.06;0.19;0.34;0.49;0.92;0.07;
2.84;17.82;11.82;4.44;5.97;4.91;2.87;0.00;0.00;0.00;0.03;0.04;0.04;3.08;7.76;0.83;22.04;17.82;10.54;4.59;0.80;0.68;0.18;0.40;14.13;4.06;2.86;8.76;2.60;0.00;0.00;0.50;0.59;0.00;11.54;0.35;0.68;32.00;0.43;7.17;2.48;5.59;0.40;1.17;3.34;2.55;3.88;0.49;
2.84;17.82;11.82;4.44;5.97;4.91;2.87;0.00;0.00;0.00;0.03;0.04;0.04;3.08;7.76;0.83;22.04;17.82;10.54;4.59;0.80;0.68;0.18;0.40;14.13;4.06;2.86;8.76;2.60;0.00;0.00;0.50;0.59;0.00;21.77;4.45;13.50;41.45;1.94;6.65;2.32;5.26;0.11;0.36;0.78;0.88;1.55;0.14;
2.84;17.82;11.82;4.44;5.97;4.91;2.87;0.00;0.00;0.00;0.03;0.04;0.04;3.08;7.76;0.83;22.04;17.82;10.54;4.59;0.80;0.68;0.18;0.40;14.01;4.04;2.81;8.72;2.59;0.00;0.00;0.50;0.60;0.00;17.69;1.93;5.07;38.09;1.19;8.86;2.97;6.63;0.35;1.05;2.90;2.30;3.55;0.44;
2.84;17.82;11.82;4.44;5.97;4.91;2.87;0.00;0.00;0.00;0.03;0.04;0.04;3.08;7.76;0.83;22.04;17.82;10.54;4.59;0.80;0.68;0.18;0.40;14.10;4.05;2.85;8.75;2.59;0.00;0.00;0.50;0.60;0.00;26.83;10.30;36.16;45.13;3.17;8.27;2.80;6.27;0.06;0.20;0.36;0.51;0.95;0.07;
2.84;17.82;11.82;4.44;5.97;4.91;2.87;0.00;0.00;0.00;0.03;0.04;0.04;3.08;7.76;0.83;22.04;17.82;10.54;4.59;0.80;0.68;0.18;0.40;14.00;4.04;2.81;8.71;2.59;0.00;0.00;0.50;0.60;0.00;12.91;0.54;1.15;33.49;0.56;7.72;2.64;5.93;0.12;0.39;0.85;0.94;1.63;0.15;
2.84;17.82;11.82;4.44;5.97;4.91;2.87;0.00;0.00;0.00;0.03;0.04;0.04;3.08;7.76;0.83;22.04;17.82;10.54;4.59;0.80;0.68;0.18;0.40;13.98;4.04;2.80;8.71;2.58;0.00;0.00;0.50;0.60;0.00;17.49;1.84;4.80;37.91;1.15;5.94;2.11;4.81;0.04;0.13;0.21;0.34;0.68;0.04;
2.84;17.82;11.82;4.44;5.97;4.91;2.87;0.00;0.00;0.00;0.03;0.04;0.04;3.08;7.76;0.83;22.04;17.82;10.54;4.59;0.80;0.68;0.18;0.40;14.10;4.05;2.85;8.75;2.59;0.00;0.00;0.50;0.59;0.00;9.64;0.17;0.29;29.73;0.28;5.48;1.97;4.50;0.06;0.19;0.34;0.48;0.91;0.07;
2.84;17.82;11.82;4.44;5.97;4.91;2.87;0.00;0.00;0.00;0.03;0.04;0.04;3.08;7.76;0.83;22.04;17.82;10.54;4.59;0.80;0.68;0.18;0.40;14.24;4.07;2.91;8.81;2.60;0.00;0.00;0.50;0.59;0.00;12.79;0.52;1.10;33.36;0.55;4.61;1.70;3.92;0.08;0.26;0.51;0.66;1.19;0.10;
2.84;17.82;11.82;4.44;5.97;4.91;2.87;0.00;0.00;0.00;0.03;0.04;0.04;3.08;7.76;0.83;22.04;17.82;10.54;4.59;0.80;0.68;0.18;0.40;14.15;4.06;2.87;8.77;2.60;0.00;0.00;0.50;0.59;0.00;10.06;0.20;0.35;30.26;0.31;8.25;2.79;6.26;0.07;0.22;0.43;0.57;1.06;0.08;
2.84;17.82;11.82;4.44;5.97;4.91;2.87;0.00;0.00;0.00;0.03;0.04;0.04;3.08;7.76;0.83;22.04;17.82;10.54;4.59;0.80;0.68;0.18;0.40;14.01;4.04;2.81;8.72;2.59;0.00;0.00;0.50;0.59;0.00;14.52;0.87;2.00;35.14;0.74;7.01;2.43;5.49;1.26;3.45;12.76;6.74;9.04;1.58;
2.84;17.82;11.82;4.44;5.97;4.91;2.87;0.00;0.00;0.00;0.03;0.04;0.04;3.08;7.76;0.83;22.04;17.82;10.54;4.59;0.80;0.68;0.18;0.40;14.23;4.07;2.90;8.80;2.60;0.00;0.00;0.50;0.59;0.00;25.12;7.90;26.51;43.94;2.72;6.92;2.41;5.43;0.40;1.18;3.35;2.56;3.89;0.49;
2.84;17.82;11.82;4.44;5.97;4.91;2.87;0.00;0.00;0.00;0.03;0.04;0.04;3.08;7.76;0.83;22.04;17.82;10.54;4.59;0.80;0.68;0.18;0.40;14.03;4.04;2.82;8.72;2.59;0.00;0.00;0.50;0.59;0.00;20.33;3.37;9.77;40.31;1.65;5.10;1.86;4.25;0.12;0.38;0.82;0.92;1.60;0.14;
2.84;17.82;11.82;4.44;5.97;4.91;2.87;0.00;0.00;0.00;0.03;0.04;0.04;3.08;7.76;0.83;22.04;17.82;10.54;4.59;0.80;0.68;0.18;0.40;13.99;4.04;2.80;8.71;2.59;0.00;0.00;0.50;0.59;0.00;24.96;7.71;25.76;43.83;2.68;5.71;2.04;4.65;0.05;0.17;0.31;0.46;0.87;0.06;
2.84;17.82;11.82;4.44;5.97;4.91;2.87;0.00;0.00;0.00;0.03;0.04;0.04;3.08;7.76;0.83;22.04;17.82;10.54;4.59;0.80;0.68;0.18;0.40;13.98;4.04;2.80;8.71;2.58;0.00;0.00;0.50;0.59;0.00;26.83;10.30;36.17;45.14;3.18;7.99;2.72;6.10;0.89;2.50;8.55;5.04;7.03;1.12;
2.86;18.01;11.92;4.48;6.03;4.94;2.90;0.00;0.00;0.00;0.03;0.04;0.04;3.08;7.76;0.83;22.04;17.82;10.54;4.66;0.81;0.69;0.19;0.40;14.10;4.05;2.85;8.75;2.59;0.00;0.00;0.50;0.59;0.00;20.21;3.30;9.51;40.21;1.62;7.42;2.55;5.74;0.28;0.85;2.25;1.91;3.02;0.35;
2.87;18.05;11.94;4.49;6.04;4.95;2.90;0.00;0.00;0.00;0.03;0.04;0.04;3.11;7.77;0.84;22.13;17.86;10.61;4.78;0.82;0.72;0.19;0.41;14.00;4.04;2.81;8.71;2.59;0.00;0.00;0.50;0.59;0.00;35.47;31.66;135.03;50.58;6.15;8.02;2.73;6.12;0.05;0.16;0.29;0.43;0.82;0.06;
2.89;18.26;12.05;4.53;6.10;4.99;2.93;0.00;0.00;0.00;0.03;0.04;0.04;3.12;7.77;0.84;22.15;17.87;10.63;4.92;0.84;0.75;0.20;0.42;14.22;4.07;2.90;8.80;2.60;0.00;0.00;0.50;0.60;0.00;31.74;20.26;79.96;48.34;4.73;5.73;2.05;4.67;0.23;0.69;1.73;1.58;2.56;0.28;
2.90;18.30;12.07;4.54;6.11;5.00;2.93;0.00;0.00;0.00;0.04;0.04;0.04;3.21;7.82;0.88;22.43;17.99;10.84;5.03;0.85;0.78;0.20;0.42;14.39;4.09;2.98;8.86;2.61;0.00;0.00;0.50;0.60;0.00;32.50;22.29;89.45;48.81;5.00;9.28;3.09;6.88;0.07;0.24;0.46;0.60;1.11;0.09;
2.91;18.39;12.12;4.56;6.14;5.02;2.94;0.00;0.00;0.00;0.04;0.04;0.04;3.26;7.85;0.90;22.58;18.05;10.96;5.13;0.85;0.80;0.20;0.42;14.43;4.09;2.99;8.88;2.62;0.00;0.00;0.50;0.60;0.00;21.61;4.31;13.03;41.32;1.90;6.47;2.27;5.14;0.73;2.08;6.79;4.27;6.07;0.91;
2.92;18.53;12.19;4.59;6.18;5.04;2.96;0.00;0.00;0.00;0.04;0.04;0.04;3.27;7.85;0.91;22.61;18.07;10.98;5.23;0.86;0.83;0.21;0.43;14.19;4.06;2.89;8.78;2.60;0.00;0.01;0.50;0.60;0.00;19.89;3.09;8.82;39.95;1.56;6.09;2.16;4.90;0.05;0.18;0.32;0.46;0.88;0.06;
2.93;18.55;12.20;4.60;6.19;5.05;2.96;0.00;0.00;0.00;0.04;0.04;0.04;3.27;7.86;0.91;22.61;18.07;10.98;5.26;0.87;0.84;0.21;0.43;14.51;4.10;3.03;8.91;2.62;0.00;0.01;0.50;0.60;0.00;16.52;1.47;3.67;37.04;1.01;5.99;2.13;4.84;0.32;0.94;2.55;2.10;3.27;0.39;
2.93;18.60;12.23;4.61;6.20;5.06;2.96;0.00;0.00;0.00;0.04;0.04;0.04;3.27;7.86;0.91;22.62;18.07;10.99;5.33;0.87;0.85;0.21;0.43;14.58;4.11;3.06;8.93;2.63;0.00;0.01;0.50;0.60;0.00;22.20;4.81;14.81;41.78;2.03;5.76;2.06;4.69;0.17;0.54;1.29;1.28;2.13;0.21;
2.93;18.57;12.21;4.60;6.19;5.05;2.96;0.00;0.00;0.00;0.04;0.04;0.04;3.27;7.86;0.91;22.62;18.07;10.99;5.35;0.87;0.86;0.21;0.43;14.46;4.09;3.01;8.89;2.62;0.00;0.01;0.50;0.60;0.00;30.37;16.96;64.93;47.48;4.26;6.57;2.30;5.21;0.06;0.20;0.38;0.53;0.99;0.07;
2.94;18.72;12.29;4.64;6.24;5.08;2.98;0.00;0.00;0.00;0.04;0.04;0.04;3.27;7.86;0.91;22.62;18.07;10.99;5.43;0.88;0.88;0.22;0.44;14.69;4.12;3.11;8.98;2.64;0.00;0.00;0.50;0.60;0.00;11.31;0.32;0.61;31.74;0.41;7.03;2.44;5.50;0.21;0.64;1.56;1.47;2.40;0.25;
2.95;18.80;12.33;4.66;6.26;5.10;2.99;0.00;0.00;0.00;0.04;0.04;0.04;3.37;7.90;0.95;22.90;18.19;11.20;5.47;0.89;0.89;0.22;0.44;14.87;4.14;3.19;9.04;2.65;0.00;0.01;0.50;0.60;0.00;23.47;6.02;19.26;42.74;2.31;5.36;1.94;4.42;0.11;0.34;0.72;0.84;1.48;0.13;
2.95;18.81;12.34;4.66;6.26;5.10;2.99;0.00;0.00;0.00;0.04;0.04;0.04;3.46;7.95;0.98;23.14;18.30;11.40;5.54;0.89;0.91;0.22;0.44;14.77;4.13;3.15;9.01;2.64;0.00;0.01;0.50;0.60;0.00;19.07;2.61;7.23;39.27;1.42;5.24;1.90;4.34;0.09;0.31;0.63;0.76;1.36;0.12;
2.95;18.81;12.34;4.66;6.26;5.10;2.99;0.00;0.00;0.00;0.04;0.04;0.04;3.47;7.95;0.99;23.19;18.32;11.44;5.55;0.89;0.91;0.22;0.44;14.63;4.11;3.08;8.95;2.63;0.00;0.01;0.50;0.60;0.00;25.18;7.98;26.80;43.98;2.73;8.40;2.84;6.35;0.04;0.13;0.22;0.35;0.70;0.05;
2.95;18.81;12.34;4.66;6.26;5.10;2.99;0.00;0.00;0.00;0.04;0.04;0.04;3.48;7.96;0.99;23.20;18.32;11.44;5.57;0.90;0.91;0.22;0.44;14.47;4.10;3.01;8.89;2.62;0.00;0.01;0.50;0.60;0.00;23.01;5.56;17.53;42.40;2.21;7.80;2.66;5.98;0.11;0.37;0.78;0.89;1.55;0.14;
2.95;18.81;12.34;4.66;6.26;5.10;2.99;0.00;0.00;0.00;0.04;0.04;0.04;3.48;7.96;0.99;23.20;18.33;11.45;5.65;0.90;0.93;0.22;0.45;14.32;4.08;2.94;8.83;2.61;0.00;0.01;0.50;0.60;0.00;19.04;2.59;7.18;39.25;1.41;5.47;1.97;4.50;0.23;0.70;1.76;1.60;2.59;0.28;
2.95;18.81;12.34;4.66;6.26;5.10;2.99;0.00;0.00;0.00;0.04;0.04;0.04;3.48;7.96;0.99;23.20;18.33;11.45;5.66;0.90;0.94;0.22;0.45;14.41;4.09;2.99;8.87;2.62;0.00;0.01;0.50;0.60;0.00;11.29;0.32;0.61;31.71;0.41;5.77;2.06;4.69;0.67;1.90;6.09;3.94;5.67;0.83;
2.96;18.90;12.38;4.68;6.29;5.11;3.00;0.00;0.00;0.00;0.04;0.04;0.04;3.48;7.96;0.99;23.20;18.33;11.45;5.66;0.90;0.94;0.22;0.45;14.18;4.06;2.89;8.78;2.60;0.00;0.01;0.50;0.60;0.00;16.29;1.39;3.44;36.83;0.98;5.74;2.05;4.68;0.18;0.55;1.30;1.28;2.14;0.22;
2.97;18.91;12.39;4.68;6.29;5.12;3.00;0.00;0.00;0.00;0.04;0.04;0.04;3.48;7.96;0.99;23.20;18.33;11.45;5.72;0.91;0.95;0.23;0.45;14.64;4.12;3.08;8.95;2.63;0.00;0.01;0.50;0.60;0.00;21.30;4.07;12.18;41.08;1.84;5.35;1.93;4.41;0.37;1.10;3.09;2.41;3.69;0.46;
2.98;19.04;12.45;4.71;6.33;5.14;3.02;0.00;0.00;0.00;0.04;0.04;0.04;3.48;7.96;0.99;23.20;18.33;11.45;5.76;0.91;0.96;0.23;0.45;14.73;4.13;3.13;8.99;2.64;0.00;0.01;0.50;0.60;0.00;37.29;38.73;171.06;51.62;6.92;6.19;2.19;4.97;0.25;0.76;1.94;1.72;2.76;0.31;
2.98;19.07;12.47;4.72;6.34;5.15;3.02;0.00;0.00;0.00;0.04;0.04;0.04;3.48;7.96;0.99;23.20;18.33;11.45;5.77;0.91;0.97;0.23;0.45;14.75;4.13;3.13;9.00;2.64;0.00;0.01;0.50;0.60;0.00;24.53;7.19;23.72;43.52;2.57;7.52;2.58;5.81;0.31;0.93;2.51;2.07;3.24;0.38;
2.98;19.07;12.47;4.72;6.34;5.15;3.02;0.00;0.00;0.00;0.04;0.04;0.04;3.48;7.96;0.99;23.20;18.33;11.45;5.77;0.91;0.97;0.23;0.45;14.75;4.13;3.14;9.00;2.64;0.00;0.01;0.50;0.60;0.00;29.38;14.85;55.54;46.84;3.94;7.66;2.62;5.90;0.03;0.11;0.18;0.31;0.62;0.04;
2.98;19.07;12.47;4.72;6.34;5.15;3.02;0.00;0.00;0.00;0.04;0.04;0.04;3.58;8.00;1.04;23.49;18.45;11.67;5.77;0.91;0.97;0.23;0.45;14.75;4.13;3.14;9.00;2.64;0.00;0.01;0.50;0.60;0.00;23.37;5.91;18.86;42.67;2.29;7.91;2.70;6.05;0.41;1.22;3.50;2.64;4.00;0.51;
2.98;19.07;12.47;4.72;6.34;5.15;3.02;0.00;0.00;0.00;0.04;0.04;0.04;3.50;7.97;1.00;23.26;18.35;11.49;5.79;0.91;0.97;0.23;0.45;14.62;4.11;3.08;8.95;2.63;0.00;0.01;0.50;0.60;0.00;22.65;5.21;16.27;42.12;2.13;8.22;2.78;6.24;0.03;0.12;0.19;0.32;0.63;0.04;
2.98;19.07;12.47;4.72;6.34;5.15;3.02;0.00;0.00;0.00;0.04;0.04;0.04;3.58;8.01;1.04;23.50;18.45;11.68;5.85;0.92;0.98;0.23;0.46;14.85;4.14;3.18;9.04;2.65;0.00;0.01;0.50;0.60;0.00;13.63;0.68;1.48;34.24;0.64;7.99;2.72;6.10;0.21;0.66;1.62;1.51;2.46;0.26;
2.98;19.07;12.47;4.72;6.34;5.15;3.02;0.00;0.00;0.00;0.04;0.04;0.04;3.67;8.05;1.08;23.74;18.56;11.88;5.88;0.92;0.99;0.23;0.46;14.77;4.13;3.15;9.01;2.64;0.00;0.01;0.50;0.60;0.00;25.32;8.16;27.51;44.08;2.77;7.59;2.60;5.85;0.05;0.18;0.32;0.47;0.89;0.06;
2.98;19.07;12.47;4.72;6.34;5.15;3.02;0.00;0.00;0.00;0.04;0.04;0.04;3.69;8.06;1.08;23.79;18.58;11.92;5.88;0.92;0.99;0.23;0.46;14.88;4.14;3.20;9.05;2.65;0.00;0.01;0.50;0.60;0.00;15.48;1.13;2.70;36.07;0.86;8.35;2.82;6.32;0.03;0.10;0.16;0.28;0.56;0.03;
2.98;19.07;12.47;4.72;6.34;5.15;3.02;0.00;0.00;0.00;0.04;0.04;0.04;3.69;8.06;1.08;23.80;18.58;11.92;5.88;0.92;0.99;0.23;0.46;14.52;4.10;3.04;8.91;2.62;0.00;0.01;0.50;0.60;0.00;24.97;7.72;25.80;43.84;2.68;6.86;2.39;5.39;0.04;0.15;0.26;0.40;0.77;0.05;
2.98;19.07;12.47;4.72;6.34;5.15;3.02;0.00;0.00;0.00;0.04;0.04;0.04;3.69;8.06;1.08;23.80;18.58;11.93;5.90;0.92;1.00;0.23;0.46;14.58;4.11;3.06;8.93;2.63;0.00;0.01;0.50;0.60;0.00;17.29;1.76;4.55;37.74;1.12;6.17;2.18;4.95;0.06;0.21;0.38;0.53;0.99;0.08;
2.98;19.07;12.47;4.72;6.34;5.15;3.02;0.00;0.00;0.00;0.04;0.04;0.04;3.69;8.06;1.08;23.80;18.58;11.93;5.91;0.92;1.00;0.23;0.46;14.59;4.11;3.06;8.94;2.63;0.00;0.01;0.50;0.60;0.00;11.88;0.39;0.77;32.38;0.46;4.99;1.82;4.17;0.29;0.88;2.35;1.98;3.11;0.36;
2.99;19.16;12.51;4.74;6.36;5.16;3.03;0.00;0.00;0.00;0.04;0.04;0.04;3.69;8.06;1.08;23.80;18.58;11.93;5.92;0.93;1.01;0.23;0.46;14.84;4.14;3.18;9.03;2.65;0.00;0.01;0.50;0.60;0.00;14.84;0.95;2.21;35.45;0.78;5.35;1.93;4.42;0.49;1.43;4.28;3.05;4.54;0.61;
3.00;19.26;12.56;4.76;6.39;5.18;3.04;0.00;0.00;0.00;0.04;0.04;0.04;3.69;8.06;1.08;23.80;18.58;11.93;5.96;0.93;1.02;0.23;0.46;14.64;4.12;3.09;8.96;2.63;0.00;0.01;0.50;0.60;0.00;28.81;13.72;50.61;46.46;3.76;7.00;2.43;5.48;0.45;1.32;3.88;2.84;4.27;0.56;
3.01;19.28;12.57;4.76;6.40;5.19;3.04;0.00;0.00;0.00;0.04;0.04;0.04;3.69;8.06;1.08;23.80;18.58;11.93;5.99;0.93;1.02;0.23;0.46;14.73;4.13;3.13;8.99;2.64;0.00;0.01;0.50;0.60;0.00;28.13;12.47;45.27;46.02;3.55;6.15;2.17;4.94;0.62;1.79;5.64;3.73;5.41;0.78;
3.01;19.32;12.60;4.77;6.41;5.20;3.05;0.00;0.00;0.00;0.04;0.04;0.04;3.69;8.06;1.08;23.80;18.58;11.93;5.99;0.93;1.02;0.23;0.46;14.74;4.13;3.13;9.00;2.64;0.00;0.01;0.50;0.60;0.00;22.57;5.14;16.01;42.06;2.11;9.49;3.15;7.00;0.49;1.41;4.21;3.02;4.49;0.60;
3.01;19.33;12.60;4.77;6.42;5.20;3.05;0.00;0.00;0.00;0.04;0.04;0.04;3.69;8.06;1.08;23.80;18.58;11.93;6.00;0.93;1.02;0.24;0.46;14.62;4.11;3.08;8.95;2.63;0.00;0.01;0.50;0.60;0.00;29.90;15.94;60.36;47.18;4.10;7.72;2.64;5.93;0.82;2.31;7.75;4.70;6.60;1.03;
3.01;19.33;12.60;4.77;6.42;5.20;3.05;0.00;0.00;0.00;0.04;0.04;0.04;3.69;8.06;1.08;23.80;18.58;11.93;6.00;0.93;1.02;0.24;0.46;14.72;4.13;3.12;8.99;2.64;0.00;0.01;0.50;0.60;0.00;23.90;6.47;20.96;43.06;2.42;8.20;2.78;6.23;0.36;1.08;3.01;2.37;3.64;0.45;
3.01;19.33;12.60;4.78;6.42;5.20;3.05;0.00;0.00;0.00;0.04;0.04;0.04;3.69;8.06;1.08;23.80;18.58;11.93;6.00;0.93;1.02;0.24;0.46;14.75;4.13;3.13;9.00;2.64;0.00;0.01;0.50;0.60;0.00;24.06;6.65;21.65;43.18;2.45;6.33;2.23;5.06;0.06;0.19;0.34;0.48;0.91;0.07;
3.01;19.33;12.60;4.78;6.42;5.20;3.05;0.00;0.00;0.00;0.04;0.04;0.04;3.69;8.06;1.08;23.80;18.58;11.93;6.01;0.93;1.03;0.24;0.46;14.75;4.13;3.14;9.00;2.64;0.00;0.01;0.50;0.60;0.00;19.90;3.10;8.83;39.96;1.57;7.33;2.53;5.69;0.11;0.34;0.72;0.83;1.47;0.13;
3.01;19.33;12.60;4.78;6.42;5.20;3.05;0.00;0.00;0.00;0.04;0.04;0.04;3.69;8.06;1.08;23.80;18.58;11.93;6.04;0.94;1.03;0.24;0.46;14.75;4.13;3.14;9.00;2.64;0.00;0.01;0.50;0.60;0.00;30.21;16.61;63.37;47.38;4.21;8.16;2.77;6.20;0.05;0.17;0.30;0.44;0.84;0.06;
3.01;19.33;12.60;4.78;6.42;5.20;3.05;0.00;0.00;0.00;0.04;0.04;0.04;3.73;8.07;1.10;23.90;18.62;12.00;6.08;0.94;1.05;0.24;0.47;14.62;4.11;3.08;8.95;2.63;0.00;0.01;0.50;0.60;0.00;16.70;1.53;3.87;37.20;1.03;5.98;2.13;4.83;0.81;2.29;7.66;4.66;6.55;1.01;
3.01;19.33;12.60;4.78;6.42;5.20;3.05;0.00;0.00;0.00;0.04;0.04;0.04;3.74;8.08;1.10;23.92;18.63;12.02;6.10;0.94;1.05;0.24;0.47;14.85;4.14;3.18;9.04;2.65;0.00;0.01;0.50;0.60;0.00;21.41;4.16;12.48;41.17;1.86;4.75;1.75;4.01;0.03;0.12;0.19;0.32;0.64;0.04;
3.01;19.33;12.60;4.78;6.42;5.20;3.05;0.00;0.00;0.00;0.04;0.04;0.05;3.81;8.11;1.14;24.12;18.72;12.18;6.11;0.94;1.05;0.24;0.47;14.77;4.13;3.15;9.01;2.64;0.00;0.01;0.50;0.60;0.00;11.50;0.34;0.66;31.95;0.43;7.17;2.48;5.59;0.06;0.20;0.36;0.51;0.96;0.07;
3.01;19.33;12.60;4.78;6.42;5.20;3.05;0.00;0.00;0.00;0.04;0.04;0.04;3.90;8.15;1.18;24.36;18.82;12.38;6.11;0.94;1.05;0.24;0.47;14.75;4.13;3.14;9.00;2.64;0.00;0.01;0.50;0.60;0.00;13.24;0.60;1.29;33.84;0.60;6.83;2.38;5.37;0.06;0.19;0.35;0.50;0.94;0.07;
3.01;19.33;12.60;4.78;6.42;5.20;3.05;0.00;0.00;0.00;0.04;0.04;0.05;3.92;8.16;1.18;24.41;18.84;12.41;6.11;0.94;1.05;0.24;0.47;14.75;4.13;3.14;9.00;2.64;0.00;0.01;0.50;0.60;0.00;22.15;4.77;14.66;41.75;2.02;9.35;3.11;6.92;0.03;0.11;0.17;0.29;0.59;0.04;
3.01;19.33;12.60;4.78;6.42;5.20;3.05;0.00;0.00;0.00;0.04;0.04;0.05;3.92;8.16;1.19;24.42;18.84;12.42;6.11;0.94;1.05;0.24;0.47;14.75;4.13;3.14;9.00;2.64;0.00;0.01;0.50;0.60;0.00;15.87;1.25;3.03;36.43;0.92;5.28;1.91;4.37;0.18;0.57;1.36;1.33;2.20;0.23;
3.01;19.33;12.60;4.78;6.42;5.20;3.05;0.00;0.00;0.00;0.04;0.04;0.05;3.92;8.16;1.19;24.42;18.84;12.42;6.11;0.94;1.05;0.24;0.47;14.75;4.13;3.14;9.00;2.64;0.00;0.01;0.50;0.60;0.00;13.24;0.60;1.29;33.85;0.60;7.03;2.44;5.50;0.78;2.20;7.30;4.50;6.36;0.97;
3.01;19.33;12.60;4.78;6.42;5.20;3.05;0.00;0.00;0.00;0.04;0.04;0.05;3.92;8.16;1.19;24.42;18.84;12.42;6.11;0.94;1.05;0.24;0.47;14.62;4.11;3.08;8.95;2.63;0.00;0.01;0.50;0.60;0.00;14.89;0.97;2.25;35.51;0.79;7.20;2.49;5.61;1.38;3.76;14.20;7.29;9.68;1.74;
3.01;19.33;12.60;4.78;6.42;5.20;3.05;0.00;0.00;0.00;0.04;0.04;0.05;3.92;8.16;1.19;24.42;18.84;12.42;6.11;0.94;1.05;0.24;0.47;14.73;4.13;3.12;8.99;2.64;0.00;0.01;0.50;0.60;0.00;28.16;12.52;45.47;46.04;3.56;6.90;2.40;5.42;0.04;0.13;0.21;0.35;0.69;0.05;
3.02;19.38;12.63;4.78;6.43;5.21;3.05;0.00;0.00;0.00;0.04;0.04;0.05;3.92;8.16;1.19;24.42;18.84;12.42;6.13;0.94;1.06;0.24;0.47;14.62;4.11;3.08;8.95;2.63;0.00;0.01;0.50;0.60;0.00;24.34;6.96;22.85;43.38;2.52;7.58;2.60;5.84;0.15;0.46;1.04;1.09;1.86;0.18;
3.01;19.34;12.61;4.78;6.42;5.20;3.05;0.00;0.00;0.00;0.04;0.04;0.05;3.92;8.16;1.19;24.42;18.84;12.42;6.11;0.94;1.06;0.24;0.47;14.85;4.14;3.18;9.04;2.65;0.00;0.01;0.50;0.60;0.00;14.50;0.87;1.98;35.12;0.74;7.04;2.44;5.51;0.06;0.19;0.36;0.50;0.95;0.07;
3.01;19.34;12.61;4.78;6.42;5.20;3.05;0.00;0.00;0.00;0.04;0.04;0.05;3.92;8.16;1.19;24.42;18.84;12.42;6.13;0.94;1.06;0.24;0.47;14.64;4.12;3.09;8.96;2.63;0.00;0.01;0.50;0.60;0.00;18.21;2.17;5.81;38.54;1.27;5.64;2.02;4.60;0.15;0.48;1.11;1.15;1.94;0.19;
3.01;19.33;12.60;4.78;6.42;5.20;3.05;0.00;0.00;0.00;0.04;0.04;0.05;3.92;8.16;1.19;24.42;18.84;12.42;6.15;0.95;1.07;0.24;0.47;14.73;4.13;3.13;8.99;2.64;0.00;0.01;0.50;0.60;0.00;22.31;4.91;15.15;41.86;2.05;6.90;2.40;5.42;0.21;0.63;1.55;1.46;2.39;0.25;
3.02;19.38;12.63;4.78;6.43;5.21;3.05;0.00;0.00;0.00;0.04;0.04;0.05;3.92;8.16;1.19;24.42;18.84;12.42;6.16;0.95;1.07;0.24;0.47;14.75;4.13;3.13;9.00;2.64;0.00;0.01;0.50;0.60;0.00;23.41;5.96;19.02;42.70;2.30;6.70;2.34;5.29;0.04;0.14;0.23;0.37;0.72;0.05;
3.02;19.39;12.63;4.79;6.43;5.21;3.06;0.00;0.00;0.00;0.04;0.04;0.05;3.92;8.16;1.19;24.42;18.84;12.42;6.21;0.95;1.08;0.24;0.47;14.75;4.13;3.14;9.00;2.64;0.00;0.01;0.50;0.60;0.00;25.02;7.78;26.02;43.87;2.69;4.58;1.69;3.89;0.14;0.44;0.98;1.05;1.79;0.17;
3.02;19.39;12.63;4.79;6.43;5.21;3.06;0.00;0.00;0.00;0.04;0.04;0.05;3.92;8.16;1.19;24.42;18.84;12.42;6.17;0.95;1.07;0.24;0.47;14.62;4.11;3.08;8.95;2.63;0.00;0.01;0.50;0.60;0.00;18.92;2.53;6.97;39.15;1.39;6.52;2.29;5.18;0.44;1.30;3.79;2.79;4.20;0.55;
3.02;19.39;12.63;4.79;6.43;5.21;3.06;0.00;0.00;0.00;0.04;0.04;0.05;3.92;8.16;1.19;24.42;18.84;12.42;6.12;0.94;1.06;0.24;0.47;14.73;4.13;3.12;8.99;2.64;0.00;0.01;0.50;0.60;0.00;17.94;2.04;5.41;38.30;1.23;5.10;1.85;4.25;0.08;0.26;0.52;0.66;1.21;0.10;
3.01;19.34;12.61;4.78;6.42;5.20;3.05;0.00;0.00;0.00;0.04;0.04;0.05;3.92;8.16;1.19;24.42;18.84;12.42;6.11;0.94;1.06;0.24;0.47;14.75;4.13;3.13;9.00;2.64;0.00;0.01;0.50;0.60;0.00;23.78;6.34;20.47;42.97;2.39;6.64;2.32;5.26;0.05;0.16;0.28;0.42;0.81;0.06;
3.01;19.34;12.61;4.78;6.42;5.20;3.05;0.00;0.00;0.00;0.04;0.04;0.05;3.92;8.16;1.19;24.42;18.84;12.42;6.02;0.93;1.03;0.24;0.46;14.75;4.13;3.14;9.00;2.64;0.00;0.01;0.50;0.60;0.00;18.93;2.54;6.99;39.16;1.39;7.65;2.62;5.89;0.12;0.38;0.83;0.93;1.62;0.15;
3.01;19.33;12.60;4.78;6.42;5.20;3.05;0.00;0.00;0.00;0.04;0.04;0.04;3.92;8.16;1.19;24.42;18.84;12.42;5.91;0.93;1.00;0.23;0.46;14.50;4.10;3.02;8.90;2.62;0.00;0.01;0.50;0.60;0.00;28.24;12.67;46.11;46.09;3.59;8.47;2.86;6.39;0.21;0.64;1.57;1.48;2.41;0.26;
3.01;19.33;12.60;4.78;6.42;5.20;3.05;0.00;0.00;0.00;0.04;0.04;0.05;3.92;8.16;1.19;24.42;18.84;12.42;5.80;0.92;0.97;0.23;0.45;14.83;4.14;3.17;9.03;2.64;0.00;0.01;0.50;0.60;0.00;18.63;2.38;6.47;38.90;1.34;7.25;2.50;5.64;0.13;0.42;0.92;1.00;1.72;0.16;
3.01;19.33;12.60;4.78;6.42;5.20;3.05;0.00;0.00;0.00;0.04;0.04;0.05;3.89;8.14;1.17;24.32;18.80;12.34;5.71;0.91;0.95;0.22;0.45;14.76;4.13;3.14;9.00;2.64;0.00;0.01;0.50;0.60;0.00;14.75;0.93;2.15;35.37;0.77;4.85;1.78;4.08;0.22;0.69;1.72;1.58;2.55;0.28;
3.01;19.33;12.60;4.78;6.42;5.20;3.05;0.00;0.00;0.00;0.04;0.04;0.04;3.73;8.08;1.10;23.91;18.63;12.01;5.67;0.90;0.94;0.22;0.45;14.75;4.13;3.14;9.00;2.64;0.00;0.01;0.50;0.60;0.00;17.88;2.01;5.33;38.25;1.22;5.29;1.92;4.38;0.37;1.09;3.05;2.39;3.66;0.46;
2.99;19.17;12.52;4.74;6.37;5.17;3.03;0.00;0.00;0.00;0.04;0.04;0.04;3.77;8.09;1.12;24.02;18.67;12.10;5.60;0.90;0.92;0.22;0.45;14.62;4.11;3.08;8.95;2.63;0.00;0.01;0.50;0.60;0.00;20.32;3.37;9.75;40.30;1.65;7.03;2.44;5.50;0.07;0.24;0.47;0.61;1.12;0.09;
2.99;19.09;12.48;4.72;6.35;5.15;3.02;0.00;0.00;0.00;0.04;0.04;0.04;3.71;8.07;1.09;23.85;18.60;11.96;5.57;0.89;0.91;0.22;0.44;14.60;4.11;3.07;8.94;2.63;0.00;0.01;0.50;0.60;0.00;19.49;2.85;8.00;39.62;1.49;7.05;2.44;5.51;0.34;1.02;2.82;2.26;3.49;0.43;
2.98;19.08;12.47;4.72;6.34;5.15;3.02;0.00;0.00;0.00;0.04;0.04;0.04;3.70;8.06;1.09;23.81;18.59;11.93;5.48;0.89;0.89;0.22;0.44;14.47;4.10;3.01;8.89;2.62;0.00;0.01;0.50;0.60;0.00;17.58;1.88;4.92;37.99;1.17;4.47;1.66;3.82;0.01;0.05;0.07;0.15;0.33;0.02;
2.98;19.07;12.47;4.72;6.34;5.15;3.02;0.00;0.00;0.00;0.04;0.04;0.04;3.69;8.06;1.09;23.81;18.58;11.93;5.46;0.88;0.89;0.22;0.44;14.07;4.05;2.84;8.74;2.59;0.00;0.01;0.50;0.60;0.00;18.13;2.13;5.70;38.47;1.26;7.19;2.49;5.60;0.12;0.40;0.87;0.96;1.66;0.15;
2.98;19.07;12.47;4.72;6.34;5.15;3.02;0.00;0.00;0.00;0.04;0.04;0.04;3.69;8.06;1.08;23.80;18.58;11.93;5.39;0.88;0.87;0.21;0.44;14.24;4.07;2.91;8.80;2.60;0.00;0.01;0.50;0.60;0.00;34.18;27.30;113.48;49.82;5.63;7.19;2.48;5.60;0.20;0.61;1.47;1.41;2.31;0.24;
2.98;19.07;12.47;4.72;6.34;5.15;3.02;0.00;0.00;0.00;0.04;0.04;0.04;3.69;8.06;1.08;23.80;18.58;11.93;5.36;0.88;0.86;0.21;0.44;14.40;4.09;2.98;8.86;2.61;0.00;0.01;0.50;0.60;0.00;22.99;5.54;17.46;42.38;2.20;7.21;2.49;5.62;0.10;0.33;0.69;0.81;1.43;0.12;
2.98;19.07;12.47;4.72;6.34;5.15;3.02;0.00;0.00;0.00;0.04;0.04;0.04;3.69;8.06;1.08;23.80;18.58;11.93;5.35;0.88;0.86;0.21;0.43;14.43;4.09;2.99;8.88;2.62;0.00;0.01;0.50;0.60;0.00;26.72;10.14;35.51;45.06;3.15;6.45;2.27;5.13;0.03;0.11;0.17;0.30;0.60;0.04;
2.97;18.95;12.41;4.69;6.30;5.12;3.01;0.00;0.00;0.00;0.04;0.04;0.04;3.69;8.06;1.08;23.80;18.58;11.93;5.27;0.87;0.84;0.21;0.43;14.56;4.11;3.05;8.93;2.63;0.00;0.01;0.50;0.60;0.00;20.80;3.70;10.90;40.69;1.74;4.77;1.75;4.03;0.10;0.32;0.67;0.80;1.41;0.12;
2.97;18.92;12.39;4.68;6.30;5.12;3.00;0.00;0.00;0.00;0.04;0.04;0.04;3.69;8.06;1.08;23.80;18.58;11.93;5.25;0.87;0.83;0.21;0.43;14.46;4.09;3.01;8.89;2.62;0.00;0.01;0.50;0.60;0.00;14.37;0.84;1.90;34.99;0.72;5.81;2.07;4.72;0.21;0.65;1.60;1.50;2.44;0.26;
2.97;18.92;12.39;4.68;6.29;5.12;3.00;0.00;0.00;0.00;0.04;0.04;0.04;3.69;8.06;1.08;23.80;18.58;11.93;5.25;0.87;0.83;0.21;0.43;14.44;4.09;3.00;8.88;2.62;0.00;0.01;0.50;0.60;0.00;15.16;1.04;2.45;35.76;0.82;5.50;1.98;4.51;0.05;0.16;0.27;0.41;0.80;0.06;
2.96;18.88;12.37;4.67;6.28;5.11;3.00;0.00;0.00;0.00;0.04;0.04;0.04;3.69;8.06;1.08;23.80;18.58;11.93;5.20;0.86;0.82;0.21;0.43;14.56;4.11;3.05;8.93;2.63;0.00;0.01;0.50;0.60;0.00;13.03;0.56;1.20;33.62;0.58;5.59;2.01;4.57;0.31;0.94;2.54;2.09;3.27;0.39;
2.96;18.87;12.36;4.67;6.28;5.11;3.00;0.00;0.00;0.00;0.04;0.04;0.04;3.69;8.06;1.08;23.80;18.58;11.93;5.18;0.86;0.82;0.21;0.43;14.46;4.09;3.01;8.89;2.62;0.00;0.01;0.50;0.60;0.00;13.71;0.69;1.53;34.33;0.65;7.48;2.57;5.79;0.40;1.17;3.34;2.55;3.88;0.49;
2.96;18.82;12.34;4.66;6.27;5.10;2.99;0.00;0.00;0.00;0.04;0.04;0.04;3.66;8.04;1.07;23.71;18.54;11.85;5.16;0.86;0.81;0.21;0.43;14.32;4.08;2.94;8.83;2.61;0.00;0.01;0.50;0.60;0.00;11.47;0.34;0.66;31.92;0.43;6.34;2.23;5.06;0.45;1.30;3.81;2.81;4.22;0.55;
2.96;18.82;12.34;4.66;6.26;5.10;2.99;0.00;0.00;0.00;0.04;0.04;0.04;3.69;8.05;1.08;23.78;18.57;11.91;5.15;0.86;0.81;0.20;0.43;14.41;4.09;2.99;8.87;2.62;0.00;0.01;0.50;0.60;0.00;17.52;1.85;4.84;37.93;1.16;6.38;2.24;5.09;0.49;1.41;4.21;3.02;4.50;0.60;
2.96;18.81;12.34;4.66;6.26;5.10;2.99;0.00;0.00;0.00;0.04;0.04;0.04;3.59;8.01;1.04;23.51;18.46;11.69;5.14;0.86;0.81;0.20;0.43;14.56;4.11;3.05;8.92;2.63;0.00;0.01;0.50;0.60;0.00;16.29;1.38;3.43;36.82;0.97;6.05;2.15;4.87;0.25;0.75;1.93;1.71;2.74;0.31;
2.95;18.81;12.34;4.66;6.26;5.10;2.99;0.00;0.00;0.00;0.04;0.04;0.04;3.53;7.98;1.02;23.36;18.39;11.57;5.07;0.85;0.79;0.20;0.42;14.21;4.07;2.90;8.79;2.60;0.00;0.01;0.50;0.60;0.00;12.85;0.53;1.12;33.43;0.56;6.04;2.14;4.87;0.16;0.51;1.19;1.20;2.02;0.20;
2.95;18.81;12.34;4.66;6.26;5.10;2.99;0.00;0.00;0.00;0.04;0.04;0.04;3.49;7.96;1.00;23.23;18.34;11.47;5.06;0.85;0.79;0.20;0.42;14.51;4.10;3.03;8.91;2.62;0.00;0.01;0.50;0.60;0.00;12.41;0.46;0.95;32.96;0.51;5.84;2.08;4.74;0.15;0.48;1.11;1.15;1.94;0.19;
2.95;18.81;12.34;4.66;6.26;5.10;2.99;0.00;0.00;0.00;0.04;0.04;0.04;3.48;7.96;0.99;23.21;18.33;11.45;5.05;0.85;0.79;0.20;0.42;14.20;4.06;2.90;8.79;2.60;0.00;0.00;0.50;0.60;0.00;11.71;0.37;0.72;32.18;0.45;6.95;2.42;5.45;0.52;1.52;4.60;3.22;4.75;0.65;
2.95;18.81;12.34;4.66;6.26;5.10;2.99;0.00;0.00;0.00;0.04;0.04;0.04;3.48;7.96;0.99;23.20;18.33;11.45;5.05;0.85;0.79;0.20;0.42;14.02;4.04;2.82;8.72;2.59;0.00;0.01;0.50;0.60;0.00;21.59;4.30;12.99;41.31;1.90;5.77;2.06;4.69;0.09;0.28;0.56;0.70;1.26;0.10;
2.95;18.77;12.32;4.65;6.25;5.09;2.98;0.00;0.00;0.00;0.04;0.04;0.04;3.48;7.96;0.99;23.20;18.33;11.45;5.04;0.85;0.78;0.20;0.42;13.99;4.04;2.80;8.71;2.59;0.00;0.01;0.50;0.60;0.00;22.67;5.24;16.35;42.14;2.13;9.44;3.13;6.97;0.06;0.19;0.35;0.50;0.94;0.07;
2.94;18.68;12.27;4.63;6.22;5.07;2.97;0.00;0.00;0.00;0.04;0.04;0.04;3.48;7.96;0.99;23.20;18.33;11.45;4.97;0.84;0.77;0.20;0.42;14.10;4.05;2.85;8.75;2.59;0.00;0.00;0.50;0.60;0.00;21.09;3.92;11.63;40.92;1.80;6.67;2.33;5.27;0.04;0.13;0.23;0.36;0.71;0.05;
2.94;18.71;12.28;4.64;6.23;5.08;2.98;0.00;0.00;0.00;0.04;0.04;0.04;3.48;7.96;0.99;23.20;18.33;11.45;4.96;0.84;0.76;0.20;0.42;14.12;4.05;2.86;8.76;2.59;0.00;0.00;0.50;0.60;0.00;24.57;7.23;23.88;43.54;2.58;7.10;2.46;5.54;0.10;0.32;0.67;0.80;1.41;0.12;
2.94;18.67;12.26;4.63;6.22;5.07;2.97;0.00;0.00;0.00;0.04;0.04;0.04;3.48;7.96;0.99;23.20;18.33;11.45;4.96;0.84;0.76;0.20;0.42;14.25;4.07;2.91;8.81;2.60;0.00;0.00;0.50;0.60;0.00;15.28;1.07;2.54;35.88;0.84;6.30;2.22;5.04;0.10;0.32;0.67;0.79;1.40;0.12;
2.93;18.62;12.24;4.62;6.21;5.06;2.97;0.00;0.00;0.00;0.04;0.04;0.04;3.48;7.96;0.99;23.20;18.33;11.45;4.96;0.84;0.76;0.20;0.42;14.40;4.09;2.98;8.86;2.61;0.00;0.00;0.50;0.60;0.00;19.30;2.74;7.65;39.46;1.46;6.05;2.15;4.88;0.41;1.21;3.48;2.63;3.98;0.51;
2.93;18.57;12.21;4.61;6.19;5.05;2.96;0.00;0.00;0.00;0.04;0.04;0.04;3.48;7.96;0.99;23.20;18.33;11.45;4.96;0.84;0.76;0.20;0.42;14.43;4.09;2.99;8.88;2.62;0.00;0.00;0.50;0.60;0.00;13.15;0.58;1.25;33.74;0.59;5.60;2.01;4.58;1.23;3.38;12.45;6.62;8.90;1.55;
2.93;18.56;12.21;4.60;6.19;5.05;2.96;0.00;0.00;0.00;0.04;0.04;0.04;3.48;7.96;0.99;23.20;18.33;11.45;4.96;0.84;0.76;0.20;0.42;14.19;4.06;2.89;8.78;2.60;0.00;0.00;0.50;0.60;0.00;18.30;2.21;5.95;38.62;1.28;7.57;2.60;5.84;0.09;0.30;0.61;0.75;1.33;0.11;
2.93;18.56;12.21;4.60;6.19;5.05;2.96;0.00;0.00;0.00;0.04;0.04;0.04;3.48;7.96;0.99;23.20;18.33;11.45;4.94;0.84;0.76;0.20;0.42;14.14;4.06;2.87;8.77;2.60;0.00;0.00;0.50;0.59;0.00;28.51;13.15;48.19;46.27;3.67;5.24;1.90;4.34;0.25;0.75;1.92;1.71;2.74;0.31;
2.93;18.56;12.21;4.60;6.19;5.05;2.96;0.00;0.00;0.00;0.04;0.04;0.04;3.48;7.96;0.99;23.20;18.33;11.45;4.90;0.83;0.75;0.20;0.41;14.13;4.06;2.86;8.76;2.60;0.00;0.00;0.50;0.59;0.00;29.43;14.95;55.99;46.87;3.95;7.06;2.45;5.52;0.24;0.74;1.87;1.67;2.69;0.30;
2.93;18.56;12.21;4.60;6.19;5.05;2.96;0.00;0.00;0.00;0.04;0.04;0.04;3.48;7.96;0.99;23.20;18.33;11.45;4.90;0.83;0.75;0.20;0.41;14.37;4.08;2.97;8.86;2.61;0.00;0.00;0.50;0.59;0.00;14.34;0.83;1.88;34.96;0.72;5.39;1.95;4.44;0.05;0.17;0.30;0.44;0.85;0.06;
2.93;18.56;12.21;4.60;6.19;5.05;2.96;0.00;0.00;0.00;0.04;0.04;0.04;3.48;7.96;0.99;23.20;18.33;11.45;4.87;0.83;0.74;0.19;0.41;14.05;4.05;2.83;8.73;2.59;0.00;0.00;0.50;0.59;0.00;16.67;1.52;3.84;37.18;1.03;5.89;2.10;4.77;0.09;0.29;0.60;0.73;1.31;0.11;
2.93;18.56;12.21;4.60;6.19;5.05;2.96;0.00;0.00;0.00;0.04;0.04;0.04;3.48;7.96;0.99;23.20;18.33;11.45;4.87;0.83;0.74;0.19;0.41;14.11;4.05;2.86;8.76;2.59;0.00;0.00;0.50;0.59;0.00;19.47;2.84;7.98;39.61;1.49;6.00;2.13;4.84;0.58;1.66;5.14;3.49;5.10;0.72;
2.93;18.56;12.21;4.60;6.19;5.05;2.96;0.00;0.00;0.00;0.04;0.04;0.04;3.48;7.96;0.99;23.20;18.33;11.45;4.87;0.83;0.74;0.19;0.41;14.01;4.04;2.81;8.71;2.59;0.00;0.00;0.50;0.59;0.00;13.05;0.57;1.21;33.64;0.58;7.45;2.56;5.77;2.02;5.35;22.02;10.02;12.76;2.54;
2.93;18.56;12.21;4.60;6.19;5.05;2.96;0.00;0.00;0.00;0.04;0.04;0.04;3.48;7.96;0.99;23.20;18.33;11.45;4.87;0.83;0.74;0.19;0.41;14.10;4.05;2.85;8.75;2.59;0.00;0.00;0.50;0.59;0.00;26.77;10.21;35.82;45.10;3.16;7.19;2.48;5.60;0.06;0.19;0.35;0.49;0.93;0.07;
2.93;18.56;12.21;4.60;6.19;5.05;2.96;0.00;0.00;0.00;0.04;0.04;0.04;3.48;7.96;0.99;23.20;18.33;11.45;4.87;0.83;0.74;0.19;0.41;14.25;4.07;2.91;8.81;2.60;0.00;0.00;0.50;0.59;0.00;22.73;5.29;16.56;42.19;2.15;7.00;2.43;5.48;0.38;1.14;3.21;2.48;3.78;0.48;
2.93;18.56;12.21;4.60;6.19;5.05;2.96;0.00;0.00;0.00;0.04;0.04;0.04;3.48;7.96;0.99;23.20;18.33;11.45;4.87;0.83;0.74;0.19;0.41;14.27;4.07;2.93;8.82;2.61;0.00;0.00;0.50;0.59;0.00;26.57;9.92;34.59;44.96;3.10;10.11;3.32;7.37;0.07;0.22;0.42;0.57;1.06;0.08;
2.93;18.56;12.21;4.60;6.19;5.05;2.96;0.00;0.00;0.00;0.04;0.04;0.04;3.48;7.96;0.99;23.20;18.33;11.45;4.87;0.83;0.74;0.19;0.41;14.04;4.04;2.82;8.73;2.59;0.00;0.00;0.50;0.59;0.00;23.06;5.61;17.72;42.43;2.22;6.40;2.25;5.10;0.23;0.70;1.76;1.60;2.59;0.28;
2.93;18.56;12.21;4.60;6.19;5.05;2.96;0.00;0.00;0.00;0.04;0.04;0.04;3.41;7.92;0.96;23.01;18.24;11.30;4.84;0.83;0.73;0.19;0.41;14.11;4.05;2.85;8.75;2.59;0.00;0.00;0.50;0.59;0.00;19.06;2.61;7.22;39.27;1.41;7.34;2.53;5.70;0.19;0.58;1.40;1.35;2.24;0.23;
2.93;18.56;12.21;4.60;6.19;5.05;2.96;0.00;0.00;0.00;0.04;0.04;0.04;3.40;7.92;0.96;22.98;18.23;11.27;4.81;0.83;0.73;0.19;0.41;14.12;4.05;2.86;8.76;2.60;0.00;0.00;0.50;0.59;0.00;11.35;0.32;0.63;31.78;0.42;4.91;1.80;4.12;0.20;0.61;1.47;1.40;2.31;0.24;
2.93;18.56;12.21;4.60;6.19;5.05;2.96;0.00;0.00;0.00;0.04;0.04;0.04;3.36;7.90;0.94;22.87;18.18;11.19;4.80;0.82;0.72;0.19;0.41;14.25;4.07;2.92;8.81;2.60;0.00;0.00;0.50;0.59;0.00;13.47;0.64;1.40;34.08;0.62;5.22;1.89;4.33;0.18;0.55;1.29;1.28;2.13;0.22;
2.93;18.56;12.21;4.60;6.19;5.05;2.96;0.00;0.00;0.00;0.04;0.04;0.04;3.32;7.88;0.93;22.76;18.13;11.10;4.78;0.82;0.72;0.19;0.41;14.03;4.04;2.82;8.73;2.59;0.00;0.00;0.50;0.59;0.00;23.90;6.47;20.98;43.06;2.42;5.87;2.09;4.76;0.23;0.72;1.81;1.64;2.64;0.29;
2.92;18.52;12.19;4.59;6.18;5.04;2.96;0.00;0.00;0.00;0.04;0.04;0.04;3.32;7.88;0.92;22.74;18.12;11.08;4.77;0.82;0.72;0.19;0.41;14.23;4.07;2.91;8.80;2.60;0.00;0.00;0.50;0.59;0.00;39.07;46.73;213.17;52.61;7.73;7.91;2.70;6.05;0.12;0.39;0.85;0.94;1.63;0.15;
2.91;18.39;12.12;4.56;6.14;5.02;2.94;0.00;0.00;0.00;0.04;0.04;0.04;3.31;7.88;0.92;22.73;18.12;11.08;4.77;0.82;0.72;0.19;0.41;14.15;4.06;2.87;8.77;2.60;0.00;0.00;0.50;0.59;0.00;22.17;4.78;14.71;41.76;2.02;6.14;2.17;4.94;0.04;0.14;0.23;0.36;0.71;0.05;
2.91;18.41;12.13;4.57;6.14;5.02;2.94;0.00;0.00;0.00;0.04;0.04;0.04;3.28;7.86;0.91;22.64;18.08;11.00;4.77;0.82;0.72;0.19;0.41;14.13;4.06;2.86;8.76;2.60;0.00;0.00;0.50;0.59;0.00;16.98;1.64;4.18;37.45;1.08;6.67;2.33;5.27;0.03;0.11;0.17;0.29;0.59;0.04;
2.90;18.37;12.11;4.56;6.13;5.01;2.94;0.00;0.00;0.00;0.04;0.04;0.04;3.31;7.87;0.92;22.71;18.11;11.06;4.77;0.82;0.72;0.19;0.41;14.13;4.06;2.86;8.76;2.60;0.00;0.00;0.50;0.59;0.00;24.95;7.70;25.70;43.82;2.67;6.18;2.19;4.96;0.09;0.31;0.63;0.76;1.36;0.12;
2.91;18.44;12.14;4.58;6.15;5.03;2.95;0.00;0.00;0.00;0.04;0.04;0.04;3.28;7.86;0.91;22.64;18.08;11.00;4.77;0.82;0.72;0.19;0.41;14.13;4.06;2.86;8.76;2.60;0.00;0.00;0.50;0.59;0.00;22.08;4.70;14.42;41.69;2.00;6.53;2.29;5.18;0.05;0.18;0.32;0.46;0.88;0.06;
2.90;18.34;12.09;4.55;6.12;5.01;2.93;0.00;0.00;0.00;0.04;0.04;0.04;3.28;7.86;0.91;22.62;18.07;10.99;4.77;0.82;0.72;0.19;0.41;14.01;4.04;2.81;8.72;2.59;0.00;0.00;0.50;0.59;0.00;24.08;6.67;21.73;43.19;2.46;5.26;1.90;4.35;0.02;0.08;0.11;0.22;0.46;0.03;
2.90;18.31;12.08;4.55;6.12;5.00;2.93;0.00;0.00;0.00;0.04;0.04;0.04;3.27;7.86;0.91;22.62;18.07;10.99;4.77;0.82;0.72;0.19;0.41;13.98;4.04;2.80;8.71;2.58;0.00;0.00;0.50;0.59;0.00;15.44;1.12;2.67;36.03;0.86;6.65;2.32;5.26;0.19;0.58;1.39;1.35;2.23;0.23;
2.90;18.31;12.08;4.55;6.11;5.00;2.93;0.00;0.00;0.00;0.04;0.04;0.04;3.27;7.86;0.91;22.62;18.07;10.99;4.77;0.82;0.72;0.19;0.41;13.98;4.04;2.80;8.70;2.58;0.00;0.00;0.50;0.59;0.00;21.47;4.20;12.64;41.21;1.87;6.88;2.39;5.40;1.85;4.93;19.91;9.31;11.98;2.33;
2.90;18.31;12.08;4.55;6.11;5.00;2.93;0.00;0.00;0.00;0.04;0.04;0.04;3.27;7.86;0.91;22.62;18.07;10.99;4.76;0.82;0.72;0.19;0.41;14.10;4.05;2.85;8.75;2.59;0.00;0.00;0.50;0.59;0.00;22.10;4.72;14.48;41.70;2.01;8.75;2.94;6.56;0.14;0.45;1.02;1.08;1.83;0.18;
2.90;18.31;12.08;4.55;6.11;5.00;2.93;0.00;0.00;0.00;0.04;0.04;0.04;3.27;7.86;0.91;22.62;18.07;10.99;4.74;0.82;0.71;0.19;0.41;14.24;4.07;2.91;8.81;2.60;0.00;0.00;0.49;0.59;0.00;20.55;3.53;10.29;40.49;1.69;9.17;3.06;6.81;0.14;0.46;1.03;1.09;1.85;0.18;
2.90;18.31;12.08;4.55;6.11;5.00;2.93;0.00;0.00;0.00;0.04;0.04;0.04;3.27;7.86;0.91;22.62;18.07;10.99;4.71;0.81;0.70;0.19;0.41;14.03;4.04;2.82;8.72;2.59;0.00;0.00;0.49;0.59;0.00;21.14;3.95;11.76;40.96;1.81;9.93;3.27;7.27;0.79;2.24;7.46;4.57;6.44;0.99;
2.90;18.31;12.08;4.55;6.11;5.00;2.93;0.00;0.00;0.00;0.04;0.04;0.04;3.27;7.86;0.91;22.62;18.07;10.99;4.69;0.81;0.70;0.19;0.40;13.99;4.04;2.80;8.71;2.59;0.00;0.00;0.49;0.59;0.00;20.76;3.67;10.78;40.65;1.73;6.37;2.24;5.08;0.10;0.32;0.67;0.79;1.40;0.12;
2.90;18.31;12.08;4.55;6.11;5.00;2.93;0.00;0.00;0.00;0.04;0.04;0.04;3.27;7.86;0.91;22.62;18.07;10.99;4.68;0.81;0.70;0.19;0.40;13.98;4.04;2.80;8.71;2.58;0.00;0.00;0.49;0.59;0.00;13.43;0.64;1.38;34.04;0.62;7.35;2.53;5.70;0.02;0.07;0.10;0.20;0.42;0.02;
2.90;18.31;12.08;4.55;6.11;5.00;2.93;0.00;0.00;0.00;0.04;0.04;0.04;3.27;7.86;0.91;22.62;18.07;10.99;4.68;0.81;0.70;0.19;0.40;14.10;4.05;2.85;8.75;2.59;0.00;0.00;0.49;0.59;0.00;12.44;0.47;0.96;33.00;0.52;6.29;2.22;5.03;0.06;0.19;0.34;0.49;0.92;0.07;
2.90;18.31;12.08;4.55;6.11;5.00;2.93;0.00;0.00;0.00;0.04;0.04;0.04;3.27;7.86;0.91;22.62;18.07;10.99;4.68;0.81;0.70;0.19;0.40;13.88;4.03;2.76;8.67;2.58;0.00;0.00;0.49;0.59;0.00;25.79;8.79;30.02;44.41;2.89;6.89;2.40;5.42;0.66;1.87;5.98;3.89;5.60;0.82;
2.90;18.31;12.08;4.55;6.11;5.00;2.93;0.00;0.00;0.00;0.04;0.04;0.04;3.27;7.86;0.91;22.62;18.07;10.99;4.68;0.81;0.70;0.19;0.40;13.96;4.04;2.79;8.70;2.58;0.00;0.00;0.49;0.59;0.00;18.69;2.41;6.57;38.95;1.35;7.19;2.48;5.60;0.76;2.14;7.06;4.39;6.23;0.95;
2.90;18.31;12.08;4.55;6.11;5.00;2.93;0.00;0.00;0.00;0.04;0.04;0.04;3.27;7.86;0.91;22.62;18.07;10.99;4.68;0.81;0.70;0.19;0.40;14.22;4.07;2.90;8.80;2.60;0.00;0.00;0.49;0.59;0.00;16.25;1.37;3.40;36.79;0.97;4.84;1.77;4.07;0.33;0.98;2.66;2.16;3.36;0.40;
2.90;18.31;12.08;4.55;6.11;5.00;2.93;0.00;0.00;0.00;0.04;0.04;0.04;3.27;7.86;0.91;22.62;18.07;10.99;4.68;0.81;0.70;0.19;0.40;14.15;4.06;2.87;8.77;2.60;0.00;0.00;0.49;0.58;0.00;14.83;0.95;2.21;35.44;0.78;6.51;2.28;5.17;0.12;0.39;0.85;0.95;1.64;0.15;
2.90;18.31;12.08;4.55;6.11;5.00;2.93;0.00;0.00;0.00;0.04;0.04;0.04;3.27;7.86;0.91;22.62;18.07;10.99;4.68;0.81;0.70;0.19;0.40;14.01;4.04;2.81;8.72;2.59;0.00;0.00;0.49;0.58;0.00;17.10;1.68;4.32;37.56;1.09;6.94;2.41;5.45;0.22;0.67;1.66;1.53;2.50;0.27;
2.90;18.31;12.08;4.55;6.11;5.00;2.93;0.00;0.00;0.00;0.04;0.04;0.04;3.27;7.86;0.91;22.62;18.07;10.99;4.68;0.81;0.70;0.19;0.40;13.98;4.04;2.80;8.71;2.58;0.00;0.00;0.49;0.58;0.00;18.18;2.16;5.77;38.52;1.27;5.64;2.02;4.61;0.38;1.14;3.21;2.48;3.78;0.48;
2.90;18.31;12.08;4.55;6.11;5.00;2.93;0.00;0.00;0.00;0.04;0.04;0.04;3.27;7.86;0.91;22.62;18.07;10.99;4.68;0.81;0.70;0.19;0.40;13.98;4.04;2.80;8.70;2.58;0.00;0.00;0.49;0.58;0.00;33.74;25.90;106.67;49.56;5.46;9.11;3.04;6.78;0.17;0.54;1.26;1.26;2.10;0.21;
2.90;18.31;12.08;4.55;6.11;5.00;2.93;0.00;0.00;0.00;0.04;0.04;0.04;3.27;7.86;0.91;22.62;18.07;10.99;4.68;0.81;0.70;0.19;0.40;13.98;4.04;2.80;8.70;2.58;0.00;0.00;0.49;0.58;0.00;18.40;2.26;6.11;38.70;1.30;6.68;2.34;5.28;0.03;0.09;0.14;0.26;0.53;0.03;
2.90;18.31;12.08;4.55;6.11;5.00;2.93;0.00;0.00;0.00;0.04;0.04;0.04;3.27;7.86;0.91;22.62;18.07;10.99;4.68;0.81;0.70;0.19;0.40;13.98;4.04;2.80;8.70;2.58;0.00;0.00;0.49;0.58;0.00;18.40;2.26;6.11;38.70;1.30;6.11;2.17;4.92;0.08;0.26;0.52;0.66;1.20;0.10;
2.90;18.31;12.08;4.55;6.11;5.00;2.93;0.00;0.00;0.00;0.04;0.04;0.04;3.27;7.86;0.91;22.62;18.07;10.99;4.68;0.81;0.70;0.19;0.40;13.98;4.04;2.80;8.70;2.58;0.00;0.00;0.48;0.58;0.00;22.55;5.12;15.93;42.05;2.10;6.23;2.20;4.99;0.26;0.78;2.00;1.76;2.81;0.32;
2.90;18.31;12.08;4.55;6.11;5.00;2.93;0.00;0.00;0.00;0.04;0.04;0.04;3.27;7.86;0.91;22.62;18.07;10.99;4.68;0.81;0.70;0.19;0.40;14.10;4.05;2.85;8.75;2.59;0.00;0.00;0.48;0.58;0.00;18.10;2.12;5.65;38.45;1.25;4.67;1.72;3.96;0.05;0.18;0.33;0.48;0.91;0.07;
2.90;18.31;12.08;4.55;6.11;5.00;2.93;0.00;0.00;0.00;0.04;0.04;0.04;3.27;7.86;0.91;22.62;18.07;10.99;4.68;0.81;0.70;0.19;0.40;14.00;4.04;2.81;8.71;2.59;0.00;0.00;0.48;0.58;0.00;22.67;5.24;16.36;42.14;2.13;6.69;2.34;5.28;0.22;0.67;1.66;1.54;2.50;0.27;
