4.59;34.77;19.98;8.10;10.82;7.90;4.68;0.00;0.00;0.00;0.08;0.07;0.08;61.60;14.59;70.65;78.50;35.66;80.91;12.91;1.43;3.37;0.47;0.70;53.90;7.06;48.62;20.03;4.40;0.02;0.06;0.70;0.81;0.01;57.29;217.89;1297.52;61.50;19.11;22.72;6.61;14.15;2.16;5.71;23.90;10.63;13.44;2.73;
3.11;20.18;13.04;4.96;6.67;5.36;3.15;0.00;0.00;0.00;0.04;0.04;0.04;5.33;8.71;1.87;27.81;20.23;15.31;5.55;0.89;0.91;0.22;0.44;17.90;4.47;4.72;10.14;2.85;0.00;0.01;0.53;0.63;0.00;39.79;50.31;232.49;53.01;8.07;9.97;3.28;7.29;0.56;1.61;4.96;3.40;4.98;0.70;
2.89;18.26;12.05;4.54;6.10;4.99;2.93;0.00;0.00;0.00;0.03;0.04;0.04;3.43;7.93;0.97;23.07;18.27;11.35;4.77;0.82;0.72;0.19;0.41;14.33;4.08;2.95;8.84;2.61;0.00;0.01;0.51;0.60;0.00;62.14;302.27;1904.93;63.58;23.17;9.58;3.17;7.06;1.63;4.38;17.17;8.36;10.91;2.05;
2.86;17.95;11.89;4.47;6.01;4.93;2.89;0.00;0.00;0.00;0.03;0.04;0.04;3.15;7.79;0.86;22.25;17.91;10.70;4.63;0.81;0.68;0.19;0.40;14.05;4.05;2.83;8.73;2.59;0.00;0.01;0.50;0.60;0.00;41.86;61.68;295.21;54.11;9.10;6.73;2.35;5.31;13.29;31.17;197.13;49.15;50.89;17.12;
2.85;17.85;11.84;4.44;5.98;4.91;2.88;0.00;0.00;0.00;0.03;0.04;0.04;3.09;7.76;0.83;22.08;17.84;10.57;4.57;0.80;0.67;0.18;0.40;13.67;4.00;2.67;8.59;2.56;0.00;0.01;0.50;0.60;0.00;54.48;178.01;1023.60;60.25;16.97;9.43;3.13;6.97;5.00;12.50;63.32;21.56;24.86;6.37;
2.84;17.83;11.83;4.44;5.97;4.91;2.87;0.00;0.00;0.00;0.03;0.04;0.04;3.08;7.76;0.83;22.05;17.82;10.55;4.58;0.80;0.67;0.18;0.40;14.03;4.04;2.82;8.72;2.59;0.00;0.01;0.50;0.60;0.00;93.97;1594.92;13404.50;75.25;61.63;8.92;2.98;6.66;30.83;68.46;524.48;99.98;94.36;40.09;
2.84;17.82;11.82;4.44;5.97;4.91;2.87;0.00;0.00;0.00;0.03;0.04;0.04;3.08;7.76;0.83;22.05;17.82;10.54;4.56;0.80;0.67;0.18;0.40;13.99;4.04;2.81;8.71;2.59;0.00;0.01;0.50;0.60;0.00;152.44;11169.64;131477.44;91.67;193.64;8.42;2.84;6.36;18.27;41.97;285.41;64.29;64.28;23.62;
2.84;17.82;11.82;4.44;5.97;4.91;2.87;0.00;0.00;0.00;0.03;0.04;0.04;3.08;7.76;0.83;22.04;17.82;10.54;4.56;0.80;0.67;0.18;0.40;13.88;4.03;2.76;8.67;2.58;0.00;0.01;0.50;0.60;0.00;159.77;13490.05;164064.34;93.44;216.38;11.74;3.77;8.32;2.66;6.92;30.36;12.65;15.63;3.36;
2.84;17.82;11.82;4.44;5.97;4.91;2.87;0.00;0.00;0.00;0.03;0.04;0.04;3.08;7.76;0.83;22.04;17.82;10.54;4.56;0.80;0.67;0.18;0.40;13.96;4.04;2.79;8.70;2.58;0.00;0.01;0.50;0.60;0.00;65.27;368.32;2401.95;64.86;26.03;9.85;3.25;7.22;1.53;4.13;15.98;7.94;10.43;1.92;
2.84;17.82;11.82;4.44;5.97;4.91;2.87;0.00;0.00;0.00;0.03;0.04;0.04;3.08;7.76;0.83;22.04;17.82;10.54;4.59;0.80;0.68;0.18;0.40;14.09;4.05;2.85;8.75;2.59;0.00;0.01;0.50;0.60;0.00;49.72;123.25;665.04;58.05;13.67;7.64;2.62;5.88;4.26;10.75;52.50;18.82;22.08;5.42;
2.84;17.82;11.82;4.44;5.97;4.91;2.87;0.00;0.00;0.00;0.03;0.04;0.04;3.05;7.74;0.82;21.95;17.78;10.47;4.56;0.80;0.67;0.18;0.40;14.23;4.07;2.91;8.80;2.60;0.00;0.01;0.50;0.60;0.00;60.34;268.48;1657.65;62.82;21.61;7.90;2.69;6.05;7.17;17.50;96.20;29.21;32.36;9.17;
2.84;17.82;11.82;4.44;5.97;4.91;2.87;0.00;0.00;0.00;0.03;0.04;0.04;3.05;7.74;0.81;21.94;17.77;10.46;4.53;0.80;0.66;0.18;0.40;13.81;4.02;2.73;8.64;2.57;0.00;0.01;0.50;0.60;0.00;87.89;1219.06;9779.90;73.23;52.62;10.37;3.39;7.52;9.46;22.70;132.90;36.92;39.68;12.15;
2.84;17.82;11.82;4.44;5.97;4.91;2.87;0.00;0.00;0.00;0.03;0.04;0.04;3.07;7.75;0.83;22.02;17.81;10.53;4.54;0.80;0.66;0.18;0.40;14.06;4.05;2.84;8.74;2.59;0.00;0.01;0.50;0.60;0.00;96.41;1768.40;15130.51;76.04;65.49;12.40;3.95;8.69;24.37;54.94;398.92;81.97;79.40;31.60;
2.84;17.82;11.82;4.44;5.97;4.91;2.87;0.00;0.00;0.00;0.03;0.04;0.04;3.05;7.74;0.82;21.95;17.78;10.47;4.56;0.80;0.67;0.18;0.40;13.89;4.03;2.76;8.67;2.58;0.00;0.01;0.50;0.60;0.00;165.24;15447.50;192328.02;94.73;234.33;12.00;3.84;8.46;8.34;20.17;114.73;33.19;36.17;10.69;
2.84;17.82;11.82;4.44;5.97;4.91;2.87;0.00;0.00;0.00;0.03;0.04;0.04;2.96;7.69;0.78;21.67;17.65;10.26;4.52;0.80;0.66;0.18;0.40;13.97;4.04;2.79;8.70;2.58;0.00;0.01;0.50;0.60;0.00;204.14;36159.12;521591.00;103.26;386.44;11.58;3.73;8.22;1.67;4.48;17.66;8.54;11.10;2.10;
2.84;17.82;11.82;4.44;5.97;4.91;2.87;0.00;0.00;0.00;0.03;0.04;0.04;3.00;7.71;0.80;21.79;17.71;10.35;4.51;0.80;0.66;0.18;0.40;13.98;4.04;2.80;8.71;2.58;0.00;0.01;0.50;0.60;0.00;142.14;8430.31;94516.23;89.09;164.11;10.72;3.49;7.73;1.71;4.59;18.23;8.74;11.33;2.16;
2.84;17.82;11.82;4.44;5.97;4.91;2.87;0.00;0.00;0.00;0.03;0.04;0.04;2.95;7.68;0.78;21.63;17.64;10.23;4.52;0.80;0.66;0.18;0.40;13.98;4.04;2.80;8.71;2.58;0.00;0.00;0.50;0.60;0.00;84.11;1021.23;7945.54;71.93;47.42;12.88;4.08;8.96;3.38;8.68;40.20;15.51;18.66;4.29;
2.84;17.82;11.82;4.44;5.97;4.91;2.87;0.00;0.00;0.00;0.03;0.04;0.04;2.91;7.66;0.76;21.52;17.59;10.14;4.51;0.80;0.66;0.18;0.40;13.99;4.04;2.80;8.71;2.58;0.00;0.00;0.50;0.59;0.00;105.72;2562.36;23376.89;78.96;81.45;10.60;3.46;7.66;3.14;8.10;36.88;14.57;17.67;3.98;
2.84;17.82;11.82;4.44;5.97;4.91;2.87;0.00;0.00;0.00;0.03;0.04;0.04;2.99;7.71;0.79;21.76;17.69;10.32;4.51;0.80;0.66;0.18;0.40;14.10;4.05;2.85;8.75;2.59;0.00;0.00;0.50;0.59;0.00;148.27;9989.58;115336.43;90.64;181.33;10.17;3.34;7.40;2.05;5.42;22.42;10.15;12.91;2.58;
2.84;17.82;11.82;4.44;5.97;4.91;2.87;0.00;0.00;0.00;0.03;0.04;0.04;2.98;7.70;0.79;21.72;17.68;10.29;4.51;0.80;0.66;0.18;0.40;14.12;4.05;2.86;8.76;2.59;0.00;0.00;0.50;0.59;0.00;72.14;550.64;3849.78;67.56;32.97;10.19;3.34;7.42;1.48;3.99;15.32;7.70;10.15;1.86;
2.84;17.82;11.82;4.44;5.97;4.91;2.87;0.00;0.00;0.00;0.03;0.04;0.04;2.94;7.68;0.77;21.62;17.63;10.22;4.51;0.80;0.66;0.18;0.40;14.01;4.04;2.81;8.72;2.59;0.00;0.00;0.50;0.59;0.00;69.72;480.17;3278.49;66.63;30.42;8.39;2.83;6.34;0.64;1.82;5.77;3.79;5.48;0.79;
2.84;17.82;11.82;4.44;5.97;4.91;2.87;0.00;0.00;0.00;0.03;0.04;0.04;2.97;7.69;0.78;21.69;17.66;10.27;4.51;0.80;0.66;0.18;0.40;13.99;4.04;2.80;8.71;2.59;0.00;0.00;0.50;0.59;0.00;121.80;4528.85;45598.02;83.65;113.87;14.31;4.46;9.75;12.53;29.49;184.07;46.77;48.74;16.13;
2.84;17.82;11.82;4.44;5.97;4.91;2.87;0.00;0.00;0.00;0.03;0.04;0.04;2.94;7.68;0.77;21.62;17.63;10.22;4.52;0.80;0.66;0.18;0.40;13.88;4.03;2.76;8.67;2.58;0.00;0.00;0.50;0.59;0.00;163.22;14701.60;181480.13;94.26;227.61;10.49;3.43;7.59;19.40;44.40;306.11;67.65;67.18;25.10;
2.84;17.82;11.82;4.44;5.97;4.91;2.87;0.00;0.00;0.00;0.03;0.04;0.04;2.99;7.71;0.79;21.78;17.70;10.34;4.51;0.80;0.66;0.18;0.40;13.74;4.01;2.70;8.61;2.57;0.00;0.00;0.50;0.59;0.00;58.65;239.58;1450.36;62.09;20.21;7.50;2.58;5.79;29.46;65.61;497.46;96.21;91.27;38.29;
2.84;17.82;11.82;4.44;5.97;4.91;2.87;0.00;0.00;0.00;0.03;0.04;0.04;2.95;7.68;0.78;21.63;17.64;10.23;4.51;0.80;0.66;0.18;0.40;13.94;4.03;2.78;8.69;2.58;0.00;0.00;0.50;0.59;0.00;130.44;5966.08;63003.27;86.02;133.91;10.02;3.30;7.32;2.49;6.52;28.17;11.98;14.91;3.15;
2.84;17.82;11.82;4.44;5.97;4.91;2.87;0.00;0.00;0.00;0.03;0.04;0.04;2.91;7.66;0.76;21.52;17.59;10.14;4.51;0.80;0.66;0.18;0.40;13.87;4.02;2.75;8.66;2.58;0.00;0.00;0.50;0.59;0.00;112.59;3300.81;31463.22;81.01;94.54;10.54;3.44;7.62;4.85;12.16;61.14;21.02;24.31;6.18;
2.84;17.82;11.82;4.44;5.97;4.91;2.87;0.00;0.00;0.00;0.03;0.04;0.04;2.93;7.67;0.77;21.58;17.61;10.19;4.51;0.80;0.66;0.18;0.40;13.85;4.02;2.75;8.66;2.58;0.00;0.00;0.50;0.59;0.00;112.33;3269.82;31116.96;80.93;94.01;8.00;2.72;6.10;0.95;2.65;9.19;5.32;7.35;1.19;
2.84;17.82;11.82;4.44;5.97;4.91;2.87;0.00;0.00;0.00;0.03;0.04;0.04;2.91;7.66;0.76;21.51;17.58;10.13;4.51;0.80;0.66;0.18;0.40;13.85;4.02;2.74;8.65;2.57;0.00;0.00;0.50;0.59;0.00;63.84;336.89;2163.34;64.28;24.70;9.28;3.09;6.88;2.70;7.03;30.93;12.82;15.81;3.42;
2.84;17.82;11.82;4.44;5.97;4.91;2.87;0.00;0.00;0.00;0.03;0.04;0.04;2.90;7.66;0.76;21.49;17.57;10.12;4.52;0.80;0.66;0.18;0.40;13.74;4.01;2.70;8.61;2.57;0.00;0.00;0.50;0.59;0.00;91.47;1431.38;11806.79;74.43;57.83;11.09;3.59;7.94;1.68;4.51;17.82;8.59;11.17;2.12;
2.86;18.02;11.93;4.48;6.03;4.94;2.90;0.00;0.00;0.00;0.03;0.04;0.04;2.93;7.67;0.77;21.58;17.61;10.19;4.58;0.80;0.67;0.18;0.40;13.94;4.03;2.78;8.69;2.58;0.00;0.00;0.49;0.59;0.00;172.03;18161.92;232549.31;96.30;257.74;12.17;3.89;8.56;47.47;102.47;866.06;143.86;129.50;62.01;
2.87;18.06;11.95;4.49;6.04;4.95;2.90;0.00;0.00;0.00;0.03;0.04;0.04;2.96;7.69;0.78;21.68;17.66;10.27;4.66;0.81;0.69;0.19;0.40;13.87;4.02;2.75;8.66;2.58;0.00;0.00;0.50;0.59;0.00;121.17;4436.05;44503.83;83.48;112.49;12.50;3.98;8.74;2.58;6.72;29.27;12.32;15.27;3.26;
2.87;18.07;11.95;4.49;6.04;4.95;2.90;0.00;0.00;0.00;0.03;0.04;0.04;3.00;7.71;0.80;21.79;17.71;10.35;4.75;0.82;0.71;0.19;0.41;13.74;4.01;2.70;8.61;2.57;0.00;0.00;0.50;0.59;0.00;137.30;7332.00;80240.43;87.84;151.17;10.40;3.40;7.54;19.57;44.77;309.26;68.15;67.62;25.32;
2.88;18.15;11.99;4.51;6.07;4.97;2.91;0.00;0.00;0.00;0.03;0.04;0.04;3.07;7.75;0.82;21.99;17.80;10.50;4.79;0.82;0.72;0.19;0.41;13.72;4.01;2.69;8.60;2.57;0.00;0.00;0.50;0.59;0.00;121.87;4540.10;45730.90;83.67;114.03;13.06;4.13;9.06;31.99;70.86;547.42;103.13;96.95;41.61;
2.90;18.29;12.07;4.54;6.11;5.00;2.93;0.00;0.00;0.00;0.03;0.04;0.04;3.08;7.75;0.83;22.03;17.82;10.54;4.86;0.83;0.74;0.19;0.41;13.93;4.03;2.78;8.69;2.58;0.00;0.00;0.50;0.59;0.00;152.54;11196.96;131855.00;91.69;193.92;10.82;3.52;7.79;2.01;5.34;21.99;10.01;12.75;2.54;
2.90;18.32;12.08;4.55;6.12;5.00;2.93;0.00;0.00;0.00;0.04;0.04;0.04;3.08;7.76;0.83;22.04;17.82;10.54;4.94;0.84;0.76;0.20;0.42;13.98;4.04;2.80;8.70;2.58;0.00;0.00;0.50;0.59;0.00;155.94;12237.53;146342.08;92.52;204.32;12.99;4.11;9.02;2.12;5.61;23.37;10.46;13.25;2.68;
2.90;18.36;12.11;4.56;6.13;5.01;2.94;0.00;0.00;0.00;0.04;0.04;0.04;3.08;7.76;0.83;22.04;17.82;10.54;5.02;0.84;0.78;0.20;0.42;14.10;4.05;2.85;8.75;2.59;0.00;0.00;0.50;0.59;0.00;141.14;8193.75;91412.66;88.83;161.38;12.98;4.11;9.01;2.17;5.74;24.02;10.67;13.48;2.74;
2.92;18.54;12.20;4.60;6.18;5.05;2.96;0.00;0.00;0.00;0.04;0.04;0.04;3.08;7.76;0.83;22.04;17.82;10.54;5.12;0.85;0.80;0.20;0.42;13.90;4.03;2.76;8.67;2.58;0.00;0.00;0.50;0.59;0.00;129.74;5839.47;61437.82;85.83;132.23;7.44;2.56;5.76;18.81;43.14;295.37;65.91;65.68;24.33;
2.93;18.57;12.21;4.61;6.19;5.05;2.96;0.00;0.00;0.00;0.04;0.04;0.04;3.08;7.76;0.83;22.04;17.82;10.54;5.22;0.86;0.82;0.21;0.43;14.08;4.05;2.84;8.74;2.59;0.00;0.00;0.50;0.59;0.00;105.11;2503.11;22744.14;78.77;80.34;11.78;3.78;8.34;5.74;14.23;74.37;24.23;27.51;7.33;
2.93;18.58;12.22;4.61;6.19;5.05;2.96;0.00;0.00;0.00;0.04;0.04;0.04;3.14;7.79;0.85;22.22;17.90;10.68;5.32;0.87;0.85;0.21;0.43;14.00;4.04;2.81;8.71;2.59;0.00;0.00;0.50;0.59;0.00;179.95;21769.95;287627.56;98.08;286.72;8.67;2.91;6.51;0.86;2.41;8.16;4.88;6.82;1.07;
2.94;18.67;12.26;4.63;6.22;5.07;2.97;0.00;0.00;0.00;0.04;0.04;0.04;3.18;7.81;0.87;22.35;17.96;10.78;5.42;0.88;0.87;0.21;0.44;14.10;4.05;2.85;8.75;2.59;0.00;0.00;0.50;0.59;0.00;155.30;12035.42;143511.05;92.36;202.33;9.89;3.26;7.24;7.98;19.35;109.00;31.98;35.02;10.22;
2.95;18.81;12.34;4.66;6.26;5.10;2.99;0.00;0.00;0.00;0.04;0.04;0.04;3.26;7.85;0.90;22.56;18.05;10.94;5.49;0.89;0.89;0.22;0.44;14.12;4.05;2.86;8.76;2.59;0.00;0.00;0.50;0.59;0.00;123.60;4804.28;48867.82;84.15;117.89;11.19;3.62;8.00;5.67;14.07;73.31;23.98;27.26;7.24;
2.96;18.84;12.35;4.66;6.27;5.10;2.99;0.00;0.00;0.00;0.04;0.04;0.04;3.27;7.85;0.91;22.60;18.07;10.98;5.53;0.89;0.90;0.22;0.44;14.12;4.05;2.86;8.76;2.60;0.00;0.00;0.50;0.59;0.00;144.97;9124.19;103705.59;89.81;171.92;8.15;2.77;6.20;6.80;16.66;90.49;27.94;31.13;8.70;
2.96;18.84;12.35;4.67;6.27;5.10;2.99;0.00;0.00;0.00;0.04;0.04;0.04;3.27;7.85;0.91;22.61;18.07;10.98;5.63;0.90;0.93;0.22;0.45;14.12;4.05;2.86;8.76;2.59;0.00;0.00;0.50;0.59;0.00;77.58;737.96;5427.68;69.60;39.17;11.31;3.65;8.07;1.66;4.47;17.63;8.53;11.09;2.10;
2.96;18.89;12.38;4.68;6.29;5.11;3.00;0.00;0.00;0.00;0.04;0.04;0.04;3.27;7.85;0.91;22.61;18.07;10.98;5.64;0.90;0.93;0.22;0.45;14.13;4.06;2.86;8.76;2.60;0.00;0.00;0.50;0.59;0.00;141.32;8234.18;91941.96;88.88;161.85;10.04;3.30;7.33;1.96;5.20;21.26;9.77;12.48;2.47;
2.98;19.02;12.45;4.71;6.33;5.14;3.01;0.00;0.00;0.00;0.04;0.04;0.04;3.27;7.85;0.91;22.61;18.07;10.98;5.73;0.91;0.96;0.23;0.45;14.13;4.06;2.86;8.76;2.60;0.00;0.00;0.50;0.59;0.00;149.65;10368.56;120486.13;90.98;185.35;9.63;3.19;7.09;17.48;40.28;271.21;61.96;62.24;22.59;
2.99;19.10;12.48;4.72;6.35;5.15;3.02;0.00;0.00;0.00;0.04;0.04;0.04;3.27;7.85;0.91;22.61;18.07;10.98;5.77;0.91;0.96;0.23;0.45;14.24;4.07;2.91;8.80;2.60;0.00;0.00;0.50;0.59;0.00;123.11;4727.89;47957.67;84.02;116.78;7.11;2.46;5.55;12.94;30.42;191.24;48.08;49.93;16.67;
2.99;19.11;12.49;4.72;6.35;5.16;3.02;0.00;0.00;0.00;0.04;0.04;0.04;3.30;7.87;0.92;22.71;18.11;11.06;5.85;0.92;0.98;0.23;0.46;14.26;4.07;2.92;8.81;2.60;0.00;0.00;0.50;0.59;0.00;169.13;16964.41;214666.67;95.63;247.60;9.83;3.24;7.21;1.61;4.33;16.96;8.29;10.82;2.03;
2.99;19.11;12.49;4.73;6.35;5.16;3.02;0.00;0.00;0.00;0.04;0.04;0.04;3.34;7.89;0.94;22.82;18.16;11.14;5.90;0.92;1.00;0.23;0.46;14.15;4.06;2.87;8.77;2.60;0.00;0.00;0.50;0.59;0.00;159.78;13494.79;164131.81;93.44;216.42;14.79;4.59;10.01;8.54;20.61;117.90;33.85;36.79;10.95;
2.99;19.11;12.49;4.73;6.35;5.16;3.02;0.00;0.00;0.00;0.04;0.04;0.04;3.35;7.89;0.94;22.84;18.17;11.16;5.96;0.93;1.01;0.23;0.46;13.91;4.03;2.77;8.68;2.58;0.00;0.00;0.50;0.60;0.00;151.65;10937.63;128279.51;91.47;191.26;10.16;3.33;7.40;5.27;13.13;67.30;22.54;25.83;6.72;
3.01;19.33;12.60;4.77;6.42;5.20;3.05;0.00;0.00;0.00;0.04;0.04;0.04;3.45;7.94;0.98;23.13;18.29;11.39;6.04;0.94;1.04;0.24;0.46;14.30;4.08;2.94;8.83;2.61;0.00;0.01;0.50;0.60;0.00;132.19;6294.17;67086.79;86.49;138.19;13.07;4.13;9.06;49.85;107.27;916.78;149.93;134.23;65.16;
3.02;19.37;12.62;4.78;6.43;5.21;3.05;0.00;0.00;0.00;0.04;0.04;0.04;3.47;7.95;0.99;23.18;18.32;11.43;6.08;0.94;1.05;0.24;0.47;14.27;4.07;2.93;8.82;2.61;0.00;0.01;0.50;0.60;0.00;140.46;8036.11;89353.05;88.66;159.55;14.67;4.56;9.95;3.17;8.18;37.34;14.70;17.81;4.03;
3.02;19.38;12.63;4.79;6.43;5.21;3.06;0.00;0.00;0.00;0.04;0.04;0.04;3.48;7.95;0.99;23.20;18.32;11.44;6.09;0.94;1.05;0.24;0.47;14.27;4.07;2.92;8.82;2.61;0.00;0.01;0.50;0.60;0.00;83.74;1003.44;7783.42;71.80;46.93;13.10;4.14;9.08;2.71;7.05;31.04;12.85;15.85;3.43;
3.02;19.38;12.63;4.79;6.43;5.21;3.06;0.00;0.00;0.00;0.04;0.04;0.04;3.48;7.96;0.99;23.20;18.32;11.44;6.18;0.95;1.07;0.24;0.47;14.38;4.08;2.97;8.86;2.61;0.00;0.01;0.50;0.60;0.00;72.89;574.14;4043.24;67.85;33.79;8.78;2.95;6.58;11.31;26.82;163.52;42.92;45.23;14.55;
3.02;19.38;12.63;4.79;6.43;5.21;3.06;0.00;0.00;0.00;0.04;0.04;0.04;3.48;7.96;0.99;23.20;18.32;11.44;6.20;0.95;1.08;0.24;0.47;14.29;4.07;2.93;8.82;2.61;0.00;0.01;0.50;0.60;0.00;98.72;1945.21;16920.08;76.78;69.27;8.74;2.93;6.55;58.31;124.18;1099.78;171.09;150.57;76.34;
3.02;19.43;12.65;4.80;6.44;5.22;3.06;0.00;0.00;0.00;0.04;0.04;0.04;3.48;7.96;0.99;23.20;18.32;11.44;6.29;0.96;1.10;0.25;0.47;14.38;4.09;2.97;8.86;2.61;0.00;0.01;0.50;0.60;0.00;134.52;6754.13;72873.50;87.11;144.04;9.82;3.24;7.20;7.13;17.42;95.66;29.09;32.25;9.13;
3.04;19.57;12.72;4.83;6.49;5.24;3.08;0.00;0.00;0.00;0.04;0.04;0.05;3.48;7.96;0.99;23.20;18.32;11.44;6.31;0.96;1.11;0.25;0.48;14.52;4.10;3.03;8.91;2.62;0.00;0.00;0.50;0.60;0.00;170.71;17607.68;224246.33;96.00;253.08;9.89;3.26;7.24;2.87;7.45;33.25;13.51;16.55;3.64;
3.04;19.60;12.74;4.83;6.49;5.25;3.08;0.00;0.00;0.00;0.04;0.04;0.05;3.48;7.96;0.99;23.20;18.32;11.44;6.37;0.96;1.13;0.25;0.48;14.43;4.09;2.99;8.88;2.62;0.00;0.01;0.50;0.60;0.00;158.99;13228.31;160336.45;93.25;213.90;12.81;4.06;8.92;137.44;276.79;2979.63;352.61;282.41;181.65;
3.05;19.65;12.76;4.84;6.51;5.26;3.09;0.00;0.00;0.00;0.04;0.04;0.05;3.54;7.99;1.02;23.39;18.41;11.59;6.43;0.97;1.14;0.25;0.48;14.30;4.08;2.94;8.83;2.61;0.00;0.01;0.50;0.60;0.00;106.74;2662.83;24455.79;79.27;83.32;9.05;3.02;6.74;12.24;28.87;179.26;45.88;47.93;15.76;
3.05;19.66;12.77;4.85;6.51;5.26;3.09;0.00;0.00;0.00;0.04;0.04;0.05;3.66;8.04;1.07;23.72;18.55;11.86;6.49;0.97;1.16;0.25;0.48;14.61;4.11;3.07;8.95;2.63;0.00;0.01;0.50;0.60;0.00;170.23;17411.46;221317.83;95.89;251.42;12.18;3.89;8.57;42.30;91.99;757.31;130.52;118.98;55.18;
3.05;19.66;12.77;4.85;6.51;5.26;3.09;0.00;0.00;0.00;0.04;0.04;0.05;3.69;8.05;1.08;23.78;18.57;11.91;6.55;0.98;1.17;0.25;0.48;14.56;4.11;3.05;8.93;2.63;0.00;0.01;0.50;0.60;0.00;114.12;3485.10;33533.68;81.46;97.61;14.27;4.45;9.73;1.52;4.10;15.81;7.88;10.35;1.91;
3.05;19.66;12.77;4.85;6.51;5.26;3.09;0.00;0.00;0.00;0.04;0.04;0.05;3.69;8.06;1.08;23.79;18.58;11.92;6.58;0.98;1.18;0.26;0.49;14.44;4.09;3.00;8.88;2.62;0.00;0.01;0.50;0.60;0.00;69.36;470.28;3199.42;66.49;30.05;12.94;4.10;8.99;20.06;45.80;318.13;69.56;68.83;25.95;
3.05;19.66;12.77;4.85;6.51;5.26;3.09;0.00;0.00;0.00;0.04;0.04;0.05;3.69;8.06;1.08;23.80;18.58;11.92;6.66;0.99;1.21;0.26;0.49;14.19;4.06;2.89;8.78;2.60;0.00;0.01;0.50;0.60;0.00;125.66;5133.75;52822.04;84.72;122.58;11.75;3.78;8.32;2.81;7.30;32.45;13.28;16.30;3.56;
3.05;19.70;12.79;4.86;6.53;5.27;3.09;0.00;0.00;0.00;0.04;0.04;0.05;3.69;8.06;1.08;23.80;18.58;11.92;6.68;0.99;1.21;0.26;0.49;14.82;4.14;3.17;9.03;2.64;0.00;0.01;0.50;0.60;0.00;93.13;1538.57;12850.64;74.98;60.34;12.83;4.07;8.93;3.07;7.91;35.85;14.27;17.36;3.89;
3.08;19.89;12.89;4.90;6.58;5.31;3.11;0.00;0.00;0.00;0.04;0.04;0.05;3.69;8.06;1.08;23.80;18.58;11.92;6.68;0.99;1.21;0.26;0.49;14.37;4.08;2.97;8.86;2.61;0.00;0.01;0.50;0.60;0.00;121.97;4555.04;45907.48;83.70;114.25;13.06;4.13;9.06;1.24;3.40;12.56;6.67;8.95;1.56;
3.08;19.93;12.91;4.91;6.59;5.31;3.12;0.00;0.00;0.00;0.04;0.04;0.05;3.69;8.06;1.08;23.80;18.58;11.92;6.78;1.00;1.24;0.26;0.49;14.51;4.10;3.03;8.91;2.62;0.00;0.01;0.50;0.60;0.00;71.22;523.14;3625.29;67.21;31.99;11.04;3.58;7.91;2.25;5.93;25.04;11.00;13.84;2.84;
3.08;19.94;12.91;4.91;6.60;5.31;3.12;0.00;0.00;0.00;0.04;0.04;0.05;3.69;8.06;1.08;23.80;18.58;11.92;6.82;1.00;1.25;0.26;0.50;14.66;4.12;3.09;8.96;2.63;0.00;0.01;0.50;0.60;0.00;99.01;1968.53;17158.20;76.88;69.75;11.66;3.75;8.27;2.21;5.83;24.52;10.83;13.66;2.79;
3.08;19.94;12.91;4.91;6.60;5.31;3.12;0.00;0.00;0.00;0.04;0.04;0.05;3.80;8.11;1.13;24.09;18.70;12.16;6.91;1.01;1.28;0.27;0.50;14.34;4.08;2.96;8.84;2.61;0.00;0.01;0.50;0.60;0.00;123.78;4832.72;49207.44;84.20;118.30;11.95;3.83;8.44;4.16;10.52;51.05;18.44;21.70;5.29;
3.08;19.94;12.91;4.91;6.60;5.31;3.12;0.00;0.00;0.00;0.04;0.04;0.05;3.90;8.15;1.17;24.35;18.81;12.37;6.93;1.01;1.28;0.27;0.50;14.28;4.07;2.93;8.82;2.61;0.00;0.01;0.50;0.60;0.00;197.02;31347.07;441138.91;101.78;355.30;12.91;4.09;8.97;1.50;4.05;15.59;7.80;10.26;1.88;
3.09;19.98;12.94;4.92;6.61;5.32;3.12;0.00;0.00;0.00;0.04;0.04;0.05;3.91;8.16;1.18;24.40;18.84;12.41;6.93;1.01;1.28;0.27;0.50;14.61;4.11;3.07;8.95;2.63;0.00;0.01;0.50;0.60;0.00;193.02;28861.72;400397.28;100.93;338.45;14.89;4.62;10.07;1.01;2.80;9.84;5.58;7.67;1.26;
3.09;20.04;12.96;4.93;6.63;5.33;3.13;0.00;0.00;0.00;0.04;0.04;0.05;3.92;8.16;1.18;24.41;18.84;12.42;7.04;1.02;1.31;0.27;0.50;14.45;4.09;3.00;8.88;2.62;0.00;0.01;0.50;0.60;0.00;137.46;7367.45;80695.87;87.88;151.60;11.00;3.57;7.89;2.34;6.16;26.24;11.38;14.26;2.96;
3.10;20.14;13.02;4.95;6.66;5.35;3.14;0.00;0.00;0.00;0.05;0.05;0.05;3.92;8.16;1.18;24.41;18.84;12.42;7.06;1.02;1.32;0.27;0.51;14.53;4.10;3.04;8.91;2.62;0.00;0.01;0.50;0.60;0.00;130.46;5970.71;63060.69;86.03;133.97;12.91;4.09;8.97;14.45;33.70;217.27;52.75;54.11;18.63;
3.11;20.21;13.05;4.97;6.67;5.37;3.15;0.00;0.00;0.00;0.05;0.05;0.05;3.92;8.16;1.18;24.41;18.84;12.42;7.06;1.02;1.32;0.27;0.51;14.55;4.10;3.04;8.92;2.63;0.00;0.01;0.50;0.60;0.00;136.12;7082.98;77053.05;87.53;148.13;12.26;3.91;8.61;15.53;36.06;236.33;56.07;57.06;20.04;
3.11;20.22;13.06;4.97;6.68;5.37;3.15;0.00;0.00;0.00;0.05;0.05;0.05;3.92;8.16;1.18;24.41;18.84;12.42;7.17;1.03;1.35;0.28;0.51;14.66;4.12;3.10;8.97;2.63;0.00;0.01;0.50;0.60;0.00;96.62;1783.83;15285.48;76.11;65.83;8.57;2.89;6.46;5.62;13.95;72.54;23.80;27.08;7.17;
3.11;20.22;13.06;4.97;6.68;5.37;3.15;0.00;0.00;0.00;0.05;0.05;0.05;3.92;8.16;1.18;24.41;18.84;12.42;7.19;1.03;1.36;0.28;0.51;14.57;4.11;3.06;8.93;2.63;0.00;0.01;0.50;0.60;0.00;56.61;207.69;1226.57;61.20;18.58;12.34;3.93;8.65;4.56;11.48;56.93;19.96;23.24;5.81;
3.11;20.22;13.06;4.97;6.68;5.37;3.15;0.00;0.00;0.00;0.05;0.05;0.05;3.92;8.16;1.18;24.41;18.84;12.42;7.20;1.03;1.36;0.28;0.51;14.44;4.09;3.00;8.88;2.62;0.00;0.01;0.50;0.60;0.00;99.48;2005.92;17541.16;77.02;70.53;7.85;2.68;6.01;2.68;6.98;30.65;12.74;15.72;3.39;
3.11;20.22;13.06;4.97;6.68;5.37;3.15;0.00;0.00;0.00;0.05;0.05;0.05;3.96;8.18;1.20;24.51;18.88;12.50;7.24;1.04;1.37;0.28;0.51;14.64;4.12;3.09;8.96;2.63;0.00;0.01;0.50;0.60;0.00;77.26;725.88;5323.57;69.48;38.79;11.13;3.61;7.97;5.39;13.41;69.07;22.97;26.26;6.88;
3.11;20.22;13.06;4.97;6.68;5.37;3.15;0.00;0.00;0.00;0.05;0.05;0.05;4.08;8.23;1.26;24.83;19.02;12.76;7.31;1.04;1.39;0.28;0.52;14.45;4.09;3.00;8.89;2.62;0.00;0.01;0.50;0.60;0.00;98.91;1960.63;17077.47;76.84;69.59;9.29;3.09;6.88;2.30;6.05;25.68;11.20;14.06;2.91;
3.11;20.22;13.06;4.97;6.68;5.37;3.15;0.00;0.00;0.00;0.05;0.05;0.05;4.15;8.26;1.29;25.00;19.09;12.90;7.33;1.04;1.40;0.28;0.52;14.19;4.06;2.89;8.79;2.60;0.00;0.01;0.50;0.60;0.00;125.04;5033.17;51610.24;84.55;121.16;8.25;2.79;6.26;4.66;11.71;58.34;20.32;23.60;5.94;
3.12;20.27;13.08;4.98;6.69;5.38;3.16;0.00;0.00;0.00;0.05;0.05;0.05;4.16;8.26;1.29;25.03;19.10;12.93;7.33;1.04;1.40;0.28;0.52;14.48;4.10;3.01;8.89;2.62;0.00;0.01;0.50;0.60;0.00;88.97;1280.10;10356.83;73.59;54.15;9.27;3.09;6.88;1.72;4.62;18.36;8.78;11.38;2.17;
3.13;20.37;13.13;5.01;6.72;5.40;3.17;0.00;0.00;0.00;0.05;0.05;0.05;4.16;8.26;1.29;25.04;19.10;12.93;7.33;1.04;1.40;0.28;0.52;14.53;4.10;3.04;8.92;2.62;0.00;0.01;0.50;0.60;0.00;91.12;1409.46;11595.00;74.31;57.31;11.97;3.84;8.45;21.77;49.44;349.89;74.53;73.09;28.19;
3.13;20.39;13.14;5.01;6.73;5.40;3.17;0.00;0.00;0.00;0.05;0.05;0.05;4.16;8.26;1.29;25.04;19.10;12.93;7.33;1.04;1.40;0.28;0.52;14.32;4.08;2.95;8.83;2.61;0.00;0.01;0.50;0.60;0.00;162.74;14528.71;178979.20;94.14;226.03;13.02;4.12;9.04;4.58;11.53;57.22;20.03;23.31;5.84;
3.12;20.26;13.07;4.98;6.69;5.37;3.16;0.00;0.00;0.00;0.05;0.05;0.05;4.16;8.26;1.30;25.04;19.10;12.93;7.22;1.03;1.37;0.28;0.51;14.50;4.10;3.03;8.90;2.62;0.00;0.01;0.50;0.60;0.00;182.44;23007.35;306898.84;98.63;296.20;12.05;3.86;8.49;11.18;26.52;161.26;42.49;44.83;14.37;
3.11;20.23;13.06;4.97;6.68;5.37;3.15;0.00;0.00;0.00;0.05;0.05;0.05;4.16;8.26;1.30;25.04;19.10;12.93;7.01;1.02;1.31;0.27;0.50;14.43;4.09;2.99;8.88;2.62;0.00;0.01;0.50;0.60;0.00;164.90;15321.41;190487.81;94.65;233.20;11.95;3.83;8.43;4.84;12.14;61.02;20.99;24.28;6.17;
3.11;20.23;13.06;4.97;6.68;5.37;3.15;0.00;0.00;0.00;0.05;0.05;0.05;4.12;8.25;1.28;24.94;19.06;12.85;6.85;1.00;1.26;0.26;0.50;14.52;4.10;3.04;8.91;2.62;0.00;0.01;0.50;0.60;0.00;119.95;4258.94;42426.83;83.13;109.82;6.46;2.27;5.14;3.95;10.02;48.09;17.66;20.89;5.02;
3.11;20.22;13.06;4.97;6.68;5.37;3.15;0.00;0.00;0.00;0.05;0.05;0.05;4.00;8.19;1.22;24.61;18.93;12.58;6.72;0.99;1.22;0.26;0.49;14.32;4.08;2.94;8.83;2.61;0.00;0.01;0.50;0.60;0.00;125.16;5053.04;51849.27;84.58;121.44;8.46;2.85;6.38;9.16;22.01;127.90;35.91;38.73;11.75;
3.10;20.09;12.99;4.94;6.64;5.34;3.14;0.00;0.00;0.00;0.04;0.05;0.05;3.94;8.17;1.19;24.45;18.86;12.45;6.59;0.98;1.19;0.26;0.49;14.50;4.10;3.03;8.90;2.62;0.00;0.01;0.50;0.60;0.00;109.49;2950.02;27577.95;80.09;88.49;12.02;3.85;8.47;9.69;23.21;136.65;37.68;40.38;12.45;
3.08;19.97;12.93;4.92;6.60;5.32;3.12;0.00;0.00;0.00;0.04;0.05;0.05;3.92;8.16;1.19;24.42;18.84;12.42;6.47;0.97;1.15;0.25;0.48;14.20;4.06;2.89;8.79;2.60;0.00;0.01;0.50;0.60;0.00;88.91;1276.87;10326.12;73.57;54.07;11.22;3.63;8.02;14.60;34.05;220.03;53.23;54.55;18.83;
3.08;19.95;12.92;4.91;6.60;5.32;3.12;0.00;0.00;0.00;0.04;0.04;0.05;3.92;8.16;1.19;24.41;18.84;12.42;6.35;0.96;1.12;0.25;0.48;14.37;4.08;2.97;8.85;2.61;0.00;0.01;0.50;0.60;0.00;94.87;1657.47;14023.17;75.55;63.04;11.84;3.80;8.37;76.49;160.05;1507.80;215.11;183.74;100.45;
3.08;19.94;12.91;4.91;6.60;5.31;3.12;0.00;0.00;0.00;0.04;0.04;0.05;3.92;8.16;1.18;24.41;18.84;12.42;6.23;0.95;1.09;0.24;0.47;14.17;4.06;2.88;8.78;2.60;0.00;0.01;0.50;0.60;0.00;93.24;1546.19;12925.27;75.02;60.52;13.37;4.21;9.23;10.41;24.81;148.42;40.01;42.55;13.37;
3.08;19.89;12.89;4.90;6.58;5.31;3.11;0.00;0.00;0.00;0.04;0.04;0.05;3.92;8.16;1.18;24.41;18.84;12.42;6.21;0.95;1.08;0.24;0.47;14.36;4.08;2.96;8.85;2.61;0.00;0.01;0.50;0.60;0.00;166.54;15942.98;199584.72;95.03;238.72;12.09;3.87;8.51;4.01;10.17;49.00;17.90;21.14;5.10;
3.05;19.71;12.79;4.86;6.53;5.27;3.09;0.00;0.00;0.00;0.04;0.04;0.05;3.92;8.16;1.18;24.41;18.84;12.42;6.11;0.94;1.05;0.24;0.47;14.40;4.09;2.98;8.86;2.61;0.00;0.01;0.50;0.60;0.00;214.86;44418.60;663957.19;105.44;436.14;13.41;4.22;9.25;17.10;39.45;264.29;60.81;61.23;22.09;
3.05;19.67;12.78;4.85;6.52;5.26;3.09;0.00;0.00;0.00;0.04;0.04;0.05;3.92;8.16;1.18;24.41;18.84;12.42;6.00;0.93;1.03;0.24;0.46;14.29;4.07;2.93;8.82;2.61;0.00;0.01;0.50;0.60;0.00;192.19;28366.73;392354.09;100.75;335.03;13.91;4.36;9.53;2.06;5.46;22.60;10.21;12.97;2.60;
3.05;19.66;12.77;4.85;6.51;5.26;3.09;0.00;0.00;0.00;0.04;0.04;0.05;3.88;8.14;1.17;24.31;18.80;12.34;5.98;0.93;1.02;0.23;0.46;14.16;4.06;2.88;8.77;2.60;0.00;0.01;0.50;0.60;0.00;69.62;477.41;3256.36;66.59;30.32;12.83;4.07;8.93;50.64;108.85;933.57;151.91;135.78;66.20;
3.05;19.66;12.77;4.85;6.51;5.26;3.09;0.00;0.00;0.00;0.04;0.04;0.05;3.76;8.09;1.12;24.00;18.67;12.08;5.89;0.92;1.00;0.23;0.46;14.02;4.04;2.82;8.72;2.59;0.00;0.01;0.50;0.60;0.00;84.34;1032.70;8050.36;72.01;47.73;10.01;3.29;7.31;8.13;19.69;111.33;32.47;35.49;10.41;
3.05;19.66;12.77;4.85;6.51;5.26;3.09;0.00;0.00;0.00;0.04;0.04;0.05;3.74;8.08;1.11;23.93;18.64;12.03;5.87;0.92;0.99;0.23;0.46;13.99;4.04;2.80;8.71;2.59;0.00;0.01;0.50;0.60;0.00;69.82;483.02;3301.33;66.67;30.53;8.04;2.73;6.13;2.24;5.90;24.87;10.95;13.78;2.83;
3.05;19.66;12.77;4.85;6.51;5.26;3.09;0.00;0.00;0.00;0.04;0.04;0.05;3.74;8.08;1.10;23.92;18.63;12.02;5.78;0.91;0.97;0.23;0.45;14.10;4.05;2.85;8.75;2.59;0.00;0.01;0.50;0.60;0.00;102.44;2257.68;20150.91;77.95;75.61;12.11;3.87;8.53;6.28;15.47;82.50;26.13;29.37;8.02;
3.03;19.53;12.70;4.82;6.47;5.24;3.07;0.00;0.00;0.00;0.04;0.04;0.05;3.70;8.06;1.09;23.82;18.59;11.94;5.76;0.91;0.96;0.23;0.45;14.12;4.05;2.86;8.76;2.59;0.00;0.01;0.50;0.60;0.00;173.19;18663.04;240093.97;96.56;261.90;14.38;4.48;9.79;2.35;6.18;26.33;11.41;14.29;2.97;
3.02;19.41;12.64;4.79;6.44;5.21;3.06;0.00;0.00;0.00;0.04;0.04;0.05;3.69;8.06;1.08;23.80;18.58;11.93;5.67;0.90;0.94;0.22;0.45;14.12;4.05;2.86;8.76;2.60;0.00;0.01;0.50;0.60;0.00;205.27;36966.70;535282.75;103.49;391.49;16.13;4.94;10.74;1.22;3.34;12.26;6.55;8.82;1.53;
3.02;19.39;12.63;4.79;6.43;5.21;3.06;0.00;0.00;0.00;0.04;0.04;0.05;3.69;8.06;1.08;23.80;18.58;11.92;5.65;0.90;0.93;0.22;0.45;14.24;4.07;2.91;8.80;2.60;0.00;0.01;0.50;0.60;0.00;78.48;772.93;5730.57;69.92;40.25;13.42;4.23;9.26;3.38;8.67;40.14;15.49;18.64;4.29;
3.02;19.38;12.63;4.79;6.43;5.21;3.06;0.00;0.00;0.00;0.04;0.04;0.04;3.69;8.06;1.08;23.80;18.58;11.92;5.57;0.89;0.91;0.22;0.44;14.15;4.06;2.87;8.77;2.60;0.00;0.00;0.50;0.60;0.00;67.67;425.71;2846.69;65.82;28.34;10.54;3.44;7.62;9.64;23.10;135.81;37.51;40.23;12.38;
3.02;19.38;12.63;4.79;6.43;5.21;3.06;0.00;0.00;0.00;0.04;0.04;0.04;3.69;8.06;1.08;23.80;18.58;11.92;5.55;0.89;0.91;0.22;0.44;14.02;4.04;2.82;8.72;2.59;0.00;0.01;0.50;0.60;0.00;193.60;29210.78;406083.91;101.05;340.85;13.14;4.15;9.10;7.12;17.40;95.48;29.05;32.21;9.11;
3.02;19.38;12.63;4.79;6.43;5.21;3.06;0.00;0.00;0.00;0.04;0.04;0.04;3.69;8.06;1.08;23.80;18.58;11.92;5.48;0.89;0.89;0.22;0.44;14.10;4.05;2.85;8.75;2.59;0.00;0.01;0.50;0.60;0.00;160.73;13821.01;168795.83;93.67;219.48;16.30;4.99;10.83;13.92;32.54;208.02;51.11;52.65;17.94;
3.01;19.34;12.61;4.78;6.42;5.20;3.05;0.00;0.00;0.00;0.04;0.04;0.04;3.69;8.06;1.08;23.80;18.58;11.92;5.45;0.88;0.88;0.22;0.44;14.12;4.05;2.86;8.76;2.59;0.00;0.01;0.50;0.60;0.00;133.31;6511.96;69817.96;86.79;140.98;11.62;3.74;8.24;24.61;55.45;403.52;82.66;79.97;31.92;
2.99;19.16;12.51;4.74;6.37;5.17;3.03;0.00;0.00;0.00;0.04;0.04;0.04;3.69;8.06;1.08;23.80;18.58;11.92;5.44;0.88;0.88;0.22;0.44;14.01;4.04;2.81;8.72;2.59;0.00;0.01;0.50;0.60;0.00;96.63;1784.66;15293.74;76.11;65.84;10.35;3.39;7.51;83.37;173.46;1666.48;231.31;195.72;109.58;
2.99;19.12;12.50;4.73;6.35;5.16;3.03;0.00;0.00;0.00;0.04;0.04;0.04;3.66;8.04;1.07;23.70;18.54;11.84;5.38;0.88;0.86;0.21;0.44;14.10;4.05;2.85;8.75;2.59;0.00;0.01;0.50;0.60;0.00;137.62;7402.36;81144.55;87.92;152.02;11.18;3.62;7.99;2.26;5.95;25.16;11.04;13.88;2.86;
2.99;19.11;12.49;4.73;6.35;5.16;3.02;0.00;0.00;0.00;0.04;0.04;0.04;3.61;8.02;1.05;23.59;18.49;11.75;5.35;0.87;0.86;0.21;0.43;14.01;4.04;2.81;8.72;2.59;0.00;0.01;0.50;0.60;0.00;101.35;2162.59;19158.98;77.61;73.72;9.42;3.13;6.96;2.31;6.08;25.83;11.25;14.12;2.92;
2.99;19.11;12.49;4.73;6.35;5.16;3.02;0.00;0.00;0.00;0.04;0.04;0.04;3.54;7.98;1.02;23.37;18.40;11.58;5.34;0.87;0.86;0.21;0.43;14.10;4.05;2.85;8.75;2.59;0.00;0.01;0.50;0.60;0.00;94.02;1598.95;13444.23;75.27;61.72;13.44;4.23;9.27;4.26;10.76;52.52;18.83;22.09;5.42;
2.99;19.11;12.49;4.73;6.35;5.16;3.02;0.00;0.00;0.00;0.04;0.04;0.04;3.49;7.96;1.00;23.23;18.34;11.47;5.34;0.87;0.86;0.21;0.43;14.23;4.07;2.91;8.80;2.60;0.00;0.01;0.50;0.60;0.00;99.68;2022.16;17707.91;77.08;70.86;8.19;2.78;6.22;3.95;10.02;48.10;17.66;20.90;5.02;
2.99;19.11;12.49;4.73;6.35;5.16;3.02;0.00;0.00;0.00;0.04;0.04;0.04;3.48;7.96;0.99;23.21;18.33;11.45;5.28;0.87;0.84;0.21;0.43;14.03;4.04;2.82;8.73;2.59;0.00;0.01;0.50;0.60;0.00;196.85;31234.01;439273.09;101.74;354.55;10.16;3.34;7.40;1.80;4.82;19.34;9.12;11.76;2.27;
2.99;19.11;12.49;4.73;6.35;5.16;3.02;0.00;0.00;0.00;0.04;0.04;0.04;3.51;7.97;1.01;23.30;18.37;11.52;5.25;0.87;0.83;0.21;0.43;14.11;4.05;2.85;8.75;2.59;0.00;0.01;0.50;0.60;0.00;143.96;8873.00;100364.61;89.55;169.12;10.35;3.39;7.51;2.39;6.28;26.87;11.58;14.47;3.02;
2.98;19.07;12.47;4.72;6.34;5.15;3.02;0.00;0.00;0.00;0.04;0.04;0.04;3.48;7.96;0.99;23.22;18.33;11.46;5.24;0.87;0.83;0.21;0.43;14.01;4.04;2.81;8.72;2.59;0.00;0.01;0.50;0.60;0.00;147.95;9902.27;114154.84;90.55;180.40;9.85;3.25;7.22;4.39;11.06;54.36;19.30;22.57;5.58;
2.98;19.02;12.44;4.70;6.32;5.14;3.01;0.00;0.00;0.00;0.04;0.04;0.04;3.48;7.96;0.99;23.20;18.33;11.45;5.18;0.86;0.82;0.21;0.43;14.10;4.05;2.85;8.75;2.59;0.00;0.01;0.50;0.60;0.00;133.98;6644.29;71485.28;86.96;142.66;10.75;3.50;7.75;1.64;4.41;17.33;8.42;10.97;2.07;
2.98;19.05;12.46;4.71;6.33;5.14;3.02;0.00;0.00;0.00;0.04;0.04;0.04;3.48;7.96;0.99;23.20;18.32;11.44;5.15;0.86;0.81;0.20;0.43;13.90;4.03;2.77;8.67;2.58;0.00;0.01;0.50;0.60;0.00;137.46;7367.88;80701.30;87.88;151.60;11.48;3.70;8.17;4.56;11.47;56.90;19.95;23.23;5.81;
2.96;18.89;12.37;4.68;6.29;5.11;3.00;0.00;0.00;0.00;0.04;0.04;0.04;3.48;7.96;0.99;23.20;18.32;11.44;5.14;0.86;0.81;0.20;0.43;13.97;4.04;2.79;8.70;2.58;0.00;0.01;0.50;0.60;0.00;178.37;21012.06;275916.75;97.73;280.81;7.60;2.60;5.86;7.95;19.29;108.55;31.88;34.92;10.19;
2.96;18.85;12.36;4.67;6.28;5.11;2.99;0.00;0.00;0.00;0.04;0.04;0.04;3.48;7.96;0.99;23.20;18.32;11.44;5.14;0.86;0.81;0.20;0.43;13.98;4.04;2.80;8.71;2.58;0.00;0.01;0.50;0.60;0.00;76.85;710.22;5189.07;69.33;38.29;8.85;2.97;6.62;7.10;17.35;95.17;28.98;32.14;9.09;
2.96;18.85;12.35;4.67;6.27;5.11;2.99;0.00;0.00;0.00;0.04;0.04;0.04;3.48;7.96;0.99;23.20;18.32;11.44;5.11;0.85;0.80;0.20;0.42;14.10;4.05;2.85;8.75;2.59;0.00;0.01;0.50;0.60;0.00;172.14;18209.04;233256.89;96.32;258.13;10.39;3.40;7.53;6.93;16.97;92.58;28.40;31.59;8.87;
2.96;18.85;12.35;4.67;6.27;5.11;2.99;0.00;0.00;0.00;0.04;0.04;0.04;3.48;7.96;0.99;23.20;18.32;11.44;5.08;0.85;0.79;0.20;0.42;14.01;4.04;2.81;8.72;2.59;0.00;0.01;0.50;0.60;0.00;152.56;11203.38;131943.41;91.70;193.98;16.26;4.98;10.81;9.48;22.72;133.09;36.96;39.72;12.16;
2.96;18.85;12.35;4.67;6.27;5.11;2.99;0.00;0.00;0.00;0.04;0.04;0.04;3.48;7.96;0.99;23.20;18.32;11.44;5.05;0.85;0.79;0.20;0.42;14.10;4.05;2.85;8.75;2.59;0.00;0.01;0.50;0.60;0.00;97.15;1823.73;15687.29;76.28;66.69;12.49;3.98;8.74;8.26;19.98;113.40;32.91;35.90;10.58;
2.96;18.85;12.35;4.67;6.27;5.11;2.99;0.00;0.00;0.00;0.04;0.04;0.04;3.48;7.96;0.99;23.20;18.32;11.44;5.05;0.85;0.78;0.20;0.42;14.23;4.07;2.91;8.80;2.60;0.00;0.01;0.50;0.60;0.00;153.07;11356.45;134060.63;91.82;195.54;10.76;3.50;7.75;3.77;9.61;45.62;17.00;20.21;4.79;
2.96;18.85;12.35;4.67;6.27;5.11;2.99;0.00;0.00;0.00;0.04;0.04;0.04;3.48;7.96;0.99;23.20;18.32;11.44;5.05;0.85;0.78;0.20;0.42;14.15;4.06;2.87;8.77;2.60;0.00;0.01;0.50;0.60;0.00;161.60;14123.79;173141.98;93.87;222.30;10.35;3.39;7.51;8.61;20.78;119.10;34.10;37.03;11.04;
2.96;18.85;12.35;4.67;6.27;5.11;2.99;0.00;0.00;0.00;0.04;0.04;0.04;3.44;7.94;0.98;23.10;18.28;11.37;5.05;0.85;0.78;0.20;0.42;14.02;4.04;2.82;8.72;2.59;0.00;0.01;0.50;0.60;0.00;122.69;4664.03;47198.61;83.90;115.85;9.02;3.02;6.73;9.73;23.29;137.25;37.80;40.50;12.49;
2.95;18.80;12.33;4.66;6.26;5.10;2.99;0.00;0.00;0.00;0.04;0.04;0.04;3.44;7.94;0.97;23.09;18.27;11.35;4.97;0.84;0.77;0.20;0.42;13.99;4.04;2.81;8.71;2.59;0.00;0.01;0.50;0.60;0.00;169.99;17312.21;219838.47;95.83;250.57;12.22;3.90;8.58;3.61;9.21;43.29;16.36;19.55;4.58;
2.96;18.84;12.35;4.66;6.27;5.10;2.99;0.00;0.00;0.00;0.04;0.04;0.04;3.40;7.92;0.96;22.99;18.23;11.28;4.97;0.84;0.77;0.20;0.42;14.10;4.05;2.85;8.75;2.59;0.00;0.01;0.50;0.60;0.00;119.08;4135.03;40982.48;82.88;107.93;9.98;3.29;7.30;7.33;17.88;98.81;29.78;32.91;9.39;
2.94;18.68;12.27;4.63;6.22;5.07;2.97;0.00;0.00;0.00;0.04;0.04;0.04;3.33;7.88;0.93;22.78;18.14;11.11;4.96;0.84;0.76;0.20;0.42;14.23;4.07;2.91;8.80;2.60;0.00;0.01;0.50;0.60;0.00;93.87;1588.37;13339.90;75.22;61.48;11.87;3.81;8.39;3.18;8.18;37.35;14.70;17.81;4.03;
2.94;18.69;12.27;4.63;6.23;5.07;2.97;0.00;0.00;0.00;0.04;0.04;0.04;3.32;7.88;0.92;22.74;18.13;11.08;4.95;0.84;0.76;0.20;0.42;14.15;4.06;2.87;8.77;2.60;0.00;0.01;0.50;0.60;0.00;89.71;1323.45;10769.39;73.84;55.23;8.67;2.92;6.52;9.26;22.24;129.54;36.25;39.04;11.88;
2.93;18.60;12.23;4.61;6.20;5.06;2.97;0.00;0.00;0.00;0.04;0.04;0.04;3.28;7.86;0.91;22.64;18.08;11.00;4.95;0.84;0.76;0.20;0.42;14.13;4.06;2.86;8.76;2.60;0.00;0.01;0.50;0.60;0.00;140.95;8149.63;90835.48;88.78;160.87;10.44;3.41;7.56;10.39;24.78;148.19;39.96;42.50;13.35;
2.93;18.59;12.22;4.61;6.20;5.05;2.96;0.00;0.00;0.00;0.04;0.04;0.04;3.31;7.87;0.92;22.71;18.11;11.06;4.95;0.84;0.76;0.20;0.42;13.90;4.03;2.77;8.68;2.58;0.00;0.01;0.50;0.60;0.00;200.76;33805.75;481996.81;102.56;371.44;10.29;3.37;7.48;7.16;17.48;96.05;29.18;32.33;9.16;
2.93;18.58;12.22;4.61;6.20;5.05;2.96;0.00;0.00;0.00;0.04;0.04;0.04;3.31;7.87;0.92;22.73;18.12;11.07;4.95;0.84;0.76;0.20;0.42;13.75;4.01;2.70;8.62;2.57;0.00;0.01;0.50;0.60;0.00;147.08;9671.39;111038.77;90.34;177.91;12.29;3.92;8.63;10.16;24.25;144.28;39.19;41.79;13.05;
2.93;18.58;12.22;4.61;6.20;5.05;2.96;0.00;0.00;0.00;0.04;0.04;0.04;3.28;7.86;0.91;22.64;18.08;11.00;4.88;0.83;0.74;0.20;0.41;14.16;4.06;2.88;8.77;2.60;0.00;0.01;0.50;0.60;0.00;119.43;4184.97;41563.71;82.98;108.70;13.09;4.14;9.08;32.63;72.18;560.18;104.87;98.37;42.45;
2.93;18.58;12.22;4.61;6.20;5.05;2.96;0.00;0.00;0.00;0.04;0.04;0.04;3.27;7.86;0.91;22.62;18.07;10.99;4.86;0.83;0.74;0.19;0.41;14.02;4.04;2.82;8.72;2.59;0.00;0.01;0.50;0.60;0.00;93.10;1536.73;12832.59;74.97;60.30;8.19;2.78;6.22;6.99;17.09;93.40;28.59;31.76;8.94;
2.93;18.58;12.22;4.61;6.20;5.05;2.96;0.00;0.00;0.00;0.04;0.04;0.04;3.27;7.86;0.91;22.62;18.07;10.99;4.86;0.83;0.74;0.19;0.41;13.99;4.04;2.80;8.71;2.59;0.00;0.01;0.50;0.60;0.00;139.97;7924.38;87897.38;88.53;158.24;8.11;2.75;6.17;8.95;21.54;124.51;35.22;38.08;11.48;
2.93;18.58;12.22;4.61;6.20;5.05;2.96;0.00;0.00;0.00;0.04;0.04;0.04;3.27;7.86;0.91;22.61;18.07;10.98;4.86;0.83;0.74;0.19;0.41;13.77;4.01;2.71;8.62;2.57;0.00;0.01;0.50;0.60;0.00;142.99;8634.91;97212.70;89.31;166.44;9.42;3.13;6.96;7.32;17.86;98.66;29.75;32.88;9.37;
2.93;18.58;12.22;4.61;6.20;5.05;2.96;0.00;0.00;0.00;0.04;0.04;0.04;3.27;7.86;0.91;22.61;18.07;10.98;4.86;0.83;0.74;0.19;0.41;14.05;4.05;2.83;8.73;2.59;0.00;0.01;0.50;0.60;0.00;103.67;2367.93;21310.03;78.33;77.76;7.72;2.64;5.93;2.19;5.78;24.25;10.75;13.56;2.77;
2.93;18.58;12.22;4.61;6.20;5.05;2.96;0.00;0.00;0.00;0.04;0.04;0.04;3.27;7.86;0.91;22.61;18.07;10.98;4.86;0.83;0.74;0.19;0.41;14.00;4.04;2.81;8.71;2.59;0.00;0.01;0.50;0.60;0.00;101.17;2147.12;18998.23;77.55;73.41;10.61;3.46;7.66;6.50;15.98;85.91;26.91;30.13;8.31;
2.93;18.58;12.22;4.61;6.20;5.05;2.96;0.00;0.00;0.00;0.04;0.04;0.04;3.27;7.86;0.91;22.61;18.07;10.98;4.86;0.83;0.74;0.19;0.41;13.88;4.03;2.76;8.67;2.58;0.00;0.01;0.50;0.60;0.00;100.21;2066.01;18159.17;77.25;71.76;8.64;2.91;6.50;7.52;18.32;101.79;30.43;33.53;9.63;
2.93;18.58;12.22;4.61;6.20;5.05;2.96;0.00;0.00;0.00;0.04;0.04;0.04;3.27;7.86;0.91;22.61;18.07;10.98;4.85;0.83;0.74;0.19;0.41;14.08;4.05;2.84;8.74;2.59;0.00;0.01;0.50;0.60;0.00;79.16;800.16;5968.12;70.17;41.08;11.55;3.72;8.21;1.30;3.56;13.28;6.94;9.27;1.64;
2.92;18.54;12.20;4.60;6.18;5.05;2.96;0.00;0.00;0.00;0.04;0.04;0.04;3.27;7.86;0.91;22.61;18.07;10.98;4.79;0.82;0.72;0.19;0.41;14.00;4.04;2.81;8.71;2.59;0.00;0.01;0.50;0.60;0.00;132.85;6422.46;68693.52;86.67;139.84;9.97;3.28;7.29;9.16;22.00;127.86;35.90;38.73;11.75;
2.90;18.37;12.11;4.56;6.13;5.01;2.94;0.00;0.00;0.00;0.04;0.04;0.04;3.27;7.86;0.91;22.61;18.07;10.98;4.77;0.82;0.72;0.19;0.41;13.88;4.03;2.76;8.67;2.58;0.00;0.01;0.50;0.60;0.00;225.82;54259.55;839644.19;107.60;490.63;10.87;3.53;7.81;12.66;29.80;186.42;47.20;49.13;16.30;
2.90;18.33;12.09;4.55;6.12;5.01;2.93;0.00;0.00;0.00;0.04;0.04;0.04;3.27;7.86;0.91;22.61;18.07;10.98;4.79;0.82;0.72;0.19;0.41;14.07;4.05;2.84;8.74;2.59;0.00;0.01;0.50;0.60;0.00;104.76;2469.67;22388.10;78.66;79.71;8.55;2.88;6.44;17.93;41.25;279.36;63.30;63.41;23.18;
2.90;18.33;12.09;4.55;6.12;5.00;2.93;0.00;0.00;0.00;0.04;0.04;0.04;3.27;7.86;0.91;22.61;18.07;10.98;4.77;0.82;0.72;0.19;0.41;14.12;4.05;2.86;8.76;2.59;0.00;0.01;0.50;0.60;0.00;146.76;9587.07;109904.26;90.26;177.00;12.13;3.88;8.54;1.08;2.97;10.61;5.90;8.05;1.35;
2.90;18.33;12.08;4.55;6.12;5.00;2.93;0.00;0.00;0.00;0.04;0.04;0.04;3.27;7.86;0.91;22.61;18.07;10.98;4.77;0.82;0.72;0.19;0.41;14.12;4.05;2.86;8.76;2.59;0.00;0.01;0.50;0.60;0.00;143.42;8739.58;98596.62;89.42;167.62;8.31;2.81;6.30;2.27;5.98;25.30;11.08;13.93;2.87;
2.90;18.33;12.08;4.55;6.12;5.00;2.93;0.00;0.00;0.00;0.04;0.04;0.04;3.27;7.86;0.91;22.61;18.07;10.98;4.77;0.82;0.72;0.19;0.41;13.90;4.03;2.77;8.68;2.58;0.00;0.01;0.50;0.60;0.00;228.02;56420.54;879005.06;108.02;502.03;9.11;3.04;6.78;1.21;3.31;12.12;6.50;8.76;1.51;
2.90;18.32;12.08;4.55;6.12;5.00;2.93;0.00;0.00;0.00;0.04;0.04;0.04;3.27;7.86;0.91;22.61;18.07;10.98;4.77;0.82;0.72;0.19;0.41;14.08;4.05;2.84;8.74;2.59;0.00;0.01;0.50;0.60;0.00;223.06;51643.31;792351.63;107.06;476.57;12.05;3.86;8.49;2.07;5.47;22.66;10.23;12.99;2.61;
2.90;18.32;12.08;4.55;6.12;5.00;2.93;0.00;0.00;0.00;0.04;0.04;0.04;3.27;7.86;0.91;22.61;18.07;10.98;4.77;0.82;0.72;0.19;0.41;14.00;4.04;2.81;8.71;2.59;0.00;0.01;0.50;0.60;0.00;192.01;28257.30;390578.91;100.71;334.26;14.43;4.50;9.82;3.97;10.08;48.44;17.75;20.99;5.05;
2.90;18.32;12.08;4.55;6.12;5.00;2.93;0.00;0.00;0.00;0.04;0.04;0.04;3.27;7.86;0.91;22.61;18.07;10.98;4.77;0.82;0.72;0.19;0.41;13.66;4.00;2.67;8.58;2.56;0.00;0.01;0.50;0.60;0.00;148.89;10159.99;117647.91;90.79;183.15;9.99;3.29;7.30;3.38;8.66;40.11;15.48;18.63;4.28;
2.90;18.32;12.08;4.55;6.12;5.00;2.93;0.00;0.00;0.00;0.04;0.04;0.04;3.24;7.84;0.89;22.52;18.03;10.91;4.71;0.82;0.70;0.19;0.41;13.92;4.03;2.77;8.68;2.58;0.00;0.01;0.50;0.60;0.00;209.84;40389.67;593881.38;104.43;412.42;11.10;3.60;7.95;2.75;7.15;31.58;13.02;16.02;3.48;
2.90;18.32;12.08;4.55;6.12;5.00;2.93;0.00;0.00;0.00;0.04;0.04;0.04;3.27;7.85;0.90;22.60;18.06;10.97;4.70;0.81;0.70;0.19;0.41;13.75;4.01;2.70;8.62;2.57;0.00;0.01;0.50;0.60;0.00;133.46;6542.61;70203.65;86.83;141.37;10.86;3.53;7.81;2.28;5.99;25.35;11.10;13.95;2.87;
2.90;18.32;12.08;4.55;6.12;5.00;2.93;0.00;0.00;0.00;0.04;0.04;0.04;3.24;7.84;0.89;22.52;18.03;10.91;4.69;0.81;0.70;0.19;0.40;13.94;4.03;2.78;8.69;2.58;0.00;0.01;0.50;0.60;0.00;158.36;13019.24;157367.77;93.10;211.90;10.07;3.31;7.35;2.59;6.76;29.49;12.39;15.35;3.28;
2.90;18.32;12.08;4.55;6.12;5.00;2.93;0.00;0.00;0.00;0.04;0.04;0.04;3.24;7.84;0.89;22.50;18.02;10.90;4.68;0.81;0.70;0.19;0.40;13.86;4.02;2.75;8.66;2.58;0.00;0.01;0.50;0.60;0.00;160.63;13784.26;168269.33;93.64;219.14;9.51;3.15;7.02;1.19;3.27;11.96;6.43;8.68;1.50;
2.90;18.32;12.08;4.55;6.12;5.00;2.93;0.00;0.00;0.00;0.04;0.04;0.04;3.17;7.80;0.87;22.32;17.94;10.75;4.68;0.81;0.70;0.19;0.40;13.96;4.04;2.79;8.70;2.58;0.00;0.01;0.50;0.60;0.00;94.70;1645.40;13903.47;75.49;62.77;11.04;3.58;7.91;6.62;16.24;87.66;27.30;30.52;8.46;
2.89;18.28;12.06;4.54;6.11;5.00;2.93;0.00;0.00;0.00;0.03;0.04;0.04;3.16;7.80;0.86;22.28;17.92;10.72;4.68;0.81;0.70;0.19;0.40;13.76;4.01;2.71;8.62;2.57;0.00;0.01;0.50;0.60;0.00;113.55;3415.35;32747.79;81.29;96.45;10.30;3.37;7.48;3.35;8.60;39.76;15.38;18.53;4.25;
2.90;18.32;12.08;4.55;6.12;5.00;2.93;0.00;0.00;0.00;0.03;0.04;0.04;3.13;7.78;0.85;22.18;17.88;10.65;4.68;0.81;0.70;0.19;0.40;13.94;4.03;2.78;8.69;2.58;0.00;0.01;0.50;0.60;0.00;114.24;3500.19;33704.09;81.49;97.85;8.20;2.78;6.23;2.38;6.25;26.75;11.54;14.43;3.01;
2.89;18.24;12.04;4.53;6.09;4.99;2.92;0.00;0.00;0.00;0.03;0.04;0.04;3.09;7.76;0.83;22.07;17.83;10.56;4.68;0.81;0.70;0.19;0.40;14.09;4.05;2.85;8.75;2.59;0.00;0.01;0.50;0.60;0.00;184.44;24038.09;323089.59;99.07;303.94;11.46;3.69;8.15;2.87;7.44;33.18;13.49;16.53;3.63;
2.89;18.27;12.05;4.54;6.10;4.99;2.93;0.00;0.00;0.00;0.03;0.04;0.04;3.11;7.77;0.84;22.14;17.86;10.62;4.68;0.81;0.70;0.19;0.40;13.78;4.01;2.72;8.63;2.57;0.00;0.01;0.50;0.60;0.00;155.84;12206.02;145900.08;92.50;204.02;8.76;2.94;6.57;2.35;6.16;26.26;11.38;14.26;2.96;
2.89;18.27;12.06;4.54;6.10;4.99;2.93;0.00;0.00;0.00;0.03;0.04;0.04;3.09;7.76;0.83;22.06;17.83;10.56;4.68;0.81;0.70;0.19;0.40;13.84;4.02;2.74;8.65;2.57;0.00;0.01;0.50;0.60;0.00;111.82;3211.57;30467.63;80.79;93.02;6.63;2.32;5.25;1.54;4.15;16.06;7.97;10.46;1.93;
2.88;18.15;11.99;4.51;6.07;4.97;2.91;0.00;0.00;0.00;0.03;0.04;0.04;3.08;7.76;0.83;22.05;17.82;10.55;4.68;0.81;0.70;0.19;0.40;13.95;4.03;2.79;8.70;2.58;0.00;0.01;0.50;0.60;0.00;174.53;19251.21;248994.22;96.87;266.72;10.93;3.55;7.85;2.27;5.98;25.33;11.09;13.94;2.87;
