4.58;34.68;19.94;8.08;10.79;7.89;4.67;0.00;0.00;0.00;0.08;0.07;0.08;62.35;14.63;71.93;78.90;35.76;81.58;12.91;1.43;3.37;0.47;0.70;54.43;7.09;49.62;20.15;4.41;0.02;0.05;0.70;0.81;0.01;90.30;1358.77;11107.34;74.04;56.09;9.25;3.08;6.86;0.79;2.23;7.44;4.56;6.43;0.99;
3.10;20.13;13.01;4.95;6.65;5.35;3.14;0.00;0.00;0.00;0.04;0.04;0.04;5.34;8.71;1.88;27.83;20.24;15.33;5.55;0.89;0.91;0.22;0.44;18.08;4.49;4.82;10.20;2.86;0.00;0.01;0.53;0.63;0.00;43.27;70.47;345.15;54.85;9.84;4.26;1.59;3.67;0.23;0.70;1.76;1.60;2.59;0.28;
2.89;18.25;12.05;4.53;6.10;4.99;2.92;0.00;0.00;0.00;0.04;0.04;0.04;3.50;7.97;1.00;23.27;18.35;11.50;4.77;0.82;0.72;0.19;0.41;15.07;4.16;3.28;9.12;2.66;0.00;0.01;0.51;0.60;0.00;49.93;125.32;678.13;58.15;13.80;4.02;1.52;3.51;0.98;2.72;9.49;5.44;7.50;1.22;
2.85;17.91;11.87;4.46;5.99;4.92;2.88;0.00;0.00;0.00;0.03;0.04;0.04;3.22;7.83;0.89;22.47;18.01;10.87;4.63;0.81;0.68;0.19;0.40;14.42;4.09;2.99;8.87;2.62;0.00;0.01;0.50;0.60;0.00;92.19;1477.29;12252.32;74.67;58.92;4.12;1.55;3.58;0.11;0.35;0.75;0.87;1.52;0.14;
2.84;17.84;11.83;4.44;5.97;4.91;2.88;0.00;0.00;0.00;0.03;0.04;0.04;3.11;7.77;0.84;22.13;17.86;10.61;4.60;0.80;0.68;0.19;0.40;14.18;4.06;2.89;8.78;2.60;0.00;0.00;0.50;0.60;0.00;53.39;164.12;930.54;59.76;16.18;2.36;0.96;2.29;0.08;0.27;0.55;0.69;1.24;0.10;
2.84;17.82;11.82;4.44;5.97;4.91;2.87;0.00;0.00;0.00;0.03;0.04;0.04;3.06;7.74;0.82;21.97;17.79;10.49;4.60;0.80;0.68;0.18;0.40;14.02;4.04;2.82;8.72;2.59;0.00;0.00;0.50;0.59;0.00;69.33;469.39;3192.31;66.48;30.02;4.24;1.59;3.66;0.83;2.34;7.90;4.76;6.68;1.04;
2.84;17.82;11.82;4.44;5.97;4.91;2.87;0.00;0.00;0.00;0.03;0.04;0.04;3.02;7.72;0.80;21.85;17.73;10.39;4.59;0.80;0.68;0.18;0.40;14.10;4.05;2.85;8.75;2.59;0.00;0.00;0.50;0.59;0.00;66.28;391.76;2582.30;65.27;26.99;3.96;1.50;3.47;0.95;2.66;9.24;5.34;7.38;1.19;
2.84;17.82;11.82;4.44;5.97;4.91;2.87;0.00;0.00;0.00;0.03;0.04;0.04;3.01;7.72;0.80;21.83;17.72;10.38;4.59;0.80;0.68;0.18;0.40;14.01;4.04;2.81;8.72;2.59;0.00;0.00;0.50;0.59;0.00;59.50;253.71;1551.16;62.46;20.90;5.42;1.96;4.47;0.06;0.21;0.40;0.55;1.02;0.08;
2.84;17.82;11.82;4.44;5.97;4.91;2.87;0.00;0.00;0.00;0.03;0.04;0.04;3.13;7.78;0.85;22.18;17.88;10.65;4.59;0.80;0.68;0.18;0.40;13.99;4.04;2.80;8.71;2.59;0.00;0.00;0.50;0.59;0.00;56.74;209.65;1240.16;61.26;18.68;4.33;1.61;3.72;0.36;1.07;2.97;2.34;3.61;0.45;
2.84;17.82;11.82;4.44;5.97;4.91;2.87;0.00;0.00;0.00;0.03;0.04;0.04;3.09;7.76;0.83;22.07;17.83;10.56;4.59;0.80;0.68;0.18;0.40;13.87;4.02;2.75;8.66;2.58;0.00;0.00;0.50;0.59;0.00;45.04;82.82;417.16;55.76;10.82;3.73;1.42;3.31;9.75;23.34;137.55;37.86;40.55;12.52;
2.84;17.82;11.82;4.44;5.97;4.91;2.87;0.00;0.00;0.00;0.03;0.04;0.04;3.05;7.74;0.82;21.96;17.78;10.48;4.59;0.80;0.68;0.18;0.40;14.18;4.06;2.89;8.78;2.60;0.00;0.00;0.50;0.59;0.00;39.17;47.22;215.80;52.67;7.77;4.75;1.75;4.01;0.67;1.91;6.14;3.97;5.70;0.84;
2.84;17.82;11.82;4.44;5.97;4.91;2.87;0.00;0.00;0.00;0.03;0.04;0.04;3.05;7.74;0.82;21.94;17.77;10.46;4.59;0.80;0.68;0.18;0.40;14.25;4.07;2.91;8.81;2.60;0.00;0.00;0.50;0.59;0.00;73.17;583.09;4117.28;67.95;34.10;3.78;1.44;3.34;0.70;2.00;6.47;4.12;5.89;0.88;
2.84;17.82;11.82;4.44;5.97;4.91;2.87;0.00;0.00;0.00;0.03;0.04;0.04;3.05;7.74;0.81;21.93;17.77;10.46;4.59;0.80;0.68;0.18;0.40;14.15;4.06;2.87;8.77;2.60;0.00;0.00;0.50;0.59;0.00;82.44;942.20;7229.22;71.34;45.22;5.30;1.92;4.39;1.02;2.82;9.92;5.62;7.72;1.27;
2.84;17.82;11.82;4.44;5.97;4.91;2.87;0.00;0.00;0.00;0.03;0.04;0.04;3.07;7.75;0.83;22.02;17.81;10.53;4.59;0.80;0.68;0.18;0.40;14.13;4.06;2.86;8.76;2.60;0.00;0.00;0.50;0.59;0.00;78.66;780.05;5792.61;69.99;40.47;4.18;1.57;3.62;1.14;3.14;11.36;6.20;8.41;1.43;
2.83;17.70;11.76;4.41;5.93;4.88;2.86;0.00;0.00;0.00;0.03;0.04;0.04;3.02;7.72;0.81;21.86;17.74;10.40;4.59;0.80;0.68;0.18;0.40;14.01;4.04;2.81;8.72;2.59;0.00;0.00;0.50;0.59;0.00;67.69;426.31;2851.40;65.83;28.36;4.47;1.66;3.82;1.45;3.93;15.03;7.59;10.03;1.82;
2.84;17.80;11.81;4.43;5.96;4.90;2.87;0.00;0.00;0.00;0.03;0.04;0.04;3.04;7.73;0.81;21.92;17.76;10.45;4.59;0.80;0.68;0.18;0.40;13.88;4.03;2.76;8.67;2.58;0.00;0.00;0.50;0.60;0.00;72.36;557.68;3907.60;67.65;33.22;4.79;1.76;4.04;0.41;1.20;3.45;2.61;3.96;0.51;
2.84;17.82;11.82;4.44;5.97;4.90;2.87;0.00;0.00;0.00;0.03;0.04;0.04;3.04;7.74;0.81;21.93;17.77;10.45;4.59;0.80;0.68;0.18;0.40;13.96;4.04;2.79;8.70;2.58;0.00;0.01;0.50;0.60;0.00;62.06;300.61;1892.67;63.54;23.10;3.54;1.36;3.17;0.47;1.38;4.07;2.94;4.40;0.59;
2.84;17.82;11.82;4.44;5.97;4.91;2.87;0.00;0.00;0.00;0.03;0.04;0.04;3.02;7.72;0.80;21.84;17.73;10.39;4.59;0.80;0.68;0.18;0.40;13.98;4.04;2.80;8.70;2.58;0.00;0.01;0.50;0.60;0.00;47.15;99.57;517.79;56.81;12.06;5.18;1.88;4.30;0.43;1.27;3.68;2.74;4.13;0.54;
2.84;17.82;11.82;4.44;5.97;4.91;2.87;0.00;0.00;0.00;0.03;0.04;0.04;3.01;7.72;0.80;21.82;17.72;10.37;4.59;0.80;0.68;0.18;0.40;13.76;4.01;2.71;8.62;2.57;0.00;0.01;0.50;0.60;0.00;54.49;178.14;1024.47;60.26;16.98;4.61;1.70;3.92;0.39;1.16;3.31;2.53;3.86;0.49;
2.84;17.82;11.82;4.44;5.97;4.91;2.87;0.00;0.00;0.00;0.03;0.04;0.04;3.04;7.73;0.81;21.91;17.76;10.44;4.59;0.80;0.68;0.18;0.40;14.05;4.05;2.83;8.73;2.59;0.00;0.01;0.50;0.60;0.00;54.11;173.16;990.97;60.08;16.70;4.69;1.73;3.97;1.21;3.32;12.15;6.51;8.77;1.52;
2.84;17.82;11.82;4.44;5.97;4.91;2.87;0.00;0.00;0.00;0.03;0.04;0.04;2.99;7.70;0.79;21.75;17.69;10.32;4.59;0.80;0.68;0.18;0.40;14.00;4.04;2.81;8.71;2.59;0.00;0.01;0.50;0.60;0.00;41.42;59.09;280.73;53.88;8.87;3.40;1.31;3.06;0.22;0.66;1.64;1.52;2.48;0.27;
2.84;17.82;11.82;4.44;5.97;4.91;2.87;0.00;0.00;0.00;0.03;0.04;0.04;3.00;7.71;0.80;21.81;17.71;10.36;4.59;0.80;0.68;0.18;0.40;14.10;4.05;2.85;8.75;2.59;0.00;0.01;0.50;0.60;0.00;58.32;234.11;1411.58;61.95;19.94;3.02;1.19;2.79;0.32;0.94;2.55;2.10;3.27;0.39;
2.84;17.82;11.82;4.44;5.97;4.91;2.87;0.00;0.00;0.00;0.03;0.04;0.04;3.01;7.72;0.80;21.82;17.72;10.37;4.59;0.80;0.68;0.18;0.40;14.01;4.04;2.81;8.72;2.59;0.00;0.01;0.50;0.60;0.00;53.71;168.07;956.87;59.90;16.41;2.50;1.01;2.40;0.25;0.76;1.94;1.72;2.75;0.31;
2.84;17.82;11.82;4.44;5.97;4.91;2.87;0.00;0.00;0.00;0.03;0.04;0.04;3.01;7.72;0.80;21.82;17.72;10.37;4.59;0.80;0.68;0.18;0.40;14.10;4.05;2.85;8.75;2.59;0.00;0.00;0.50;0.60;0.00;58.59;238.52;1442.84;62.07;20.16;3.01;1.18;2.78;1.79;4.79;19.19;9.07;11.70;2.26;
2.84;17.78;11.80;4.43;5.96;4.90;2.87;0.00;0.00;0.00;0.03;0.04;0.04;3.01;7.72;0.80;21.82;17.72;10.37;4.59;0.80;0.68;0.18;0.40;14.12;4.05;2.86;8.76;2.59;0.00;0.01;0.50;0.60;0.00;56.63;207.98;1228.62;61.21;18.60;4.78;1.76;4.03;2.50;6.53;28.23;12.00;14.93;3.16;
2.84;17.81;11.82;4.43;5.97;4.90;2.87;0.00;0.00;0.00;0.03;0.04;0.04;2.98;7.70;0.79;21.73;17.68;10.30;4.59;0.80;0.68;0.18;0.40;14.12;4.05;2.86;8.76;2.59;0.00;0.00;0.50;0.59;0.00;57.93;227.90;1367.72;61.78;19.62;3.68;1.41;3.27;3.22;8.28;37.94;14.87;17.99;4.08;
2.84;17.82;11.82;4.44;5.97;4.90;2.87;0.00;0.00;0.00;0.03;0.04;0.04;3.00;7.71;0.80;21.80;17.71;10.36;4.59;0.80;0.68;0.18;0.40;14.01;4.04;2.81;8.72;2.59;0.00;0.00;0.50;0.60;0.00;71.21;522.83;3622.75;67.21;31.98;3.43;1.32;3.08;0.12;0.38;0.82;0.92;1.60;0.15;
2.84;17.78;11.80;4.43;5.96;4.90;2.87;0.00;0.00;0.00;0.03;0.04;0.04;2.98;7.70;0.79;21.73;17.68;10.30;4.59;0.80;0.68;0.18;0.40;13.99;4.04;2.80;8.71;2.59;0.00;0.00;0.50;0.60;0.00;39.90;50.87;235.51;53.07;8.12;4.15;1.56;3.60;3.82;9.72;46.30;17.18;20.40;4.85;
2.84;17.81;11.82;4.43;5.97;4.90;2.87;0.00;0.00;0.00;0.03;0.04;0.04;3.00;7.71;0.80;21.80;17.71;10.36;4.59;0.80;0.68;0.18;0.40;14.10;4.05;2.85;8.75;2.59;0.00;0.01;0.50;0.60;0.00;40.45;53.76;251.27;53.37;8.39;5.21;1.89;4.32;0.29;0.88;2.35;1.98;3.11;0.36;
2.85;17.86;11.84;4.45;5.98;4.91;2.88;0.00;0.00;0.00;0.03;0.04;0.04;3.13;7.78;0.85;22.18;17.88;10.64;4.68;0.81;0.70;0.19;0.40;14.23;4.07;2.91;8.80;2.60;0.00;0.01;0.50;0.60;0.00;50.93;135.80;745.14;58.62;14.47;4.52;1.67;3.85;0.15;0.47;1.08;1.13;1.91;0.19;
2.87;18.03;11.93;4.48;6.03;4.95;2.90;0.00;0.00;0.00;0.03;0.04;0.04;3.15;7.79;0.86;22.25;17.91;10.70;4.83;0.83;0.73;0.19;0.41;14.14;4.06;2.87;8.77;2.60;0.00;0.01;0.50;0.60;0.00;41.97;62.32;298.81;54.17;9.15;4.70;1.73;3.98;3.91;9.92;47.49;17.50;20.73;4.96;
2.87;18.06;11.95;4.49;6.04;4.95;2.90;0.00;0.00;0.00;0.04;0.04;0.04;3.19;7.81;0.87;22.36;17.96;10.79;4.94;0.84;0.76;0.20;0.42;14.24;4.07;2.91;8.80;2.60;0.00;0.01;0.50;0.60;0.00;46.80;96.58;499.61;56.63;11.84;6.38;2.24;5.09;0.57;1.64;5.05;3.44;5.04;0.71;
2.88;18.15;11.99;4.51;6.07;4.97;2.91;0.00;0.00;0.00;0.04;0.04;0.04;3.19;7.81;0.87;22.38;17.97;10.80;5.04;0.85;0.78;0.20;0.42;14.15;4.06;2.87;8.77;2.60;0.00;0.01;0.50;0.60;0.00;45.67;87.56;445.30;56.07;11.18;4.01;1.51;3.50;0.68;1.93;6.21;4.00;5.74;0.85;
2.90;18.29;12.06;4.54;6.11;5.00;2.93;0.00;0.00;0.00;0.04;0.04;0.04;3.29;7.86;0.91;22.66;18.09;11.02;5.13;0.86;0.80;0.20;0.43;14.24;4.07;2.91;8.81;2.60;0.00;0.00;0.50;0.60;0.00;73.00;577.53;4071.29;67.89;33.91;3.67;1.40;3.26;0.26;0.77;1.99;1.75;2.80;0.31;
2.90;18.31;12.08;4.55;6.12;5.00;2.93;0.00;0.00;0.00;0.04;0.04;0.04;3.34;7.89;0.93;22.81;18.16;11.14;5.24;0.86;0.83;0.21;0.43;14.37;4.08;2.97;8.86;2.61;0.00;0.00;0.50;0.60;0.00;50.06;126.70;686.89;58.21;13.89;3.11;1.22;2.85;2.35;6.18;26.38;11.42;14.30;2.98;
2.90;18.32;12.08;4.55;6.12;5.00;2.93;0.00;0.00;0.00;0.04;0.04;0.04;3.35;7.89;0.94;22.84;18.17;11.16;5.26;0.87;0.83;0.21;0.43;14.28;4.07;2.93;8.82;2.61;0.00;0.01;0.50;0.60;0.00;89.44;1307.67;10618.99;73.75;54.84;3.94;1.49;3.45;0.24;0.73;1.85;1.66;2.67;0.29;
2.90;18.36;12.10;4.56;6.13;5.01;2.94;0.00;0.00;0.00;0.04;0.04;0.04;3.35;7.89;0.94;22.85;18.17;11.17;5.34;0.87;0.86;0.21;0.43;14.04;4.04;2.83;8.73;2.59;0.00;0.01;0.50;0.60;0.00;116.32;3763.92;36702.11;82.10;102.13;4.89;1.79;4.11;0.24;0.74;1.88;1.68;2.70;0.30;
2.91;18.45;12.15;4.58;6.16;5.03;2.95;0.00;0.00;0.00;0.04;0.04;0.04;3.35;7.90;0.94;22.85;18.17;11.17;5.36;0.88;0.86;0.21;0.44;14.11;4.05;2.85;8.75;2.59;0.00;0.01;0.50;0.60;0.00;88.12;1231.66;9898.56;73.31;52.94;5.20;1.89;4.32;0.44;1.30;3.78;2.79;4.20;0.55;
2.93;18.55;12.20;4.60;6.19;5.05;2.96;0.00;0.00;0.00;0.04;0.04;0.04;3.35;7.90;0.94;22.85;18.17;11.17;5.41;0.88;0.87;0.21;0.44;14.23;4.07;2.91;8.80;2.60;0.00;0.01;0.50;0.60;0.00;78.15;759.96;5617.99;69.80;39.85;4.33;1.61;3.72;0.31;0.92;2.48;2.06;3.22;0.38;
2.93;18.57;12.21;4.60;6.19;5.05;2.96;0.00;0.00;0.00;0.04;0.04;0.04;3.35;7.90;0.94;22.85;18.17;11.17;5.46;0.88;0.88;0.22;0.44;14.60;4.11;3.07;8.94;2.63;0.00;0.00;0.50;0.59;0.00;81.88;916.74;7000.58;71.14;44.50;4.32;1.61;3.72;0.43;1.26;3.64;2.72;4.10;0.53;
2.93;18.58;12.21;4.61;6.19;5.05;2.96;0.00;0.00;0.00;0.04;0.04;0.04;3.35;7.90;0.94;22.85;18.17;11.17;5.46;0.89;0.89;0.22;0.44;14.44;4.09;3.00;8.88;2.62;0.00;0.01;0.50;0.60;0.00;87.09;1174.83;9364.95;72.96;51.49;5.99;2.13;4.84;0.32;0.95;2.57;2.11;3.29;0.39;
2.93;18.58;12.21;4.61;6.19;5.05;2.96;0.00;0.00;0.00;0.04;0.04;0.04;3.35;7.90;0.94;22.85;18.17;11.17;5.48;0.89;0.89;0.22;0.44;14.19;4.06;2.89;8.78;2.60;0.00;0.01;0.50;0.60;0.00;89.87;1333.48;10865.20;73.90;55.47;5.20;1.89;4.31;2.11;5.57;23.19;10.40;13.18;2.66;
2.93;18.58;12.21;4.61;6.19;5.05;2.96;0.00;0.00;0.00;0.04;0.04;0.04;3.45;7.94;0.98;23.13;18.29;11.39;5.54;0.89;0.91;0.22;0.44;14.25;4.07;2.91;8.81;2.60;0.00;0.01;0.50;0.60;0.00;54.67;180.57;1040.88;60.34;17.11;3.93;1.49;3.45;0.36;1.06;2.93;2.32;3.57;0.44;
2.93;18.58;12.21;4.61;6.19;5.05;2.96;0.00;0.00;0.00;0.04;0.04;0.04;3.47;7.95;0.99;23.19;18.32;11.43;5.57;0.89;0.91;0.22;0.44;14.15;4.06;2.87;8.77;2.60;0.00;0.01;0.50;0.60;0.00;44.53;79.09;395.19;55.50;10.53;4.59;1.70;3.91;0.26;0.79;2.04;1.79;2.85;0.32;
2.93;18.58;12.21;4.61;6.19;5.05;2.96;0.00;0.00;0.00;0.04;0.04;0.04;3.51;7.97;1.01;23.29;18.36;11.52;5.57;0.90;0.91;0.22;0.44;14.01;4.04;2.81;8.72;2.59;0.00;0.01;0.50;0.60;0.00;62.70;313.23;1986.27;63.81;23.66;4.02;1.51;3.50;1.96;5.22;21.37;9.80;12.52;2.48;
2.93;18.58;12.21;4.61;6.19;5.05;2.96;0.00;0.00;0.00;0.04;0.04;0.04;3.52;7.97;1.01;23.31;18.37;11.53;5.57;0.90;0.91;0.22;0.44;14.33;4.08;2.95;8.84;2.61;0.00;0.01;0.50;0.60;0.00;46.60;94.97;489.84;56.53;11.73;3.06;1.20;2.82;0.23;0.70;1.76;1.60;2.59;0.28;
2.93;18.58;12.21;4.61;6.19;5.05;2.96;0.00;0.00;0.00;0.04;0.04;0.04;3.55;7.99;1.02;23.41;18.42;11.61;5.57;0.90;0.91;0.22;0.44;14.16;4.06;2.88;8.78;2.60;0.00;0.01;0.50;0.60;0.00;82.29;935.41;7168.05;71.29;45.03;4.08;1.53;3.55;0.25;0.77;1.97;1.74;2.79;0.31;
2.93;18.58;12.21;4.61;6.19;5.05;2.96;0.00;0.00;0.00;0.04;0.04;0.04;3.56;8.00;1.03;23.43;18.42;11.63;5.57;0.90;0.91;0.22;0.44;14.36;4.08;2.96;8.85;2.61;0.00;0.01;0.50;0.60;0.00;92.30;1484.54;12322.90;74.71;59.09;3.76;1.43;3.33;0.97;2.71;9.44;5.42;7.48;1.22;
2.93;18.62;12.24;4.62;6.21;5.06;2.97;0.00;0.00;0.00;0.04;0.04;0.04;3.56;8.00;1.03;23.44;18.43;11.63;5.61;0.90;0.92;0.22;0.45;14.17;4.06;2.88;8.78;2.60;0.00;0.01;0.50;0.60;0.00;115.34;3637.24;35257.33;81.81;100.09;4.82;1.77;4.06;0.06;0.19;0.36;0.50;0.94;0.07;
2.93;18.63;12.24;4.62;6.21;5.06;2.97;0.00;0.00;0.00;0.04;0.04;0.04;3.56;8.00;1.03;23.44;18.43;11.63;5.61;0.90;0.92;0.22;0.45;14.36;4.08;2.96;8.85;2.61;0.00;0.01;0.50;0.60;0.00;77.96;752.48;5553.15;69.73;39.62;4.36;1.62;3.74;5.25;13.08;66.95;22.45;25.74;6.69;
2.94;18.67;12.26;4.63;6.22;5.07;2.97;0.00;0.00;0.00;0.04;0.04;0.04;3.56;8.00;1.03;23.44;18.43;11.63;5.67;0.90;0.94;0.22;0.45;14.17;4.06;2.88;8.78;2.60;0.00;0.01;0.50;0.60;0.00;76.89;711.67;5201.56;69.34;38.34;5.06;1.84;4.22;0.22;0.68;1.70;1.56;2.53;0.27;
2.94;18.72;12.29;4.64;6.24;5.08;2.98;0.00;0.00;0.00;0.04;0.04;0.04;3.56;8.00;1.03;23.44;18.43;11.63;5.68;0.90;0.94;0.22;0.45;14.13;4.06;2.87;8.76;2.60;0.00;0.01;0.50;0.60;0.00;83.38;986.34;7628.09;71.67;46.46;3.70;1.41;3.28;2.34;6.16;26.24;11.38;14.26;2.96;
2.95;18.81;12.34;4.66;6.26;5.10;2.99;0.00;0.00;0.00;0.04;0.04;0.04;3.56;8.00;1.03;23.44;18.43;11.63;5.68;0.90;0.94;0.22;0.45;14.24;4.07;2.91;8.80;2.60;0.00;0.01;0.50;0.60;0.00;53.87;170.20;971.14;59.98;16.53;3.92;1.48;3.44;0.40;1.17;3.31;2.54;3.86;0.49;
2.96;18.83;12.35;4.66;6.27;5.10;2.99;0.00;0.00;0.00;0.04;0.04;0.04;3.56;8.00;1.03;23.44;18.43;11.63;5.68;0.90;0.94;0.22;0.45;14.26;4.07;2.92;8.81;2.60;0.00;0.01;0.50;0.60;0.00;52.49;153.23;858.53;59.34;15.54;4.56;1.69;3.88;1.00;2.79;9.79;5.56;7.65;1.26;
2.95;18.79;12.33;4.65;6.26;5.09;2.99;0.00;0.00;0.00;0.04;0.04;0.04;3.56;8.00;1.03;23.44;18.43;11.63;5.68;0.90;0.94;0.22;0.45;14.38;4.08;2.97;8.86;2.61;0.00;0.01;0.50;0.60;0.00;46.58;94.82;488.96;56.53;11.72;5.49;1.98;4.51;0.11;0.36;0.77;0.88;1.54;0.14;
2.95;18.79;12.32;4.65;6.26;5.09;2.99;0.00;0.00;0.00;0.04;0.04;0.04;3.56;8.00;1.03;23.44;18.43;11.63;5.68;0.90;0.94;0.22;0.45;14.06;4.05;2.83;8.74;2.59;0.00;0.01;0.50;0.60;0.00;70.27;495.64;3402.74;66.84;30.99;3.44;1.33;3.10;0.80;2.26;7.53;4.60;6.48;1.00;
2.96;18.83;12.34;4.66;6.27;5.10;2.99;0.00;0.00;0.00;0.04;0.04;0.04;3.56;8.00;1.03;23.44;18.43;11.63;5.68;0.90;0.94;0.22;0.45;14.22;4.07;2.90;8.80;2.60;0.00;0.01;0.50;0.60;0.00;51.89;146.40;813.85;59.07;15.13;5.29;1.92;4.38;1.09;3.01;10.76;5.96;8.12;1.36;
2.96;18.83;12.35;4.66;6.27;5.10;2.99;0.00;0.00;0.00;0.04;0.04;0.04;3.56;8.00;1.03;23.44;18.43;11.63;5.68;0.90;0.94;0.22;0.45;14.03;4.04;2.82;8.72;2.59;0.00;0.01;0.50;0.60;0.00;59.05;246.15;1497.09;62.27;20.53;4.69;1.73;3.97;0.09;0.28;0.56;0.70;1.26;0.10;
2.96;18.84;12.35;4.66;6.27;5.10;2.99;0.00;0.00;0.00;0.04;0.04;0.05;3.56;8.00;1.03;23.44;18.43;11.63;5.68;0.90;0.94;0.22;0.45;13.99;4.04;2.81;8.71;2.59;0.00;0.01;0.50;0.60;0.00;57.02;213.90;1269.70;61.39;18.91;4.00;1.51;3.50;1.18;3.24;11.82;6.38;8.62;1.48;
2.96;18.84;12.35;4.66;6.27;5.10;2.99;0.00;0.00;0.00;0.04;0.04;0.05;3.56;8.00;1.03;23.44;18.43;11.63;5.68;0.90;0.94;0.22;0.45;14.21;4.06;2.90;8.79;2.60;0.00;0.01;0.50;0.60;0.00;53.87;170.10;970.46;59.98;16.52;3.02;1.19;2.79;4.18;10.57;51.38;18.53;21.78;5.31;
2.96;18.84;12.35;4.66;6.27;5.10;2.99;0.00;0.00;0.00;0.04;0.04;0.05;3.56;8.00;1.03;23.44;18.43;11.63;5.68;0.90;0.94;0.22;0.45;14.14;4.06;2.87;8.77;2.60;0.00;0.01;0.50;0.60;0.00;71.78;539.90;3761.90;67.43;32.59;5.26;1.90;4.35;0.62;1.78;5.60;3.71;5.38;0.77;
2.96;18.84;12.35;4.66;6.27;5.10;2.99;0.00;0.00;0.00;0.04;0.04;0.05;3.56;8.00;1.03;23.44;18.43;11.63;5.68;0.90;0.94;0.22;0.45;14.13;4.06;2.86;8.76;2.60;0.00;0.01;0.50;0.60;0.00;82.20;931.38;7131.87;71.26;44.92;4.39;1.63;3.76;3.85;9.78;46.67;17.28;20.50;4.89;
2.96;18.84;12.35;4.66;6.27;5.10;2.99;0.00;0.00;0.00;0.04;0.04;0.05;3.56;8.00;1.03;23.44;18.43;11.63;5.68;0.90;0.94;0.22;0.45;14.24;4.07;2.91;8.80;2.60;0.00;0.01;0.50;0.60;0.00;61.84;296.29;1860.80;63.45;22.90;2.85;1.13;2.66;0.68;1.93;6.20;3.99;5.74;0.84;
2.96;18.84;12.35;4.66;6.27;5.10;2.99;0.00;0.00;0.00;0.04;0.04;0.05;3.56;8.00;1.03;23.44;18.43;11.63;5.68;0.90;0.94;0.22;0.45;14.37;4.08;2.97;8.86;2.61;0.00;0.01;0.50;0.60;0.00;57.30;218.02;1298.45;61.50;19.12;2.74;1.09;2.58;8.95;21.54;124.50;35.22;38.08;11.48;
2.96;18.84;12.35;4.66;6.27;5.10;2.99;0.00;0.00;0.00;0.04;0.04;0.05;3.56;8.00;1.03;23.44;18.43;11.63;5.68;0.90;0.94;0.22;0.45;14.51;4.10;3.03;8.91;2.62;0.00;0.01;0.50;0.60;0.00;62.64;312.20;1978.60;63.78;23.61;3.24;1.26;2.95;0.56;1.61;4.94;3.39;4.97;0.69;
2.96;18.84;12.35;4.66;6.27;5.10;2.99;0.00;0.00;0.00;0.04;0.04;0.05;3.56;8.00;1.03;23.44;18.43;11.63;5.72;0.91;0.95;0.23;0.45;14.66;4.12;3.09;8.96;2.63;0.00;0.01;0.50;0.60;0.00;66.55;398.27;2632.65;65.38;27.25;3.76;1.43;3.32;0.42;1.23;3.55;2.67;4.03;0.52;
2.96;18.84;12.35;4.66;6.27;5.10;2.99;0.00;0.00;0.00;0.04;0.04;0.05;3.56;8.00;1.03;23.44;18.43;11.63;5.69;0.91;0.94;0.22;0.45;14.57;4.11;3.06;8.93;2.63;0.00;0.01;0.50;0.60;0.00;31.76;20.30;80.17;48.35;4.73;4.06;1.53;3.54;0.59;1.70;5.31;3.57;5.20;0.74;
2.96;18.84;12.35;4.66;6.27;5.10;2.99;0.00;0.00;0.00;0.04;0.04;0.05;3.60;8.01;1.04;23.53;18.47;11.71;5.70;0.91;0.95;0.22;0.45;14.55;4.11;3.05;8.92;2.63;0.00;0.01;0.50;0.60;0.00;37.38;39.12;173.06;51.67;6.96;3.95;1.49;3.46;1.12;3.08;11.10;6.10;8.28;1.40;
2.96;18.84;12.35;4.66;6.27;5.10;2.99;0.00;0.00;0.00;0.04;0.04;0.05;3.60;8.02;1.05;23.55;18.48;11.73;5.72;0.91;0.95;0.23;0.45;14.32;4.08;2.95;8.84;2.61;0.00;0.01;0.51;0.60;0.00;61.93;298.05;1873.79;63.48;22.98;4.66;1.72;3.95;0.16;0.50;1.16;1.19;1.99;0.20;
2.96;18.84;12.35;4.66;6.27;5.10;2.99;0.00;0.00;0.00;0.04;0.04;0.05;3.60;8.02;1.05;23.56;18.48;11.73;5.76;0.91;0.96;0.23;0.45;14.16;4.06;2.88;8.78;2.60;0.00;0.01;0.51;0.60;0.00;73.79;603.10;4283.49;68.19;34.78;2.93;1.16;2.72;1.40;3.80;14.41;7.37;9.77;1.76;
2.96;18.84;12.35;4.66;6.27;5.10;2.99;0.00;0.00;0.00;0.04;0.04;0.05;3.60;8.02;1.05;23.56;18.48;11.73;5.79;0.91;0.97;0.23;0.45;14.24;4.07;2.91;8.81;2.60;0.00;0.01;0.51;0.60;0.00;89.60;1317.39;10711.60;73.81;55.08;5.57;2.00;4.56;0.40;1.17;3.33;2.54;3.87;0.49;
2.96;18.84;12.35;4.66;6.27;5.10;2.99;0.00;0.00;0.00;0.04;0.04;0.05;3.57;8.00;1.03;23.46;18.44;11.65;5.75;0.91;0.96;0.23;0.45;14.37;4.08;2.97;8.86;2.61;0.00;0.01;0.51;0.60;0.00;114.55;3537.93;34130.84;81.58;98.47;4.66;1.72;3.95;0.21;0.64;1.56;1.47;2.40;0.25;
2.96;18.84;12.35;4.66;6.27;5.10;2.99;0.00;0.00;0.00;0.04;0.04;0.05;3.60;8.01;1.04;23.54;18.47;11.71;5.77;0.91;0.96;0.23;0.45;14.51;4.10;3.03;8.91;2.62;0.00;0.01;0.50;0.60;0.00;115.19;3618.22;35041.16;81.77;99.78;6.61;2.31;5.24;0.40;1.17;3.33;2.55;3.88;0.49;
2.96;18.84;12.35;4.66;6.27;5.10;2.99;0.00;0.00;0.00;0.04;0.04;0.05;3.64;8.03;1.06;23.65;18.52;11.80;5.77;0.91;0.96;0.23;0.45;14.31;4.08;2.94;8.83;2.61;0.00;0.01;0.50;0.60;0.00;57.62;222.97;1333.13;61.64;19.37;4.34;1.62;3.73;0.09;0.31;0.63;0.76;1.35;0.12;
2.96;18.84;12.35;4.66;6.27;5.10;2.99;0.00;0.00;0.00;0.04;0.04;0.05;3.68;8.05;1.08;23.77;18.57;11.90;5.79;0.91;0.97;0.23;0.45;14.16;4.06;2.88;8.77;2.60;0.00;0.01;0.50;0.60;0.00;52.40;152.19;851.72;59.30;15.48;3.37;1.31;3.05;0.61;1.75;5.47;3.65;5.30;0.76;
2.96;18.84;12.35;4.66;6.27;5.10;2.99;0.00;0.00;0.00;0.04;0.04;0.05;3.73;8.07;1.10;23.89;18.62;12.00;5.77;0.91;0.97;0.23;0.45;14.36;4.08;2.96;8.85;2.61;0.00;0.01;0.50;0.60;0.00;56.80;210.50;1246.05;61.29;18.73;4.22;1.58;3.64;0.05;0.16;0.27;0.42;0.80;0.06;
2.96;18.84;12.35;4.66;6.27;5.10;2.99;0.00;0.00;0.00;0.04;0.04;0.05;3.73;8.08;1.10;23.91;18.63;12.02;5.79;0.91;0.97;0.23;0.45;14.28;4.07;2.93;8.82;2.61;0.00;0.01;0.50;0.60;0.00;95.84;1727.03;14716.04;75.86;64.58;4.96;1.81;4.15;0.66;1.90;6.06;3.93;5.66;0.83;
2.96;18.84;12.35;4.66;6.27;5.10;2.99;0.00;0.00;0.00;0.04;0.04;0.05;3.74;8.08;1.10;23.92;18.63;12.02;5.79;0.91;0.97;0.23;0.45;14.50;4.10;3.02;8.90;2.62;0.00;0.01;0.50;0.60;0.00;69.69;479.41;3272.36;66.62;30.39;4.97;1.81;4.16;0.30;0.90;2.40;2.01;3.15;0.37;
2.96;18.84;12.35;4.66;6.27;5.10;2.99;0.00;0.00;0.00;0.04;0.04;0.05;3.77;8.09;1.12;24.02;18.67;12.10;5.79;0.91;0.97;0.23;0.45;14.31;4.08;2.94;8.83;2.61;0.00;0.01;0.50;0.60;0.00;73.84;604.74;4297.18;68.21;34.84;4.62;1.71;3.92;1.14;3.14;11.36;6.20;8.40;1.43;
2.96;18.84;12.35;4.66;6.27;5.10;2.99;0.00;0.00;0.00;0.04;0.04;0.05;3.78;8.10;1.12;24.04;18.68;12.12;5.79;0.91;0.97;0.23;0.45;14.27;4.07;2.93;8.82;2.61;0.00;0.01;0.50;0.60;0.00;92.07;1469.49;12176.46;74.63;58.73;3.57;1.37;3.19;0.30;0.89;2.37;1.99;3.13;0.37;
2.96;18.84;12.35;4.66;6.27;5.10;2.99;0.00;0.00;0.00;0.04;0.04;0.05;3.78;8.10;1.12;24.04;18.68;12.12;5.79;0.91;0.97;0.23;0.45;14.27;4.07;2.92;8.81;2.61;0.00;0.01;0.51;0.60;0.00;75.75;670.36;4849.12;68.92;37.02;5.43;1.96;4.47;0.35;1.03;2.85;2.27;3.51;0.43;
2.96;18.84;12.35;4.66;6.27;5.10;2.99;0.00;0.00;0.00;0.04;0.04;0.05;3.71;8.07;1.09;23.85;18.60;11.96;5.70;0.91;0.95;0.22;0.45;14.38;4.08;2.97;8.86;2.61;0.00;0.01;0.51;0.60;0.00;90.99;1401.54;11518.57;74.27;57.12;3.98;1.50;3.48;5.80;14.36;75.19;24.42;27.70;7.40;
2.96;18.84;12.35;4.66;6.27;5.10;2.99;0.00;0.00;0.00;0.04;0.04;0.05;3.63;8.03;1.06;23.62;18.50;11.77;5.62;0.90;0.93;0.22;0.45;14.40;4.09;2.98;8.87;2.61;0.00;0.01;0.51;0.60;0.00;63.23;324.20;2068.10;64.03;24.14;4.75;1.75;4.01;0.15;0.48;1.11;1.15;1.94;0.19;
2.96;18.84;12.35;4.66;6.27;5.10;2.99;0.00;0.00;0.00;0.04;0.04;0.04;3.57;8.00;1.03;23.47;18.44;11.66;5.58;0.90;0.92;0.22;0.44;14.29;4.07;2.93;8.82;2.61;0.00;0.01;0.51;0.60;0.00;60.10;264.21;1626.78;62.71;21.41;4.58;1.69;3.90;0.06;0.20;0.37;0.52;0.97;0.07;
2.96;18.84;12.35;4.66;6.27;5.10;2.99;0.00;0.00;0.00;0.04;0.04;0.04;3.56;8.00;1.03;23.45;18.43;11.64;5.49;0.89;0.89;0.22;0.44;14.38;4.09;2.97;8.86;2.61;0.00;0.01;0.51;0.60;0.00;84.62;1046.54;8177.04;72.11;48.10;5.79;2.07;4.71;0.15;0.47;1.08;1.12;1.90;0.18;
2.96;18.84;12.35;4.66;6.27;5.10;2.99;0.00;0.00;0.00;0.04;0.04;0.04;3.56;8.00;1.03;23.44;18.43;11.63;5.42;0.88;0.88;0.21;0.44;14.18;4.06;2.88;8.78;2.60;0.00;0.01;0.50;0.60;0.00;88.49;1252.47;10095.07;73.43;53.46;4.07;1.53;3.54;0.73;2.06;6.74;4.24;6.04;0.91;
2.95;18.79;12.33;4.65;6.26;5.10;2.99;0.00;0.00;0.00;0.04;0.04;0.04;3.56;8.00;1.03;23.44;18.43;11.63;5.37;0.88;0.86;0.21;0.44;14.36;4.08;2.96;8.85;2.61;0.00;0.01;0.50;0.60;0.00;60.60;273.11;1691.23;62.92;21.83;4.04;1.52;3.52;0.53;1.54;4.70;3.27;4.82;0.66;
2.95;18.74;12.30;4.64;6.24;5.09;2.98;0.00;0.00;0.00;0.04;0.04;0.04;3.56;8.00;1.03;23.44;18.43;11.63;5.32;0.87;0.85;0.21;0.43;14.28;4.07;2.93;8.82;2.61;0.00;0.01;0.50;0.60;0.00;104.55;2450.64;22185.84;78.60;79.35;3.62;1.39;3.22;0.28;0.84;2.20;1.88;2.98;0.34;
2.94;18.65;12.25;4.62;6.22;5.07;2.97;0.00;0.00;0.00;0.04;0.04;0.04;3.56;8.00;1.03;23.44;18.43;11.63;5.27;0.87;0.84;0.21;0.43;14.27;4.07;2.92;8.82;2.61;0.00;0.01;0.50;0.60;0.00;103.83;2382.73;21466.41;78.38;78.04;4.62;1.71;3.92;0.28;0.84;2.21;1.89;2.99;0.34;
2.93;18.59;12.22;4.61;6.20;5.06;2.96;0.00;0.00;0.00;0.04;0.04;0.04;3.56;8.00;1.03;23.44;18.43;11.63;5.26;0.87;0.84;0.21;0.43;14.15;4.06;2.87;8.77;2.60;0.00;0.01;0.50;0.60;0.00;60.81;277.07;1720.00;63.02;22.01;5.07;1.85;4.23;0.27;0.80;2.09;1.81;2.89;0.33;
2.93;18.62;12.24;4.62;6.21;5.06;2.97;0.00;0.00;0.00;0.04;0.04;0.04;3.53;7.98;1.01;23.34;18.39;11.56;5.18;0.86;0.82;0.21;0.43;14.35;4.08;2.96;8.85;2.61;0.00;0.01;0.50;0.60;0.00;50.94;135.86;745.52;58.62;14.48;5.78;2.06;4.70;1.38;3.75;14.16;7.27;9.66;1.73;
2.93;18.59;12.22;4.61;6.20;5.05;2.96;0.00;0.00;0.00;0.04;0.04;0.04;3.49;7.96;1.00;23.23;18.34;11.47;5.16;0.86;0.81;0.21;0.43;14.17;4.06;2.88;8.78;2.60;0.00;0.01;0.50;0.60;0.00;34.52;28.39;118.82;50.02;5.76;4.07;1.53;3.55;0.08;0.27;0.54;0.68;1.23;0.10;
2.93;18.58;12.22;4.61;6.19;5.05;2.96;0.00;0.00;0.00;0.04;0.04;0.04;3.38;7.91;0.95;22.92;18.20;11.23;5.16;0.86;0.81;0.21;0.43;14.25;4.07;2.91;8.81;2.60;0.00;0.01;0.50;0.60;0.00;45.11;83.31;420.06;55.79;10.86;4.50;1.67;3.84;0.13;0.41;0.90;0.98;1.70;0.16;
2.93;18.58;12.21;4.61;6.19;5.05;2.96;0.00;0.00;0.00;0.04;0.04;0.04;3.36;7.90;0.94;22.86;18.18;11.18;5.08;0.85;0.79;0.20;0.42;14.15;4.06;2.87;8.77;2.60;0.00;0.01;0.50;0.60;0.00;64.34;347.69;2244.97;64.48;25.16;5.66;2.03;4.62;0.19;0.59;1.41;1.36;2.25;0.23;
2.93;18.58;12.21;4.61;6.19;5.05;2.96;0.00;0.00;0.00;0.04;0.04;0.04;3.35;7.90;0.94;22.85;18.17;11.17;5.07;0.85;0.79;0.20;0.42;14.35;4.08;2.96;8.85;2.61;0.00;0.01;0.50;0.60;0.00;49.74;123.40;666.01;58.06;13.68;3.81;1.45;3.36;0.17;0.53;1.24;1.24;2.08;0.21;
2.93;18.58;12.21;4.61;6.19;5.05;2.96;0.00;0.00;0.00;0.04;0.04;0.04;3.35;7.90;0.94;22.85;18.17;11.17;5.06;0.85;0.79;0.20;0.42;14.28;4.07;2.93;8.82;2.61;0.00;0.01;0.50;0.60;0.00;67.37;418.41;2789.50;65.71;28.05;4.10;1.54;3.56;1.21;3.32;12.16;6.51;8.77;1.52;
2.93;18.58;12.21;4.61;6.19;5.05;2.96;0.00;0.00;0.00;0.04;0.04;0.04;3.35;7.90;0.94;22.85;18.17;11.17;5.03;0.85;0.78;0.20;0.42;14.16;4.06;2.87;8.77;2.60;0.00;0.01;0.50;0.60;0.00;40.35;53.20;248.19;53.31;8.34;4.19;1.57;3.63;0.65;1.86;5.94;3.87;5.58;0.81;
2.93;18.58;12.21;4.61;6.19;5.05;2.96;0.00;0.00;0.00;0.04;0.04;0.04;3.35;7.90;0.94;22.85;18.17;11.17;4.98;0.84;0.77;0.20;0.42;14.36;4.08;2.96;8.85;2.61;0.00;0.01;0.50;0.60;0.00;76.24;687.90;4998.29;69.10;37.58;4.19;1.57;3.63;0.06;0.20;0.36;0.51;0.95;0.07;
2.93;18.58;12.21;4.61;6.19;5.05;2.96;0.00;0.00;0.00;0.04;0.04;0.04;3.35;7.90;0.94;22.85;18.17;11.17;4.97;0.84;0.76;0.20;0.42;14.06;4.05;2.83;8.73;2.59;0.00;0.01;0.50;0.60;0.00;72.17;551.73;3858.79;67.57;33.01;3.21;1.25;2.92;0.58;1.67;5.19;3.51;5.13;0.72;
2.93;18.58;12.21;4.61;6.19;5.05;2.96;0.00;0.00;0.00;0.04;0.04;0.04;3.35;7.90;0.94;22.85;18.17;11.17;4.96;0.84;0.76;0.20;0.42;14.22;4.07;2.90;8.80;2.60;0.00;0.01;0.50;0.60;0.00;102.03;2221.54;19773.05;77.82;74.89;3.63;1.39;3.23;0.21;0.65;1.61;1.50;2.45;0.26;
2.93;18.58;12.21;4.61;6.19;5.05;2.96;0.00;0.00;0.00;0.04;0.04;0.04;3.35;7.90;0.94;22.85;18.17;11.17;4.96;0.84;0.76;0.20;0.42;14.03;4.04;2.82;8.72;2.59;0.00;0.01;0.50;0.60;0.00;58.67;239.86;1452.34;62.10;20.22;3.39;1.31;3.06;0.44;1.29;3.77;2.78;4.19;0.55;
2.93;18.58;12.21;4.61;6.19;5.05;2.96;0.00;0.00;0.00;0.04;0.04;0.04;3.35;7.90;0.94;22.85;18.17;11.17;4.95;0.84;0.76;0.20;0.42;14.22;4.07;2.90;8.80;2.60;0.00;0.01;0.50;0.60;0.00;80.02;835.57;6279.13;70.48;42.14;4.22;1.58;3.65;0.11;0.35;0.74;0.85;1.49;0.13;
2.92;18.49;12.17;4.59;6.17;5.04;2.95;0.00;0.00;0.00;0.04;0.04;0.04;3.35;7.90;0.94;22.85;18.17;11.17;4.88;0.83;0.74;0.20;0.41;14.14;4.06;2.87;8.77;2.60;0.00;0.01;0.50;0.60;0.00;47.58;103.27;540.43;57.02;12.32;4.11;1.55;3.57;0.06;0.19;0.35;0.50;0.94;0.07;
2.93;18.56;12.21;4.60;6.19;5.05;2.96;0.00;0.00;0.00;0.04;0.04;0.04;3.35;7.90;0.94;22.85;18.17;11.17;4.87;0.83;0.74;0.19;0.41;14.13;4.06;2.86;8.76;2.60;0.00;0.01;0.50;0.60;0.00;73.14;582.24;4110.26;67.94;34.07;4.12;1.55;3.58;0.11;0.34;0.71;0.83;1.46;0.13;
2.90;18.37;12.11;4.56;6.13;5.01;2.94;0.00;0.00;0.00;0.04;0.04;0.04;3.35;7.90;0.94;22.85;18.17;11.17;4.87;0.83;0.74;0.19;0.41;14.35;4.08;2.96;8.85;2.61;0.00;0.01;0.50;0.60;0.00;78.02;754.74;5572.76;69.76;39.69;4.14;1.55;3.59;0.63;1.81;5.74;3.78;5.46;0.79;
2.91;18.45;12.15;4.58;6.16;5.03;2.95;0.00;0.00;0.00;0.04;0.04;0.04;3.35;7.90;0.94;22.85;18.17;11.17;4.87;0.83;0.74;0.19;0.41;14.28;4.07;2.93;8.82;2.61;0.00;0.01;0.50;0.60;0.00;49.38;119.87;643.69;57.89;13.45;4.65;1.71;3.94;0.19;0.58;1.38;1.34;2.22;0.23;
2.90;18.35;12.10;4.55;6.12;5.01;2.94;0.00;0.00;0.00;0.04;0.04;0.04;3.35;7.90;0.94;22.85;18.17;11.17;4.87;0.83;0.74;0.19;0.41;14.16;4.06;2.87;8.77;2.60;0.00;0.01;0.50;0.60;0.00;67.93;432.50;2900.07;65.93;28.61;5.03;1.83;4.20;0.10;0.33;0.68;0.80;1.42;0.12;
2.90;18.33;12.09;4.55;6.12;5.00;2.93;0.00;0.00;0.00;0.04;0.04;0.04;3.35;7.90;0.94;22.85;18.17;11.17;4.87;0.83;0.74;0.19;0.41;14.02;4.04;2.82;8.72;2.59;0.00;0.01;0.50;0.60;0.00;69.78;481.74;3291.04;66.65;30.48;2.60;1.05;2.47;0.49;1.43;4.26;3.04;4.53;0.61;
2.90;18.36;12.10;4.56;6.13;5.01;2.94;0.00;0.00;0.00;0.04;0.04;0.04;3.35;7.90;0.94;22.85;18.17;11.17;4.85;0.83;0.74;0.19;0.41;14.10;4.05;2.85;8.75;2.59;0.00;0.01;0.50;0.60;0.00;80.93;874.64;6624.93;70.81;43.28;3.54;1.36;3.16;1.27;3.47;12.87;6.79;9.09;1.59;
2.90;18.37;12.11;4.56;6.13;5.01;2.94;0.00;0.00;0.00;0.04;0.04;0.04;3.35;7.90;0.94;22.85;18.17;11.17;4.79;0.82;0.72;0.19;0.41;14.23;4.07;2.91;8.80;2.60;0.00;0.01;0.50;0.60;0.00;41.92;62.04;297.25;54.15;9.13;5.11;1.86;4.25;1.56;4.21;16.38;8.08;10.59;1.97;
2.90;18.33;12.09;4.55;6.12;5.00;2.93;0.00;0.00;0.00;0.04;0.04;0.04;3.35;7.90;0.94;22.85;18.17;11.17;4.78;0.82;0.72;0.19;0.41;14.48;4.10;3.02;8.90;2.62;0.00;0.01;0.50;0.60;0.00;58.22;232.50;1400.18;61.91;19.86;3.97;1.50;3.47;0.88;2.47;8.43;4.99;6.96;1.10;
2.90;18.32;12.08;4.55;6.12;5.00;2.93;0.00;0.00;0.00;0.04;0.04;0.04;3.32;7.88;0.93;22.75;18.13;11.09;4.78;0.82;0.72;0.19;0.41;14.08;4.05;2.84;8.74;2.59;0.00;0.01;0.50;0.60;0.00;32.45;22.15;88.79;48.78;4.98;3.66;1.40;3.25;0.49;1.43;4.28;3.05;4.54;0.61;
2.90;18.32;12.08;4.55;6.12;5.00;2.93;0.00;0.00;0.00;0.04;0.04;0.04;3.28;7.86;0.91;22.64;18.08;11.01;4.78;0.82;0.72;0.19;0.41;14.00;4.04;2.81;8.71;2.59;0.00;0.01;0.50;0.60;0.00;46.62;95.12;490.75;56.54;11.74;4.49;1.67;3.84;1.53;4.14;16.03;7.96;10.45;1.93;
2.90;18.32;12.08;4.55;6.12;5.00;2.93;0.00;0.00;0.00;0.04;0.04;0.04;3.31;7.87;0.92;22.71;18.11;11.06;4.78;0.82;0.72;0.19;0.41;14.10;4.05;2.85;8.75;2.59;0.00;0.01;0.50;0.60;0.00;74.25;618.56;4412.64;68.36;35.31;5.12;1.86;4.26;7.51;18.29;101.64;30.40;33.50;9.62;
2.90;18.32;12.08;4.55;6.12;5.00;2.93;0.00;0.00;0.00;0.04;0.04;0.04;3.25;7.84;0.90;22.54;18.04;10.93;4.78;0.82;0.72;0.19;0.41;14.01;4.04;2.81;8.72;2.59;0.00;0.01;0.50;0.60;0.00;47.66;103.97;544.73;57.06;12.37;5.28;1.91;4.37;7.23;17.64;97.15;29.42;32.56;9.25;
2.90;18.32;12.08;4.55;6.12;5.00;2.93;0.00;0.00;0.00;0.04;0.04;0.04;3.30;7.87;0.92;22.69;18.10;11.05;4.78;0.82;0.72;0.19;0.41;14.10;4.05;2.85;8.75;2.59;0.00;0.01;0.50;0.60;0.00;53.49;165.38;938.93;59.80;16.25;4.18;1.57;3.62;0.85;2.38;8.04;4.83;6.76;1.06;
2.90;18.32;12.08;4.55;6.12;5.00;2.93;0.00;0.00;0.00;0.04;0.04;0.04;3.22;7.83;0.88;22.45;18.00;10.85;4.78;0.82;0.72;0.19;0.41;14.01;4.04;2.81;8.72;2.59;0.00;0.01;0.50;0.60;0.00;84.00;1015.96;7897.45;71.89;47.27;4.28;1.60;3.69;0.93;2.59;8.93;5.21;7.22;1.16;
2.90;18.32;12.08;4.55;6.12;5.00;2.93;0.00;0.00;0.00;0.04;0.04;0.04;3.26;7.85;0.90;22.58;18.06;10.96;4.78;0.82;0.72;0.19;0.41;14.10;4.05;2.85;8.75;2.59;0.00;0.01;0.50;0.60;0.00;83.44;988.86;7650.90;71.69;46.53;5.03;1.84;4.20;0.46;1.35;3.97;2.89;4.33;0.57;
2.90;18.32;12.08;4.55;6.12;5.00;2.93;0.00;0.00;0.00;0.04;0.04;0.04;3.18;7.81;0.87;22.33;17.95;10.77;4.78;0.82;0.72;0.19;0.41;14.12;4.05;2.86;8.76;2.59;0.00;0.01;0.50;0.60;0.00;60.90;278.61;1731.28;63.05;22.09;3.74;1.43;3.31;0.15;0.48;1.11;1.14;1.93;0.19;
2.90;18.32;12.08;4.55;6.12;5.00;2.93;0.00;0.00;0.00;0.04;0.04;0.04;3.19;7.81;0.87;22.37;17.97;10.80;4.78;0.82;0.72;0.19;0.41;14.01;4.04;2.81;8.72;2.59;0.00;0.01;0.50;0.60;0.00;60.95;279.65;1738.83;63.08;22.13;3.71;1.42;3.29;0.69;1.97;6.37;4.07;5.83;0.86;
2.90;18.32;12.08;4.55;6.12;5.00;2.93;0.00;0.00;0.00;0.04;0.04;0.04;3.19;7.81;0.87;22.38;17.97;10.80;4.78;0.82;0.72;0.19;0.41;13.77;4.01;2.71;8.62;2.57;0.00;0.01;0.50;0.60;0.00;48.10;107.85;568.66;57.27;12.64;3.90;1.48;3.43;0.17;0.53;1.24;1.24;2.07;0.21;
2.90;18.32;12.08;4.55;6.12;5.00;2.93;0.00;0.00;0.00;0.04;0.04;0.04;3.16;7.80;0.86;22.29;17.93;10.74;4.78;0.82;0.72;0.19;0.41;14.05;4.05;2.83;8.73;2.59;0.00;0.01;0.50;0.60;0.00;72.25;554.22;3879.15;67.61;33.10;3.61;1.38;3.22;0.15;0.47;1.06;1.11;1.88;0.18;
2.90;18.32;12.08;4.55;6.12;5.00;2.93;0.00;0.00;0.00;0.04;0.04;0.04;3.16;7.80;0.86;22.28;17.92;10.72;4.78;0.82;0.72;0.19;0.41;14.33;4.08;2.95;8.84;2.61;0.00;0.01;0.50;0.60;0.00;109.21;2919.78;27246.54;80.01;87.96;5.07;1.85;4.23;0.42;1.22;3.51;2.64;4.00;0.51;
2.90;18.32;12.08;4.55;6.12;5.00;2.93;0.00;0.00;0.00;0.04;0.04;0.04;3.25;7.84;0.90;22.55;18.04;10.93;4.78;0.82;0.72;0.19;0.41;13.94;4.03;2.78;8.69;2.58;0.00;0.01;0.50;0.60;0.00;65.08;364.01;2369.04;64.78;25.85;4.53;1.68;3.86;0.14;0.45;1.02;1.07;1.83;0.18;
2.90;18.32;12.08;4.55;6.12;5.00;2.93;0.00;0.00;0.00;0.04;0.04;0.04;3.18;7.80;0.87;22.33;17.94;10.76;4.78;0.82;0.72;0.19;0.41;14.42;4.09;2.99;8.87;2.62;0.00;0.01;0.50;0.60;0.00;87.19;1180.57;9418.72;72.99;51.64;4.60;1.70;3.91;1.37;3.73;14.07;7.24;9.62;1.72;
2.90;18.32;12.08;4.55;6.12;5.00;2.93;0.00;0.00;0.00;0.04;0.04;0.04;3.16;7.80;0.86;22.28;17.92;10.73;4.78;0.82;0.72;0.19;0.41;14.41;4.09;2.98;8.87;2.62;0.00;0.01;0.50;0.60;0.00;30.19;16.56;63.13;47.36;4.20;4.16;1.56;3.61;0.32;0.95;2.57;2.11;3.29;0.39;
2.90;18.32;12.08;4.55;6.12;5.00;2.93;0.00;0.00;0.00;0.04;0.04;0.04;3.16;7.80;0.86;22.27;17.92;10.72;4.76;0.82;0.72;0.19;0.41;13.84;4.02;2.74;8.65;2.57;0.00;0.01;0.50;0.60;0.00;85.27;1079.08;8476.11;72.33;48.98;4.29;1.60;3.69;1.94;5.16;21.08;9.71;12.42;2.45;
2.90;18.32;12.08;4.55;6.12;5.00;2.93;0.00;0.00;0.00;0.04;0.04;0.04;3.16;7.80;0.86;22.27;17.92;10.72;4.74;0.82;0.71;0.19;0.41;13.95;4.03;2.79;8.70;2.58;0.00;0.01;0.50;0.60;0.00;78.46;771.97;5722.26;69.92;40.22;3.29;1.28;2.98;0.08;0.26;0.50;0.65;1.18;0.10;
2.90;18.32;12.08;4.55;6.12;5.00;2.93;0.00;0.00;0.00;0.04;0.04;0.04;3.16;7.80;0.86;22.27;17.92;10.72;4.74;0.82;0.71;0.19;0.41;14.09;4.05;2.85;8.75;2.59;0.00;0.01;0.50;0.60;0.00;85.27;1079.28;8477.90;72.33;48.98;5.59;2.00;4.57;0.46;1.35;3.98;2.90;4.34;0.57;
2.90;18.32;12.08;4.55;6.12;5.00;2.93;0.00;0.00;0.00;0.04;0.04;0.04;3.16;7.80;0.86;22.27;17.92;10.72;4.75;0.82;0.71;0.19;0.41;13.89;4.03;2.76;8.67;2.58;0.00;0.01;0.50;0.60;0.00;46.26;92.22;473.24;56.37;11.53;3.88;1.47;3.41;0.15;0.48;1.11;1.14;1.93;0.19;
2.90;18.32;12.08;4.55;6.12;5.00;2.93;0.00;0.00;0.00;0.04;0.04;0.04;3.16;7.80;0.86;22.27;17.92;10.72;4.77;0.82;0.72;0.19;0.41;14.08;4.05;2.84;8.74;2.59;0.00;0.01;0.50;0.60;0.00;34.72;29.05;122.07;50.14;5.84;5.73;2.05;4.67;2.11;5.58;23.22;10.41;13.20;2.66;
2.89;18.20;12.02;4.52;6.08;4.98;2.92;0.00;0.00;0.00;0.04;0.04;0.04;3.16;7.80;0.86;22.27;17.92;10.72;4.77;0.82;0.72;0.19;0.41;13.89;4.03;2.76;8.67;2.58;0.00;0.01;0.50;0.60;0.00;83.75;1003.95;7788.07;71.80;46.94;4.93;1.80;4.13;0.04;0.14;0.23;0.37;0.72;0.05;
2.89;18.26;12.05;4.53;6.10;4.99;2.92;0.00;0.00;0.00;0.04;0.04;0.04;3.16;7.80;0.86;22.27;17.92;10.72;4.78;0.82;0.72;0.19;0.41;14.08;4.05;2.84;8.74;2.59;0.00;0.01;0.50;0.60;0.00;84.96;1063.51;8332.76;72.22;48.56;4.15;1.56;3.60;0.94;2.61;9.02;5.25;7.27;1.17;
2.89;18.23;12.03;4.53;6.09;4.98;2.92;0.00;0.00;0.00;0.04;0.04;0.04;3.16;7.80;0.86;22.27;17.92;10.72;4.78;0.82;0.72;0.19;0.41;14.34;4.08;2.95;8.84;2.61;0.00;0.01;0.50;0.60;0.00;105.74;2564.41;23398.91;78.96;81.49;3.95;1.49;3.46;0.19;0.59;1.41;1.37;2.26;0.23;
2.89;18.22;12.03;4.53;6.09;4.98;2.92;0.00;0.00;0.00;0.04;0.04;0.04;3.16;7.80;0.86;22.27;17.92;10.72;4.78;0.82;0.72;0.19;0.41;14.39;4.09;2.98;8.86;2.61;0.00;0.01;0.50;0.60;0.00;147.32;9733.33;111873.68;90.40;178.58;4.79;1.76;4.04;0.05;0.16;0.28;0.43;0.82;0.06;
2.89;18.22;12.03;4.53;6.09;4.98;2.92;0.00;0.00;0.00;0.04;0.04;0.04;3.16;7.80;0.86;22.27;17.92;10.72;4.78;0.82;0.72;0.19;0.41;14.18;4.06;2.88;8.78;2.60;0.00;0.01;0.50;0.60;0.00;122.91;4697.53;47596.49;83.96;116.34;4.37;1.63;3.75;0.07;0.23;0.45;0.60;1.10;0.09;
2.89;18.22;12.03;4.53;6.09;4.98;2.92;0.00;0.00;0.00;0.04;0.04;0.04;3.19;7.81;0.87;22.36;17.96;10.79;4.78;0.82;0.72;0.19;0.41;14.13;4.06;2.87;8.76;2.60;0.00;0.01;0.50;0.60;0.00;50.90;135.40;742.55;58.60;14.45;5.24;1.90;4.34;0.97;2.70;9.40;5.40;7.46;1.21;
2.89;18.26;12.05;4.54;6.10;4.99;2.93;0.00;0.00;0.00;0.04;0.04;0.04;3.16;7.80;0.86;22.29;17.93;10.73;4.78;0.82;0.72;0.19;0.41;14.13;4.06;2.86;8.76;2.60;0.00;0.01;0.50;0.60;0.00;63.65;332.80;2132.58;64.20;24.52;4.44;1.65;3.80;0.63;1.80;5.68;3.75;5.43;0.78;
2.89;18.23;12.03;4.53;6.09;4.98;2.92;0.00;0.00;0.00;0.04;0.04;0.04;3.16;7.80;0.86;22.27;17.92;10.72;4.78;0.82;0.72;0.19;0.41;14.12;4.05;2.86;8.76;2.60;0.00;0.01;0.50;0.60;0.00;64.29;346.45;2235.56;64.46;25.11;4.51;1.67;3.85;0.26;0.77;1.99;1.75;2.80;0.31;
2.88;18.18;12.01;4.52;6.08;4.98;2.92;0.00;0.00;0.00;0.04;0.04;0.04;3.16;7.80;0.86;22.27;17.92;10.72;4.78;0.82;0.72;0.19;0.41;14.12;4.05;2.86;8.76;2.59;0.00;0.01;0.50;0.60;0.00;76.75;706.72;5159.11;69.29;38.18;5.59;2.01;4.57;0.22;0.66;1.64;1.52;2.48;0.27;
2.88;18.13;11.98;4.51;6.06;4.97;2.91;0.00;0.00;0.00;0.04;0.04;0.04;3.16;7.80;0.86;22.27;17.92;10.72;4.78;0.82;0.72;0.19;0.41;13.90;4.03;2.76;8.67;2.58;0.00;0.01;0.50;0.60;0.00;89.40;1305.29;10596.27;73.74;54.78;5.88;2.09;4.76;0.58;1.68;5.22;3.53;5.15;0.73;
2.87;18.08;11.96;4.50;6.05;4.96;2.90;0.00;0.00;0.00;0.04;0.04;0.04;3.16;7.80;0.86;22.27;17.92;10.72;4.79;0.82;0.72;0.19;0.41;14.08;4.05;2.84;8.74;2.59;0.00;0.01;0.50;0.60;0.00;83.09;972.50;7502.65;71.57;46.07;4.53;1.68;3.87;0.20;0.63;1.53;1.45;2.37;0.25;
2.88;18.15;11.99;4.51;6.07;4.97;2.91;0.00;0.00;0.00;0.04;0.04;0.04;3.16;7.80;0.86;22.27;17.92;10.72;4.78;0.82;0.72;0.19;0.41;14.00;4.04;2.81;8.71;2.59;0.00;0.01;0.50;0.60;0.00;70.31;496.71;3411.38;66.86;31.03;4.57;1.69;3.89;0.28;0.84;2.22;1.89;3.00;0.35;
2.88;18.12;11.98;4.51;6.06;4.96;2.91;0.00;0.00;0.00;0.04;0.04;0.04;3.16;7.80;0.86;22.27;17.92;10.72;4.79;0.82;0.72;0.19;0.41;14.44;4.09;3.00;8.88;2.62;0.00;0.01;0.50;0.60;0.00;71.45;529.90;3680.30;67.30;32.24;4.05;1.53;3.53;0.11;0.35;0.75;0.86;1.51;0.13;
2.88;18.12;11.98;4.50;6.06;4.96;2.91;0.00;0.00;0.00;0.04;0.04;0.04;3.16;7.80;0.86;22.27;17.92;10.72;4.78;0.82;0.72;0.19;0.41;14.07;4.05;2.84;8.74;2.59;0.00;0.01;0.50;0.60;0.00;51.07;137.29;754.76;58.69;14.57;4.39;1.63;3.77;1.75;4.68;18.67;8.89;11.50;2.20;
2.89;18.20;12.02;4.52;6.08;4.98;2.92;0.00;0.00;0.00;0.04;0.04;0.04;3.16;7.80;0.86;22.27;17.92;10.72;4.78;0.82;0.72;0.19;0.41;14.00;4.04;2.81;8.71;2.59;0.00;0.01;0.50;0.60;0.00;34.94;29.83;125.93;50.27;5.93;4.27;1.59;3.68;0.67;1.92;6.17;3.98;5.72;0.84;
2.88;18.13;11.99;4.51;6.06;4.97;2.91;0.00;0.00;0.00;0.04;0.04;0.04;3.16;7.80;0.86;22.27;17.92;10.72;4.78;0.82;0.72;0.19;0.41;14.32;4.08;2.95;8.84;2.61;0.00;0.01;0.50;0.60;0.00;78.92;790.70;5885.46;70.09;40.79;4.23;1.58;3.66;1.60;4.31;16.82;8.24;10.77;2.01;
2.88;18.16;12.00;4.51;6.07;4.97;2.91;0.00;0.00;0.00;0.03;0.04;0.04;3.16;7.80;0.86;22.27;17.92;10.72;4.78;0.82;0.72;0.19;0.41;14.16;4.06;2.88;8.78;2.60;0.00;0.01;0.50;0.60;0.00;53.78;168.95;962.74;59.93;16.46;4.54;1.68;3.87;0.26;0.78;2.01;1.77;2.82;0.32;
2.88;18.13;11.98;4.51;6.06;4.97;2.91;0.00;0.00;0.00;0.03;0.04;0.04;3.19;7.81;0.87;22.36;17.96;10.79;4.78;0.82;0.72;0.19;0.41;14.02;4.04;2.82;8.72;2.59;0.00;0.01;0.50;0.60;0.00;55.00;184.98;1070.79;60.49;17.36;3.87;1.47;3.40;0.16;0.51;1.18;1.20;2.01;0.20;
2.87;18.08;11.96;4.49;6.05;4.96;2.90;0.00;0.00;0.00;0.03;0.04;0.04;3.16;7.80;0.86;22.29;17.93;10.73;4.78;0.82;0.72;0.19;0.41;13.99;4.04;2.80;8.71;2.59;0.00;0.01;0.50;0.60;0.00;45.60;86.99;441.94;56.03;11.14;3.24;1.26;2.95;0.29;0.87;2.31;1.95;3.08;0.36;
2.87;18.07;11.95;4.49;6.04;4.95;2.90;0.00;0.00;0.00;0.03;0.04;0.04;3.16;7.80;0.86;22.27;17.92;10.72;4.78;0.82;0.72;0.19;0.41;14.21;4.06;2.90;8.79;2.60;0.00;0.01;0.50;0.60;0.00;69.80;482.27;3295.32;66.66;30.50;4.68;1.72;3.96;6.48;15.94;85.62;26.84;30.07;8.29;
2.87;18.07;11.95;4.49;6.04;4.95;2.90;0.00;0.00;0.00;0.03;0.04;0.04;3.16;7.80;0.86;22.27;17.92;10.72;4.78;0.82;0.72;0.19;0.41;14.14;4.06;2.87;8.77;2.60;0.00;0.01;0.50;0.60;0.00;61.60;291.80;1827.78;63.35;22.69;3.26;1.27;2.97;0.74;2.10;6.89;4.31;6.13;0.93;
2.87;18.07;11.95;4.49;6.04;4.95;2.90;0.00;0.00;0.00;0.03;0.04;0.04;3.16;7.80;0.86;22.27;17.92;10.72;4.78;0.82;0.72;0.19;0.41;14.01;4.04;2.81;8.72;2.59;0.00;0.01;0.50;0.60;0.00;66.67;401.16;2655.10;65.43;27.37;3.74;1.43;3.31;0.54;1.56;4.78;3.31;4.87;0.67;
2.87;18.07;11.95;4.49;6.04;4.95;2.90;0.00;0.00;0.00;0.03;0.04;0.04;3.16;7.80;0.86;22.27;17.92;10.72;4.78;0.82;0.72;0.19;0.41;13.99;4.04;2.80;8.71;2.59;0.00;0.01;0.50;0.60;0.00;75.22;651.52;4689.69;68.72;36.40;4.45;1.65;3.81;1.32;3.61;13.50;7.02;9.37;1.66;
2.87;18.07;11.95;4.49;6.04;4.95;2.90;0.00;0.00;0.00;0.03;0.04;0.04;3.16;7.80;0.86;22.27;17.92;10.72;4.78;0.82;0.72;0.19;0.41;14.10;4.05;2.85;8.75;2.59;0.00;0.01;0.50;0.60;0.00;96.22;1754.78;14993.84;75.98;65.19;4.68;1.72;3.96;1.01;2.81;9.90;5.61;7.71;1.27;
2.87;18.07;11.95;4.49;6.04;4.95;2.90;0.00;0.00;0.00;0.03;0.04;0.04;3.16;7.80;0.86;22.27;17.92;10.72;4.78;0.82;0.72;0.19;0.41;14.23;4.07;2.91;8.80;2.60;0.00;0.01;0.50;0.60;0.00;29.74;15.59;58.80;47.07;4.05;4.66;1.72;3.95;1.23;3.36;12.37;6.59;8.87;1.54;
