4.59;34.77;19.98;8.10;10.82;7.90;4.68;0.00;0.00;0.00;0.08;0.07;0.08;61.60;14.59;70.65;78.50;35.66;80.91;12.91;1.43;3.37;0.47;0.70;54.43;7.09;49.64;20.15;4.41;0.02;0.06;0.70;0.81;0.01;70.03;488.73;3347.13;66.75;30.74;24.90;7.15;15.23;1.92;5.10;20.77;9.61;12.30;2.42;
3.12;20.27;13.08;4.98;6.69;5.38;3.16;0.00;0.00;0.00;0.04;0.04;0.05;5.33;8.71;1.87;27.81;20.23;15.31;5.46;0.89;0.89;0.22;0.44;18.24;4.51;4.91;10.26;2.87;0.00;0.01;0.53;0.63;0.00;77.11;720.26;5275.25;69.43;38.61;20.51;6.06;13.03;1.62;4.35;17.03;8.31;10.85;2.03;
2.89;18.28;12.06;4.54;6.10;4.99;2.93;0.00;0.00;0.00;0.03;0.04;0.04;3.40;7.92;0.96;22.98;18.23;11.27;4.68;0.81;0.70;0.19;0.40;14.98;4.15;3.24;9.08;2.66;0.00;0.01;0.51;0.60;0.00;57.31;218.29;1300.34;61.51;19.13;28.18;7.94;16.83;2.43;6.38;27.41;11.75;14.65;3.08;
2.85;17.91;11.87;4.46;6.00;4.92;2.88;0.00;0.00;0.00;0.03;0.04;0.04;3.02;7.72;0.81;21.86;17.74;10.40;4.50;0.79;0.65;0.18;0.40;14.29;4.07;2.93;8.82;2.61;0.00;0.00;0.50;0.60;0.00;51.63;143.39;794.25;58.95;14.94;22.53;6.57;14.05;1.54;4.15;16.08;7.98;10.47;1.94;
2.84;17.84;11.83;4.44;5.97;4.91;2.88;0.00;0.00;0.00;0.03;0.04;0.04;2.98;7.70;0.79;21.73;17.68;10.31;4.43;0.79;0.64;0.18;0.39;14.04;4.04;2.82;8.73;2.59;0.00;0.00;0.50;0.59;0.00;85.90;1111.45;8775.13;72.55;49.84;17.43;5.28;11.43;28.73;64.09;483.18;94.20;89.60;37.33;
2.84;17.82;11.82;4.44;5.97;4.91;2.87;0.00;0.00;0.00;0.03;0.04;0.04;2.91;7.66;0.76;21.53;17.59;10.15;4.42;0.79;0.64;0.18;0.39;13.75;4.01;2.70;8.61;2.57;0.00;0.00;0.50;0.59;0.00;43.48;71.85;353.09;54.96;9.95;17.13;5.20;11.27;122.16;247.93;2598.32;319.26;259.03;161.25;
2.84;17.82;11.82;4.44;5.97;4.91;2.87;0.00;0.00;0.00;0.03;0.04;0.04;2.90;7.66;0.76;21.49;17.57;10.12;4.42;0.79;0.64;0.18;0.39;13.93;4.03;2.78;8.68;2.58;0.00;0.00;0.50;0.59;0.00;67.44;420.05;2802.33;65.73;28.12;18.20;5.48;11.83;41.28;89.93;736.25;127.87;116.88;53.85;
2.84;17.82;11.82;4.44;5.97;4.91;2.87;0.00;0.00;0.00;0.03;0.04;0.04;2.90;7.66;0.76;21.48;17.57;10.11;4.42;0.79;0.64;0.18;0.39;14.08;4.05;2.84;8.75;2.59;0.00;0.01;0.50;0.60;0.00;95.82;1725.10;14696.80;75.85;64.54;17.44;5.28;11.43;1.58;4.27;16.62;8.17;10.69;1.99;
2.83;17.75;11.78;4.42;5.95;4.89;2.86;0.00;0.00;0.00;0.03;0.04;0.04;2.90;7.66;0.76;21.48;17.57;10.11;4.42;0.79;0.64;0.18;0.39;13.99;4.04;2.81;8.71;2.59;0.00;0.01;0.51;0.60;0.00;77.48;734.16;5394.94;69.56;39.05;22.95;6.67;14.26;11.64;27.54;169.02;43.96;46.18;14.97;
2.83;17.73;11.78;4.42;5.94;4.89;2.86;0.00;0.00;0.00;0.03;0.04;0.04;2.90;7.66;0.76;21.48;17.57;10.11;4.42;0.79;0.64;0.18;0.39;13.98;4.04;2.80;8.70;2.58;0.00;0.01;0.51;0.60;0.00;73.70;600.22;4259.56;68.15;34.69;14.19;4.43;9.68;1.45;3.93;15.01;7.59;10.02;1.82;
2.83;17.73;11.77;4.42;5.94;4.89;2.86;0.00;0.00;0.00;0.03;0.04;0.04;2.90;7.66;0.76;21.48;17.57;10.11;4.42;0.79;0.64;0.18;0.39;13.97;4.04;2.80;8.70;2.58;0.00;0.01;0.51;0.60;0.00;99.74;2027.71;17764.90;77.11;70.98;18.07;5.44;11.76;4.39;11.06;54.36;19.30;22.57;5.58;
2.83;17.73;11.77;4.42;5.94;4.89;2.86;0.00;0.00;0.00;0.03;0.04;0.04;2.90;7.66;0.76;21.48;17.57;10.11;4.42;0.79;0.64;0.18;0.39;13.85;4.02;2.75;8.66;2.58;0.00;0.01;0.51;0.60;0.00;63.76;335.14;2150.17;64.24;24.62;15.79;4.85;10.56;6.86;16.81;91.49;28.16;31.35;8.78;
2.82;17.61;11.72;4.39;5.91;4.86;2.85;0.00;0.00;0.00;0.03;0.04;0.04;2.90;7.66;0.76;21.48;17.57;10.11;4.42;0.79;0.64;0.18;0.39;13.95;4.03;2.79;8.69;2.58;0.00;0.01;0.51;0.60;0.00;77.40;731.17;5369.14;69.53;38.96;24.60;7.08;15.08;4.06;10.28;49.66;18.08;21.32;5.16;
2.82;17.63;11.72;4.39;5.91;4.87;2.85;0.00;0.00;0.00;0.03;0.04;0.04;2.90;7.66;0.76;21.48;17.57;10.11;4.42;0.79;0.64;0.18;0.39;13.97;4.04;2.79;8.70;2.58;0.00;0.01;0.51;0.60;0.00;56.35;203.85;1200.02;61.09;18.38;18.27;5.49;11.87;44.32;96.09;799.50;135.75;123.12;57.85;
2.82;17.67;11.74;4.40;5.92;4.88;2.86;0.00;0.00;0.00;0.03;0.04;0.04;2.90;7.66;0.76;21.48;17.57;10.11;4.42;0.79;0.64;0.18;0.39;13.97;4.04;2.80;8.70;2.58;0.00;0.01;0.51;0.60;0.00;106.79;2668.20;24513.69;79.28;83.42;27.63;7.81;16.56;2.06;5.46;22.57;10.20;12.96;2.60;
2.82;17.60;11.71;4.39;5.90;4.86;2.85;0.00;0.00;0.00;0.03;0.04;0.04;2.90;7.66;0.76;21.48;17.57;10.11;4.42;0.79;0.64;0.18;0.39;14.09;4.05;2.85;8.75;2.59;0.00;0.01;0.51;0.60;0.00;79.76;824.98;6185.88;70.39;41.82;24.79;7.12;15.18;0.72;2.03;6.62;4.19;5.98;0.89;
2.82;17.59;11.70;4.38;5.90;4.86;2.85;0.00;0.00;0.00;0.03;0.04;0.04;2.90;7.66;0.76;21.48;17.57;10.11;4.42;0.79;0.64;0.18;0.39;14.12;4.05;2.86;8.76;2.59;0.00;0.01;0.50;0.60;0.00;57.59;222.55;1330.13;61.63;19.35;23.84;6.89;14.70;12.09;28.54;176.66;45.40;47.49;15.56;
2.82;17.59;11.70;4.38;5.90;4.86;2.85;0.00;0.00;0.00;0.03;0.04;0.04;2.90;7.66;0.76;21.48;17.57;10.11;4.42;0.79;0.64;0.18;0.39;14.12;4.05;2.86;8.76;2.59;0.00;0.01;0.50;0.60;0.00;61.79;295.49;1854.94;63.43;22.86;19.28;5.75;12.39;4.98;12.45;62.95;21.47;24.76;6.34;
2.82;17.59;11.70;4.38;5.90;4.86;2.85;0.00;0.00;0.00;0.03;0.04;0.04;2.90;7.66;0.76;21.48;17.57;10.11;4.42;0.79;0.64;0.18;0.39;14.24;4.07;2.91;8.81;2.60;0.00;0.01;0.50;0.60;0.00;112.74;3318.86;31665.09;81.06;94.84;22.30;6.51;13.93;2.59;6.75;29.44;12.37;15.33;3.27;
2.82;17.59;11.70;4.38;5.90;4.86;2.85;0.00;0.00;0.00;0.03;0.04;0.04;2.90;7.66;0.76;21.48;17.57;10.11;4.42;0.79;0.64;0.18;0.39;14.27;4.07;2.92;8.82;2.61;0.00;0.01;0.50;0.60;0.00;106.23;2612.61;23915.67;79.11;82.39;15.76;4.85;10.54;1.66;4.45;17.53;8.49;11.05;2.09;
2.82;17.59;11.70;4.38;5.90;4.86;2.85;0.00;0.00;0.00;0.03;0.04;0.04;2.90;7.66;0.76;21.48;17.57;10.11;4.42;0.79;0.64;0.18;0.39;14.15;4.06;2.87;8.77;2.60;0.00;0.01;0.50;0.60;0.00;121.29;4453.13;44704.92;83.51;112.74;19.29;5.76;12.40;9.40;22.55;131.85;36.71;39.48;12.06;
2.82;17.59;11.70;4.38;5.90;4.86;2.85;0.00;0.00;0.00;0.03;0.04;0.04;2.90;7.66;0.76;21.48;17.57;10.11;4.42;0.79;0.64;0.18;0.39;14.13;4.06;2.86;8.76;2.60;0.00;0.01;0.51;0.60;0.00;140.38;8016.20;89093.55;88.64;159.31;22.57;6.58;14.07;6.02;14.86;78.48;25.20;28.46;7.68;
2.82;17.59;11.70;4.38;5.90;4.86;2.85;0.00;0.00;0.00;0.03;0.04;0.04;2.90;7.66;0.76;21.48;17.57;10.11;4.42;0.79;0.64;0.18;0.39;14.13;4.05;2.86;8.76;2.60;0.00;0.01;0.51;0.60;0.00;44.91;81.84;411.41;55.69;10.74;19.20;5.73;12.35;16.39;37.93;251.66;58.68;59.37;21.17;
2.82;17.59;11.70;4.38;5.90;4.86;2.85;0.00;0.00;0.00;0.03;0.04;0.04;2.90;7.66;0.76;21.48;17.57;10.11;4.42;0.79;0.64;0.18;0.39;14.00;4.04;2.81;8.71;2.59;0.00;0.01;0.51;0.60;0.00;62.67;312.65;1981.92;63.79;23.63;25.03;7.18;15.29;12.67;29.82;186.61;47.24;49.16;16.32;
2.82;17.59;11.70;4.38;5.90;4.86;2.85;0.00;0.00;0.00;0.03;0.04;0.04;2.90;7.66;0.76;21.48;17.57;10.11;4.42;0.79;0.64;0.18;0.39;14.10;4.05;2.85;8.75;2.59;0.00;0.01;0.51;0.60;0.00;91.97;1462.80;12111.43;74.60;58.57;18.44;5.54;11.96;6.61;16.24;87.64;27.30;30.51;8.46;
2.82;17.59;11.70;4.38;5.90;4.86;2.85;0.00;0.00;0.00;0.03;0.04;0.04;2.90;7.66;0.76;21.48;17.57;10.11;4.42;0.79;0.64;0.18;0.39;14.24;4.07;2.91;8.80;2.60;0.00;0.01;0.51;0.60;0.00;63.75;335.03;2149.32;64.24;24.62;15.91;4.88;10.62;13.65;31.95;203.34;50.27;51.90;17.58;
2.82;17.59;11.70;4.38;5.90;4.86;2.85;0.00;0.00;0.00;0.03;0.04;0.04;2.90;7.66;0.76;21.48;17.57;10.11;4.42;0.79;0.64;0.18;0.39;14.39;4.09;2.98;8.86;2.61;0.00;0.01;0.51;0.60;0.00;118.28;4024.34;39698.46;82.65;106.22;19.05;5.69;12.28;19.39;44.37;305.85;67.60;67.14;25.08;
2.82;17.59;11.70;4.38;5.90;4.86;2.85;0.00;0.00;0.00;0.03;0.04;0.04;2.90;7.66;0.76;21.48;17.57;10.11;4.42;0.79;0.64;0.18;0.39;14.05;4.05;2.83;8.73;2.59;0.00;0.01;0.51;0.61;0.00;109.42;2943.19;27503.01;80.07;88.37;18.91;5.66;12.20;6.84;16.75;91.08;28.07;31.26;8.74;
2.83;17.70;11.76;4.41;5.93;4.88;2.86;0.00;0.00;0.00;0.03;0.04;0.04;2.90;7.66;0.76;21.48;17.57;10.11;4.42;0.79;0.64;0.18;0.39;14.23;4.07;2.91;8.80;2.60;0.00;0.01;0.51;0.61;0.00;110.32;3040.83;28576.35;80.34;90.08;15.04;4.66;10.15;9.67;23.15;136.23;37.59;40.30;12.41;
2.84;17.80;11.81;4.43;5.96;4.90;2.87;0.00;0.00;0.00;0.03;0.04;0.04;2.90;7.66;0.76;21.48;17.57;10.11;4.49;0.79;0.65;0.18;0.40;14.02;4.04;2.82;8.72;2.59;0.00;0.01;0.51;0.61;0.00;132.82;6416.19;68615.01;86.66;139.76;25.08;7.19;15.32;11.17;26.51;161.19;42.47;44.82;14.37;
2.84;17.82;11.82;4.44;5.97;4.90;2.87;0.00;0.00;0.00;0.03;0.04;0.04;2.90;7.66;0.76;21.48;17.57;10.11;4.56;0.80;0.67;0.18;0.40;14.10;4.05;2.85;8.75;2.59;0.00;0.01;0.51;0.61;0.00;124.68;4975.74;50919.95;84.45;120.35;21.54;6.32;13.55;3.64;9.30;43.83;16.51;19.70;4.63;
2.86;18.01;11.92;4.48;6.02;4.94;2.90;0.00;0.00;0.00;0.03;0.04;0.04;2.90;7.66;0.76;21.48;17.57;10.11;4.59;0.80;0.68;0.18;0.40;14.12;4.05;2.86;8.76;2.59;0.00;0.01;0.51;0.61;0.00;84.74;1052.37;8230.52;72.15;48.26;21.95;6.42;13.76;0.63;1.80;5.68;3.75;5.43;0.78;
2.87;18.05;11.94;4.49;6.04;4.95;2.90;0.00;0.00;0.00;0.03;0.04;0.04;2.90;7.66;0.76;21.48;17.57;10.11;4.66;0.81;0.69;0.19;0.40;14.00;4.04;2.81;8.71;2.59;0.00;0.01;0.51;0.61;0.00;84.66;1048.60;8195.91;72.12;48.16;16.16;4.95;10.75;4.97;12.44;62.89;21.46;24.75;6.34;
2.87;18.09;11.97;4.50;6.05;4.96;2.91;0.00;0.00;0.00;0.03;0.04;0.04;2.90;7.66;0.76;21.48;17.57;10.11;4.71;0.82;0.70;0.19;0.41;14.10;4.05;2.85;8.75;2.59;0.00;0.01;0.51;0.61;0.00;84.78;1054.33;8248.47;72.16;48.31;23.43;6.79;14.50;19.04;43.62;299.44;66.57;66.25;24.62;
2.88;18.18;12.01;4.52;6.08;4.98;2.92;0.00;0.00;0.00;0.04;0.04;0.04;2.90;7.66;0.76;21.48;17.57;10.11;4.76;0.82;0.72;0.19;0.41;14.36;4.08;2.96;8.85;2.61;0.00;0.01;0.51;0.61;0.00;80.94;874.94;6627.57;70.81;43.29;20.99;6.18;13.27;51.96;111.50;961.89;155.24;138.36;67.94;
2.89;18.27;12.06;4.54;6.10;4.99;2.93;0.00;0.00;0.00;0.04;0.04;0.04;2.93;7.67;0.77;21.57;17.61;10.18;4.85;0.83;0.74;0.19;0.41;14.29;4.07;2.93;8.82;2.61;0.00;0.01;0.51;0.61;0.00;90.70;1383.65;11346.33;74.18;56.69;24.42;7.03;14.99;3.03;7.82;35.30;14.11;17.19;3.83;
2.90;18.29;12.07;4.54;6.11;5.00;2.93;0.00;0.00;0.00;0.04;0.04;0.04;2.93;7.67;0.77;21.58;17.62;10.19;4.87;0.83;0.74;0.19;0.41;14.28;4.07;2.93;8.82;2.61;0.00;0.01;0.51;0.61;0.00;112.66;3309.35;31558.70;81.03;94.68;20.28;6.01;12.91;1.90;5.06;20.55;9.53;12.22;2.40;
2.90;18.30;12.07;4.54;6.11;5.00;2.93;0.00;0.00;0.00;0.04;0.04;0.04;3.02;7.72;0.81;21.86;17.74;10.40;4.95;0.84;0.76;0.20;0.42;14.15;4.06;2.87;8.77;2.60;0.00;0.01;0.51;0.61;0.00;82.65;952.00;7317.49;71.42;45.50;21.15;6.22;13.36;0.42;1.22;3.51;2.64;4.01;0.52;
2.92;18.49;12.17;4.59;6.17;5.04;2.95;0.00;0.00;0.00;0.04;0.04;0.04;3.04;7.73;0.81;21.92;17.76;10.44;4.96;0.84;0.76;0.20;0.42;14.25;4.07;2.92;8.81;2.60;0.00;0.01;0.51;0.61;0.00;108.80;2876.58;26774.29;79.89;87.19;32.91;9.06;19.06;1.58;4.25;16.54;8.14;10.66;1.98;
2.92;18.53;12.19;4.60;6.18;5.04;2.96;0.00;0.00;0.00;0.04;0.04;0.04;3.07;7.75;0.83;22.02;17.81;10.52;5.04;0.85;0.78;0.20;0.42;14.15;4.06;2.87;8.77;2.60;0.00;0.01;0.51;0.61;0.00;90.51;1371.57;11230.22;74.11;56.40;25.97;7.41;15.75;0.88;2.46;8.40;4.98;6.95;1.10;
2.92;18.54;12.20;4.60;6.18;5.05;2.96;0.00;0.00;0.00;0.04;0.04;0.04;3.08;7.75;0.83;22.04;17.82;10.54;5.06;0.85;0.79;0.20;0.42;14.25;4.07;2.92;8.81;2.60;0.00;0.01;0.51;0.61;0.00;71.67;536.48;3733.90;67.38;32.47;30.26;8.44;17.82;1.67;4.49;17.73;8.56;11.13;2.11;
2.92;18.54;12.20;4.60;6.18;5.05;2.96;0.00;0.00;0.00;0.04;0.04;0.04;3.08;7.76;0.83;22.04;17.82;10.54;5.10;0.85;0.80;0.20;0.42;14.15;4.06;2.87;8.77;2.60;0.00;0.01;0.51;0.61;0.00;97.12;1821.70;15666.79;76.27;66.64;22.35;6.52;13.96;7.25;17.70;97.54;29.50;32.65;9.28;
2.92;18.54;12.20;4.60;6.18;5.05;2.96;0.00;0.00;0.00;0.04;0.04;0.04;3.08;7.76;0.83;22.04;17.82;10.54;5.15;0.86;0.81;0.20;0.43;14.25;4.07;2.92;8.81;2.60;0.00;0.01;0.51;0.61;0.00;104.92;2485.00;22551.19;78.71;80.00;19.52;5.81;12.52;4.28;10.82;52.87;18.92;22.18;5.45;
2.92;18.54;12.20;4.60;6.18;5.05;2.96;0.00;0.00;0.00;0.04;0.04;0.04;3.08;7.76;0.83;22.04;17.82;10.54;5.18;0.86;0.82;0.21;0.43;14.15;4.06;2.87;8.77;2.60;0.00;0.01;0.51;0.61;0.00;165.19;15426.82;192026.17;94.72;234.14;14.33;4.47;9.76;16.99;39.21;262.29;60.47;60.94;21.94;
2.95;18.74;12.30;4.64;6.24;5.08;2.98;0.00;0.00;0.00;0.04;0.04;0.04;3.08;7.76;0.83;22.04;17.82;10.54;5.25;0.87;0.83;0.21;0.43;14.37;4.08;2.97;8.86;2.61;0.00;0.01;0.51;0.61;0.00;125.88;5170.09;53260.95;84.78;123.09;19.94;5.92;12.74;13.81;32.31;206.18;50.78;52.35;17.80;
2.95;18.78;12.32;4.65;6.25;5.09;2.99;0.00;0.00;0.00;0.04;0.04;0.04;3.08;7.76;0.83;22.04;17.82;10.54;5.26;0.87;0.84;0.21;0.43;13.93;4.03;2.78;8.69;2.58;0.00;0.01;0.51;0.61;0.00;103.64;2365.58;21285.26;78.32;77.71;26.91;7.64;16.21;3.26;8.39;38.53;15.04;18.17;4.14;
2.95;18.79;12.32;4.65;6.26;5.09;2.99;0.00;0.00;0.00;0.04;0.04;0.04;3.08;7.76;0.83;22.04;17.82;10.54;5.27;0.87;0.84;0.21;0.43;14.21;4.06;2.90;8.79;2.60;0.00;0.01;0.51;0.61;0.00;82.05;924.20;7067.43;71.20;44.71;25.87;7.39;15.70;2.18;5.75;24.08;10.69;13.50;2.75;
2.95;18.79;12.33;4.65;6.26;5.09;2.99;0.00;0.00;0.00;0.04;0.04;0.04;3.08;7.76;0.83;22.04;17.82;10.54;5.30;0.87;0.85;0.21;0.43;14.26;4.07;2.92;8.81;2.60;0.00;0.01;0.51;0.61;0.00;156.92;12547.51;150700.08;92.75;207.35;17.20;5.22;11.31;15.59;36.20;237.46;56.26;57.23;20.12;
2.95;18.79;12.33;4.65;6.26;5.09;2.99;0.00;0.00;0.00;0.04;0.04;0.04;3.08;7.76;0.83;22.04;17.82;10.54;5.35;0.88;0.86;0.21;0.44;14.39;4.09;2.98;8.86;2.61;0.00;0.01;0.51;0.61;0.00;89.22;1294.53;10493.91;73.68;54.51;21.92;6.41;13.74;13.34;31.28;198.05;49.32;51.04;17.19;
2.95;18.79;12.33;4.65;6.26;5.09;2.99;0.00;0.00;0.00;0.04;0.04;0.04;3.08;7.76;0.83;22.04;17.82;10.54;5.37;0.88;0.86;0.21;0.44;14.42;4.09;2.99;8.87;2.62;0.00;0.01;0.51;0.61;0.00;109.39;2939.11;27458.36;80.06;88.30;27.17;7.70;16.34;13.07;30.69;193.36;48.47;50.27;16.83;
2.96;18.83;12.35;4.66;6.27;5.10;2.99;0.00;0.00;0.00;0.04;0.04;0.04;3.11;7.77;0.84;22.14;17.86;10.61;5.37;0.88;0.86;0.21;0.44;14.30;4.08;2.94;8.83;2.61;0.00;0.01;0.51;0.61;0.00;65.03;362.92;2360.70;64.76;25.80;26.01;7.42;15.77;5.06;12.64;64.20;21.78;25.07;6.45;
2.97;18.96;12.41;4.69;6.31;5.13;3.01;0.00;0.00;0.00;0.04;0.04;0.04;3.09;7.76;0.83;22.06;17.83;10.56;5.42;0.88;0.88;0.21;0.44;14.40;4.09;2.98;8.87;2.62;0.00;0.01;0.51;0.61;0.00;133.10;6472.08;69316.70;86.73;140.47;24.89;7.15;15.22;2.50;6.54;28.30;12.02;14.95;3.16;
2.97;18.95;12.40;4.69;6.30;5.12;3.00;0.00;0.00;0.00;0.04;0.04;0.04;3.24;7.84;0.89;22.51;18.02;10.90;5.46;0.89;0.89;0.22;0.44;14.30;4.08;2.94;8.83;2.61;0.00;0.01;0.51;0.61;0.00;84.09;1020.28;7936.84;71.92;47.39;22.90;6.66;14.24;6.40;15.74;84.30;26.54;29.77;8.18;
2.98;19.02;12.45;4.71;6.33;5.14;3.01;0.00;0.00;0.00;0.04;0.04;0.04;3.24;7.84;0.89;22.51;18.02;10.90;5.47;0.89;0.89;0.22;0.44;14.28;4.07;2.93;8.82;2.61;0.00;0.01;0.51;0.61;0.00;119.60;4209.20;41846.14;83.03;109.07;25.93;7.40;15.73;30.37;67.49;515.24;98.70;93.31;39.48;
2.98;19.04;12.45;4.71;6.33;5.14;3.02;0.00;0.00;0.00;0.04;0.04;0.04;3.27;7.85;0.90;22.60;18.06;10.97;5.47;0.89;0.89;0.22;0.44;14.28;4.07;2.93;8.82;2.61;0.00;0.01;0.51;0.61;0.00;61.93;298.18;1874.74;63.49;22.99;22.87;6.65;14.22;7.64;18.59;103.66;30.83;33.92;9.79;
2.98;19.04;12.45;4.71;6.33;5.14;3.02;0.00;0.00;0.00;0.04;0.04;0.04;3.27;7.86;0.91;22.62;18.07;10.99;5.53;0.89;0.90;0.22;0.44;14.28;4.07;2.93;8.82;2.61;0.00;0.01;0.51;0.61;0.00;82.10;926.66;7089.50;71.22;44.78;15.84;4.87;10.58;4.84;12.14;61.01;20.99;24.28;6.17;
2.98;19.04;12.45;4.71;6.33;5.14;3.02;0.00;0.00;0.00;0.04;0.04;0.04;3.28;7.86;0.91;22.62;18.07;10.99;5.57;0.89;0.91;0.22;0.44;14.40;4.09;2.98;8.86;2.61;0.00;0.01;0.51;0.61;0.00;117.31;3894.07;38195.43;82.38;104.19;16.32;4.99;10.84;1.86;4.97;20.12;9.38;12.05;2.35;
2.98;19.04;12.46;4.71;6.33;5.14;3.02;0.00;0.00;0.00;0.04;0.04;0.04;3.28;7.86;0.91;22.62;18.07;10.99;5.58;0.90;0.92;0.22;0.44;14.42;4.09;2.99;8.87;2.62;0.00;0.01;0.51;0.61;0.00;72.49;561.50;3939.04;67.69;33.35;16.03;4.92;10.68;6.09;15.04;79.64;25.47;28.72;7.78;
2.99;19.08;12.48;4.72;6.34;5.15;3.02;0.00;0.00;0.00;0.04;0.04;0.05;3.28;7.86;0.91;22.62;18.07;10.99;5.58;0.90;0.92;0.22;0.44;14.30;4.08;2.94;8.83;2.61;0.00;0.01;0.51;0.61;0.00;124.75;4987.01;51055.34;84.47;120.51;17.80;5.37;11.62;15.74;36.52;240.09;56.71;57.63;20.32;
2.98;19.05;12.46;4.71;6.33;5.14;3.02;0.00;0.00;0.00;0.04;0.04;0.05;3.28;7.86;0.91;22.62;18.07;10.99;5.58;0.90;0.92;0.22;0.44;14.40;4.09;2.98;8.87;2.62;0.00;0.01;0.51;0.61;0.00;95.12;1675.17;14199.04;75.63;63.44;21.83;6.39;13.70;9.46;22.69;132.85;36.91;39.67;12.14;
2.98;19.04;12.46;4.71;6.33;5.14;3.02;0.00;0.00;0.00;0.04;0.04;0.05;3.28;7.86;0.91;22.62;18.07;10.99;5.65;0.90;0.93;0.22;0.45;14.55;4.10;3.05;8.92;2.63;0.00;0.01;0.51;0.61;0.00;91.44;1429.34;11787.10;74.42;57.78;25.49;7.29;15.52;11.35;26.91;164.22;43.05;45.35;14.60;
3.00;19.25;12.56;4.76;6.39;5.18;3.04;0.00;0.00;0.00;0.04;0.04;0.04;3.28;7.86;0.91;22.62;18.07;10.99;5.68;0.90;0.94;0.22;0.45;14.70;4.12;3.11;8.98;2.64;0.00;0.01;0.51;0.61;0.00;115.24;3624.42;35111.64;81.78;99.88;21.17;6.23;13.36;50.14;107.84;922.82;150.64;134.79;65.53;
3.01;19.29;12.58;4.76;6.40;5.19;3.04;0.00;0.00;0.00;0.04;0.04;0.04;3.28;7.86;0.91;22.62;18.07;10.99;5.69;0.91;0.94;0.22;0.45;14.36;4.08;2.96;8.85;2.61;0.00;0.01;0.51;0.61;0.00;97.18;1825.98;15709.95;76.29;66.74;21.63;6.34;13.60;1.15;3.16;11.43;6.23;8.44;1.44;
3.01;19.30;12.59;4.77;6.41;5.19;3.05;0.00;0.00;0.00;0.04;0.04;0.04;3.28;7.86;0.91;22.62;18.07;10.99;5.69;0.91;0.94;0.22;0.45;14.54;4.10;3.04;8.92;2.62;0.00;0.01;0.51;0.61;0.00;66.28;391.82;2582.73;65.27;26.99;17.32;5.25;11.37;2.63;6.87;30.05;12.56;15.53;3.33;
3.01;19.30;12.59;4.77;6.41;5.19;3.05;0.00;0.00;0.00;0.04;0.04;0.04;3.28;7.86;0.91;22.62;18.07;10.99;5.69;0.91;0.94;0.22;0.45;14.45;4.09;3.00;8.88;2.62;0.00;0.01;0.51;0.61;0.00;120.95;4403.56;44121.71;83.41;112.00;20.38;6.03;12.96;33.30;73.57;573.54;106.68;99.84;43.33;
3.01;19.30;12.59;4.77;6.41;5.19;3.05;0.00;0.00;0.00;0.04;0.04;0.05;3.28;7.86;0.91;22.62;18.07;10.99;5.71;0.91;0.95;0.22;0.45;14.43;4.09;3.00;8.88;2.62;0.00;0.01;0.51;0.61;0.00;94.19;1610.58;13559.01;75.33;61.99;27.06;7.67;16.28;14.44;33.69;217.20;52.74;54.10;18.62;
3.01;19.30;12.59;4.77;6.41;5.19;3.05;0.00;0.00;0.00;0.04;0.04;0.05;3.28;7.86;0.91;22.62;18.07;10.99;5.77;0.91;0.96;0.23;0.45;14.93;4.15;3.22;9.07;2.65;0.00;0.01;0.51;0.61;0.00;126.29;5238.15;54084.45;84.89;124.04;23.12;6.71;14.35;2.21;5.82;24.46;10.81;13.64;2.79;
3.01;19.30;12.59;4.77;6.41;5.19;3.05;0.00;0.00;0.00;0.04;0.04;0.05;3.28;7.86;0.91;22.62;18.07;10.99;5.79;0.91;0.97;0.23;0.45;14.78;4.13;3.15;9.01;2.64;0.00;0.01;0.51;0.61;0.00;71.35;526.87;3655.59;67.26;32.13;26.04;7.43;15.79;40.27;87.86;715.27;125.22;114.77;52.51;
3.01;19.30;12.59;4.77;6.41;5.19;3.05;0.00;0.00;0.00;0.04;0.04;0.05;3.31;7.87;0.92;22.72;18.12;11.07;5.80;0.92;0.97;0.23;0.45;14.62;4.11;3.08;8.95;2.63;0.00;0.01;0.51;0.61;0.00;87.34;1188.66;9494.46;73.04;51.84;25.17;7.21;15.36;133.02;268.46;2868.56;343.02;275.72;175.74;
3.01;19.30;12.59;4.77;6.41;5.19;3.05;0.00;0.00;0.00;0.04;0.04;0.05;3.32;7.88;0.92;22.74;18.12;11.08;5.80;0.92;0.97;0.23;0.45;14.47;4.10;3.01;8.89;2.62;0.00;0.01;0.51;0.61;0.00;82.03;923.40;7060.28;71.20;44.69;17.07;5.19;11.24;2.75;7.15;31.62;13.03;16.04;3.48;
3.01;19.30;12.59;4.77;6.41;5.19;3.05;0.00;0.00;0.00;0.04;0.04;0.05;3.38;7.91;0.95;22.93;18.21;11.23;5.80;0.92;0.97;0.23;0.45;14.31;4.08;2.94;8.83;2.61;0.00;0.01;0.51;0.61;0.00;174.98;19449.15;251999.94;96.97;268.33;20.01;5.94;12.77;7.17;17.50;96.18;29.20;32.36;9.17;
3.01;19.30;12.59;4.77;6.41;5.19;3.05;0.00;0.00;0.00;0.04;0.04;0.05;3.43;7.93;0.97;23.06;18.27;11.34;5.80;0.92;0.97;0.23;0.45;14.16;4.06;2.88;8.77;2.60;0.00;0.01;0.51;0.61;0.00;100.14;2060.33;18100.59;77.23;71.65;22.52;6.56;14.05;3.15;8.12;37.03;14.61;17.72;4.00;
3.01;19.34;12.61;4.78;6.42;5.20;3.05;0.00;0.00;0.00;0.04;0.04;0.05;3.47;7.95;0.99;23.19;18.32;11.43;5.80;0.92;0.97;0.23;0.45;14.25;4.07;2.92;8.81;2.60;0.00;0.01;0.51;0.61;0.00;56.61;207.78;1227.21;61.20;18.59;17.38;5.27;11.40;1.70;4.57;18.12;8.70;11.29;2.15;
3.02;19.43;12.65;4.80;6.45;5.22;3.06;0.00;0.00;0.00;0.04;0.04;0.05;3.48;7.96;0.99;23.21;18.33;11.45;5.80;0.92;0.97;0.23;0.45;14.52;4.10;3.03;8.91;2.62;0.00;0.01;0.51;0.61;0.00;148.83;10141.35;117394.66;90.77;182.95;24.36;7.02;14.96;5.52;13.71;70.99;23.43;26.71;7.04;
3.04;19.53;12.71;4.82;6.48;5.24;3.07;0.00;0.00;0.00;0.04;0.04;0.05;3.48;7.96;0.99;23.22;18.33;11.46;5.84;0.92;0.98;0.23;0.46;14.95;4.15;3.23;9.07;2.65;0.00;0.01;0.51;0.61;0.00;104.03;2401.54;21665.34;78.44;78.41;16.39;5.01;10.87;17.91;41.20;278.91;63.23;63.35;23.15;
3.04;19.55;12.72;4.82;6.48;5.24;3.07;0.00;0.00;0.00;0.04;0.04;0.05;3.48;7.96;0.99;23.22;18.33;11.46;5.90;0.92;1.00;0.23;0.46;14.66;4.12;3.09;8.96;2.63;0.00;0.01;0.51;0.61;0.00;61.15;283.31;1765.58;63.16;22.30;13.57;4.27;9.34;6.71;16.46;89.10;27.63;30.83;8.58;
3.04;19.56;12.72;4.82;6.48;5.24;3.08;0.00;0.00;0.00;0.04;0.04;0.05;3.48;7.96;0.99;23.22;18.33;11.46;5.91;0.93;1.00;0.23;0.46;14.47;4.10;3.01;8.89;2.62;0.00;0.01;0.51;0.61;0.00;66.68;401.37;2656.78;65.43;27.38;14.90;4.62;10.07;23.59;53.30;384.15;79.76;77.53;30.58;
3.04;19.56;12.72;4.82;6.48;5.24;3.08;0.00;0.00;0.00;0.04;0.04;0.05;3.48;7.96;0.99;23.22;18.33;11.46;5.91;0.93;1.00;0.23;0.46;14.69;4.12;3.11;8.97;2.64;0.00;0.01;0.51;0.61;0.00;102.98;2305.19;20649.22;78.12;76.54;20.87;6.15;13.21;145.03;291.05;3171.66;368.95;293.76;191.79;
3.04;19.56;12.72;4.82;6.48;5.24;3.08;0.00;0.00;0.00;0.04;0.04;0.05;3.48;7.96;0.99;23.22;18.33;11.46;5.91;0.93;1.00;0.23;0.46;14.60;4.11;3.07;8.94;2.63;0.00;0.01;0.51;0.61;0.00;59.38;251.67;1536.57;62.41;20.80;23.68;6.85;14.63;10.91;25.92;156.76;41.63;44.04;14.02;
3.04;19.56;12.72;4.82;6.48;5.24;3.08;0.00;0.00;0.00;0.04;0.04;0.05;3.48;7.96;0.99;23.22;18.33;11.46;5.91;0.93;1.00;0.23;0.46;14.46;4.09;3.01;8.89;2.62;0.00;0.01;0.51;0.61;0.00;55.84;196.56;1149.85;60.86;17.99;23.84;6.89;14.71;2.78;7.22;31.97;13.13;16.15;3.52;
3.04;19.56;12.72;4.82;6.48;5.24;3.08;0.00;0.00;0.00;0.04;0.04;0.05;3.48;7.96;0.99;23.22;18.33;11.46;5.91;0.93;1.00;0.23;0.46;14.56;4.11;3.05;8.93;2.63;0.00;0.01;0.51;0.61;0.00;113.86;3453.46;33176.82;81.38;97.08;24.95;7.16;15.26;2.87;7.44;33.20;13.50;16.54;3.64;
3.04;19.56;12.72;4.82;6.48;5.24;3.08;0.00;0.00;0.00;0.04;0.04;0.05;3.48;7.96;0.99;23.22;18.33;11.46;5.91;0.93;1.00;0.23;0.46;14.33;4.08;2.95;8.84;2.61;0.00;0.01;0.51;0.61;0.00;92.83;1518.76;12656.70;74.88;59.88;31.29;8.68;18.30;12.80;30.09;188.70;47.62;49.51;16.48;
3.04;19.56;12.72;4.82;6.48;5.24;3.08;0.00;0.00;0.00;0.04;0.04;0.05;3.48;7.96;0.99;23.22;18.33;11.46;5.91;0.93;1.00;0.23;0.46;14.66;4.12;3.09;8.96;2.63;0.00;0.01;0.51;0.61;0.00;100.68;2105.26;18564.50;77.40;72.56;27.10;7.68;16.30;4.60;11.56;57.42;20.09;23.37;5.85;
3.04;19.56;12.72;4.82;6.48;5.24;3.08;0.00;0.00;0.00;0.04;0.04;0.05;3.48;7.96;0.99;23.22;18.33;11.46;5.82;0.92;0.98;0.23;0.46;14.72;4.13;3.12;8.99;2.64;0.00;0.01;0.51;0.61;0.00;57.72;224.60;1344.57;61.69;19.46;18.44;5.54;11.96;5.32;13.25;68.04;22.72;26.01;6.79;
3.03;19.52;12.70;4.82;6.47;5.23;3.07;0.00;0.00;0.00;0.04;0.04;0.05;3.48;7.96;0.99;23.22;18.33;11.46;5.81;0.92;0.97;0.23;0.45;14.61;4.11;3.07;8.95;2.63;0.00;0.01;0.51;0.61;0.00;81.43;896.74;6821.79;70.99;43.93;17.97;5.42;11.71;20.28;46.28;322.28;70.22;69.40;26.25;
3.02;19.42;12.65;4.80;6.44;5.22;3.06;0.00;0.00;0.00;0.04;0.04;0.05;3.48;7.96;0.99;23.22;18.33;11.46;5.71;0.91;0.95;0.23;0.45;14.71;4.12;3.12;8.98;2.64;0.00;0.01;0.51;0.61;0.00;74.82;637.89;4574.78;68.58;35.95;18.02;5.43;11.74;4.09;10.37;50.18;18.21;21.46;5.21;
3.01;19.32;12.60;4.77;6.41;5.20;3.05;0.00;0.00;0.00;0.04;0.04;0.05;3.48;7.96;0.99;23.22;18.33;11.46;5.70;0.91;0.95;0.22;0.45;14.24;4.07;2.91;8.80;2.60;0.00;0.01;0.51;0.61;0.00;148.10;9944.66;114728.27;90.59;180.85;19.15;5.72;12.33;43.58;94.60;784.13;133.85;121.62;56.88;
3.01;19.30;12.59;4.77;6.41;5.19;3.05;0.00;0.00;0.00;0.04;0.04;0.05;3.48;7.96;0.99;23.22;18.33;11.46;5.60;0.90;0.92;0.22;0.45;14.39;4.09;2.98;8.86;2.61;0.00;0.01;0.51;0.61;0.00;112.33;3270.06;31119.65;80.93;94.02;18.89;5.65;12.19;12.62;29.69;185.61;47.05;48.99;16.24;
3.01;19.30;12.59;4.77;6.41;5.19;3.05;0.00;0.00;0.00;0.04;0.04;0.04;3.48;7.96;0.99;23.22;18.33;11.46;5.59;0.90;0.92;0.22;0.45;14.42;4.09;2.99;8.87;2.62;0.00;0.01;0.51;0.61;0.00;46.45;93.76;482.52;56.46;11.64;18.02;5.43;11.74;2.21;5.83;24.53;10.84;13.66;2.79;
3.01;19.30;12.59;4.77;6.41;5.19;3.05;0.00;0.00;0.00;0.04;0.04;0.05;3.48;7.96;0.99;23.22;18.33;11.46;5.50;0.89;0.89;0.22;0.44;14.30;4.08;2.94;8.83;2.61;0.00;0.01;0.51;0.61;0.00;56.86;211.44;1252.58;61.31;18.78;20.01;5.94;12.77;3.06;7.90;35.76;14.24;17.33;3.88;
3.01;19.30;12.59;4.77;6.41;5.19;3.05;0.00;0.00;0.00;0.04;0.04;0.04;3.48;7.96;0.99;23.22;18.33;11.46;5.48;0.89;0.89;0.22;0.44;14.28;4.07;2.93;8.82;2.61;0.00;0.01;0.51;0.61;0.00;56.99;213.39;1266.16;61.37;18.88;25.80;7.37;15.67;90.98;188.23;1844.67;249.00;208.67;119.70;
3.00;19.26;12.57;4.76;6.39;5.18;3.04;0.00;0.00;0.00;0.04;0.04;0.04;3.48;7.96;0.99;23.22;18.33;11.46;5.39;0.88;0.87;0.21;0.44;14.40;4.09;2.98;8.87;2.61;0.00;0.01;0.51;0.61;0.00;76.50;697.29;5078.47;69.20;37.88;24.44;7.04;15.00;3.57;9.13;42.83;16.24;19.42;4.54;
2.99;19.17;12.52;4.74;6.37;5.17;3.03;0.00;0.00;0.00;0.04;0.04;0.04;3.48;7.96;0.99;23.22;18.33;11.46;5.37;0.88;0.86;0.21;0.44;14.42;4.09;2.99;8.87;2.62;0.00;0.01;0.51;0.61;0.00;78.76;784.09;5827.81;70.03;40.59;22.75;6.62;14.16;1.34;3.66;13.74;7.12;9.48;1.69;
2.99;19.11;12.49;4.72;6.35;5.16;3.02;0.00;0.00;0.00;0.04;0.04;0.04;3.48;7.96;0.99;23.22;18.33;11.46;5.37;0.88;0.86;0.21;0.44;14.18;4.06;2.89;8.78;2.60;0.00;0.01;0.51;0.61;0.00;75.78;671.23;4856.57;68.93;37.04;20.78;6.13;13.16;4.71;11.83;59.08;20.50;23.79;6.00;
2.98;19.06;12.46;4.71;6.34;5.15;3.02;0.00;0.00;0.00;0.04;0.04;0.04;3.42;7.93;0.97;23.03;18.25;11.31;5.30;0.87;0.85;0.21;0.43;14.38;4.08;2.97;8.86;2.61;0.00;0.01;0.51;0.61;0.00;67.62;424.53;2837.46;65.80;28.29;28.51;8.02;16.98;0.70;2.00;6.49;4.13;5.90;0.88;
2.98;19.05;12.46;4.71;6.33;5.14;3.02;0.00;0.00;0.00;0.04;0.04;0.04;3.30;7.87;0.92;22.70;18.11;11.05;5.27;0.87;0.84;0.21;0.43;14.54;4.10;3.04;8.92;2.62;0.00;0.01;0.51;0.61;0.00;92.88;1522.28;12691.15;74.90;59.96;21.62;6.34;13.59;12.57;29.59;184.81;46.91;48.86;16.18;
2.98;19.04;12.46;4.71;6.33;5.14;3.02;0.00;0.00;0.00;0.04;0.04;0.04;3.35;7.89;0.94;22.83;18.16;11.15;5.27;0.87;0.84;0.21;0.43;14.33;4.08;2.95;8.84;2.61;0.00;0.01;0.51;0.61;0.00;143.36;8724.01;98390.48;89.40;167.44;18.21;5.48;11.84;7.74;18.80;105.11;31.15;34.22;9.91;
2.98;19.04;12.46;4.71;6.33;5.14;3.02;0.00;0.00;0.00;0.04;0.04;0.04;3.29;7.86;0.91;22.66;18.09;11.02;5.23;0.86;0.83;0.21;0.43;14.16;4.06;2.88;8.78;2.60;0.00;0.01;0.51;0.61;0.00;69.67;478.72;3266.89;66.61;30.37;29.91;8.36;17.65;2.21;5.82;24.46;10.81;13.64;2.79;
2.98;19.04;12.46;4.71;6.33;5.14;3.02;0.00;0.00;0.00;0.04;0.04;0.04;3.31;7.87;0.92;22.73;18.12;11.07;5.18;0.86;0.82;0.21;0.43;14.13;4.06;2.86;8.76;2.60;0.00;0.01;0.51;0.61;0.00;90.23;1354.67;11068.05;74.02;55.99;24.22;6.98;14.89;7.41;18.06;100.05;30.05;33.17;9.49;
2.98;19.00;12.43;4.70;6.32;5.14;3.01;0.00;0.00;0.00;0.04;0.04;0.04;3.32;7.88;0.92;22.74;18.12;11.08;5.17;0.86;0.81;0.21;0.43;14.25;4.07;2.91;8.81;2.60;0.00;0.01;0.51;0.61;0.00;87.53;1199.17;9593.04;73.11;52.11;17.95;5.41;11.70;2.52;6.59;28.53;12.09;15.03;3.19;
2.96;18.87;12.37;4.67;6.28;5.11;3.00;0.00;0.00;0.00;0.04;0.04;0.04;3.28;7.86;0.91;22.65;18.08;11.01;5.17;0.86;0.81;0.21;0.43;14.15;4.06;2.87;8.77;2.60;0.00;0.01;0.51;0.61;0.00;61.96;298.77;1879.13;63.50;23.01;16.00;4.91;10.67;4.10;10.39;50.30;18.25;21.49;5.22;
2.96;18.85;12.35;4.67;6.27;5.11;2.99;0.00;0.00;0.00;0.04;0.04;0.04;3.28;7.86;0.91;22.63;18.08;11.00;5.16;0.86;0.81;0.21;0.43;14.13;4.06;2.86;8.76;2.60;0.00;0.01;0.51;0.61;0.00;69.02;461.00;3125.46;66.35;29.70;26.13;7.45;15.83;10.69;25.44;153.17;40.93;43.40;13.74;
2.95;18.80;12.33;4.66;6.26;5.10;2.99;0.00;0.00;0.00;0.04;0.04;0.04;3.28;7.86;0.91;22.63;18.08;10.99;5.08;0.85;0.79;0.20;0.42;14.37;4.08;2.97;8.85;2.61;0.00;0.01;0.51;0.61;0.00;116.23;3751.90;36564.73;82.07;101.93;18.25;5.49;11.86;7.90;19.17;107.70;31.70;34.75;10.12;
2.95;18.79;12.33;4.65;6.26;5.09;2.99;0.00;0.00;0.00;0.04;0.04;0.04;3.28;7.86;0.91;22.62;18.07;10.99;5.07;0.85;0.79;0.20;0.42;14.29;4.07;2.93;8.83;2.61;0.00;0.01;0.51;0.61;0.00;91.36;1424.21;11737.46;74.39;57.66;24.68;7.10;15.12;4.51;11.34;56.10;19.75;23.03;5.74;
2.95;18.79;12.33;4.65;6.26;5.09;2.99;0.00;0.00;0.00;0.04;0.04;0.04;3.28;7.86;0.91;22.62;18.07;10.99;5.07;0.85;0.79;0.20;0.42;14.40;4.09;2.98;8.87;2.61;0.00;0.01;0.51;0.61;0.00;86.12;1123.11;8883.20;72.62;50.14;37.23;10.07;21.05;1.42;3.85;14.62;7.45;9.86;1.78;
2.95;18.79;12.33;4.65;6.26;5.09;2.99;0.00;0.00;0.00;0.04;0.04;0.04;3.28;7.86;0.91;22.62;18.07;10.99;5.07;0.85;0.79;0.20;0.42;14.18;4.06;2.88;8.78;2.60;0.00;0.01;0.51;0.61;0.00;70.45;500.73;3443.73;66.91;31.18;24.52;7.06;15.04;3.44;8.81;40.99;15.73;18.89;4.37;
2.95;18.79;12.33;4.65;6.26;5.09;2.99;0.00;0.00;0.00;0.04;0.04;0.04;3.28;7.86;0.91;22.62;18.07;10.99;5.06;0.85;0.79;0.20;0.42;14.38;4.08;2.97;8.86;2.61;0.00;0.01;0.51;0.61;0.00;64.29;346.56;2236.40;64.46;25.11;16.53;5.05;10.95;2.74;7.14;31.52;13.00;16.00;3.47;
2.95;18.79;12.33;4.65;6.26;5.09;2.99;0.00;0.00;0.00;0.04;0.04;0.04;3.28;7.86;0.91;22.62;18.07;10.99;5.06;0.85;0.79;0.20;0.42;14.30;4.08;2.94;8.83;2.61;0.00;0.01;0.51;0.61;0.00;71.78;539.96;3762.34;67.43;32.59;23.11;6.71;14.34;1.36;3.70;13.91;7.18;9.55;1.71;
2.95;18.79;12.33;4.65;6.26;5.09;2.99;0.00;0.00;0.00;0.04;0.04;0.04;3.28;7.86;0.91;22.62;18.07;10.99;5.00;0.84;0.77;0.20;0.42;14.28;4.07;2.93;8.82;2.61;0.00;0.01;0.51;0.61;0.00;126.64;5296.83;54795.79;84.99;124.86;27.15;7.70;16.33;1.24;3.40;12.52;6.65;8.94;1.56;
2.95;18.79;12.33;4.65;6.26;5.09;2.99;0.00;0.00;0.00;0.04;0.04;0.04;3.28;7.86;0.91;22.62;18.07;10.99;4.97;0.84;0.77;0.20;0.42;14.15;4.06;2.87;8.77;2.60;0.00;0.01;0.51;0.61;0.00;61.07;281.80;1754.49;63.12;22.23;23.04;6.69;14.31;1.55;4.19;16.25;8.04;10.54;1.95;
2.95;18.79;12.33;4.65;6.26;5.09;2.99;0.00;0.00;0.00;0.04;0.04;0.04;3.28;7.86;0.91;22.62;18.07;10.99;4.97;0.84;0.76;0.20;0.42;14.13;4.06;2.86;8.76;2.60;0.00;0.01;0.51;0.61;0.00;59.77;258.49;1585.51;62.57;21.13;21.98;6.43;13.78;4.27;10.80;52.76;18.89;22.15;5.44;
2.95;18.79;12.33;4.65;6.26;5.09;2.99;0.00;0.00;0.00;0.04;0.04;0.04;3.28;7.86;0.91;22.62;18.07;10.99;4.97;0.84;0.76;0.20;0.42;14.25;4.07;2.91;8.81;2.60;0.00;0.01;0.51;0.61;0.00;102.89;2297.63;20569.82;78.09;76.39;18.56;5.57;12.02;8.20;19.84;112.45;32.71;35.71;10.50;
2.93;18.63;12.24;4.62;6.21;5.06;2.97;0.00;0.00;0.00;0.04;0.04;0.04;3.28;7.86;0.91;22.62;18.07;10.99;4.97;0.84;0.76;0.20;0.42;14.15;4.06;2.87;8.77;2.60;0.00;0.01;0.51;0.61;0.00;97.82;1874.71;16202.94;76.50;67.78;32.01;8.85;18.64;4.48;11.29;55.78;19.67;22.94;5.71;
2.93;18.56;12.21;4.60;6.19;5.05;2.96;0.00;0.00;0.00;0.04;0.04;0.04;3.28;7.86;0.91;22.62;18.07;10.99;4.97;0.84;0.76;0.20;0.42;14.13;4.06;2.86;8.76;2.60;0.00;0.01;0.51;0.61;0.00;101.12;2142.26;18947.85;77.54;73.31;20.58;6.08;13.06;7.40;18.02;99.77;29.99;33.11;9.47;
2.92;18.55;12.20;4.60;6.18;5.05;2.96;0.00;0.00;0.00;0.04;0.04;0.04;3.28;7.86;0.91;22.62;18.07;10.99;4.94;0.84;0.76;0.20;0.42;14.24;4.07;2.91;8.81;2.60;0.00;0.01;0.51;0.61;0.00;107.16;2705.38;24914.87;79.39;84.10;19.50;5.81;12.51;1.73;4.64;18.48;8.82;11.43;2.18;
2.92;18.54;12.20;4.60;6.18;5.05;2.96;0.00;0.00;0.00;0.04;0.04;0.04;3.28;7.86;0.91;22.62;18.07;10.99;4.88;0.83;0.74;0.20;0.41;14.15;4.06;2.87;8.77;2.60;0.00;0.01;0.51;0.61;0.00;85.37;1084.43;8525.35;72.37;49.12;22.06;6.45;13.81;1.13;3.12;11.27;6.16;8.36;1.42;
2.92;18.54;12.20;4.60;6.18;5.05;2.96;0.00;0.00;0.00;0.04;0.04;0.04;3.28;7.86;0.91;22.62;18.07;10.99;4.87;0.83;0.74;0.19;0.41;14.25;4.07;2.92;8.81;2.60;0.00;0.01;0.51;0.61;0.00;57.83;226.27;1356.30;61.74;19.54;19.47;5.80;12.49;1.71;4.59;18.21;8.73;11.32;2.16;
2.92;18.54;12.20;4.60;6.18;5.05;2.96;0.00;0.00;0.00;0.04;0.04;0.04;3.28;7.86;0.91;22.62;18.07;10.99;4.87;0.83;0.74;0.19;0.41;14.15;4.06;2.87;8.77;2.60;0.00;0.01;0.51;0.61;0.00;69.21;466.24;3167.21;66.43;29.90;26.72;7.59;16.12;2.59;6.77;29.51;12.39;15.35;3.28;
2.92;18.54;12.20;4.60;6.18;5.05;2.96;0.00;0.00;0.00;0.04;0.04;0.04;3.28;7.86;0.91;22.62;18.07;10.99;4.87;0.83;0.74;0.19;0.41;14.25;4.07;2.92;8.81;2.60;0.00;0.01;0.51;0.61;0.00;82.41;940.77;7216.33;71.33;45.18;21.36;6.28;13.46;44.46;96.38;802.47;136.12;123.41;58.03;
2.92;18.54;12.20;4.60;6.18;5.05;2.96;0.00;0.00;0.00;0.04;0.04;0.04;3.28;7.86;0.91;22.62;18.07;10.99;4.87;0.83;0.74;0.19;0.41;14.15;4.06;2.87;8.77;2.60;0.00;0.01;0.51;0.61;0.00;74.17;615.88;4390.19;68.33;35.22;16.86;5.13;11.13;7.39;18.02;99.73;29.98;33.10;9.46;
2.92;18.54;12.20;4.60;6.18;5.05;2.96;0.00;0.00;0.00;0.04;0.04;0.04;3.28;7.86;0.91;22.62;18.07;10.99;4.87;0.83;0.74;0.19;0.41;14.13;4.06;2.86;8.76;2.60;0.00;0.01;0.51;0.61;0.00;70.35;497.80;3420.17;66.87;31.07;18.96;5.67;12.23;1.93;5.12;20.88;9.64;12.34;2.43;
2.92;18.54;12.20;4.60;6.18;5.05;2.96;0.00;0.00;0.00;0.04;0.04;0.04;3.24;7.84;0.89;22.53;18.03;10.92;4.87;0.83;0.74;0.19;0.41;14.37;4.08;2.97;8.85;2.61;0.00;0.01;0.51;0.61;0.00;73.97;609.35;4335.63;68.26;35.00;21.13;6.22;13.34;14.87;34.62;224.68;54.05;55.27;19.18;
2.92;18.54;12.20;4.60;6.18;5.05;2.96;0.00;0.00;0.00;0.04;0.04;0.04;3.21;7.82;0.88;22.42;17.98;10.83;4.87;0.83;0.74;0.19;0.41;14.17;4.06;2.88;8.78;2.60;0.00;0.01;0.51;0.61;0.00;116.37;3769.76;36768.93;82.11;102.22;19.74;5.87;12.63;0.91;2.55;8.76;5.13;7.13;1.14;
2.92;18.54;12.20;4.60;6.18;5.05;2.96;0.00;0.00;0.00;0.04;0.04;0.04;3.26;7.85;0.90;22.58;18.06;10.96;4.87;0.83;0.74;0.19;0.41;14.25;4.07;2.92;8.81;2.60;0.00;0.01;0.51;0.61;0.00;89.28;1298.41;10530.81;73.70;54.61;20.12;5.96;12.83;0.43;1.27;3.69;2.74;4.13;0.54;
2.92;18.50;12.18;4.59;6.17;5.04;2.95;0.00;0.00;0.00;0.04;0.04;0.04;3.21;7.82;0.88;22.43;17.99;10.84;4.80;0.82;0.72;0.19;0.41;14.15;4.06;2.87;8.77;2.60;0.00;0.01;0.51;0.60;0.00;137.01;7270.19;79447.38;87.76;150.42;22.97;6.68;14.27;0.53;1.53;4.65;3.24;4.78;0.66;
2.92;18.54;12.19;4.60;6.18;5.04;2.96;0.00;0.00;0.00;0.04;0.04;0.04;3.20;7.82;0.88;22.40;17.98;10.82;4.83;0.83;0.73;0.19;0.41;14.13;4.06;2.86;8.76;2.60;0.00;0.01;0.51;0.61;0.00;129.23;5747.57;60305.22;85.70;131.00;23.74;6.86;14.65;9.82;23.49;138.71;38.09;40.77;12.61;
2.92;18.46;12.16;4.58;6.16;5.03;2.95;0.00;0.00;0.00;0.04;0.04;0.04;3.10;7.77;0.84;22.11;17.85;10.60;4.79;0.82;0.72;0.19;0.41;14.13;4.05;2.86;8.76;2.60;0.00;0.01;0.51;0.60;0.00;90.45;1368.05;11196.40;74.09;56.31;19.63;5.84;12.57;4.29;10.84;52.99;18.95;22.21;5.46;
2.90;18.37;12.11;4.56;6.13;5.01;2.94;0.00;0.00;0.00;0.04;0.04;0.04;3.15;7.79;0.86;22.24;17.91;10.70;4.78;0.82;0.72;0.19;0.41;14.25;4.07;2.91;8.81;2.60;0.00;0.01;0.51;0.61;0.00;95.83;1726.42;14709.93;75.86;64.57;17.00;5.17;11.20;13.18;30.93;195.26;48.82;50.59;16.98;
2.90;18.35;12.10;4.56;6.13;5.01;2.94;0.00;0.00;0.00;0.04;0.04;0.04;3.13;7.78;0.85;22.18;17.88;10.64;4.78;0.82;0.72;0.19;0.41;14.03;4.04;2.82;8.72;2.59;0.00;0.01;0.51;0.60;0.00;81.45;897.49;6828.48;70.99;43.95;25.92;7.40;15.73;3.34;8.58;39.65;15.35;18.50;4.24;
2.90;18.31;12.08;4.55;6.11;5.00;2.93;0.00;0.00;0.00;0.04;0.04;0.04;3.09;7.76;0.83;22.07;17.83;10.56;4.78;0.82;0.72;0.19;0.41;14.10;4.05;2.85;8.75;2.59;0.00;0.01;0.51;0.60;0.00;82.49;944.36;7248.58;71.36;45.28;18.33;5.51;11.90;4.18;10.58;51.43;18.54;21.80;5.32;
2.90;18.30;12.07;4.54;6.11;5.00;2.93;0.00;0.00;0.00;0.04;0.04;0.04;3.08;7.76;0.83;22.05;17.82;10.55;4.78;0.82;0.72;0.19;0.41;14.12;4.05;2.86;8.76;2.59;0.00;0.01;0.50;0.60;0.00;74.86;639.15;4585.37;68.59;35.99;16.01;4.91;10.67;7.15;17.46;95.93;29.15;32.30;9.15;
2.90;18.30;12.07;4.54;6.11;5.00;2.93;0.00;0.00;0.00;0.04;0.04;0.04;3.08;7.76;0.83;22.04;17.82;10.54;4.78;0.82;0.72;0.19;0.41;14.12;4.05;2.86;8.76;2.59;0.00;0.01;0.50;0.60;0.00;68.61;450.11;3039.08;66.19;29.28;26.04;7.43;15.79;7.12;17.39;95.40;29.03;32.19;9.10;
2.90;18.30;12.07;4.54;6.11;5.00;2.93;0.00;0.00;0.00;0.04;0.04;0.04;3.08;7.76;0.83;22.04;17.82;10.54;4.78;0.82;0.72;0.19;0.41;14.24;4.07;2.91;8.81;2.60;0.00;0.00;0.50;0.60;0.00;81.14;884.00;6708.20;70.88;43.56;23.24;6.74;14.40;1.24;3.39;12.51;6.65;8.93;1.56;
2.90;18.30;12.07;4.54;6.11;5.00;2.93;0.00;0.00;0.00;0.04;0.04;0.04;3.08;7.76;0.83;22.04;17.82;10.54;4.78;0.82;0.72;0.19;0.41;14.27;4.07;2.92;8.82;2.61;0.00;0.00;0.50;0.59;0.00;70.82;511.37;3529.74;67.06;31.57;19.21;5.73;12.36;5.25;13.08;66.97;22.46;25.75;6.69;
2.90;18.30;12.07;4.54;6.11;5.00;2.93;0.00;0.00;0.00;0.04;0.04;0.04;3.08;7.76;0.83;22.04;17.82;10.54;4.78;0.82;0.72;0.19;0.41;14.15;4.06;2.87;8.77;2.60;0.00;0.00;0.50;0.59;0.00;69.98;487.49;3337.16;66.73;30.69;16.03;4.92;10.68;68.37;144.11;1323.35;195.68;169.22;89.67;
2.90;18.30;12.07;4.54;6.11;5.00;2.93;0.00;0.00;0.00;0.04;0.04;0.04;3.08;7.76;0.83;22.04;17.82;10.54;4.78;0.82;0.72;0.19;0.41;14.01;4.04;2.81;8.72;2.59;0.00;0.00;0.50;0.59;0.00;59.74;257.96;1581.69;62.56;21.11;20.43;6.04;12.99;0.64;1.83;5.79;3.80;5.50;0.80;
2.90;18.30;12.07;4.54;6.11;5.00;2.93;0.00;0.00;0.00;0.04;0.04;0.04;3.08;7.76;0.83;22.04;17.82;10.54;4.78;0.82;0.72;0.19;0.41;14.10;4.05;2.85;8.75;2.59;0.00;0.00;0.50;0.59;0.00;59.08;246.65;1500.64;62.28;20.56;18.37;5.52;11.92;2.53;6.61;28.65;12.13;15.07;3.20;
2.90;18.30;12.07;4.54;6.11;5.00;2.93;0.00;0.00;0.00;0.04;0.04;0.04;3.08;7.76;0.83;22.04;17.82;10.54;4.78;0.82;0.72;0.19;0.41;14.12;4.05;2.86;8.76;2.59;0.00;0.00;0.50;0.59;0.00;104.91;2483.90;22539.49;78.71;79.98;15.95;4.90;10.64;5.46;13.57;70.10;23.22;26.50;6.96;
2.90;18.30;12.07;4.54;6.11;5.00;2.93;0.00;0.00;0.00;0.04;0.04;0.04;3.08;7.76;0.83;22.04;17.82;10.54;4.78;0.82;0.72;0.19;0.41;14.24;4.07;2.91;8.81;2.60;0.00;0.00;0.50;0.59;0.00;117.34;3898.04;38240.95;82.39;104.25;20.87;6.15;13.21;9.92;23.72;140.35;38.42;41.07;12.74;
2.90;18.30;12.07;4.54;6.11;5.00;2.93;0.00;0.00;0.00;0.04;0.04;0.04;3.08;7.76;0.83;22.04;17.82;10.54;4.76;0.82;0.72;0.19;0.41;14.27;4.07;2.92;8.82;2.61;0.00;0.00;0.50;0.60;0.00;68.77;454.32;3072.45;66.26;29.45;20.86;6.15;13.20;2.27;5.97;25.25;11.07;13.91;2.86;
2.90;18.30;12.07;4.54;6.11;5.00;2.93;0.00;0.00;0.00;0.04;0.04;0.04;3.08;7.76;0.83;22.04;17.82;10.54;4.71;0.82;0.70;0.19;0.41;14.15;4.06;2.87;8.77;2.60;0.00;0.00;0.50;0.59;0.00;82.85;960.96;7398.29;71.48;45.75;20.25;6.00;12.90;1.04;2.89;10.23;5.75;7.87;1.31;
2.90;18.30;12.07;4.54;6.11;5.00;2.93;0.00;0.00;0.00;0.04;0.04;0.04;3.08;7.76;0.83;22.04;17.82;10.54;4.72;0.82;0.71;0.19;0.41;14.25;4.07;2.92;8.81;2.60;0.00;0.00;0.50;0.59;0.00;47.41;101.74;531.07;56.93;12.21;18.19;5.47;11.82;10.76;25.60;154.35;41.16;43.61;13.84;
2.90;18.30;12.07;4.54;6.11;5.00;2.93;0.00;0.00;0.00;0.04;0.04;0.04;3.08;7.76;0.83;22.04;17.82;10.54;4.71;0.81;0.70;0.19;0.41;14.27;4.07;2.92;8.82;2.61;0.00;0.00;0.50;0.59;0.00;51.77;145.00;804.69;59.01;15.04;17.66;5.34;11.55;3.74;9.54;45.21;16.89;20.10;4.76;
2.90;18.30;12.07;4.54;6.11;5.00;2.93;0.00;0.00;0.00;0.04;0.04;0.04;3.08;7.76;0.83;22.04;17.82;10.54;4.69;0.81;0.70;0.19;0.40;14.52;4.10;3.03;8.91;2.62;0.00;0.00;0.50;0.59;0.00;98.83;1954.08;17010.61;76.82;69.45;13.37;4.21;9.23;74.05;155.28;1452.09;209.31;179.43;97.21;
2.90;18.30;12.07;4.54;6.11;5.00;2.93;0.00;0.00;0.00;0.04;0.04;0.04;3.08;7.76;0.83;22.04;17.82;10.54;4.69;0.81;0.70;0.19;0.40;14.20;4.06;2.89;8.79;2.60;0.00;0.00;0.50;0.59;0.00;126.87;5335.61;55266.77;85.05;125.39;13.80;4.33;9.47;16.24;37.60;248.98;58.23;58.97;20.97;
2.90;18.30;12.07;4.54;6.11;5.00;2.93;0.00;0.00;0.00;0.04;0.04;0.04;3.08;7.76;0.83;22.04;17.82;10.54;4.68;0.81;0.70;0.19;0.40;14.26;4.07;2.92;8.81;2.60;0.00;0.00;0.50;0.59;0.00;124.52;4950.22;50613.83;84.41;119.98;14.49;4.51;9.85;4.18;10.56;51.34;18.52;21.77;5.31;
2.90;18.30;12.07;4.54;6.11;5.00;2.93;0.00;0.00;0.00;0.04;0.04;0.04;3.08;7.76;0.83;22.04;17.82;10.54;4.68;0.81;0.70;0.19;0.40;14.03;4.04;2.82;8.72;2.59;0.00;0.00;0.50;0.60;0.00;136.54;7170.31;78168.57;87.64;149.20;24.73;7.11;15.14;2.34;6.15;26.20;11.37;14.24;2.96;
2.90;18.30;12.07;4.54;6.11;5.00;2.93;0.00;0.00;0.00;0.04;0.04;0.04;3.08;7.76;0.83;22.04;17.82;10.54;4.68;0.81;0.70;0.19;0.40;14.10;4.05;2.85;8.75;2.59;0.00;0.00;0.50;0.59;0.00;76.51;697.62;5081.27;69.20;37.89;27.33;7.74;16.41;1.04;2.87;10.15;5.71;7.83;1.30;
2.90;18.30;12.07;4.54;6.11;5.00;2.93;0.00;0.00;0.00;0.04;0.04;0.04;3.08;7.76;0.83;22.04;17.82;10.54;4.68;0.81;0.70;0.19;0.40;14.00;4.04;2.81;8.71;2.59;0.00;0.00;0.50;0.59;0.00;82.36;938.49;7195.82;71.31;45.12;25.23;7.23;15.39;0.87;2.44;8.30;4.94;6.89;1.09;
2.89;18.26;12.05;4.54;6.10;4.99;2.93;0.00;0.00;0.00;0.04;0.04;0.04;3.08;7.76;0.83;22.04;17.82;10.54;4.68;0.81;0.70;0.19;0.40;14.10;4.05;2.85;8.75;2.59;0.00;0.00;0.50;0.59;0.00;73.35;588.86;4165.13;68.02;34.30;24.52;7.06;15.04;3.00;7.76;35.01;14.03;17.10;3.81;
2.89;18.25;12.05;4.53;6.10;4.99;2.92;0.00;0.00;0.00;0.04;0.04;0.04;3.08;7.76;0.83;22.04;17.82;10.54;4.68;0.81;0.70;0.19;0.40;13.88;4.03;2.76;8.67;2.58;0.00;0.00;0.50;0.59;0.00;96.94;1807.79;15526.58;76.21;66.34;22.36;6.52;13.96;1.39;3.77;14.25;7.31;9.70;1.74;
2.88;18.17;12.01;4.52;6.07;4.97;2.92;0.00;0.00;0.00;0.04;0.04;0.04;3.08;7.76;0.83;22.04;17.82;10.54;4.68;0.81;0.70;0.19;0.40;13.95;4.03;2.79;8.69;2.58;0.00;0.00;0.50;0.59;0.00;92.02;1466.35;12145.92;74.61;58.66;22.97;6.68;14.27;4.83;12.10;60.80;20.94;24.23;6.15;
2.88;18.16;12.00;4.51;6.07;4.97;2.91;0.00;0.00;0.00;0.03;0.04;0.04;3.08;7.76;0.83;22.04;17.82;10.54;4.68;0.81;0.70;0.19;0.40;14.09;4.05;2.85;8.75;2.59;0.00;0.00;0.50;0.59;0.00;115.97;3718.49;36183.03;82.00;101.40;19.43;5.79;12.47;1.92;5.12;20.86;9.63;12.33;2.43;
2.88;18.19;12.02;4.52;6.08;4.98;2.92;0.00;0.00;0.00;0.04;0.04;0.04;3.08;7.76;0.83;22.04;17.82;10.54;4.68;0.81;0.70;0.19;0.40;14.12;4.05;2.86;8.76;2.59;0.00;0.00;0.50;0.59;0.00;114.26;3502.89;33734.58;81.50;97.90;17.65;5.33;11.54;12.14;28.65;177.53;45.56;47.64;15.63;
2.88;18.12;11.98;4.50;6.06;4.96;2.91;0.00;0.00;0.00;0.03;0.04;0.04;3.08;7.76;0.83;22.04;17.82;10.54;4.68;0.81;0.70;0.19;0.40;14.12;4.05;2.86;8.76;2.59;0.00;0.00;0.50;0.59;0.00;120.43;4327.40;43227.88;83.27;110.86;21.14;6.22;13.35;0.60;1.71;5.35;3.59;5.23;0.74;
2.87;18.07;11.95;4.49;6.04;4.95;2.90;0.00;0.00;0.00;0.04;0.04;0.04;3.08;7.76;0.83;22.04;17.82;10.54;4.68;0.81;0.70;0.19;0.40;14.12;4.05;2.86;8.76;2.59;0.00;0.00;0.50;0.59;0.00;95.68;1715.33;14599.21;75.81;64.33;25.45;7.28;15.50;0.93;2.60;9.00;5.23;7.26;1.17;
