4.56;34.49;19.86;8.05;10.74;7.86;4.65;0.00;0.00;0.00;0.08;0.07;0.08;61.60;14.59;70.65;78.50;35.66;80.91;12.86;1.43;3.35;0.47;0.70;53.85;7.06;48.52;20.02;4.39;0.02;0.05;0.70;0.81;0.01;22.20;4.81;14.81;41.78;2.03;18.50;5.55;11.99;1.12;3.08;11.07;6.09;8.27;1.40;
3.10;20.15;13.02;4.96;6.66;5.36;3.14;0.00;0.00;0.00;0.04;0.04;0.04;5.28;8.69;1.84;27.69;20.18;15.20;5.51;0.89;0.90;0.22;0.44;18.05;4.49;4.80;10.19;2.86;0.00;0.01;0.53;0.63;0.00;15.58;1.16;2.79;36.16;0.88;16.57;5.06;10.97;1.51;4.07;15.69;7.84;10.31;1.89;
2.89;18.22;12.03;4.53;6.09;4.98;2.92;0.00;0.00;0.00;0.03;0.04;0.04;3.29;7.86;0.91;22.67;18.10;11.03;4.72;0.82;0.71;0.19;0.41;14.82;4.14;3.17;9.03;2.64;0.00;0.01;0.50;0.60;0.00;17.53;1.86;4.85;37.94;1.16;11.67;3.75;8.27;1.51;4.07;15.70;7.84;10.31;1.90;
2.83;17.75;11.78;4.42;5.95;4.89;2.87;0.00;0.00;0.00;0.03;0.04;0.04;3.06;7.75;0.82;21.98;17.79;10.50;4.52;0.80;0.66;0.18;0.40;14.14;4.06;2.87;8.77;2.60;0.00;0.00;0.50;0.59;0.00;19.45;2.83;7.94;39.59;1.48;10.41;3.40;7.55;0.04;0.13;0.22;0.35;0.69;0.05;
2.82;17.66;11.74;4.40;5.92;4.87;2.85;0.00;0.00;0.00;0.03;0.04;0.04;2.93;7.67;0.77;21.58;17.61;10.19;4.48;0.79;0.65;0.18;0.39;14.01;4.04;2.81;8.71;2.59;0.00;0.00;0.50;0.59;0.00;26.71;10.13;35.45;45.06;3.14;11.50;3.71;8.18;0.14;0.44;0.98;1.05;1.80;0.17;
2.82;17.64;11.73;4.40;5.91;4.87;2.85;0.00;0.00;0.00;0.03;0.04;0.04;2.90;7.66;0.76;21.50;17.58;10.13;4.47;0.79;0.65;0.18;0.39;14.10;4.05;2.85;8.75;2.59;0.00;0.00;0.50;0.59;0.00;25.43;8.31;28.12;44.16;2.80;13.37;4.21;9.23;0.12;0.37;0.80;0.91;1.58;0.14;
2.82;17.63;11.73;4.39;5.91;4.87;2.85;0.00;0.00;0.00;0.03;0.04;0.04;2.90;7.66;0.76;21.48;17.57;10.12;4.47;0.79;0.65;0.18;0.39;14.12;4.05;2.86;8.76;2.59;0.00;0.00;0.49;0.59;0.00;18.36;2.24;6.05;38.67;1.30;7.33;2.53;5.69;0.05;0.18;0.32;0.46;0.88;0.06;
2.82;17.63;11.72;4.39;5.91;4.87;2.85;0.00;0.00;0.00;0.03;0.04;0.04;2.90;7.66;0.76;21.48;17.57;10.11;4.47;0.79;0.65;0.18;0.39;14.00;4.04;2.81;8.71;2.59;0.00;0.00;0.49;0.59;0.00;19.85;3.07;8.73;39.92;1.56;9.30;3.09;6.89;0.04;0.15;0.26;0.40;0.77;0.05;
2.82;17.63;11.72;4.39;5.91;4.87;2.85;0.00;0.00;0.00;0.03;0.04;0.04;2.90;7.66;0.76;21.48;17.57;10.11;4.47;0.79;0.65;0.18;0.39;13.74;4.01;2.70;8.61;2.57;0.00;0.00;0.49;0.59;0.00;20.16;3.26;9.38;40.17;1.61;8.51;2.87;6.42;0.06;0.19;0.34;0.49;0.93;0.07;
2.82;17.63;11.72;4.39;5.91;4.87;2.85;0.00;0.00;0.00;0.03;0.04;0.04;2.90;7.66;0.76;21.48;17.57;10.11;4.47;0.79;0.65;0.18;0.39;14.05;4.05;2.83;8.73;2.59;0.00;0.00;0.49;0.59;0.00;18.52;2.32;6.30;38.81;1.32;10.06;3.31;7.34;0.64;1.83;5.79;3.80;5.50;0.80;
2.82;17.63;11.72;4.39;5.91;4.87;2.85;0.00;0.00;0.00;0.03;0.04;0.04;2.90;7.66;0.76;21.48;17.57;10.11;4.47;0.79;0.65;0.18;0.39;14.11;4.05;2.85;8.75;2.59;0.00;0.00;0.49;0.59;0.00;18.00;2.07;5.50;38.36;1.23;8.84;2.96;6.62;0.17;0.54;1.28;1.27;2.12;0.21;
2.82;17.63;11.72;4.39;5.91;4.87;2.85;0.00;0.00;0.00;0.03;0.04;0.04;2.90;7.66;0.76;21.48;17.57;10.11;4.47;0.79;0.65;0.18;0.39;14.00;4.04;2.81;8.71;2.59;0.00;0.00;0.49;0.59;0.00;16.67;1.52;3.83;37.18;1.03;9.06;3.03;6.75;0.09;0.29;0.60;0.73;1.31;0.11;
2.82;17.63;11.72;4.39;5.91;4.87;2.85;0.00;0.00;0.00;0.03;0.04;0.04;2.90;7.66;0.76;21.48;17.57;10.11;4.47;0.79;0.65;0.18;0.39;13.98;4.04;2.80;8.70;2.58;0.00;0.00;0.49;0.59;0.00;16.19;1.35;3.34;36.74;0.96;11.07;3.59;7.93;0.46;1.34;3.95;2.88;4.31;0.57;
2.82;17.63;11.72;4.39;5.91;4.87;2.85;0.00;0.00;0.00;0.03;0.04;0.04;2.90;7.66;0.76;21.48;17.57;10.11;4.47;0.79;0.65;0.18;0.39;14.09;4.05;2.85;8.75;2.59;0.00;0.00;0.50;0.59;0.00;10.16;0.21;0.37;30.38;0.32;7.21;2.49;5.61;0.35;1.04;2.87;2.29;3.53;0.43;
2.82;17.63;11.72;4.39;5.91;4.87;2.85;0.00;0.00;0.00;0.03;0.04;0.04;2.90;7.66;0.76;21.48;17.57;10.11;4.47;0.79;0.65;0.18;0.39;13.88;4.03;2.76;8.67;2.58;0.00;0.00;0.50;0.59;0.00;18.41;2.27;6.12;38.71;1.30;11.62;3.74;8.25;0.33;1.00;2.72;2.20;3.41;0.41;
2.82;17.63;11.72;4.39;5.91;4.87;2.85;0.00;0.00;0.00;0.03;0.04;0.04;2.90;7.66;0.76;21.48;17.57;10.11;4.47;0.79;0.65;0.18;0.39;13.95;4.03;2.79;8.69;2.58;0.00;0.00;0.50;0.59;0.00;26.46;9.75;33.90;44.88;3.07;12.43;3.96;8.70;0.07;0.24;0.45;0.60;1.10;0.09;
2.82;17.63;11.72;4.39;5.91;4.87;2.85;0.00;0.00;0.00;0.03;0.04;0.04;2.90;7.66;0.76;21.48;17.57;10.11;4.47;0.79;0.65;0.18;0.39;13.97;4.04;2.79;8.70;2.58;0.00;0.00;0.50;0.59;0.00;13.14;0.58;1.25;33.74;0.59;8.28;2.80;6.28;0.05;0.18;0.32;0.47;0.89;0.06;
2.82;17.63;11.72;4.39;5.91;4.87;2.85;0.00;0.00;0.00;0.03;0.04;0.04;2.90;7.66;0.76;21.48;17.57;10.11;4.47;0.79;0.65;0.18;0.39;14.21;4.07;2.90;8.79;2.60;0.00;0.00;0.50;0.59;0.00;13.84;0.72;1.59;34.45;0.66;8.62;2.90;6.49;0.08;0.25;0.50;0.64;1.16;0.09;
2.82;17.63;11.72;4.39;5.91;4.87;2.85;0.00;0.00;0.00;0.03;0.04;0.04;2.90;7.66;0.76;21.48;17.57;10.11;4.47;0.79;0.65;0.18;0.39;14.14;4.06;2.87;8.77;2.60;0.00;0.00;0.50;0.59;0.00;30.12;16.42;62.49;47.32;4.18;11.31;3.65;8.07;0.08;0.28;0.55;0.69;1.25;0.10;
2.82;17.63;11.72;4.39;5.91;4.87;2.85;0.00;0.00;0.00;0.03;0.04;0.04;2.90;7.66;0.76;21.48;17.57;10.11;4.47;0.79;0.65;0.18;0.39;14.01;4.04;2.81;8.72;2.59;0.00;0.00;0.50;0.59;0.00;18.71;2.42;6.60;38.97;1.35;9.31;3.10;6.90;0.08;0.27;0.53;0.67;1.22;0.10;
2.82;17.63;11.72;4.39;5.91;4.87;2.85;0.00;0.00;0.00;0.03;0.04;0.04;2.90;7.66;0.76;21.48;17.57;10.11;4.47;0.79;0.65;0.18;0.39;14.22;4.07;2.90;8.80;2.60;0.00;0.00;0.50;0.59;0.00;10.58;0.24;0.45;30.89;0.35;7.83;2.67;6.00;0.51;1.49;4.51;3.17;4.69;0.64;
2.82;17.63;11.72;4.39;5.91;4.87;2.85;0.00;0.00;0.00;0.03;0.04;0.04;2.90;7.66;0.76;21.48;17.57;10.11;4.48;0.79;0.65;0.18;0.40;14.14;4.06;2.87;8.77;2.60;0.00;0.00;0.50;0.59;0.00;11.57;0.35;0.68;32.03;0.43;13.97;4.37;9.56;0.10;0.32;0.66;0.78;1.39;0.12;
2.82;17.63;11.72;4.39;5.91;4.87;2.85;0.00;0.00;0.00;0.03;0.04;0.04;2.90;7.66;0.76;21.48;17.57;10.11;4.47;0.79;0.65;0.18;0.39;14.13;4.06;2.86;8.76;2.60;0.00;0.00;0.50;0.59;0.00;13.98;0.75;1.67;34.60;0.68;7.80;2.66;5.98;0.48;1.40;4.15;2.99;4.45;0.60;
2.82;17.63;11.72;4.39;5.91;4.87;2.85;0.00;0.00;0.00;0.03;0.04;0.04;2.90;7.66;0.76;21.48;17.57;10.11;4.47;0.79;0.65;0.18;0.39;14.12;4.05;2.86;8.76;2.60;0.00;0.00;0.50;0.59;0.00;10.72;0.26;0.48;31.06;0.36;8.46;2.85;6.39;0.32;0.95;2.56;2.10;3.28;0.39;
2.82;17.63;11.72;4.39;5.91;4.87;2.85;0.00;0.00;0.00;0.03;0.04;0.04;2.90;7.66;0.76;21.48;17.57;10.11;4.47;0.79;0.65;0.18;0.39;14.00;4.04;2.81;8.71;2.59;0.00;0.00;0.50;0.59;0.00;10.44;0.23;0.42;30.72;0.34;9.40;3.12;6.95;0.08;0.25;0.49;0.64;1.16;0.09;
2.82;17.63;11.72;4.39;5.91;4.87;2.85;0.00;0.00;0.00;0.03;0.04;0.04;2.90;7.66;0.76;21.48;17.57;10.11;4.47;0.79;0.65;0.18;0.39;14.10;4.05;2.85;8.75;2.59;0.00;0.00;0.50;0.59;0.00;14.75;0.93;2.15;35.36;0.77;10.30;3.37;7.48;0.03;0.11;0.18;0.31;0.62;0.04;
2.82;17.63;11.72;4.39;5.91;4.87;2.85;0.00;0.00;0.00;0.03;0.04;0.04;2.90;7.66;0.76;21.48;17.57;10.11;4.48;0.79;0.65;0.18;0.40;14.49;4.10;3.02;8.90;2.62;0.00;0.00;0.50;0.59;0.00;11.48;0.34;0.66;31.93;0.43;13.15;4.15;9.11;0.84;2.35;7.92;4.77;6.69;1.04;
2.82;17.63;11.72;4.39;5.91;4.87;2.85;0.00;0.00;0.00;0.03;0.04;0.04;2.90;7.66;0.76;21.48;17.57;10.11;4.53;0.80;0.66;0.18;0.40;13.95;4.03;2.79;8.69;2.58;0.00;0.00;0.50;0.59;0.00;15.86;1.24;3.03;36.43;0.92;11.40;3.68;8.12;0.29;0.86;2.28;1.93;3.05;0.35;
2.83;17.71;11.76;4.41;5.93;4.88;2.86;0.00;0.00;0.00;0.03;0.04;0.04;2.90;7.66;0.76;21.48;17.57;10.11;4.55;0.80;0.67;0.18;0.40;14.21;4.07;2.90;8.79;2.60;0.00;0.00;0.50;0.59;0.00;10.69;0.25;0.47;31.01;0.36;8.38;2.83;6.34;0.09;0.28;0.57;0.71;1.28;0.11;
2.84;17.84;11.83;4.44;5.97;4.91;2.88;0.00;0.00;0.00;0.03;0.04;0.04;2.90;7.66;0.76;21.48;17.57;10.11;4.60;0.80;0.68;0.19;0.40;14.26;4.07;2.92;8.81;2.60;0.00;0.00;0.50;0.59;0.00;15.86;1.24;3.03;36.43;0.92;6.56;2.30;5.20;0.05;0.17;0.30;0.44;0.85;0.06;
2.86;17.94;11.88;4.46;6.00;4.93;2.89;0.00;0.00;0.00;0.03;0.04;0.04;2.90;7.66;0.76;21.48;17.57;10.11;4.65;0.81;0.69;0.19;0.40;14.39;4.09;2.98;8.86;2.61;0.00;0.00;0.50;0.59;0.00;23.51;6.06;19.41;42.77;2.32;8.23;2.79;6.24;0.09;0.30;0.61;0.74;1.33;0.11;
2.87;18.07;11.95;4.49;6.04;4.95;2.90;0.00;0.00;0.00;0.03;0.04;0.04;2.90;7.66;0.76;21.48;17.57;10.11;4.72;0.82;0.71;0.19;0.41;14.42;4.09;2.99;8.87;2.62;0.00;0.00;0.50;0.59;0.00;23.76;6.33;20.41;42.96;2.38;9.75;3.22;7.16;0.10;0.33;0.68;0.81;1.43;0.12;
2.87;18.10;11.97;4.50;6.05;4.96;2.91;0.00;0.00;0.00;0.03;0.04;0.04;2.96;7.69;0.78;21.66;17.65;10.25;4.81;0.82;0.73;0.19;0.41;14.18;4.06;2.89;8.78;2.60;0.00;0.00;0.50;0.59;0.00;15.62;1.17;2.82;36.20;0.88;7.44;2.56;5.76;0.04;0.13;0.22;0.35;0.70;0.05;
2.89;18.26;12.05;4.54;6.10;4.99;2.93;0.00;0.00;0.00;0.04;0.04;0.04;3.06;7.74;0.82;21.97;17.79;10.48;4.87;0.83;0.74;0.19;0.41;14.38;4.08;2.97;8.86;2.61;0.00;0.00;0.50;0.59;0.00;24.13;6.73;21.94;43.23;2.47;9.02;3.02;6.73;0.15;0.48;1.09;1.13;1.91;0.19;
2.90;18.33;12.09;4.55;6.12;5.01;2.93;0.00;0.00;0.00;0.04;0.04;0.04;3.08;7.75;0.83;22.03;17.81;10.53;4.92;0.83;0.75;0.20;0.42;14.30;4.08;2.94;8.83;2.61;0.00;0.00;0.50;0.59;0.00;22.76;5.32;16.65;42.21;2.15;11.82;3.79;8.36;0.12;0.39;0.84;0.94;1.63;0.15;
2.90;18.35;12.10;4.55;6.12;5.01;2.94;0.00;0.00;0.00;0.04;0.04;0.04;3.08;7.76;0.83;22.04;17.82;10.54;4.99;0.84;0.77;0.20;0.42;14.28;4.07;2.93;8.82;2.61;0.00;0.00;0.50;0.59;0.00;9.93;0.19;0.33;30.09;0.30;11.28;3.64;8.05;0.18;0.56;1.32;1.30;2.16;0.22;
2.90;18.35;12.10;4.55;6.13;5.01;2.94;0.00;0.00;0.00;0.04;0.04;0.04;3.08;7.76;0.83;22.04;17.82;10.54;5.02;0.84;0.78;0.20;0.42;14.40;4.09;2.98;8.87;2.61;0.00;0.00;0.50;0.59;0.00;12.56;0.49;1.01;33.12;0.53;8.37;2.83;6.33;0.18;0.57;1.35;1.32;2.19;0.22;
2.92;18.54;12.20;4.60;6.18;5.05;2.96;0.00;0.00;0.00;0.04;0.04;0.04;3.08;7.76;0.83;22.04;17.82;10.54;5.10;0.85;0.80;0.20;0.42;14.55;4.10;3.05;8.92;2.63;0.00;0.00;0.50;0.59;0.00;25.47;8.37;28.34;44.19;2.81;9.92;3.27;7.26;0.17;0.53;1.25;1.25;2.09;0.21;
2.93;18.58;12.22;4.61;6.20;5.05;2.96;0.00;0.00;0.00;0.04;0.04;0.04;3.08;7.76;0.83;22.04;17.82;10.54;5.12;0.85;0.80;0.20;0.42;14.45;4.09;3.00;8.89;2.62;0.00;0.00;0.50;0.59;0.00;14.33;0.83;1.87;34.95;0.72;7.87;2.68;6.03;0.05;0.16;0.28;0.42;0.81;0.06;
2.93;18.59;12.22;4.61;6.20;5.06;2.96;0.00;0.00;0.00;0.04;0.04;0.04;3.08;7.76;0.83;22.04;17.82;10.54;5.12;0.85;0.80;0.20;0.42;14.43;4.09;3.00;8.88;2.62;0.00;0.00;0.50;0.59;0.00;18.02;2.08;5.53;38.37;1.24;10.53;3.44;7.62;0.04;0.13;0.21;0.34;0.68;0.04;
2.93;18.59;12.22;4.61;6.20;5.06;2.96;0.00;0.00;0.00;0.04;0.04;0.04;3.08;7.76;0.83;22.04;17.82;10.54;5.20;0.86;0.82;0.21;0.43;14.43;4.09;2.99;8.88;2.62;0.00;0.00;0.50;0.59;0.00;16.29;1.38;3.43;36.83;0.98;14.28;4.46;9.74;0.59;1.69;5.27;3.55;5.17;0.73;
2.93;18.59;12.22;4.61;6.20;5.06;2.96;0.00;0.00;0.00;0.04;0.04;0.04;3.08;7.76;0.83;22.04;17.82;10.54;5.22;0.86;0.83;0.21;0.43;14.31;4.08;2.94;8.83;2.61;0.00;0.00;0.50;0.59;0.00;14.65;0.90;2.08;35.26;0.76;10.25;3.36;7.45;0.14;0.43;0.96;1.03;1.77;0.17;
2.93;18.63;12.24;4.62;6.21;5.06;2.97;0.00;0.00;0.00;0.04;0.04;0.04;3.08;7.76;0.83;22.04;17.82;10.54;5.29;0.87;0.84;0.21;0.43;14.28;4.07;2.93;8.82;2.61;0.00;0.00;0.50;0.59;0.00;14.40;0.84;1.92;35.02;0.73;12.93;4.10;8.99;0.12;0.37;0.80;0.91;1.58;0.14;
2.95;18.76;12.31;4.65;6.25;5.09;2.98;0.00;0.00;0.00;0.04;0.04;0.04;3.11;7.77;0.84;22.14;17.86;10.61;5.32;0.87;0.85;0.21;0.43;14.40;4.09;2.98;8.86;2.61;0.00;0.01;0.51;0.60;0.00;15.66;1.18;2.85;36.24;0.89;10.06;3.31;7.34;0.28;0.86;2.26;1.92;3.03;0.35;
2.96;18.83;12.34;4.66;6.27;5.10;2.99;0.00;0.00;0.00;0.04;0.04;0.04;3.09;7.76;0.83;22.06;17.83;10.56;5.33;0.87;0.85;0.21;0.43;14.80;4.13;3.16;9.02;2.64;0.00;0.01;0.51;0.61;0.00;16.52;1.47;3.68;37.04;1.01;10.33;3.38;7.50;0.03;0.10;0.15;0.27;0.55;0.03;
2.96;18.84;12.35;4.67;6.27;5.10;2.99;0.00;0.00;0.00;0.04;0.04;0.04;3.08;7.76;0.83;22.05;17.82;10.55;5.33;0.87;0.85;0.21;0.43;14.63;4.11;3.08;8.95;2.63;0.00;0.01;0.51;0.61;0.00;10.95;0.28;0.53;31.32;0.38;11.45;3.69;8.15;0.41;1.21;3.47;2.62;3.97;0.51;
2.96;18.84;12.35;4.67;6.27;5.10;2.99;0.00;0.00;0.00;0.04;0.04;0.04;3.14;7.79;0.85;22.23;17.90;10.68;5.36;0.88;0.86;0.21;0.44;14.97;4.15;3.24;9.08;2.66;0.00;0.01;0.51;0.61;0.00;14.83;0.95;2.20;35.44;0.78;9.57;3.17;7.05;0.06;0.21;0.40;0.55;1.02;0.08;
2.96;18.84;12.35;4.67;6.27;5.10;2.99;0.00;0.00;0.00;0.04;0.04;0.04;3.22;7.83;0.88;22.45;18.00;10.86;5.42;0.88;0.87;0.21;0.44;14.79;4.13;3.15;9.01;2.64;0.00;0.01;0.51;0.61;0.00;16.37;1.41;3.52;36.90;0.99;10.19;3.34;7.42;0.20;0.63;1.54;1.45;2.38;0.25;
2.96;18.84;12.35;4.67;6.27;5.10;2.99;0.00;0.00;0.00;0.04;0.04;0.04;3.26;7.85;0.90;22.59;18.06;10.96;5.43;0.88;0.88;0.21;0.44;14.50;4.10;3.02;8.90;2.62;0.00;0.01;0.50;0.60;0.00;20.47;3.47;10.11;40.43;1.68;9.76;3.22;7.17;0.66;1.88;6.01;3.91;5.63;0.82;
2.96;18.84;12.35;4.67;6.27;5.10;2.99;0.00;0.00;0.00;0.04;0.04;0.04;3.27;7.86;0.91;22.62;18.07;10.99;5.43;0.88;0.88;0.21;0.44;14.69;4.12;3.11;8.98;2.64;0.00;0.01;0.50;0.60;0.00;19.04;2.59;7.17;39.25;1.41;9.43;3.13;6.97;0.09;0.29;0.58;0.72;1.29;0.11;
2.96;18.88;12.37;4.67;6.28;5.11;3.00;0.00;0.00;0.00;0.04;0.04;0.04;3.28;7.86;0.91;22.62;18.07;10.99;5.47;0.89;0.89;0.22;0.44;14.48;4.10;3.02;8.90;2.62;0.00;0.00;0.50;0.60;0.00;11.89;0.39;0.78;32.39;0.46;8.81;2.95;6.60;0.05;0.18;0.32;0.46;0.88;0.06;
2.97;18.97;12.42;4.69;6.31;5.13;3.01;0.00;0.00;0.00;0.04;0.04;0.04;3.28;7.86;0.91;22.62;18.07;10.99;5.49;0.89;0.89;0.22;0.44;14.56;4.11;3.05;8.93;2.63;0.00;0.01;0.50;0.60;0.00;13.37;0.63;1.35;33.98;0.61;10.70;3.48;7.71;0.03;0.10;0.16;0.28;0.57;0.03;
2.96;18.87;12.37;4.67;6.28;5.11;3.00;0.00;0.00;0.00;0.04;0.04;0.04;3.28;7.86;0.91;22.62;18.07;10.99;5.53;0.89;0.90;0.22;0.44;14.70;4.12;3.12;8.98;2.64;0.00;0.01;0.50;0.60;0.00;22.41;5.00;15.48;41.94;2.07;10.46;3.42;7.58;0.19;0.59;1.43;1.38;2.28;0.24;
2.98;19.05;12.46;4.71;6.33;5.14;3.02;0.00;0.00;0.00;0.04;0.04;0.04;3.28;7.86;0.91;22.62;18.07;10.99;5.54;0.89;0.90;0.22;0.44;14.86;4.14;3.19;9.04;2.65;0.00;0.01;0.50;0.60;0.00;17.17;1.71;4.41;37.63;1.11;13.87;4.35;9.51;0.12;0.39;0.86;0.95;1.64;0.15;
2.98;19.05;12.46;4.71;6.33;5.14;3.02;0.00;0.00;0.00;0.04;0.04;0.04;3.28;7.86;0.91;22.62;18.07;10.99;5.54;0.89;0.91;0.22;0.44;14.89;4.14;3.20;9.05;2.65;0.00;0.01;0.50;0.60;0.00;16.07;1.31;3.22;36.63;0.94;9.90;3.26;7.25;0.47;1.38;4.08;2.95;4.40;0.59;
2.99;19.09;12.48;4.72;6.34;5.15;3.02;0.00;0.00;0.00;0.04;0.04;0.04;3.28;7.86;0.91;22.62;18.07;10.99;5.54;0.89;0.91;0.22;0.44;14.64;4.12;3.09;8.96;2.63;0.00;0.00;0.50;0.60;0.00;25.50;8.40;28.46;44.21;2.82;9.65;3.19;7.10;0.02;0.08;0.12;0.22;0.47;0.03;
2.99;19.10;12.48;4.72;6.35;5.15;3.02;0.00;0.00;0.00;0.04;0.04;0.04;3.28;7.86;0.91;22.62;18.07;10.99;5.54;0.89;0.91;0.22;0.44;14.59;4.11;3.07;8.94;2.63;0.00;0.00;0.50;0.59;0.00;16.39;1.42;3.54;36.92;0.99;11.98;3.84;8.45;0.13;0.40;0.88;0.97;1.68;0.16;
2.99;19.10;12.48;4.72;6.35;5.15;3.02;0.00;0.00;0.00;0.04;0.04;0.04;3.28;7.86;0.91;22.62;18.07;10.99;5.54;0.89;0.91;0.22;0.44;14.71;4.12;3.12;8.98;2.64;0.00;0.01;0.51;0.61;0.00;18.31;2.22;5.97;38.63;1.29;9.22;3.07;6.85;0.03;0.11;0.17;0.30;0.60;0.04;
2.99;19.10;12.48;4.72;6.35;5.15;3.02;0.00;0.00;0.00;0.04;0.04;0.04;3.28;7.86;0.91;22.62;18.07;10.99;5.62;0.90;0.93;0.22;0.45;14.73;4.13;3.13;8.99;2.64;0.00;0.01;0.50;0.60;0.00;12.39;0.46;0.94;32.94;0.51;10.99;3.57;7.88;0.27;0.80;2.09;1.81;2.89;0.33;
2.99;19.10;12.48;4.72;6.35;5.15;3.02;0.00;0.00;0.00;0.04;0.04;0.04;3.28;7.86;0.91;22.62;18.07;10.99;5.64;0.90;0.93;0.22;0.45;14.49;4.10;3.02;8.90;2.62;0.00;0.01;0.50;0.60;0.00;17.75;1.96;5.16;38.14;1.20;12.10;3.87;8.52;0.34;1.02;2.81;2.25;3.48;0.42;
2.99;19.10;12.48;4.72;6.35;5.15;3.02;0.00;0.00;0.00;0.04;0.04;0.04;3.28;7.86;0.91;22.62;18.07;10.99;5.65;0.90;0.93;0.22;0.45;14.32;4.08;2.94;8.83;2.61;0.00;0.01;0.50;0.60;0.00;20.99;3.84;11.37;40.84;1.78;14.90;4.62;10.07;0.17;0.54;1.27;1.27;2.11;0.21;
2.99;19.10;12.48;4.72;6.35;5.15;3.02;0.00;0.00;0.00;0.04;0.04;0.04;3.28;7.86;0.91;22.62;18.07;10.99;5.65;0.90;0.93;0.22;0.45;14.78;4.13;3.15;9.01;2.64;0.00;0.00;0.50;0.60;0.00;31.41;19.42;76.09;48.13;4.61;14.29;4.46;9.74;0.25;0.75;1.91;1.70;2.73;0.30;
2.99;19.10;12.48;4.72;6.35;5.15;3.02;0.00;0.00;0.00;0.04;0.04;0.04;3.28;7.86;0.91;22.62;18.07;10.99;5.65;0.90;0.93;0.22;0.45;14.62;4.11;3.08;8.95;2.63;0.00;0.00;0.50;0.59;0.00;16.94;1.62;4.13;37.42;1.07;10.99;3.57;7.88;0.09;0.30;0.62;0.76;1.35;0.11;
2.99;19.10;12.48;4.72;6.35;5.15;3.02;0.00;0.00;0.00;0.04;0.04;0.04;3.31;7.87;0.92;22.72;18.12;11.06;5.65;0.90;0.93;0.22;0.45;14.72;4.12;3.12;8.99;2.64;0.00;0.01;0.51;0.60;0.00;13.39;0.63;1.36;34.00;0.61;6.56;2.30;5.20;0.14;0.44;0.98;1.05;1.79;0.17;
2.99;19.10;12.48;4.72;6.35;5.15;3.02;0.00;0.00;0.00;0.04;0.04;0.04;3.28;7.86;0.91;22.64;18.08;11.01;5.65;0.90;0.93;0.22;0.45;14.73;4.13;3.13;8.99;2.64;0.00;0.00;0.50;0.60;0.00;15.72;1.20;2.91;36.30;0.90;9.41;3.13;6.96;0.08;0.26;0.50;0.64;1.17;0.09;
2.99;19.14;12.50;4.73;6.36;5.16;3.03;0.00;0.00;0.00;0.04;0.04;0.04;3.31;7.87;0.92;22.72;18.12;11.07;5.65;0.90;0.93;0.22;0.45;14.61;4.11;3.07;8.95;2.63;0.00;0.00;0.50;0.60;0.00;11.90;0.39;0.78;32.41;0.46;10.64;3.47;7.68;0.04;0.14;0.23;0.36;0.71;0.05;
3.00;19.19;12.53;4.74;6.37;5.17;3.03;0.00;0.00;0.00;0.04;0.04;0.05;3.32;7.88;0.92;22.74;18.12;11.08;5.65;0.90;0.93;0.22;0.45;14.47;4.10;3.01;8.89;2.62;0.00;0.00;0.50;0.59;0.00;18.74;2.43;6.65;38.99;1.36;10.08;3.31;7.35;0.02;0.06;0.08;0.18;0.38;0.02;
3.00;19.24;12.56;4.75;6.39;5.18;3.04;0.00;0.00;0.00;0.04;0.04;0.05;3.38;7.91;0.95;22.93;18.21;11.23;5.65;0.90;0.93;0.22;0.45;14.56;4.11;3.05;8.93;2.63;0.00;0.01;0.50;0.60;0.00;20.62;3.58;10.46;40.55;1.70;11.80;3.79;8.35;0.08;0.26;0.52;0.66;1.20;0.10;
3.01;19.29;12.58;4.77;6.40;5.19;3.04;0.00;0.00;0.00;0.04;0.04;0.04;3.43;7.93;0.97;23.06;18.27;11.34;5.66;0.90;0.94;0.22;0.45;14.58;4.11;3.06;8.93;2.63;0.00;0.01;0.50;0.60;0.00;16.26;1.37;3.41;36.80;0.97;8.51;2.87;6.42;0.17;0.54;1.27;1.26;2.11;0.21;
3.01;19.30;12.59;4.77;6.41;5.19;3.05;0.00;0.00;0.00;0.04;0.04;0.05;3.40;7.92;0.96;22.99;18.24;11.28;5.67;0.90;0.94;0.22;0.45;14.46;4.09;3.01;8.89;2.62;0.00;0.01;0.50;0.60;0.00;17.52;1.86;4.85;37.94;1.16;9.71;3.21;7.14;0.23;0.71;1.80;1.63;2.63;0.29;
3.01;19.34;12.61;4.78;6.42;5.20;3.05;0.00;0.00;0.00;0.04;0.04;0.05;3.43;7.93;0.97;23.08;18.27;11.35;5.70;0.91;0.95;0.22;0.45;14.43;4.09;3.00;8.88;2.62;0.00;0.01;0.50;0.60;0.00;18.50;2.31;6.26;38.79;1.32;8.30;2.81;6.29;0.11;0.36;0.78;0.89;1.55;0.14;
3.02;19.35;12.61;4.78;6.42;5.20;3.05;0.00;0.00;0.00;0.04;0.04;0.04;3.47;7.95;0.99;23.19;18.32;11.44;5.75;0.91;0.96;0.23;0.45;14.43;4.09;2.99;8.88;2.62;0.00;0.01;0.50;0.60;0.00;28.03;12.28;44.47;45.95;3.52;9.29;3.09;6.88;0.28;0.84;2.19;1.88;2.97;0.34;
3.02;19.35;12.61;4.78;6.42;5.20;3.05;0.00;0.00;0.00;0.04;0.04;0.05;3.48;7.96;0.99;23.21;18.33;11.45;5.75;0.91;0.96;0.23;0.45;14.80;4.13;3.16;9.02;2.64;0.00;0.01;0.50;0.60;0.00;18.84;2.49;6.83;39.08;1.38;7.59;2.60;5.85;0.25;0.77;1.97;1.74;2.78;0.31;
3.02;19.35;12.61;4.78;6.42;5.20;3.05;0.00;0.00;0.00;0.04;0.04;0.05;3.48;7.96;0.99;23.22;18.33;11.46;5.76;0.91;0.96;0.23;0.45;14.38;4.09;2.97;8.86;2.61;0.00;0.01;0.51;0.60;0.00;13.51;0.65;1.42;34.12;0.63;10.49;3.43;7.59;0.07;0.22;0.41;0.55;1.03;0.08;
3.02;19.35;12.61;4.78;6.42;5.20;3.05;0.00;0.00;0.00;0.04;0.04;0.05;3.48;7.96;0.99;23.22;18.33;11.46;5.76;0.91;0.96;0.23;0.45;14.42;4.09;2.99;8.87;2.62;0.00;0.01;0.51;0.60;0.00;29.33;14.74;55.07;46.81;3.92;14.03;4.39;9.59;0.09;0.28;0.57;0.71;1.27;0.11;
3.02;19.35;12.61;4.78;6.42;5.20;3.05;0.00;0.00;0.00;0.04;0.04;0.05;3.48;7.96;0.99;23.22;18.33;11.46;5.76;0.91;0.96;0.23;0.45;14.68;4.12;3.10;8.97;2.63;0.00;0.01;0.51;0.61;0.00;24.48;7.13;23.49;43.48;2.56;14.13;4.41;9.65;0.22;0.67;1.68;1.55;2.51;0.27;
3.02;19.35;12.61;4.78;6.42;5.20;3.05;0.00;0.00;0.00;0.04;0.04;0.05;3.48;7.96;0.99;23.22;18.33;11.46;5.76;0.91;0.96;0.23;0.45;14.60;4.11;3.07;8.94;2.63;0.00;0.01;0.51;0.61;0.00;23.99;6.57;21.33;43.12;2.44;7.28;2.51;5.66;0.05;0.18;0.32;0.47;0.89;0.06;
3.02;19.35;12.61;4.78;6.42;5.20;3.05;0.00;0.00;0.00;0.04;0.04;0.05;3.48;7.96;0.99;23.22;18.33;11.46;5.76;0.91;0.96;0.23;0.45;14.46;4.09;3.01;8.89;2.62;0.00;0.01;0.51;0.60;0.00;25.86;8.88;30.41;44.46;2.91;6.11;2.16;4.91;0.08;0.28;0.55;0.69;1.24;0.10;
3.02;19.35;12.61;4.78;6.42;5.20;3.05;0.00;0.00;0.00;0.04;0.04;0.05;3.48;7.96;0.99;23.22;18.33;11.46;5.76;0.91;0.96;0.23;0.45;14.31;4.08;2.94;8.83;2.61;0.00;0.01;0.51;0.60;0.00;11.29;0.32;0.61;31.71;0.41;8.38;2.83;6.34;0.06;0.21;0.40;0.55;1.02;0.08;
3.02;19.35;12.61;4.78;6.42;5.20;3.05;0.00;0.00;0.00;0.04;0.04;0.05;3.48;7.96;0.99;23.22;18.33;11.46;5.76;0.91;0.96;0.23;0.45;14.78;4.13;3.15;9.01;2.64;0.00;0.01;0.51;0.60;0.00;11.68;0.36;0.71;32.15;0.44;6.81;2.37;5.36;0.20;0.61;1.48;1.41;2.32;0.24;
3.02;19.35;12.61;4.78;6.42;5.20;3.05;0.00;0.00;0.00;0.04;0.04;0.05;3.48;7.96;0.99;23.22;18.33;11.46;5.76;0.91;0.96;0.23;0.45;14.88;4.14;3.19;9.05;2.65;0.00;0.01;0.51;0.60;0.00;13.11;0.58;1.23;33.70;0.58;7.15;2.47;5.57;0.12;0.40;0.87;0.96;1.66;0.15;
3.02;19.35;12.61;4.78;6.42;5.20;3.05;0.00;0.00;0.00;0.04;0.04;0.05;3.48;7.96;0.99;23.22;18.33;11.46;5.67;0.90;0.94;0.22;0.45;14.64;4.12;3.09;8.96;2.63;0.00;0.01;0.51;0.60;0.00;12.36;0.46;0.93;32.91;0.51;8.17;2.77;6.21;0.02;0.08;0.12;0.23;0.47;0.03;
3.02;19.35;12.61;4.78;6.42;5.20;3.05;0.00;0.00;0.00;0.04;0.04;0.05;3.48;7.96;0.99;23.22;18.33;11.46;5.65;0.90;0.93;0.22;0.45;14.72;4.12;3.12;8.99;2.64;0.00;0.01;0.51;0.60;0.00;13.75;0.70;1.54;34.37;0.65;7.67;2.62;5.90;0.10;0.32;0.66;0.79;1.40;0.12;
3.00;19.19;12.53;4.74;6.37;5.17;3.03;0.00;0.00;0.00;0.04;0.04;0.05;3.48;7.96;0.99;23.22;18.33;11.46;5.56;0.89;0.91;0.22;0.44;14.61;4.11;3.07;8.95;2.63;0.00;0.01;0.51;0.60;0.00;13.35;0.62;1.34;33.95;0.61;7.70;2.63;5.92;0.11;0.34;0.72;0.83;1.47;0.13;
2.99;19.12;12.49;4.73;6.35;5.16;3.02;0.00;0.00;0.00;0.04;0.04;0.05;3.48;7.96;0.99;23.22;18.33;11.46;5.53;0.89;0.90;0.22;0.44;14.59;4.11;3.06;8.94;2.63;0.00;0.01;0.51;0.60;0.00;13.41;0.63;1.37;34.01;0.62;7.38;2.54;5.72;0.27;0.82;2.13;1.84;2.92;0.33;
2.99;19.10;12.48;4.72;6.35;5.15;3.02;0.00;0.00;0.00;0.04;0.04;0.05;3.48;7.96;0.99;23.22;18.33;11.46;5.45;0.88;0.88;0.22;0.44;14.46;4.09;3.01;8.89;2.62;0.00;0.01;0.51;0.60;0.00;22.16;4.78;14.68;41.75;2.02;9.21;3.07;6.84;2.02;5.37;22.13;10.06;12.80;2.55;
2.99;19.10;12.48;4.72;6.35;5.15;3.02;0.00;0.00;0.00;0.04;0.04;0.05;3.48;7.96;0.99;23.22;18.33;11.46;5.39;0.88;0.87;0.21;0.44;14.43;4.09;3.00;8.88;2.62;0.00;0.01;0.51;0.60;0.00;20.13;3.25;9.34;40.15;1.61;11.81;3.79;8.35;0.17;0.53;1.23;1.24;2.07;0.21;
2.99;19.10;12.48;4.72;6.35;5.15;3.02;0.00;0.00;0.00;0.04;0.04;0.04;3.38;7.91;0.95;22.93;18.21;11.23;5.34;0.87;0.86;0.21;0.43;14.55;4.11;3.05;8.92;2.63;0.00;0.01;0.51;0.60;0.00;14.22;0.80;1.81;34.84;0.71;18.10;5.45;11.78;0.13;0.41;0.91;0.99;1.71;0.16;
2.99;19.10;12.48;4.72;6.35;5.15;3.02;0.00;0.00;0.00;0.04;0.04;0.04;3.36;7.90;0.94;22.87;18.18;11.19;5.30;0.87;0.84;0.21;0.43;14.45;4.09;3.00;8.89;2.62;0.00;0.01;0.51;0.60;0.00;12.04;0.41;0.83;32.56;0.48;9.30;3.09;6.89;0.12;0.39;0.85;0.95;1.64;0.15;
2.98;19.02;12.44;4.70;6.32;5.14;3.01;0.00;0.00;0.00;0.04;0.04;0.04;3.29;7.87;0.91;22.67;18.10;11.03;5.24;0.86;0.83;0.21;0.43;14.31;4.08;2.94;8.83;2.61;0.00;0.01;0.51;0.60;0.00;14.25;0.81;1.83;34.87;0.71;8.50;2.87;6.41;0.07;0.22;0.43;0.57;1.06;0.08;
2.97;18.92;12.39;4.68;6.29;5.12;3.00;0.00;0.00;0.00;0.04;0.04;0.04;3.28;7.86;0.91;22.63;18.08;11.00;5.23;0.86;0.83;0.21;0.43;14.53;4.10;3.04;8.91;2.62;0.00;0.01;0.51;0.60;0.00;13.27;0.61;1.31;33.88;0.60;13.23;4.18;9.15;0.21;0.65;1.61;1.50;2.45;0.26;
2.96;18.86;12.36;4.67;6.28;5.11;2.99;0.00;0.00;0.00;0.04;0.04;0.04;3.28;7.86;0.91;22.63;18.08;10.99;5.14;0.86;0.81;0.20;0.43;14.45;4.09;3.00;8.88;2.62;0.00;0.01;0.51;0.60;0.00;12.54;0.48;1.00;33.10;0.52;9.50;3.15;7.01;0.06;0.21;0.39;0.54;1.01;0.08;
2.96;18.85;12.35;4.67;6.27;5.11;2.99;0.00;0.00;0.00;0.04;0.04;0.04;3.28;7.86;0.91;22.62;18.07;10.99;5.13;0.85;0.80;0.20;0.42;14.56;4.11;3.05;8.93;2.63;0.00;0.01;0.51;0.60;0.00;10.29;0.22;0.39;30.53;0.33;9.66;3.19;7.10;0.20;0.62;1.51;1.43;2.35;0.25;
2.96;18.84;12.35;4.67;6.27;5.10;2.99;0.00;0.00;0.00;0.04;0.04;0.04;3.28;7.86;0.91;22.62;18.07;10.99;5.13;0.85;0.80;0.20;0.42;14.58;4.11;3.06;8.93;2.63;0.00;0.01;0.51;0.60;0.00;16.66;1.51;3.81;37.16;1.03;9.09;3.03;6.77;0.04;0.15;0.26;0.40;0.77;0.05;
2.96;18.84;12.35;4.67;6.27;5.10;2.99;0.00;0.00;0.00;0.04;0.04;0.04;3.28;7.86;0.91;22.62;18.07;10.99;5.05;0.85;0.78;0.20;0.42;14.58;4.11;3.06;8.93;2.63;0.00;0.01;0.51;0.60;0.00;27.55;11.47;41.02;45.63;3.38;10.58;3.45;7.64;0.08;0.26;0.51;0.66;1.19;0.10;
2.95;18.80;12.33;4.66;6.26;5.10;2.99;0.00;0.00;0.00;0.04;0.04;0.04;3.28;7.86;0.91;22.62;18.07;10.99;5.03;0.85;0.78;0.20;0.42;14.34;4.08;2.95;8.84;2.61;0.00;0.01;0.51;0.60;0.00;13.48;0.65;1.40;34.09;0.62;8.18;2.77;6.21;0.08;0.27;0.55;0.69;1.24;0.10;
2.95;18.80;12.33;4.66;6.26;5.10;2.99;0.00;0.00;0.00;0.04;0.04;0.04;3.28;7.86;0.91;22.62;18.07;10.99;5.03;0.85;0.78;0.20;0.42;14.17;4.06;2.88;8.78;2.60;0.00;0.01;0.51;0.61;0.00;20.29;3.35;9.68;40.28;1.64;12.41;3.95;8.69;0.12;0.37;0.80;0.91;1.58;0.14;
2.94;18.71;12.29;4.64;6.23;5.08;2.98;0.00;0.00;0.00;0.04;0.04;0.04;3.28;7.86;0.91;22.62;18.07;10.99;5.01;0.84;0.77;0.20;0.42;14.13;4.06;2.86;8.76;2.60;0.00;0.01;0.51;0.61;0.00;25.47;8.36;28.30;44.19;2.81;9.75;3.22;7.16;0.25;0.76;1.96;1.73;2.77;0.31;
2.93;18.62;12.24;4.62;6.21;5.06;2.97;0.00;0.00;0.00;0.04;0.04;0.04;3.28;7.86;0.91;22.62;18.07;10.99;4.98;0.84;0.77;0.20;0.42;14.37;4.08;2.97;8.85;2.61;0.00;0.01;0.51;0.60;0.00;16.45;1.44;3.60;36.98;1.00;9.01;3.01;6.72;0.19;0.57;1.37;1.34;2.22;0.23;
2.94;18.64;12.25;4.62;6.21;5.07;2.97;0.00;0.00;0.00;0.04;0.04;0.04;3.28;7.86;0.91;22.62;18.07;10.99;4.94;0.84;0.76;0.20;0.42;14.29;4.07;2.93;8.83;2.61;0.00;0.01;0.51;0.60;0.00;23.29;5.83;18.55;42.60;2.27;10.75;3.50;7.74;0.38;1.13;3.17;2.46;3.76;0.47;
2.93;18.60;12.23;4.61;6.20;5.06;2.97;0.00;0.00;0.00;0.04;0.04;0.04;3.28;7.86;0.91;22.62;18.07;10.99;4.93;0.84;0.76;0.20;0.42;14.16;4.06;2.88;8.77;2.60;0.00;0.01;0.50;0.60;0.00;15.38;1.10;2.62;35.97;0.85;8.24;2.79;6.25;0.11;0.34;0.72;0.84;1.48;0.13;
2.93;18.60;12.23;4.61;6.20;5.06;2.96;0.00;0.00;0.00;0.04;0.04;0.04;3.28;7.86;0.91;22.62;18.07;10.99;4.93;0.84;0.76;0.20;0.42;14.01;4.04;2.81;8.72;2.59;0.00;0.01;0.50;0.60;0.00;22.36;4.95;15.31;41.90;2.06;8.25;2.79;6.26;0.07;0.22;0.42;0.57;1.05;0.08;
2.93;18.60;12.22;4.61;6.20;5.06;2.96;0.00;0.00;0.00;0.04;0.04;0.04;3.28;7.86;0.91;22.62;18.07;10.99;4.87;0.83;0.74;0.19;0.41;14.10;4.05;2.85;8.75;2.59;0.00;0.01;0.50;0.60;0.00;8.63;0.11;0.17;28.42;0.22;7.12;2.47;5.56;0.27;0.82;2.13;1.84;2.92;0.33;
2.93;18.56;12.20;4.60;6.19;5.05;2.96;0.00;0.00;0.00;0.04;0.04;0.04;3.28;7.86;0.91;22.62;18.07;10.99;4.84;0.83;0.73;0.19;0.41;14.12;4.05;2.86;8.76;2.59;0.00;0.01;0.50;0.60;0.00;25.53;8.43;28.61;44.23;2.82;9.24;3.08;6.85;0.54;1.55;4.72;3.28;4.83;0.67;
2.92;18.55;12.20;4.60;6.18;5.05;2.96;0.00;0.00;0.00;0.04;0.04;0.04;3.28;7.86;0.91;22.62;18.07;10.99;4.83;0.83;0.73;0.19;0.41;14.49;4.10;3.02;8.90;2.62;0.00;0.01;0.50;0.60;0.00;18.43;2.27;6.15;38.73;1.31;8.28;2.80;6.28;0.08;0.26;0.50;0.65;1.17;0.09;
2.92;18.55;12.20;4.60;6.18;5.05;2.96;0.00;0.00;0.00;0.04;0.04;0.04;3.28;7.86;0.91;22.62;18.07;10.99;4.83;0.83;0.73;0.19;0.41;14.20;4.06;2.89;8.79;2.60;0.00;0.01;0.50;0.60;0.00;12.35;0.46;0.93;32.90;0.51;6.06;2.15;4.88;0.19;0.60;1.44;1.39;2.29;0.24;
2.91;18.39;12.12;4.56;6.14;5.02;2.94;0.00;0.00;0.00;0.04;0.04;0.04;3.28;7.86;0.91;22.62;18.07;10.99;4.83;0.83;0.73;0.19;0.41;14.14;4.06;2.87;8.77;2.60;0.00;0.01;0.50;0.60;0.00;16.87;1.59;4.05;37.35;1.06;9.69;3.20;7.12;0.25;0.75;1.93;1.71;2.75;0.31;
2.90;18.36;12.10;4.56;6.13;5.01;2.94;0.00;0.00;0.00;0.04;0.04;0.04;3.28;7.86;0.91;22.62;18.07;10.99;4.80;0.82;0.73;0.19;0.41;14.13;4.06;2.86;8.76;2.60;0.00;0.01;0.50;0.60;0.00;13.03;0.56;1.20;33.62;0.57;11.64;3.74;8.26;0.36;1.06;2.93;2.32;3.57;0.44;
2.90;18.35;12.10;4.56;6.13;5.01;2.94;0.00;0.00;0.00;0.04;0.04;0.04;3.28;7.86;0.91;22.62;18.07;10.99;4.75;0.82;0.71;0.19;0.41;14.12;4.05;2.86;8.76;2.60;0.00;0.01;0.50;0.60;0.00;16.78;1.56;3.95;37.28;1.05;10.31;3.38;7.49;0.09;0.30;0.61;0.75;1.33;0.11;
2.90;18.35;12.10;4.56;6.13;5.01;2.94;0.00;0.00;0.00;0.04;0.04;0.04;3.21;7.82;0.88;22.44;17.99;10.85;4.74;0.82;0.71;0.19;0.41;14.12;4.05;2.86;8.76;2.59;0.00;0.01;0.50;0.60;0.00;14.53;0.87;2.00;35.15;0.74;9.98;3.28;7.29;0.15;0.47;1.08;1.13;1.91;0.19;
2.90;18.35;12.10;4.56;6.13;5.01;2.94;0.00;0.00;0.00;0.04;0.04;0.04;3.17;7.80;0.86;22.31;17.94;10.74;4.74;0.82;0.71;0.19;0.41;14.12;4.05;2.86;8.76;2.59;0.00;0.01;0.50;0.60;0.00;8.85;0.12;0.19;28.71;0.23;11.70;3.76;8.29;0.09;0.30;0.61;0.74;1.32;0.11;
2.90;18.35;12.10;4.56;6.13;5.01;2.94;0.00;0.00;0.00;0.04;0.04;0.04;3.10;7.76;0.84;22.10;17.84;10.58;4.74;0.82;0.71;0.19;0.41;14.37;4.08;2.97;8.85;2.61;0.00;0.01;0.50;0.60;0.00;21.17;3.97;11.83;40.98;1.81;7.95;2.71;6.08;0.63;1.81;5.73;3.77;5.46;0.79;
2.90;18.35;12.10;4.56;6.13;5.01;2.94;0.00;0.00;0.00;0.04;0.04;0.04;3.09;7.76;0.83;22.05;17.82;10.55;4.74;0.82;0.71;0.19;0.41;14.54;4.10;3.04;8.92;2.62;0.00;0.01;0.50;0.60;0.00;24.62;7.29;24.11;43.58;2.59;7.95;2.71;6.07;0.54;1.57;4.78;3.31;4.87;0.67;
2.90;18.35;12.10;4.56;6.13;5.01;2.94;0.00;0.00;0.00;0.04;0.04;0.04;3.08;7.76;0.83;22.05;17.82;10.54;4.74;0.82;0.71;0.19;0.41;14.21;4.06;2.90;8.79;2.60;0.00;0.01;0.50;0.60;0.00;14.19;0.79;1.79;34.81;0.70;8.66;2.91;6.51;0.10;0.32;0.67;0.80;1.41;0.12;
2.90;18.35;12.10;4.56;6.13;5.01;2.94;0.00;0.00;0.00;0.04;0.04;0.04;3.08;7.76;0.83;22.04;17.82;10.54;4.70;0.81;0.70;0.19;0.41;14.14;4.06;2.87;8.77;2.60;0.00;0.01;0.50;0.60;0.00;22.43;5.01;15.53;41.95;2.08;10.40;3.40;7.54;1.20;3.30;12.08;6.48;8.74;1.51;
2.90;18.35;12.10;4.56;6.13;5.01;2.94;0.00;0.00;0.00;0.04;0.04;0.04;3.08;7.76;0.83;22.04;17.82;10.54;4.67;0.81;0.70;0.19;0.40;13.88;4.03;2.76;8.67;2.58;0.00;0.01;0.50;0.60;0.00;21.96;4.60;14.06;41.60;1.98;9.50;3.15;7.01;0.60;1.72;5.36;3.60;5.23;0.74;
2.90;18.31;12.08;4.55;6.11;5.00;2.93;0.00;0.00;0.00;0.04;0.04;0.04;3.08;7.76;0.83;22.04;17.82;10.54;4.65;0.81;0.69;0.19;0.40;14.08;4.05;2.84;8.74;2.59;0.00;0.01;0.50;0.60;0.00;7.82;0.07;0.11;27.30;0.17;7.17;2.48;5.59;0.39;1.15;3.26;2.51;3.83;0.48;
2.89;18.26;12.05;4.54;6.10;4.99;2.93;0.00;0.00;0.00;0.04;0.04;0.04;3.08;7.76;0.83;22.04;17.82;10.54;4.65;0.81;0.69;0.19;0.40;14.48;4.10;3.02;8.90;2.62;0.00;0.01;0.50;0.60;0.00;15.01;1.00;2.34;35.62;0.80;6.50;2.28;5.16;6.93;16.96;92.48;28.38;31.57;8.86;
2.88;18.18;12.01;4.52;6.07;4.97;2.92;0.00;0.00;0.00;0.04;0.04;0.04;3.08;7.76;0.83;22.04;17.82;10.54;4.65;0.81;0.69;0.19;0.40;14.32;4.08;2.94;8.83;2.61;0.00;0.01;0.50;0.60;0.00;15.51;1.14;2.72;36.10;0.87;9.70;3.21;7.13;0.23;0.70;1.77;1.61;2.60;0.28;
2.89;18.20;12.02;4.52;6.08;4.98;2.92;0.00;0.00;0.00;0.04;0.04;0.04;3.08;7.76;0.83;22.04;17.82;10.54;4.65;0.81;0.69;0.19;0.40;14.16;4.06;2.88;8.78;2.60;0.00;0.01;0.50;0.60;0.00;16.67;1.52;3.83;37.17;1.03;8.47;2.86;6.39;0.64;1.82;5.76;3.79;5.48;0.79;
2.88;18.12;11.98;4.50;6.06;4.96;2.91;0.00;0.00;0.00;0.04;0.04;0.04;3.08;7.76;0.83;22.04;17.82;10.54;4.65;0.81;0.69;0.19;0.40;14.13;4.06;2.86;8.76;2.60;0.00;0.01;0.50;0.60;0.00;8.67;0.11;0.18;28.48;0.22;10.91;3.54;7.84;0.06;0.21;0.39;0.54;1.00;0.08;
2.88;18.11;11.97;4.50;6.05;4.96;2.91;0.00;0.00;0.00;0.04;0.04;0.04;3.08;7.76;0.83;22.04;17.82;10.54;4.65;0.81;0.69;0.19;0.40;14.13;4.06;2.86;8.76;2.60;0.00;0.00;0.50;0.60;0.00;12.35;0.46;0.93;32.90;0.51;9.54;3.16;7.03;0.06;0.20;0.38;0.52;0.98;0.07;
2.87;18.11;11.97;4.50;6.05;4.96;2.91;0.00;0.00;0.00;0.04;0.04;0.04;3.08;7.76;0.83;22.04;17.82;10.54;4.62;0.81;0.68;0.19;0.40;14.12;4.05;2.86;8.76;2.60;0.00;0.00;0.50;0.59;0.00;17.30;1.76;4.56;37.74;1.12;9.39;3.12;6.94;0.79;2.23;7.43;4.55;6.43;0.99;
2.87;18.11;11.97;4.50;6.05;4.96;2.91;0.00;0.00;0.00;0.04;0.04;0.04;3.08;7.76;0.83;22.04;17.82;10.54;4.58;0.80;0.67;0.18;0.40;14.00;4.04;2.81;8.71;2.59;0.00;0.00;0.50;0.59;0.00;15.01;1.00;2.34;35.62;0.80;8.89;2.98;6.65;0.36;1.08;3.02;2.37;3.64;0.45;
2.87;18.11;11.97;4.50;6.05;4.96;2.91;0.00;0.00;0.00;0.04;0.04;0.04;3.08;7.76;0.83;22.04;17.82;10.54;4.56;0.80;0.67;0.18;0.40;14.10;4.05;2.85;8.75;2.59;0.00;0.00;0.50;0.59;0.00;15.37;1.09;2.61;35.96;0.85;7.61;2.61;5.86;0.18;0.57;1.35;1.32;2.19;0.22;
2.87;18.11;11.97;4.50;6.05;4.96;2.91;0.00;0.00;0.00;0.04;0.04;0.04;3.08;7.76;0.83;22.04;17.82;10.54;4.57;0.80;0.67;0.18;0.40;14.12;4.05;2.86;8.76;2.59;0.00;0.00;0.50;0.59;0.00;8.48;0.10;0.16;28.22;0.21;6.33;2.23;5.05;0.06;0.21;0.40;0.54;1.01;0.08;
2.87;18.11;11.97;4.50;6.05;4.96;2.91;0.00;0.00;0.00;0.04;0.04;0.04;3.08;7.76;0.83;22.04;17.82;10.54;4.56;0.80;0.67;0.18;0.40;14.00;4.04;2.81;8.71;2.59;0.00;0.00;0.50;0.59;0.00;11.34;0.32;0.62;31.77;0.41;7.64;2.62;5.88;0.07;0.22;0.42;0.56;1.04;0.08;
2.87;18.11;11.97;4.50;6.05;4.96;2.91;0.00;0.00;0.00;0.04;0.04;0.04;3.08;7.76;0.83;22.04;17.82;10.54;4.56;0.80;0.67;0.18;0.40;14.10;4.05;2.85;8.75;2.59;0.00;0.00;0.50;0.59;0.00;11.65;0.36;0.71;32.12;0.44;12.58;4.00;8.79;0.13;0.40;0.87;0.96;1.66;0.15;
2.87;18.11;11.97;4.50;6.05;4.96;2.91;0.00;0.00;0.00;0.04;0.04;0.04;3.08;7.76;0.83;22.04;17.82;10.54;4.56;0.80;0.67;0.18;0.40;14.12;4.05;2.86;8.76;2.59;0.00;0.00;0.50;0.59;0.00;23.66;6.21;19.98;42.88;2.36;14.51;4.52;9.86;0.17;0.54;1.28;1.27;2.12;0.21;
2.87;18.11;11.97;4.50;6.05;4.96;2.91;0.00;0.00;0.00;0.04;0.04;0.04;3.08;7.76;0.83;22.04;17.82;10.54;4.56;0.80;0.67;0.18;0.40;14.12;4.05;2.86;8.76;2.59;0.00;0.00;0.50;0.60;0.00;18.62;2.37;6.45;38.89;1.34;10.02;3.30;7.32;0.07;0.24;0.45;0.60;1.10;0.09;
2.87;18.11;11.97;4.50;6.05;4.96;2.91;0.00;0.00;0.00;0.04;0.04;0.04;3.08;7.76;0.83;22.04;17.82;10.54;4.56;0.80;0.67;0.18;0.40;14.12;4.05;2.86;8.76;2.59;0.00;0.00;0.50;0.60;0.00;20.88;3.76;11.08;40.75;1.75;9.09;3.04;6.77;1.32;3.59;13.42;7.00;9.34;1.65;
2.87;18.07;11.95;4.49;6.04;4.95;2.90;0.00;0.00;0.00;0.04;0.04;0.04;3.08;7.76;0.83;22.04;17.82;10.54;4.56;0.80;0.67;0.18;0.40;13.88;4.03;2.76;8.67;2.58;0.00;0.00;0.50;0.60;0.00;23.24;5.78;18.38;42.57;2.26;10.45;3.42;7.57;0.51;1.47;4.42;3.13;4.64;0.63;
2.87;18.02;11.93;4.48;6.03;4.94;2.90;0.00;0.00;0.00;0.04;0.04;0.04;3.08;7.76;0.83;22.04;17.82;10.54;4.56;0.80;0.67;0.18;0.40;14.20;4.06;2.89;8.79;2.60;0.00;0.00;0.50;0.59;0.00;23.65;6.20;19.96;42.87;2.36;8.75;2.94;6.56;0.97;2.69;9.38;5.39;7.45;1.21;
2.87;18.05;11.94;4.49;6.04;4.95;2.90;0.00;0.00;0.00;0.04;0.04;0.04;3.08;7.76;0.83;22.04;17.82;10.54;4.54;0.80;0.67;0.18;0.40;14.26;4.07;2.92;8.81;2.60;0.00;0.00;0.50;0.59;0.00;12.70;0.51;1.06;33.27;0.54;8.43;2.85;6.37;0.19;0.58;1.40;1.36;2.24;0.23;
2.86;17.94;11.89;4.46;6.00;4.93;2.89;0.00;0.00;0.00;0.04;0.04;0.04;3.08;7.76;0.83;22.04;17.82;10.54;4.48;0.79;0.65;0.18;0.40;14.15;4.06;2.87;8.77;2.60;0.00;0.00;0.50;0.59;0.00;21.71;4.40;13.33;41.40;1.92;11.01;3.57;7.89;0.06;0.19;0.35;0.50;0.94;0.07;
2.86;17.96;11.89;4.47;6.01;4.93;2.89;0.00;0.00;0.00;0.04;0.04;0.04;3.08;7.76;0.83;22.04;17.82;10.54;4.50;0.79;0.66;0.18;0.40;14.13;4.06;2.86;8.76;2.60;0.00;0.00;0.50;0.59;0.00;17.55;1.87;4.89;37.97;1.16;12.98;4.11;9.01;0.15;0.46;1.04;1.09;1.85;0.18;
2.86;17.96;11.90;4.47;6.01;4.93;2.89;0.00;0.00;0.00;0.04;0.04;0.04;3.08;7.76;0.83;22.04;17.82;10.54;4.48;0.79;0.65;0.18;0.39;14.12;4.05;2.86;8.76;2.59;0.00;0.00;0.50;0.59;0.00;14.83;0.95;2.21;35.45;0.78;9.46;3.14;6.99;0.03;0.10;0.15;0.27;0.56;0.03;
2.85;17.92;11.88;4.46;6.00;4.93;2.89;0.00;0.00;0.00;0.04;0.04;0.04;3.08;7.76;0.83;22.04;17.82;10.54;4.47;0.79;0.65;0.18;0.39;14.24;4.07;2.91;8.81;2.60;0.00;0.00;0.50;0.59;0.00;14.29;0.82;1.85;34.92;0.72;9.93;3.27;7.26;0.03;0.09;0.14;0.25;0.52;0.03;
2.85;17.88;11.85;4.45;5.99;4.92;2.88;0.00;0.00;0.00;0.04;0.04;0.04;2.99;7.71;0.79;21.77;17.70;10.33;4.47;0.79;0.65;0.18;0.39;14.03;4.04;2.82;8.72;2.59;0.00;0.00;0.50;0.59;0.00;13.78;0.71;1.56;34.40;0.66;9.74;3.22;7.16;0.48;1.39;4.14;2.98;4.44;0.59;
2.85;17.87;11.85;4.45;5.98;4.92;2.88;0.00;0.00;0.00;0.04;0.04;0.04;3.00;7.71;0.80;21.81;17.71;10.36;4.47;0.79;0.65;0.18;0.39;14.10;4.05;2.85;8.75;2.59;0.00;0.00;0.50;0.59;0.00;13.79;0.71;1.57;34.41;0.66;11.72;3.77;8.30;0.11;0.35;0.73;0.85;1.49;0.13;
2.85;17.87;11.85;4.45;5.98;4.91;2.88;0.00;0.00;0.00;0.04;0.04;0.04;2.98;7.70;0.79;21.72;17.68;10.30;4.47;0.79;0.65;0.18;0.39;14.12;4.05;2.86;8.76;2.59;0.00;0.00;0.50;0.59;0.00;21.33;4.10;12.26;41.11;1.85;10.19;3.34;7.41;0.09;0.28;0.56;0.70;1.25;0.10;
2.85;17.87;11.85;4.45;5.98;4.91;2.88;0.00;0.00;0.00;0.04;0.04;0.04;2.91;7.66;0.76;21.53;17.59;10.15;4.47;0.79;0.65;0.18;0.39;14.12;4.05;2.86;8.76;2.59;0.00;0.00;0.50;0.59;0.00;13.62;0.67;1.48;34.24;0.64;6.17;2.18;4.95;0.18;0.57;1.35;1.32;2.19;0.22;
2.85;17.87;11.85;4.45;5.98;4.91;2.88;0.00;0.00;0.00;0.04;0.04;0.04;2.93;7.67;0.77;21.58;17.61;10.19;4.47;0.79;0.65;0.18;0.39;14.12;4.05;2.86;8.76;2.59;0.00;0.00;0.50;0.59;0.00;19.69;2.97;8.41;39.79;1.53;10.21;3.35;7.43;0.24;0.75;1.90;1.69;2.72;0.30;
2.85;17.87;11.85;4.45;5.98;4.91;2.88;0.00;0.00;0.00;0.04;0.04;0.04;2.93;7.68;0.77;21.59;17.62;10.20;4.47;0.79;0.65;0.18;0.39;14.12;4.05;2.86;8.76;2.59;0.00;0.00;0.50;0.60;0.00;11.63;0.36;0.70;32.09;0.44;8.33;2.82;6.31;1.07;2.96;10.54;5.87;8.02;1.34;
2.85;17.87;11.85;4.45;5.98;4.91;2.88;0.00;0.00;0.00;0.04;0.04;0.04;2.91;7.66;0.76;21.50;17.58;10.13;4.47;0.79;0.65;0.18;0.39;14.00;4.04;2.81;8.71;2.59;0.00;0.00;0.50;0.59;0.00;17.46;1.83;4.77;37.89;1.15;6.48;2.27;5.15;0.66;1.87;5.97;3.89;5.60;0.82;
2.85;17.87;11.85;4.45;5.98;4.91;2.88;0.00;0.00;0.00;0.03;0.04;0.04;2.90;7.66;0.76;21.48;17.57;10.12;4.47;0.79;0.65;0.18;0.39;13.98;4.04;2.80;8.70;2.58;0.00;0.00;0.50;0.59;0.00;9.93;0.19;0.33;30.09;0.30;8.62;2.90;6.49;0.03;0.10;0.15;0.27;0.54;0.03;
2.85;17.87;11.85;4.45;5.98;4.91;2.88;0.00;0.00;0.00;0.03;0.04;0.04;2.93;7.67;0.77;21.57;17.61;10.18;4.47;0.79;0.65;0.18;0.39;14.09;4.05;2.85;8.75;2.59;0.00;0.00;0.50;0.59;0.00;11.56;0.35;0.68;32.02;0.43;12.19;3.89;8.57;0.15;0.46;1.03;1.09;1.85;0.18;
2.85;17.87;11.85;4.45;5.98;4.91;2.88;0.00;0.00;0.00;0.03;0.04;0.04;2.90;7.66;0.76;21.50;17.58;10.13;4.47;0.79;0.65;0.18;0.39;14.24;4.07;2.91;8.80;2.60;0.00;0.00;0.50;0.59;0.00;17.09;1.68;4.30;37.55;1.09;9.25;3.08;6.86;0.34;1.01;2.78;2.23;3.46;0.42;
2.85;17.87;11.85;4.45;5.98;4.91;2.88;0.00;0.00;0.00;0.03;0.04;0.04;2.90;7.66;0.76;21.48;17.57;10.12;4.47;0.79;0.65;0.18;0.39;14.15;4.06;2.87;8.77;2.60;0.00;0.00;0.50;0.59;0.00;11.93;0.40;0.79;32.44;0.47;8.61;2.90;6.48;0.56;1.61;4.95;3.39;4.97;0.69;
2.85;17.87;11.85;4.45;5.98;4.91;2.88;0.00;0.00;0.00;0.04;0.04;0.04;2.90;7.66;0.76;21.48;17.57;10.11;4.47;0.79;0.65;0.18;0.39;14.13;4.06;2.86;8.76;2.60;0.00;0.00;0.50;0.59;0.00;13.99;0.75;1.68;34.61;0.68;8.78;2.94;6.58;0.31;0.93;2.49;2.06;3.22;0.38;
2.85;17.87;11.85;4.45;5.98;4.91;2.88;0.00;0.00;0.00;0.04;0.04;0.04;2.90;7.66;0.76;21.48;17.57;10.11;4.47;0.79;0.65;0.18;0.39;14.12;4.05;2.86;8.76;2.60;0.00;0.00;0.50;0.59;0.00;22.67;5.24;16.35;42.14;2.13;8.73;2.93;6.55;0.37;1.09;3.04;2.38;3.66;0.45;
2.85;17.87;11.85;4.45;5.98;4.91;2.88;0.00;0.00;0.00;0.04;0.04;0.04;2.90;7.66;0.76;21.48;17.57;10.11;4.47;0.79;0.65;0.18;0.39;14.12;4.05;2.86;8.76;2.59;0.00;0.00;0.50;0.59;0.00;22.34;4.93;15.24;41.89;2.06;6.91;2.40;5.43;0.13;0.42;0.94;1.02;1.75;0.16;
2.85;17.87;11.85;4.45;5.98;4.91;2.88;0.00;0.00;0.00;0.03;0.04;0.04;2.90;7.66;0.76;21.48;17.57;10.11;4.44;0.79;0.64;0.18;0.39;14.24;4.07;2.91;8.81;2.60;0.00;0.00;0.50;0.59;0.00;14.28;0.81;1.84;34.90;0.71;7.78;2.66;5.97;0.13;0.40;0.87;0.96;1.67;0.15;
2.85;17.87;11.85;4.45;5.98;4.91;2.88;0.00;0.00;0.00;0.03;0.04;0.04;2.90;7.66;0.76;21.48;17.57;10.11;4.45;0.79;0.64;0.18;0.39;14.15;4.06;2.87;8.77;2.60;0.00;0.00;0.50;0.59;0.00;24.75;7.45;24.74;43.68;2.62;8.46;2.85;6.38;0.09;0.28;0.57;0.71;1.27;0.11;
2.85;17.87;11.85;4.45;5.98;4.91;2.88;0.00;0.00;0.00;0.03;0.04;0.04;2.90;7.66;0.76;21.48;17.57;10.11;4.42;0.79;0.64;0.18;0.39;14.01;4.04;2.81;8.72;2.59;0.00;0.00;0.50;0.59;0.00;18.61;2.36;6.43;38.88;1.34;6.98;2.42;5.47;0.03;0.12;0.20;0.33;0.65;0.04;
2.85;17.87;11.85;4.45;5.98;4.91;2.88;0.00;0.00;0.00;0.04;0.04;0.04;2.90;7.66;0.76;21.48;17.57;10.11;4.39;0.78;0.63;0.18;0.39;14.10;4.05;2.85;8.75;2.59;0.00;0.00;0.50;0.59;0.00;15.15;1.04;2.44;35.76;0.82;10.07;3.31;7.35;0.10;0.31;0.65;0.78;1.38;0.12;
