4.58;34.68;19.94;8.08;10.79;7.89;4.67;0.00;0.00;0.00;0.08;0.07;0.08;60.86;14.55;69.40;78.10;35.56;80.25;13.11;1.44;3.45;0.48;0.71;54.98;7.12;50.69;20.27;4.43;0.02;0.05;0.69;0.80;0.01;4.80;0.01;0.01;22.38;0.05;2.79;1.11;2.61;0.01;0.03;0.03;0.08;0.19;0.01;
3.10;20.13;13.01;4.95;6.65;5.35;3.14;0.00;0.00;0.00;0.04;0.04;0.04;5.21;8.67;1.81;27.55;20.13;15.08;5.56;0.89;0.91;0.22;0.44;18.26;4.51;4.92;10.27;2.87;0.00;0.01;0.53;0.62;0.00;3.34;0.00;0.00;19.30;0.02;1.63;0.70;1.69;0.00;0.02;0.02;0.05;0.13;0.00;
2.89;18.25;12.05;4.53;6.10;4.99;2.92;0.00;0.00;0.00;0.03;0.04;0.04;3.32;7.88;0.93;22.75;18.13;11.09;4.77;0.82;0.72;0.19;0.41;14.86;4.14;3.18;9.04;2.65;0.00;0.01;0.50;0.60;0.00;5.75;0.02;0.03;24.09;0.08;1.58;0.68;1.65;0.01;0.02;0.02;0.07;0.17;0.01;
2.85;17.91;11.87;4.46;5.99;4.92;2.88;0.00;0.00;0.00;0.03;0.04;0.04;3.04;7.73;0.81;21.91;17.76;10.44;4.63;0.81;0.69;0.19;0.40;14.49;4.10;3.02;8.90;2.62;0.00;0.00;0.50;0.59;0.00;7.29;0.05;0.08;26.53;0.15;2.29;0.94;2.23;0.00;0.02;0.01;0.05;0.13;0.00;
2.84;17.84;11.83;4.44;5.97;4.91;2.88;0.00;0.00;0.00;0.03;0.04;0.04;2.99;7.70;0.79;21.75;17.69;10.32;4.59;0.80;0.68;0.18;0.40;13.64;4.00;2.66;8.57;2.56;0.00;0.00;0.50;0.59;0.00;7.38;0.06;0.08;26.67;0.15;1.92;0.81;1.93;0.02;0.08;0.11;0.22;0.45;0.03;
2.84;17.82;11.82;4.44;5.97;4.91;2.87;0.00;0.00;0.00;0.03;0.04;0.04;2.97;7.70;0.79;21.72;17.67;10.29;4.59;0.80;0.68;0.18;0.40;14.14;4.06;2.87;8.77;2.60;0.00;0.00;0.50;0.59;0.00;7.64;0.07;0.10;27.04;0.16;2.32;0.95;2.25;0.00;0.01;0.01;0.04;0.10;0.00;
2.84;17.78;11.80;4.43;5.96;4.90;2.87;0.00;0.00;0.00;0.03;0.04;0.04;2.97;7.70;0.79;21.71;17.67;10.29;4.59;0.80;0.68;0.18;0.40;14.35;4.08;2.96;8.85;2.61;0.00;0.00;0.49;0.59;0.00;7.69;0.07;0.10;27.11;0.17;2.31;0.95;2.25;0.01;0.03;0.04;0.10;0.22;0.01;
2.84;17.77;11.80;4.43;5.95;4.90;2.87;0.00;0.00;0.00;0.03;0.04;0.04;2.97;7.70;0.79;21.71;17.67;10.29;4.58;0.80;0.67;0.18;0.40;14.17;4.06;2.88;8.78;2.60;0.00;0.00;0.49;0.59;0.00;7.14;0.05;0.07;26.31;0.14;1.97;0.83;1.97;0.00;0.02;0.01;0.05;0.13;0.00;
2.84;17.81;11.82;4.43;5.97;4.90;2.87;0.00;0.00;0.00;0.03;0.04;0.04;2.97;7.70;0.79;21.71;17.67;10.29;4.56;0.80;0.67;0.18;0.40;14.13;4.06;2.86;8.76;2.60;0.00;0.00;0.49;0.59;0.00;10.52;0.24;0.44;30.81;0.35;2.52;1.02;2.41;0.00;0.01;0.01;0.05;0.12;0.00;
2.82;17.66;11.74;4.40;5.92;4.87;2.86;0.00;0.00;0.00;0.03;0.04;0.04;2.97;7.70;0.79;21.71;17.67;10.29;4.56;0.80;0.67;0.18;0.40;14.01;4.04;2.81;8.72;2.59;0.00;0.00;0.49;0.59;0.00;11.30;0.32;0.61;31.73;0.41;2.37;0.97;2.30;0.01;0.04;0.04;0.11;0.25;0.01;
2.83;17.71;11.76;4.41;5.94;4.88;2.86;0.00;0.00;0.00;0.03;0.04;0.04;2.97;7.70;0.79;21.71;17.67;10.29;4.59;0.80;0.68;0.18;0.40;13.88;4.03;2.76;8.67;2.58;0.00;0.00;0.49;0.59;0.00;6.39;0.03;0.04;25.14;0.11;1.66;0.71;1.72;0.02;0.09;0.13;0.24;0.50;0.03;
2.83;17.68;11.75;4.41;5.93;4.88;2.86;0.00;0.00;0.00;0.03;0.04;0.04;2.97;7.70;0.79;21.71;17.67;10.29;4.59;0.80;0.68;0.18;0.40;13.96;4.04;2.79;8.70;2.58;0.00;0.00;0.49;0.59;0.00;6.15;0.03;0.03;24.76;0.10;1.75;0.75;1.80;0.01;0.02;0.02;0.07;0.17;0.01;
2.83;17.71;11.77;4.41;5.94;4.88;2.86;0.00;0.00;0.00;0.03;0.04;0.04;2.97;7.70;0.79;21.71;17.67;10.29;4.59;0.80;0.68;0.18;0.40;13.87;4.02;2.75;8.66;2.58;0.00;0.00;0.49;0.59;0.00;6.81;0.04;0.06;25.81;0.12;1.94;0.81;1.95;0.23;0.71;1.78;1.62;2.61;0.29;
2.83;17.72;11.77;4.41;5.94;4.89;2.86;0.00;0.00;0.00;0.03;0.04;0.04;2.97;7.70;0.79;21.71;17.67;10.29;4.59;0.80;0.68;0.18;0.40;14.19;4.06;2.89;8.78;2.60;0.00;0.00;0.49;0.59;0.00;10.66;0.25;0.46;30.98;0.36;1.46;0.64;1.55;0.01;0.02;0.02;0.07;0.16;0.01;
2.83;17.72;11.77;4.41;5.94;4.89;2.86;0.00;0.00;0.00;0.03;0.04;0.04;2.97;7.70;0.79;21.71;17.67;10.29;4.58;0.80;0.67;0.18;0.40;14.02;4.04;2.82;8.72;2.59;0.00;0.00;0.49;0.59;0.00;9.86;0.18;0.32;30.01;0.30;2.25;0.92;2.20;0.00;0.02;0.02;0.05;0.13;0.00;
2.84;17.80;11.81;4.43;5.96;4.90;2.87;0.00;0.00;0.00;0.03;0.04;0.04;2.97;7.70;0.79;21.71;17.67;10.29;4.59;0.80;0.68;0.18;0.40;13.99;4.04;2.81;8.71;2.59;0.00;0.00;0.49;0.59;0.00;5.68;0.02;0.02;23.96;0.08;2.02;0.84;2.01;0.01;0.03;0.04;0.09;0.22;0.01;
2.83;17.70;11.76;4.41;5.93;4.88;2.86;0.00;0.00;0.00;0.03;0.04;0.04;2.97;7.70;0.79;21.71;17.67;10.29;4.58;0.80;0.67;0.18;0.40;13.88;4.03;2.76;8.66;2.58;0.00;0.00;0.49;0.59;0.00;5.67;0.02;0.02;23.95;0.08;1.65;0.71;1.71;0.01;0.02;0.03;0.07;0.18;0.01;
2.83;17.76;11.79;4.42;5.95;4.89;2.87;0.00;0.00;0.00;0.03;0.04;0.04;2.97;7.70;0.79;21.71;17.67;10.29;4.55;0.80;0.67;0.18;0.40;14.07;4.05;2.84;8.74;2.59;0.00;0.00;0.49;0.59;0.00;8.06;0.08;0.12;27.64;0.18;2.64;1.06;2.50;0.00;0.01;0.01;0.04;0.10;0.00;
2.84;17.77;11.80;4.42;5.95;4.89;2.87;0.00;0.00;0.00;0.03;0.04;0.04;2.97;7.70;0.79;21.71;17.67;10.29;4.58;0.80;0.68;0.18;0.40;13.89;4.03;2.76;8.67;2.58;0.00;0.00;0.49;0.59;0.00;15.63;1.17;2.83;36.21;0.88;2.46;1.00;2.36;0.00;0.01;0.01;0.03;0.07;0.00;
2.82;17.65;11.74;4.40;5.92;4.87;2.85;0.00;0.00;0.00;0.03;0.04;0.04;2.97;7.70;0.79;21.71;17.67;10.29;4.59;0.80;0.68;0.18;0.40;14.08;4.05;2.84;8.74;2.59;0.00;0.00;0.49;0.59;0.00;9.41;0.15;0.26;29.44;0.27;2.09;0.87;2.07;0.01;0.03;0.04;0.10;0.24;0.01;
2.82;17.59;11.70;4.39;5.90;4.86;2.85;0.00;0.00;0.00;0.03;0.04;0.04;2.97;7.70;0.79;21.71;17.67;10.29;4.58;0.80;0.67;0.18;0.40;13.89;4.03;2.76;8.67;2.58;0.00;0.00;0.49;0.59;0.00;5.74;0.02;0.02;24.06;0.08;1.66;0.71;1.72;0.02;0.07;0.10;0.20;0.42;0.02;
2.81;17.58;11.70;4.38;5.90;4.86;2.85;0.00;0.00;0.00;0.03;0.04;0.04;2.97;7.70;0.79;21.71;17.67;10.29;4.59;0.80;0.68;0.18;0.40;14.08;4.05;2.84;8.74;2.59;0.00;0.00;0.49;0.58;0.00;6.24;0.03;0.04;24.90;0.10;1.31;0.58;1.42;0.00;0.02;0.02;0.06;0.16;0.01;
2.82;17.61;11.72;4.39;5.91;4.86;2.85;0.00;0.00;0.00;0.03;0.04;0.04;2.97;7.70;0.79;21.71;17.67;10.29;4.57;0.80;0.67;0.18;0.40;14.23;4.07;2.91;8.80;2.60;0.00;0.00;0.49;0.58;0.00;6.30;0.03;0.04;25.01;0.10;1.92;0.81;1.93;0.01;0.03;0.03;0.09;0.21;0.01;
2.82;17.62;11.72;4.39;5.91;4.87;2.85;0.00;0.00;0.00;0.03;0.04;0.04;2.97;7.70;0.79;21.71;17.67;10.29;4.59;0.80;0.68;0.18;0.40;14.14;4.06;2.87;8.77;2.60;0.00;0.00;0.49;0.59;0.00;8.85;0.12;0.19;28.71;0.23;2.09;0.87;2.07;0.02;0.08;0.11;0.22;0.45;0.03;
2.83;17.74;11.78;4.42;5.94;4.89;2.86;0.00;0.00;0.00;0.03;0.04;0.04;2.97;7.70;0.79;21.71;17.67;10.29;4.58;0.80;0.67;0.18;0.40;14.24;4.07;2.91;8.80;2.60;0.00;0.00;0.49;0.59;0.00;7.62;0.07;0.10;27.01;0.16;1.42;0.62;1.52;0.01;0.04;0.05;0.11;0.26;0.01;
2.82;17.61;11.71;4.39;5.91;4.86;2.85;0.00;0.00;0.00;0.03;0.04;0.04;2.97;7.70;0.79;21.71;17.67;10.29;4.58;0.80;0.67;0.18;0.40;14.03;4.04;2.82;8.73;2.59;0.00;0.00;0.49;0.59;0.00;6.79;0.04;0.06;25.77;0.12;1.65;0.71;1.71;0.17;0.54;1.28;1.27;2.12;0.21;
2.81;17.58;11.70;4.38;5.90;4.86;2.85;0.00;0.00;0.00;0.03;0.04;0.04;2.97;7.70;0.79;21.71;17.67;10.29;4.59;0.80;0.68;0.18;0.40;14.11;4.05;2.85;8.75;2.59;0.00;0.00;0.49;0.59;0.00;6.68;0.04;0.05;25.60;0.12;1.86;0.79;1.88;0.07;0.24;0.46;0.60;1.10;0.09;
2.82;17.62;11.72;4.39;5.91;4.86;2.85;0.00;0.00;0.00;0.03;0.04;0.04;2.97;7.70;0.79;21.71;17.67;10.29;4.57;0.80;0.67;0.18;0.40;14.01;4.04;2.81;8.72;2.59;0.00;0.00;0.49;0.59;0.00;4.07;0.01;0.00;20.92;0.04;1.58;0.69;1.66;0.15;0.47;1.07;1.11;1.89;0.18;
2.83;17.70;11.76;4.41;5.93;4.88;2.86;0.00;0.00;0.00;0.03;0.04;0.04;2.97;7.70;0.79;21.71;17.67;10.29;4.57;0.80;0.67;0.18;0.40;13.99;4.04;2.80;8.71;2.59;0.00;0.00;0.49;0.59;0.00;7.49;0.06;0.09;26.83;0.16;2.15;0.89;2.12;0.01;0.05;0.06;0.14;0.32;0.02;
2.84;17.80;11.81;4.43;5.96;4.90;2.87;0.00;0.00;0.00;0.03;0.04;0.04;2.97;7.70;0.79;21.71;17.67;10.29;4.59;0.80;0.68;0.18;0.40;13.99;4.04;2.80;8.71;2.58;0.00;0.00;0.49;0.59;0.00;6.09;0.03;0.03;24.65;0.10;1.55;0.67;1.63;0.00;0.02;0.02;0.06;0.15;0.01;
2.84;17.82;11.82;4.44;5.97;4.90;2.87;0.00;0.00;0.00;0.03;0.04;0.04;2.97;7.70;0.79;21.71;17.67;10.29;4.61;0.81;0.68;0.19;0.40;13.76;4.01;2.71;8.62;2.57;0.00;0.00;0.49;0.59;0.00;7.99;0.08;0.12;27.55;0.18;2.04;0.85;2.03;0.00;0.01;0.01;0.05;0.12;0.00;
2.86;18.02;11.93;4.48;6.03;4.94;2.90;0.00;0.00;0.00;0.03;0.04;0.04;2.97;7.70;0.79;21.71;17.67;10.29;4.67;0.81;0.69;0.19;0.40;14.05;4.05;2.83;8.73;2.59;0.00;0.00;0.49;0.59;0.00;5.93;0.02;0.03;24.40;0.09;2.13;0.88;2.10;0.00;0.01;0.01;0.05;0.13;0.00;
2.87;18.06;11.95;4.49;6.04;4.95;2.90;0.00;0.00;0.00;0.03;0.04;0.04;2.97;7.70;0.79;21.71;17.67;10.29;4.69;0.81;0.70;0.19;0.40;14.22;4.07;2.90;8.80;2.60;0.00;0.00;0.49;0.59;0.00;8.86;0.12;0.19;28.72;0.23;1.92;0.81;1.94;0.00;0.02;0.02;0.06;0.16;0.01;
2.87;18.07;11.95;4.49;6.04;4.95;2.90;0.00;0.00;0.00;0.03;0.04;0.04;2.97;7.70;0.79;21.71;17.67;10.29;4.76;0.82;0.71;0.19;0.41;14.03;4.04;2.82;8.72;2.59;0.00;0.00;0.49;0.59;0.00;9.65;0.17;0.29;29.74;0.28;2.19;0.91;2.15;0.04;0.13;0.22;0.35;0.70;0.05;
2.88;18.11;11.97;4.50;6.05;4.96;2.91;0.00;0.00;0.00;0.03;0.04;0.04;2.97;7.70;0.79;21.71;17.67;10.29;4.78;0.82;0.72;0.19;0.41;13.88;4.03;2.76;8.67;2.58;0.00;0.00;0.49;0.59;0.00;8.80;0.12;0.19;28.65;0.23;1.53;0.67;1.61;0.04;0.14;0.23;0.37;0.72;0.05;
2.89;18.28;12.06;4.54;6.11;5.00;2.93;0.00;0.00;0.00;0.03;0.04;0.04;2.97;7.70;0.79;21.71;17.67;10.29;4.85;0.83;0.74;0.19;0.41;14.19;4.06;2.89;8.78;2.60;0.00;0.00;0.49;0.59;0.00;12.57;0.49;1.01;33.14;0.53;1.99;0.83;1.99;0.00;0.02;0.02;0.06;0.15;0.01;
2.90;18.31;12.08;4.55;6.12;5.00;2.93;0.00;0.00;0.00;0.03;0.04;0.04;2.97;7.70;0.79;21.71;17.67;10.29;4.92;0.83;0.75;0.20;0.42;14.36;4.08;2.96;8.85;2.61;0.00;0.00;0.49;0.59;0.00;6.18;0.03;0.04;24.81;0.10;1.51;0.66;1.59;0.01;0.03;0.04;0.10;0.24;0.01;
2.90;18.32;12.08;4.55;6.12;5.00;2.93;0.00;0.00;0.00;0.03;0.04;0.04;3.00;7.71;0.80;21.80;17.71;10.35;4.95;0.84;0.76;0.20;0.42;14.40;4.09;2.98;8.86;2.61;0.00;0.00;0.49;0.59;0.00;6.16;0.03;0.03;24.76;0.10;1.58;0.68;1.65;0.05;0.15;0.27;0.41;0.79;0.05;
2.90;18.32;12.08;4.55;6.12;5.00;2.93;0.00;0.00;0.00;0.03;0.04;0.04;2.98;7.70;0.79;21.73;17.68;10.30;5.03;0.85;0.78;0.20;0.42;14.29;4.07;2.93;8.82;2.61;0.00;0.00;0.49;0.59;0.00;12.79;0.52;1.10;33.37;0.55;2.38;0.97;2.30;0.01;0.03;0.03;0.09;0.21;0.01;
2.90;18.32;12.08;4.55;6.12;5.00;2.93;0.00;0.00;0.00;0.03;0.04;0.04;3.00;7.71;0.80;21.80;17.71;10.36;5.05;0.85;0.78;0.20;0.42;14.16;4.06;2.88;8.77;2.60;0.00;0.00;0.49;0.59;0.00;5.69;0.02;0.02;23.97;0.08;1.76;0.75;1.80;0.02;0.06;0.09;0.18;0.39;0.02;
2.90;18.36;12.10;4.56;6.13;5.01;2.94;0.00;0.00;0.00;0.03;0.04;0.04;3.13;7.78;0.85;22.18;17.88;10.64;5.08;0.85;0.79;0.20;0.42;14.36;4.08;2.96;8.85;2.61;0.00;0.00;0.49;0.59;0.00;9.42;0.15;0.26;29.46;0.27;2.24;0.92;2.19;0.05;0.17;0.31;0.45;0.86;0.06;
2.91;18.37;12.11;4.56;6.13;5.01;2.94;0.00;0.00;0.00;0.04;0.04;0.04;3.15;7.79;0.86;22.25;17.91;10.70;5.13;0.86;0.80;0.20;0.43;14.28;4.07;2.93;8.82;2.61;0.00;0.00;0.49;0.59;0.00;7.67;0.07;0.10;27.09;0.16;1.85;0.78;1.88;0.00;0.01;0.01;0.05;0.12;0.00;
2.91;18.41;12.13;4.57;6.15;5.02;2.94;0.00;0.00;0.00;0.04;0.04;0.04;3.16;7.79;0.86;22.27;17.92;10.71;5.16;0.86;0.81;0.21;0.43;14.16;4.06;2.87;8.77;2.60;0.00;0.00;0.49;0.59;0.00;10.01;0.20;0.34;30.19;0.31;1.94;0.81;1.95;0.01;0.03;0.03;0.09;0.22;0.01;
2.92;18.55;12.20;4.60;6.18;5.05;2.96;0.00;0.00;0.00;0.04;0.04;0.04;3.16;7.80;0.86;22.27;17.92;10.72;5.23;0.86;0.83;0.21;0.43;14.24;4.07;2.91;8.81;2.60;0.00;0.00;0.49;0.59;0.00;11.48;0.34;0.66;31.92;0.43;2.09;0.87;2.07;0.00;0.01;0.01;0.03;0.09;0.00;
2.93;18.57;12.21;4.61;6.19;5.05;2.96;0.00;0.00;0.00;0.04;0.04;0.04;3.16;7.80;0.86;22.27;17.92;10.72;5.26;0.87;0.83;0.21;0.43;14.15;4.06;2.87;8.77;2.60;0.00;0.00;0.49;0.59;0.00;14.38;0.84;1.91;35.00;0.73;1.98;0.83;1.98;0.01;0.05;0.06;0.14;0.32;0.02;
2.93;18.58;12.22;4.61;6.19;5.05;2.96;0.00;0.00;0.00;0.04;0.04;0.04;3.16;7.80;0.86;22.27;17.92;10.72;5.33;0.87;0.85;0.21;0.43;14.24;4.07;2.91;8.81;2.60;0.00;0.00;0.49;0.59;0.00;6.41;0.03;0.04;25.18;0.11;1.77;0.75;1.81;0.01;0.02;0.02;0.07;0.18;0.01;
2.93;18.58;12.22;4.61;6.19;5.05;2.96;0.00;0.00;0.00;0.04;0.04;0.04;3.16;7.80;0.86;22.27;17.92;10.72;5.34;0.87;0.86;0.21;0.43;14.04;4.04;2.82;8.73;2.59;0.00;0.00;0.49;0.59;0.00;11.69;0.36;0.72;32.16;0.44;1.77;0.75;1.81;0.00;0.01;0.01;0.04;0.10;0.00;
2.93;18.58;12.22;4.61;6.19;5.05;2.96;0.00;0.00;0.00;0.04;0.04;0.04;3.16;7.80;0.86;22.27;17.92;10.72;5.42;0.88;0.88;0.21;0.44;14.11;4.05;2.85;8.75;2.59;0.00;0.00;0.49;0.59;0.00;7.95;0.08;0.12;27.49;0.18;1.32;0.59;1.43;0.01;0.04;0.05;0.12;0.27;0.01;
2.93;18.58;12.22;4.61;6.19;5.05;2.96;0.00;0.00;0.00;0.04;0.04;0.04;3.16;7.80;0.86;22.27;17.92;10.72;5.44;0.88;0.88;0.22;0.44;14.12;4.05;2.86;8.76;2.59;0.00;0.00;0.49;0.59;0.00;7.66;0.07;0.10;27.07;0.16;2.62;1.05;2.49;0.01;0.03;0.04;0.09;0.22;0.01;
2.93;18.58;12.22;4.61;6.19;5.05;2.96;0.00;0.00;0.00;0.04;0.04;0.04;3.16;7.80;0.86;22.27;17.92;10.72;5.48;0.89;0.89;0.22;0.44;14.24;4.07;2.91;8.80;2.60;0.00;0.00;0.49;0.59;0.00;4.15;0.01;0.01;21.08;0.04;1.94;0.82;1.95;0.01;0.05;0.07;0.15;0.33;0.02;
2.94;18.71;12.28;4.63;6.23;5.08;2.98;0.00;0.00;0.00;0.04;0.04;0.04;3.19;7.81;0.87;22.36;17.96;10.79;5.53;0.89;0.90;0.22;0.44;14.15;4.06;2.87;8.77;2.60;0.00;0.00;0.49;0.59;0.00;7.05;0.05;0.07;26.17;0.13;2.32;0.95;2.25;0.12;0.40;0.87;0.96;1.66;0.15;
2.96;18.81;12.34;4.66;6.26;5.10;2.99;0.00;0.00;0.00;0.04;0.04;0.04;3.22;7.83;0.89;22.47;18.01;10.87;5.55;0.89;0.91;0.22;0.44;14.02;4.04;2.82;8.72;2.59;0.00;0.00;0.49;0.59;0.00;8.34;0.09;0.15;28.03;0.20;1.59;0.69;1.66;0.00;0.01;0.01;0.04;0.11;0.00;
2.96;18.84;12.35;4.66;6.27;5.10;2.99;0.00;0.00;0.00;0.04;0.04;0.04;3.23;7.83;0.89;22.49;18.02;10.89;5.63;0.90;0.93;0.22;0.45;14.10;4.05;2.85;8.75;2.59;0.00;0.00;0.49;0.59;0.00;13.52;0.65;1.43;34.13;0.63;1.73;0.74;1.78;0.03;0.09;0.14;0.26;0.53;0.03;
2.96;18.84;12.35;4.67;6.27;5.10;2.99;0.00;0.00;0.00;0.04;0.04;0.04;3.33;7.88;0.93;22.78;18.14;11.11;5.65;0.90;0.93;0.22;0.45;14.46;4.09;3.01;8.89;2.62;0.00;0.00;0.49;0.59;0.00;6.95;0.05;0.06;26.02;0.13;1.54;0.67;1.62;0.01;0.04;0.05;0.12;0.26;0.01;
2.96;18.84;12.35;4.67;6.27;5.10;2.99;0.00;0.00;0.00;0.04;0.04;0.04;3.35;7.89;0.94;22.83;18.17;11.15;5.65;0.90;0.93;0.22;0.45;14.19;4.06;2.89;8.78;2.60;0.00;0.00;0.49;0.59;0.00;7.81;0.07;0.11;27.28;0.17;1.97;0.83;1.98;0.04;0.14;0.23;0.37;0.72;0.05;
2.96;18.84;12.35;4.67;6.27;5.10;2.99;0.00;0.00;0.00;0.04;0.04;0.04;3.35;7.89;0.94;22.84;18.17;11.16;5.74;0.91;0.96;0.23;0.45;14.02;4.04;2.82;8.72;2.59;0.00;0.00;0.49;0.59;0.00;8.95;0.12;0.20;28.84;0.24;2.31;0.95;2.24;0.01;0.02;0.03;0.08;0.19;0.01;
2.96;18.88;12.37;4.67;6.28;5.11;3.00;0.00;0.00;0.00;0.04;0.04;0.04;3.35;7.89;0.94;22.85;18.17;11.17;5.76;0.91;0.96;0.23;0.45;14.10;4.05;2.85;8.75;2.59;0.00;0.00;0.50;0.59;0.00;4.21;0.01;0.01;21.22;0.04;1.92;0.81;1.93;0.00;0.01;0.00;0.02;0.06;0.00;
2.96;18.89;12.38;4.68;6.29;5.11;3.00;0.00;0.00;0.00;0.04;0.04;0.04;3.35;7.89;0.94;22.85;18.17;11.17;5.76;0.91;0.96;0.23;0.45;14.35;4.08;2.96;8.84;2.61;0.00;0.00;0.50;0.59;0.00;9.12;0.13;0.22;29.07;0.25;1.65;0.71;1.71;0.01;0.02;0.02;0.07;0.17;0.01;
2.97;18.98;12.42;4.70;6.31;5.13;3.01;0.00;0.00;0.00;0.04;0.04;0.04;3.35;7.89;0.94;22.85;18.17;11.17;5.85;0.92;0.99;0.23;0.46;14.28;4.07;2.93;8.82;2.61;0.00;0.00;0.50;0.59;0.00;4.95;0.01;0.01;22.65;0.06;1.41;0.62;1.51;0.01;0.05;0.07;0.16;0.35;0.02;
2.99;19.08;12.47;4.72;6.34;5.15;3.02;0.00;0.00;0.00;0.04;0.04;0.04;3.35;7.89;0.94;22.85;18.17;11.17;5.87;0.92;0.99;0.23;0.46;14.27;4.07;2.92;8.82;2.61;0.00;0.00;0.50;0.59;0.00;5.62;0.02;0.02;23.86;0.08;1.63;0.70;1.70;0.01;0.02;0.03;0.08;0.19;0.01;
2.99;19.10;12.49;4.72;6.35;5.15;3.02;0.00;0.00;0.00;0.04;0.04;0.04;3.35;7.89;0.94;22.85;18.17;11.17;5.87;0.92;0.99;0.23;0.46;14.27;4.07;2.92;8.81;2.61;0.00;0.00;0.50;0.59;0.00;11.23;0.31;0.59;31.65;0.40;2.52;1.02;2.41;0.00;0.01;0.01;0.03;0.08;0.00;
2.99;19.11;12.49;4.72;6.35;5.16;3.02;0.00;0.00;0.00;0.04;0.04;0.04;3.35;7.89;0.94;22.85;18.17;11.17;5.92;0.93;1.00;0.23;0.46;14.15;4.06;2.87;8.77;2.60;0.00;0.00;0.50;0.59;0.00;7.65;0.07;0.10;27.06;0.16;2.20;0.91;2.16;0.02;0.06;0.08;0.16;0.36;0.02;
2.99;19.11;12.49;4.72;6.35;5.16;3.02;0.00;0.00;0.00;0.04;0.04;0.04;3.35;7.89;0.94;22.85;18.17;11.17;5.97;0.93;1.02;0.23;0.46;14.35;4.08;2.96;8.85;2.61;0.00;0.00;0.50;0.59;0.00;6.45;0.03;0.04;25.23;0.11;2.01;0.84;2.00;0.01;0.03;0.04;0.10;0.23;0.01;
2.99;19.11;12.49;4.72;6.35;5.16;3.02;0.00;0.00;0.00;0.04;0.04;0.04;3.39;7.91;0.95;22.94;18.21;11.24;5.98;0.93;1.02;0.23;0.46;14.28;4.07;2.93;8.82;2.61;0.00;0.00;0.50;0.59;0.00;8.54;0.10;0.16;28.30;0.21;2.30;0.94;2.24;0.02;0.06;0.09;0.18;0.39;0.02;
2.99;19.11;12.49;4.72;6.35;5.16;3.02;0.00;0.00;0.00;0.04;0.04;0.04;3.42;7.93;0.97;23.05;18.26;11.33;6.00;0.93;1.02;0.24;0.46;14.27;4.07;2.92;8.82;2.61;0.00;0.00;0.50;0.59;0.00;5.58;0.02;0.02;23.80;0.08;1.70;0.73;1.75;0.01;0.03;0.04;0.09;0.22;0.01;
2.99;19.11;12.49;4.72;6.35;5.16;3.02;0.00;0.00;0.00;0.04;0.04;0.04;3.43;7.93;0.97;23.07;18.27;11.35;6.08;0.94;1.05;0.24;0.47;14.38;4.08;2.97;8.86;2.61;0.00;0.00;0.50;0.59;0.00;6.70;0.04;0.05;25.64;0.12;1.38;0.61;1.49;0.01;0.02;0.02;0.07;0.17;0.01;
3.00;19.19;12.53;4.74;6.38;5.17;3.03;0.00;0.00;0.00;0.04;0.04;0.04;3.53;7.98;1.02;23.36;18.39;11.57;6.09;0.94;1.05;0.24;0.47;14.17;4.06;2.88;8.78;2.60;0.00;0.00;0.50;0.59;0.00;11.05;0.29;0.55;31.43;0.39;2.27;0.93;2.21;0.00;0.02;0.02;0.06;0.15;0.01;
3.01;19.30;12.59;4.77;6.41;5.19;3.05;0.00;0.00;0.00;0.04;0.04;0.05;3.56;7.99;1.03;23.42;18.42;11.62;6.09;0.94;1.05;0.24;0.47;14.36;4.08;2.96;8.85;2.61;0.00;0.00;0.50;0.59;0.00;4.62;0.01;0.01;22.03;0.05;1.99;0.83;1.99;0.01;0.03;0.03;0.08;0.20;0.01;
3.02;19.36;12.62;4.78;6.43;5.20;3.05;0.00;0.00;0.00;0.04;0.04;0.05;3.56;8.00;1.03;23.43;18.42;11.63;6.11;0.94;1.06;0.24;0.47;14.28;4.07;2.93;8.82;2.61;0.00;0.00;0.50;0.59;0.00;6.01;0.03;0.03;24.53;0.09;1.96;0.82;1.97;0.20;0.60;1.46;1.40;2.30;0.24;
3.02;19.37;12.62;4.78;6.43;5.21;3.05;0.00;0.00;0.00;0.04;0.04;0.04;3.56;8.00;1.03;23.44;18.43;11.63;6.19;0.95;1.08;0.24;0.47;14.27;4.07;2.92;8.82;2.61;0.00;0.00;0.50;0.59;0.00;7.55;0.06;0.09;26.91;0.16;1.24;0.56;1.36;0.01;0.03;0.03;0.09;0.21;0.01;
3.02;19.38;12.63;4.78;6.43;5.21;3.05;0.00;0.00;0.00;0.04;0.04;0.05;3.56;8.00;1.03;23.44;18.43;11.63;6.21;0.95;1.08;0.24;0.47;14.49;4.10;3.02;8.90;2.62;0.00;0.00;0.50;0.59;0.00;5.22;0.01;0.02;23.15;0.07;1.73;0.74;1.78;0.01;0.05;0.06;0.14;0.31;0.01;
3.02;19.38;12.63;4.78;6.43;5.21;3.05;0.00;0.00;0.00;0.04;0.04;0.05;3.56;8.00;1.03;23.44;18.43;11.63;6.21;0.95;1.08;0.24;0.47;14.42;4.09;2.99;8.87;2.62;0.00;0.00;0.50;0.59;0.00;7.70;0.07;0.10;27.13;0.17;1.97;0.83;1.98;0.03;0.09;0.15;0.26;0.54;0.03;
3.02;19.38;12.63;4.78;6.43;5.21;3.05;0.00;0.00;0.00;0.04;0.04;0.05;3.56;8.00;1.03;23.44;18.43;11.63;6.30;0.96;1.11;0.25;0.48;14.30;4.08;2.94;8.83;2.61;0.00;0.00;0.49;0.59;0.00;4.92;0.01;0.01;22.59;0.06;1.68;0.72;1.74;0.01;0.02;0.03;0.07;0.18;0.01;
3.02;19.38;12.63;4.78;6.43;5.21;3.05;0.00;0.00;0.00;0.04;0.04;0.05;3.56;8.00;1.03;23.44;18.43;11.63;6.32;0.96;1.11;0.25;0.48;14.73;4.13;3.13;8.99;2.64;0.00;0.00;0.50;0.59;0.00;10.44;0.23;0.42;30.72;0.34;1.79;0.76;1.83;0.02;0.06;0.09;0.18;0.39;0.02;
3.02;19.42;12.65;4.79;6.44;5.22;3.06;0.00;0.00;0.00;0.04;0.04;0.05;3.56;8.00;1.03;23.44;18.43;11.63;6.33;0.96;1.11;0.25;0.48;14.47;4.10;3.01;8.89;2.62;0.00;0.00;0.50;0.59;0.00;5.90;0.02;0.03;24.34;0.09;1.65;0.71;1.71;0.02;0.05;0.07;0.16;0.35;0.02;
3.02;19.39;12.63;4.79;6.43;5.21;3.06;0.00;0.00;0.00;0.04;0.04;0.05;3.56;8.00;1.03;23.44;18.43;11.63;6.33;0.96;1.11;0.25;0.48;14.31;4.08;2.94;8.83;2.61;0.00;0.00;0.50;0.59;0.00;9.36;0.15;0.25;29.39;0.26;2.03;0.85;2.02;0.00;0.01;0.01;0.05;0.12;0.00;
3.02;19.42;12.65;4.79;6.44;5.22;3.06;0.00;0.00;0.00;0.04;0.04;0.05;3.56;8.00;1.03;23.44;18.43;11.63;6.33;0.96;1.11;0.25;0.48;14.50;4.10;3.02;8.90;2.62;0.00;0.01;0.50;0.60;0.00;9.92;0.19;0.33;30.09;0.30;2.16;0.89;2.13;0.01;0.02;0.03;0.08;0.18;0.01;
3.02;19.39;12.63;4.79;6.43;5.21;3.06;0.00;0.00;0.00;0.04;0.04;0.05;3.56;8.00;1.03;23.44;18.43;11.63;6.36;0.96;1.12;0.25;0.48;14.31;4.08;2.94;8.83;2.61;0.00;0.01;0.50;0.60;0.00;8.04;0.08;0.12;27.61;0.18;1.98;0.83;1.98;0.00;0.01;0.01;0.03;0.08;0.00;
3.03;19.51;12.69;4.81;6.47;5.23;3.07;0.00;0.00;0.00;0.04;0.04;0.05;3.59;8.01;1.04;23.53;18.47;11.71;6.43;0.97;1.14;0.25;0.48;14.62;4.11;3.08;8.95;2.63;0.00;0.01;0.50;0.60;0.00;6.41;0.03;0.04;25.17;0.11;1.68;0.72;1.74;0.00;0.01;0.01;0.05;0.13;0.00;
3.04;19.58;12.73;4.83;6.49;5.25;3.08;0.00;0.00;0.00;0.04;0.04;0.05;3.60;8.02;1.05;23.55;18.48;11.72;6.44;0.97;1.15;0.25;0.48;14.56;4.11;3.05;8.93;2.63;0.00;0.01;0.50;0.60;0.00;8.37;0.10;0.15;28.07;0.20;2.06;0.86;2.05;0.01;0.05;0.07;0.15;0.34;0.02;
3.04;19.55;12.71;4.82;6.48;5.24;3.07;0.00;0.00;0.00;0.04;0.04;0.05;3.67;8.05;1.08;23.75;18.56;11.88;6.45;0.97;1.15;0.25;0.48;14.67;4.12;3.10;8.97;2.63;0.00;0.01;0.50;0.60;0.00;9.62;0.17;0.29;29.71;0.28;2.11;0.88;2.09;0.01;0.03;0.04;0.10;0.23;0.01;
3.05;19.63;12.76;4.84;6.51;5.26;3.08;0.00;0.00;0.00;0.04;0.04;0.05;3.65;8.04;1.07;23.69;18.53;11.83;6.35;0.96;1.12;0.25;0.48;14.57;4.11;3.06;8.93;2.63;0.00;0.01;0.50;0.60;0.00;8.64;0.11;0.17;28.43;0.22;1.89;0.80;1.91;0.01;0.02;0.02;0.07;0.17;0.01;
3.02;19.43;12.65;4.80;6.45;5.22;3.06;0.00;0.00;0.00;0.04;0.04;0.05;3.61;8.02;1.05;23.58;18.49;11.75;6.24;0.95;1.09;0.24;0.47;14.33;4.08;2.95;8.84;2.61;0.00;0.00;0.50;0.60;0.00;7.35;0.06;0.08;26.62;0.15;1.75;0.75;1.79;0.00;0.01;0.01;0.03;0.08;0.00;
3.02;19.43;12.65;4.80;6.45;5.22;3.06;0.00;0.00;0.00;0.04;0.04;0.05;3.57;8.00;1.03;23.47;18.44;11.65;6.12;0.94;1.06;0.24;0.47;14.50;4.10;3.03;8.91;2.62;0.00;0.00;0.50;0.60;0.00;12.23;0.44;0.89;32.77;0.50;2.00;0.84;2.00;0.00;0.01;0.01;0.04;0.09;0.00;
3.02;19.39;12.63;4.79;6.43;5.21;3.06;0.00;0.00;0.00;0.04;0.04;0.05;3.56;8.00;1.03;23.44;18.43;11.64;6.01;0.93;1.03;0.24;0.46;14.54;4.10;3.04;8.92;2.62;0.00;0.00;0.50;0.59;0.00;6.35;0.03;0.04;25.09;0.11;1.70;0.73;1.76;0.00;0.01;0.01;0.04;0.11;0.00;
3.02;19.38;12.63;4.79;6.43;5.21;3.05;0.00;0.00;0.00;0.04;0.04;0.05;3.56;8.00;1.03;23.44;18.43;11.63;5.92;0.93;1.00;0.23;0.46;14.32;4.08;2.95;8.84;2.61;0.00;0.00;0.50;0.59;0.00;10.07;0.20;0.36;30.27;0.31;1.47;0.64;1.56;0.01;0.03;0.03;0.08;0.20;0.01;
3.02;19.38;12.63;4.78;6.43;5.21;3.05;0.00;0.00;0.00;0.04;0.04;0.05;3.56;8.00;1.03;23.44;18.43;11.63;5.88;0.92;0.99;0.23;0.46;14.28;4.07;2.93;8.82;2.61;0.00;0.00;0.50;0.59;0.00;4.88;0.01;0.01;22.53;0.06;1.50;0.66;1.59;0.00;0.02;0.02;0.05;0.13;0.00;
3.01;19.33;12.60;4.78;6.42;5.20;3.05;0.00;0.00;0.00;0.04;0.04;0.05;3.56;8.00;1.03;23.44;18.43;11.63;5.78;0.91;0.97;0.23;0.45;14.49;4.10;3.02;8.90;2.62;0.00;0.00;0.50;0.59;0.00;7.76;0.07;0.10;27.22;0.17;1.67;0.72;1.73;0.01;0.03;0.03;0.09;0.22;0.01;
3.01;19.33;12.60;4.77;6.41;5.20;3.05;0.00;0.00;0.00;0.04;0.04;0.05;3.56;8.00;1.03;23.44;18.43;11.63;5.77;0.91;0.96;0.23;0.45;14.31;4.08;2.94;8.83;2.61;0.00;0.00;0.50;0.59;0.00;7.43;0.06;0.08;26.74;0.15;2.13;0.88;2.10;0.02;0.07;0.09;0.19;0.41;0.02;
2.99;19.15;12.51;4.73;6.36;5.16;3.03;0.00;0.00;0.00;0.04;0.04;0.04;3.56;8.00;1.03;23.44;18.43;11.63;5.68;0.90;0.94;0.22;0.45;14.39;4.09;2.97;8.86;2.61;0.00;0.00;0.50;0.59;0.00;7.77;0.07;0.10;27.23;0.17;1.64;0.71;1.70;0.01;0.04;0.05;0.12;0.28;0.01;
2.99;19.12;12.49;4.73;6.35;5.16;3.02;0.00;0.00;0.00;0.04;0.04;0.04;3.56;8.00;1.03;23.44;18.43;11.63;5.66;0.90;0.94;0.22;0.45;14.29;4.07;2.93;8.82;2.61;0.00;0.00;0.50;0.59;0.00;7.80;0.07;0.11;27.27;0.17;1.36;0.60;1.47;0.01;0.04;0.06;0.13;0.29;0.01;
2.99;19.11;12.49;4.72;6.35;5.16;3.02;0.00;0.00;0.00;0.04;0.04;0.04;3.56;8.00;1.03;23.44;18.43;11.63;5.57;0.89;0.91;0.22;0.44;14.27;4.07;2.92;8.82;2.61;0.00;0.00;0.50;0.59;0.00;6.54;0.04;0.05;25.38;0.11;1.61;0.69;1.68;0.09;0.30;0.61;0.75;1.33;0.11;
2.99;19.11;12.49;4.72;6.35;5.16;3.02;0.00;0.00;0.00;0.04;0.04;0.04;3.56;8.00;1.03;23.44;18.43;11.63;5.55;0.89;0.91;0.22;0.44;14.27;4.07;2.92;8.81;2.61;0.00;0.00;0.50;0.59;0.00;5.99;0.02;0.03;24.49;0.09;1.79;0.76;1.83;0.01;0.02;0.02;0.07;0.17;0.01;
2.99;19.11;12.49;4.72;6.35;5.16;3.02;0.00;0.00;0.00;0.04;0.04;0.04;3.53;7.98;1.01;23.34;18.38;11.56;5.47;0.89;0.89;0.22;0.44;14.26;4.07;2.92;8.81;2.61;0.00;0.00;0.50;0.59;0.00;8.42;0.10;0.15;28.14;0.20;2.11;0.88;2.09;0.02;0.06;0.09;0.18;0.39;0.02;
2.98;19.06;12.47;4.72;6.34;5.15;3.02;0.00;0.00;0.00;0.04;0.04;0.04;3.49;7.96;1.00;23.23;18.34;11.47;5.45;0.88;0.88;0.22;0.44;14.26;4.07;2.92;8.81;2.61;0.00;0.00;0.50;0.59;0.00;8.84;0.12;0.19;28.71;0.23;1.64;0.71;1.71;0.01;0.03;0.03;0.08;0.20;0.01;
2.98;19.01;12.44;4.70;6.32;5.14;3.01;0.00;0.00;0.00;0.04;0.04;0.04;3.41;7.92;0.96;23.02;18.24;11.30;5.41;0.88;0.87;0.21;0.44;14.26;4.07;2.92;8.81;2.61;0.00;0.00;0.50;0.59;0.00;8.02;0.08;0.12;27.58;0.18;2.04;0.85;2.03;0.01;0.05;0.06;0.14;0.31;0.01;
2.97;18.96;12.41;4.69;6.31;5.13;3.01;0.00;0.00;0.00;0.04;0.04;0.04;3.36;7.90;0.94;22.88;18.19;11.19;5.36;0.88;0.86;0.21;0.44;14.38;4.08;2.97;8.86;2.61;0.00;0.00;0.50;0.59;0.00;9.52;0.16;0.27;29.58;0.27;1.60;0.69;1.67;0.03;0.11;0.17;0.30;0.60;0.04;
2.97;18.91;12.39;4.68;6.29;5.12;3.00;0.00;0.00;0.00;0.04;0.04;0.04;3.36;7.90;0.94;22.85;18.17;11.17;5.35;0.87;0.86;0.21;0.43;14.40;4.09;2.98;8.87;2.61;0.00;0.00;0.50;0.59;0.00;9.18;0.14;0.23;29.14;0.25;2.27;0.93;2.22;0.06;0.21;0.40;0.55;1.02;0.08;
2.96;18.86;12.36;4.67;6.28;5.11;2.99;0.00;0.00;0.00;0.04;0.04;0.04;3.35;7.90;0.94;22.85;18.17;11.17;5.34;0.87;0.86;0.21;0.43;14.40;4.09;2.98;8.87;2.62;0.00;0.00;0.50;0.59;0.00;7.15;0.05;0.07;26.33;0.14;1.83;0.78;1.86;0.00;0.01;0.00;0.02;0.06;0.00;
2.96;18.84;12.35;4.67;6.27;5.10;2.99;0.00;0.00;0.00;0.04;0.04;0.04;3.35;7.89;0.94;22.85;18.17;11.17;5.26;0.87;0.84;0.21;0.43;14.29;4.07;2.93;8.83;2.61;0.00;0.00;0.50;0.59;0.00;9.76;0.18;0.31;29.89;0.29;1.58;0.68;1.65;0.01;0.05;0.07;0.15;0.33;0.02;
2.96;18.84;12.35;4.67;6.27;5.10;2.99;0.00;0.00;0.00;0.04;0.04;0.04;3.35;7.89;0.94;22.85;18.17;11.17;5.25;0.87;0.83;0.21;0.43;14.16;4.06;2.88;8.77;2.60;0.00;0.00;0.50;0.59;0.00;11.35;0.32;0.62;31.78;0.41;1.64;0.71;1.70;0.07;0.24;0.47;0.61;1.13;0.09;
2.96;18.84;12.35;4.67;6.27;5.10;2.99;0.00;0.00;0.00;0.04;0.04;0.04;3.35;7.89;0.94;22.85;18.17;11.17;5.24;0.87;0.83;0.21;0.43;14.24;4.07;2.91;8.81;2.60;0.00;0.00;0.50;0.59;0.00;5.85;0.02;0.03;24.26;0.09;1.82;0.77;1.85;0.02;0.07;0.10;0.20;0.43;0.02;
2.96;18.84;12.35;4.67;6.27;5.10;2.99;0.00;0.00;0.00;0.04;0.04;0.04;3.35;7.89;0.94;22.85;18.17;11.17;5.20;0.86;0.82;0.21;0.43;14.26;4.07;2.92;8.81;2.60;0.00;0.00;0.50;0.59;0.00;10.62;0.25;0.46;30.93;0.35;2.23;0.92;2.18;0.02;0.07;0.11;0.21;0.44;0.02;
2.96;18.84;12.35;4.67;6.27;5.10;2.99;0.00;0.00;0.00;0.04;0.04;0.04;3.35;7.89;0.94;22.85;18.17;11.17;5.16;0.86;0.81;0.21;0.43;13.93;4.03;2.78;8.68;2.58;0.00;0.00;0.50;0.59;0.00;10.28;0.22;0.39;30.53;0.33;2.12;0.88;2.09;0.01;0.03;0.04;0.10;0.23;0.01;
2.96;18.84;12.35;4.67;6.27;5.10;2.99;0.00;0.00;0.00;0.04;0.04;0.04;3.35;7.89;0.94;22.85;18.17;11.17;5.15;0.86;0.81;0.20;0.43;14.20;4.06;2.89;8.79;2.60;0.00;0.00;0.50;0.59;0.00;8.25;0.09;0.14;27.90;0.19;1.64;0.71;1.71;0.01;0.03;0.04;0.10;0.23;0.01;
2.96;18.84;12.35;4.67;6.27;5.10;2.99;0.00;0.00;0.00;0.04;0.04;0.04;3.35;7.89;0.94;22.85;18.17;11.17;5.15;0.86;0.81;0.20;0.43;14.14;4.06;2.87;8.77;2.60;0.00;0.00;0.50;0.59;0.00;10.88;0.27;0.51;31.24;0.38;2.14;0.89;2.11;0.00;0.01;0.01;0.05;0.12;0.00;
2.95;18.80;12.33;4.66;6.26;5.10;2.99;0.00;0.00;0.00;0.04;0.04;0.04;3.35;7.89;0.94;22.85;18.17;11.17;5.15;0.86;0.81;0.20;0.43;14.13;4.06;2.86;8.76;2.60;0.00;0.00;0.49;0.59;0.00;10.28;0.22;0.39;30.52;0.33;1.44;0.63;1.53;0.01;0.03;0.04;0.10;0.22;0.01;
2.94;18.71;12.28;4.64;6.23;5.08;2.98;0.00;0.00;0.00;0.04;0.04;0.04;3.35;7.89;0.94;22.85;18.17;11.17;5.08;0.85;0.79;0.20;0.42;14.35;4.08;2.96;8.85;2.61;0.00;0.00;0.50;0.59;0.00;8.01;0.08;0.12;27.57;0.18;1.93;0.81;1.94;0.02;0.08;0.13;0.24;0.49;0.03;
2.94;18.69;12.27;4.63;6.23;5.07;2.98;0.00;0.00;0.00;0.04;0.04;0.04;3.35;7.89;0.94;22.85;18.17;11.17;5.06;0.85;0.79;0.20;0.42;14.28;4.07;2.93;8.82;2.61;0.00;0.00;0.50;0.59;0.00;6.18;0.03;0.04;24.81;0.10;1.86;0.79;1.88;0.01;0.04;0.05;0.12;0.28;0.01;
2.93;18.60;12.23;4.61;6.20;5.06;2.97;0.00;0.00;0.00;0.04;0.04;0.04;3.35;7.89;0.94;22.85;18.17;11.17;5.05;0.85;0.78;0.20;0.42;14.15;4.06;2.87;8.77;2.60;0.00;0.00;0.50;0.59;0.00;5.09;0.01;0.01;22.91;0.06;1.60;0.69;1.67;0.03;0.11;0.18;0.31;0.62;0.04;
2.93;18.58;12.22;4.61;6.20;5.05;2.96;0.00;0.00;0.00;0.04;0.04;0.04;3.35;7.89;0.94;22.85;18.17;11.17;5.05;0.85;0.78;0.20;0.42;14.13;4.06;2.86;8.76;2.60;0.00;0.00;0.50;0.59;0.00;7.29;0.05;0.08;26.53;0.15;1.63;0.70;1.70;0.00;0.02;0.02;0.05;0.14;0.00;
2.93;18.58;12.22;4.61;6.19;5.05;2.96;0.00;0.00;0.00;0.04;0.04;0.04;3.32;7.88;0.93;22.75;18.13;11.09;5.05;0.85;0.78;0.20;0.42;14.12;4.05;2.86;8.76;2.60;0.00;0.00;0.50;0.59;0.00;15.62;1.17;2.82;36.20;0.88;1.96;0.82;1.97;0.01;0.04;0.05;0.11;0.26;0.01;
2.93;18.58;12.22;4.61;6.19;5.05;2.96;0.00;0.00;0.00;0.04;0.04;0.04;3.31;7.88;0.92;22.73;18.12;11.08;5.03;0.85;0.78;0.20;0.42;14.24;4.07;2.91;8.80;2.60;0.00;0.00;0.50;0.59;0.00;7.49;0.06;0.09;26.83;0.16;1.68;0.72;1.74;0.01;0.02;0.03;0.07;0.18;0.01;
2.93;18.58;12.22;4.61;6.19;5.05;2.96;0.00;0.00;0.00;0.04;0.04;0.04;3.35;7.89;0.94;22.82;18.16;11.15;4.99;0.84;0.77;0.20;0.42;14.26;4.07;2.92;8.81;2.60;0.00;0.00;0.50;0.59;0.00;12.98;0.56;1.18;33.57;0.57;1.68;0.72;1.74;0.02;0.08;0.12;0.23;0.48;0.03;
2.93;18.58;12.22;4.61;6.19;5.05;2.96;0.00;0.00;0.00;0.04;0.04;0.04;3.29;7.86;0.91;22.66;18.09;11.02;4.98;0.84;0.77;0.20;0.42;14.15;4.06;2.87;8.77;2.60;0.00;0.00;0.50;0.59;0.00;4.71;0.01;0.01;22.20;0.05;1.83;0.78;1.86;0.00;0.01;0.01;0.04;0.11;0.00;
2.93;18.58;12.22;4.61;6.19;5.05;2.96;0.00;0.00;0.00;0.04;0.04;0.04;3.28;7.86;0.91;22.62;18.07;10.99;4.96;0.84;0.76;0.20;0.42;14.24;4.07;2.91;8.81;2.60;0.00;0.00;0.50;0.59;0.00;9.20;0.14;0.23;29.17;0.25;2.49;1.01;2.39;0.00;0.01;0.01;0.05;0.12;0.00;
2.93;18.58;12.22;4.61;6.19;5.05;2.96;0.00;0.00;0.00;0.04;0.04;0.04;3.24;7.84;0.89;22.52;18.03;10.91;4.96;0.84;0.76;0.20;0.42;14.26;4.07;2.92;8.81;2.60;0.00;0.00;0.50;0.59;0.00;5.36;0.02;0.02;23.40;0.07;1.69;0.72;1.74;0.01;0.02;0.02;0.07;0.18;0.01;
2.93;18.58;12.22;4.61;6.19;5.05;2.96;0.00;0.00;0.00;0.04;0.04;0.04;3.20;7.82;0.88;22.41;17.98;10.83;4.96;0.84;0.76;0.20;0.42;14.15;4.06;2.87;8.77;2.60;0.00;0.00;0.50;0.59;0.00;8.14;0.08;0.13;27.75;0.19;2.15;0.89;2.12;0.02;0.06;0.09;0.18;0.39;0.02;
2.93;18.58;12.22;4.61;6.19;5.05;2.96;0.00;0.00;0.00;0.04;0.04;0.04;3.20;7.82;0.88;22.39;17.97;10.81;4.96;0.84;0.76;0.20;0.42;14.02;4.04;2.82;8.72;2.59;0.00;0.00;0.50;0.59;0.00;6.91;0.04;0.06;25.96;0.13;2.20;0.91;2.16;0.01;0.04;0.05;0.11;0.26;0.01;
2.93;18.58;12.22;4.61;6.19;5.05;2.96;0.00;0.00;0.00;0.04;0.04;0.04;3.20;7.82;0.88;22.39;17.97;10.81;4.96;0.84;0.76;0.20;0.42;14.10;4.05;2.85;8.75;2.59;0.00;0.00;0.50;0.59;0.00;12.20;0.43;0.88;32.73;0.49;2.16;0.89;2.13;0.00;0.02;0.02;0.06;0.14;0.01;
2.93;18.58;12.22;4.61;6.19;5.05;2.96;0.00;0.00;0.00;0.04;0.04;0.04;3.20;7.82;0.87;22.38;17.97;10.81;4.90;0.83;0.75;0.20;0.41;14.34;4.08;2.96;8.84;2.61;0.00;0.00;0.50;0.59;0.00;11.50;0.34;0.66;31.95;0.43;2.17;0.90;2.13;0.04;0.13;0.23;0.36;0.71;0.05;
2.93;18.58;12.22;4.61;6.19;5.05;2.96;0.00;0.00;0.00;0.04;0.04;0.04;3.16;7.80;0.86;22.29;17.93;10.74;4.88;0.83;0.74;0.20;0.41;14.06;4.05;2.83;8.73;2.59;0.00;0.00;0.50;0.59;0.00;6.18;0.03;0.04;24.80;0.10;1.69;0.73;1.75;0.01;0.02;0.02;0.07;0.16;0.01;
2.93;18.58;12.22;4.61;6.19;5.05;2.96;0.00;0.00;0.00;0.04;0.04;0.04;3.16;7.80;0.86;22.28;17.92;10.72;4.87;0.83;0.74;0.19;0.41;14.11;4.05;2.86;8.76;2.59;0.00;0.00;0.50;0.59;0.00;6.05;0.03;0.03;24.59;0.09;1.96;0.82;1.97;0.17;0.52;1.21;1.22;2.05;0.20;
2.92;18.50;12.17;4.59;6.17;5.04;2.95;0.00;0.00;0.00;0.04;0.04;0.04;3.16;7.80;0.86;22.27;17.92;10.72;4.86;0.83;0.74;0.19;0.41;14.01;4.04;2.81;8.72;2.59;0.00;0.00;0.49;0.59;0.00;7.25;0.05;0.08;26.47;0.14;1.63;0.70;1.69;0.01;0.05;0.06;0.14;0.30;0.01;
2.91;18.40;12.12;4.57;6.14;5.02;2.94;0.00;0.00;0.00;0.04;0.04;0.04;3.16;7.80;0.86;22.27;17.92;10.72;4.86;0.83;0.74;0.19;0.41;14.10;4.05;2.85;8.75;2.59;0.00;0.00;0.49;0.59;0.00;11.67;0.36;0.71;32.15;0.44;1.60;0.69;1.67;0.00;0.01;0.01;0.05;0.12;0.00;
2.91;18.38;12.11;4.56;6.13;5.01;2.94;0.00;0.00;0.00;0.04;0.04;0.04;3.16;7.80;0.86;22.27;17.92;10.72;4.86;0.83;0.74;0.19;0.41;14.01;4.04;2.81;8.72;2.59;0.00;0.00;0.49;0.59;0.00;11.69;0.36;0.72;32.16;0.44;2.32;0.95;2.25;0.04;0.14;0.23;0.36;0.71;0.05;
2.91;18.38;12.11;4.56;6.13;5.01;2.94;0.00;0.00;0.00;0.04;0.04;0.04;3.16;7.80;0.86;22.27;17.92;10.72;4.86;0.83;0.74;0.19;0.41;13.88;4.03;2.76;8.67;2.58;0.00;0.00;0.49;0.59;0.00;8.09;0.08;0.13;27.68;0.19;1.88;0.79;1.90;0.01;0.03;0.04;0.10;0.23;0.01;
2.90;18.33;12.09;4.55;6.12;5.01;2.93;0.00;0.00;0.00;0.04;0.04;0.04;3.16;7.80;0.86;22.27;17.92;10.72;4.86;0.83;0.74;0.19;0.41;14.07;4.05;2.84;8.74;2.59;0.00;0.00;0.49;0.59;0.00;10.86;0.27;0.51;31.21;0.37;2.14;0.89;2.11;0.03;0.09;0.14;0.25;0.52;0.03;
2.90;18.33;12.08;4.55;6.12;5.00;2.93;0.00;0.00;0.00;0.04;0.04;0.04;3.16;7.80;0.86;22.27;17.92;10.72;4.86;0.83;0.74;0.19;0.41;14.11;4.05;2.86;8.76;2.59;0.00;0.00;0.49;0.59;0.00;5.03;0.01;0.01;22.80;0.06;2.00;0.84;2.00;0.36;1.06;2.95;2.33;3.59;0.44;
2.90;18.32;12.08;4.55;6.12;5.00;2.93;0.00;0.00;0.00;0.04;0.04;0.04;3.16;7.80;0.86;22.27;17.92;10.72;4.83;0.83;0.73;0.19;0.41;14.01;4.04;2.81;8.72;2.59;0.00;0.00;0.49;0.59;0.00;9.39;0.15;0.26;29.42;0.27;2.10;0.87;2.08;0.01;0.02;0.02;0.07;0.17;0.01;
2.90;18.32;12.08;4.55;6.12;5.00;2.93;0.00;0.00;0.00;0.04;0.04;0.04;3.16;7.80;0.86;22.27;17.92;10.72;4.81;0.82;0.73;0.19;0.41;13.88;4.03;2.76;8.67;2.58;0.00;0.00;0.49;0.59;0.00;6.47;0.03;0.04;25.27;0.11;1.50;0.65;1.58;0.00;0.01;0.01;0.05;0.12;0.00;
2.90;18.32;12.08;4.55;6.12;5.00;2.93;0.00;0.00;0.00;0.04;0.04;0.04;3.16;7.80;0.86;22.27;17.92;10.72;4.78;0.82;0.72;0.19;0.41;14.07;4.05;2.84;8.74;2.59;0.00;0.00;0.49;0.59;0.00;10.81;0.27;0.50;31.16;0.37;2.09;0.87;2.07;0.00;0.02;0.02;0.06;0.16;0.01;
2.90;18.32;12.08;4.55;6.12;5.00;2.93;0.00;0.00;0.00;0.04;0.04;0.04;3.16;7.80;0.86;22.27;17.92;10.72;4.77;0.82;0.72;0.19;0.41;14.11;4.05;2.86;8.76;2.59;0.00;0.00;0.49;0.59;0.00;6.63;0.04;0.05;25.52;0.12;1.87;0.79;1.89;0.01;0.04;0.05;0.13;0.28;0.01;
2.90;18.32;12.08;4.55;6.12;5.00;2.93;0.00;0.00;0.00;0.04;0.04;0.04;3.16;7.80;0.86;22.27;17.92;10.72;4.77;0.82;0.72;0.19;0.41;14.35;4.08;2.96;8.85;2.61;0.00;0.00;0.49;0.59;0.00;9.26;0.14;0.24;29.25;0.26;1.95;0.82;1.96;0.03;0.09;0.14;0.26;0.53;0.03;
2.90;18.32;12.08;4.55;6.12;5.00;2.93;0.00;0.00;0.00;0.04;0.04;0.04;3.16;7.80;0.86;22.27;17.92;10.72;4.77;0.82;0.72;0.19;0.41;14.39;4.09;2.98;8.86;2.61;0.00;0.00;0.49;0.59;0.00;10.05;0.20;0.35;30.24;0.31;1.65;0.71;1.71;0.00;0.02;0.02;0.05;0.13;0.00;
2.90;18.32;12.08;4.55;6.12;5.00;2.93;0.00;0.00;0.00;0.04;0.04;0.04;3.16;7.80;0.86;22.27;17.92;10.72;4.77;0.82;0.72;0.19;0.41;14.18;4.06;2.88;8.78;2.60;0.00;0.00;0.49;0.59;0.00;7.31;0.06;0.08;26.56;0.15;2.74;1.09;2.57;0.00;0.01;0.01;0.04;0.11;0.00;
2.90;18.32;12.08;4.55;6.12;5.00;2.93;0.00;0.00;0.00;0.04;0.04;0.04;3.16;7.80;0.86;22.27;17.92;10.72;4.77;0.82;0.72;0.19;0.41;14.13;4.06;2.87;8.76;2.60;0.00;0.00;0.49;0.59;0.00;6.46;0.03;0.04;25.25;0.11;1.81;0.77;1.85;0.00;0.02;0.02;0.05;0.14;0.00;
2.90;18.32;12.08;4.55;6.12;5.00;2.93;0.00;0.00;0.00;0.04;0.04;0.04;3.16;7.80;0.86;22.27;17.92;10.72;4.77;0.82;0.72;0.19;0.41;14.24;4.07;2.91;8.80;2.60;0.00;0.00;0.49;0.59;0.00;10.91;0.28;0.52;31.27;0.38;2.05;0.86;2.04;0.01;0.05;0.06;0.13;0.30;0.01;
2.90;18.32;12.08;4.55;6.12;5.00;2.93;0.00;0.00;0.00;0.04;0.04;0.04;3.16;7.80;0.86;22.27;17.92;10.72;4.77;0.82;0.72;0.19;0.41;14.15;4.06;2.87;8.77;2.60;0.00;0.00;0.49;0.59;0.00;10.50;0.24;0.43;30.79;0.34;2.07;0.86;2.06;0.00;0.02;0.02;0.05;0.13;0.00;
2.90;18.32;12.08;4.55;6.12;5.00;2.93;0.00;0.00;0.00;0.04;0.04;0.04;3.16;7.80;0.86;22.27;17.92;10.72;4.77;0.82;0.72;0.19;0.41;13.91;4.03;2.77;8.68;2.58;0.00;0.00;0.49;0.59;0.00;10.11;0.20;0.36;30.31;0.32;1.93;0.81;1.94;0.00;0.01;0.01;0.05;0.12;0.00;
2.90;18.32;12.08;4.55;6.12;5.00;2.93;0.00;0.00;0.00;0.04;0.04;0.04;3.16;7.80;0.86;22.27;17.92;10.72;4.77;0.82;0.72;0.19;0.41;13.97;4.04;2.80;8.70;2.58;0.00;0.00;0.49;0.59;0.00;9.12;0.13;0.22;29.07;0.25;1.81;0.77;1.84;0.01;0.03;0.03;0.09;0.21;0.01;
2.90;18.32;12.08;4.55;6.12;5.00;2.93;0.00;0.00;0.00;0.04;0.04;0.04;3.16;7.80;0.86;22.27;17.92;10.72;4.74;0.82;0.71;0.19;0.41;13.98;4.04;2.80;8.71;2.58;0.00;0.00;0.49;0.59;0.00;7.62;0.07;0.10;27.01;0.16;2.27;0.93;2.21;0.06;0.20;0.38;0.53;0.98;0.07;
2.90;18.32;12.08;4.55;6.12;5.00;2.93;0.00;0.00;0.00;0.03;0.04;0.04;3.16;7.80;0.86;22.27;17.92;10.72;4.75;0.82;0.71;0.19;0.41;13.98;4.04;2.80;8.71;2.58;0.00;0.00;0.49;0.59;0.00;11.00;0.29;0.54;31.38;0.39;1.73;0.74;1.78;0.01;0.04;0.04;0.11;0.25;0.01;
2.90;18.32;12.08;4.55;6.12;5.00;2.93;0.00;0.00;0.00;0.04;0.04;0.04;3.16;7.80;0.86;22.27;17.92;10.72;4.72;0.82;0.71;0.19;0.41;13.98;4.04;2.80;8.71;2.58;0.00;0.00;0.49;0.59;0.00;8.39;0.10;0.15;28.09;0.20;2.20;0.91;2.16;0.00;0.01;0.01;0.04;0.10;0.00;
2.89;18.24;12.04;4.53;6.09;4.99;2.92;0.00;0.00;0.00;0.03;0.04;0.04;3.16;7.80;0.86;22.27;17.92;10.72;4.72;0.82;0.71;0.19;0.41;13.98;4.04;2.80;8.71;2.58;0.00;0.00;0.49;0.59;0.00;9.29;0.14;0.24;29.29;0.26;2.89;1.14;2.69;0.01;0.03;0.03;0.09;0.20;0.01;
2.90;18.31;12.08;4.55;6.11;5.00;2.93;0.00;0.00;0.00;0.03;0.04;0.04;3.16;7.80;0.86;22.27;17.92;10.72;4.70;0.81;0.70;0.19;0.41;14.21;4.06;2.90;8.79;2.60;0.00;0.00;0.49;0.59;0.00;8.87;0.12;0.19;28.74;0.23;2.03;0.85;2.03;0.00;0.01;0.01;0.05;0.12;0.00;
2.90;18.32;12.08;4.55;6.12;5.00;2.93;0.00;0.00;0.00;0.04;0.04;0.04;3.13;7.78;0.85;22.18;17.88;10.65;4.69;0.81;0.70;0.19;0.40;14.03;4.04;2.82;8.72;2.59;0.00;0.00;0.49;0.59;0.00;7.56;0.06;0.09;26.93;0.16;1.92;0.81;1.94;0.02;0.06;0.09;0.18;0.39;0.02;
2.90;18.32;12.08;4.55;6.12;5.00;2.93;0.00;0.00;0.00;0.04;0.04;0.04;3.15;7.79;0.86;22.25;17.91;10.70;4.68;0.81;0.70;0.19;0.40;13.99;4.04;2.81;8.71;2.59;0.00;0.00;0.49;0.59;0.00;6.32;0.03;0.04;25.03;0.10;1.72;0.74;1.77;0.01;0.04;0.05;0.12;0.27;0.01;
2.89;18.24;12.04;4.53;6.09;4.99;2.92;0.00;0.00;0.00;0.03;0.04;0.04;3.07;7.75;0.82;22.00;17.80;10.51;4.68;0.81;0.70;0.19;0.40;13.99;4.04;2.80;8.71;2.58;0.00;0.00;0.49;0.59;0.00;9.72;0.17;0.30;29.84;0.29;2.16;0.89;2.13;0.01;0.04;0.05;0.12;0.28;0.01;
2.89;18.23;12.03;4.53;6.09;4.98;2.92;0.00;0.00;0.00;0.03;0.04;0.04;3.02;7.72;0.80;21.85;17.74;10.40;4.68;0.81;0.70;0.19;0.40;14.21;4.06;2.90;8.79;2.60;0.00;0.00;0.49;0.59;0.00;5.75;0.02;0.03;24.08;0.08;2.52;1.02;2.41;0.02;0.06;0.09;0.18;0.39;0.02;
2.88;18.14;11.99;4.51;6.06;4.97;2.91;0.00;0.00;0.00;0.03;0.04;0.04;3.07;7.75;0.82;22.01;17.80;10.51;4.68;0.81;0.70;0.19;0.40;14.03;4.04;2.82;8.72;2.59;0.00;0.00;0.49;0.59;0.00;7.46;0.06;0.09;26.79;0.15;1.96;0.82;1.97;0.00;0.01;0.01;0.05;0.12;0.00;
2.88;18.16;12.00;4.51;6.07;4.97;2.91;0.00;0.00;0.00;0.03;0.04;0.04;3.05;7.74;0.82;21.95;17.78;10.47;4.68;0.81;0.70;0.19;0.40;13.77;4.01;2.71;8.62;2.57;0.00;0.00;0.49;0.59;0.00;7.28;0.05;0.08;26.51;0.14;2.50;1.01;2.39;0.01;0.05;0.07;0.15;0.33;0.02;
2.88;18.17;12.00;4.51;6.07;4.97;2.91;0.00;0.00;0.00;0.03;0.04;0.04;3.11;7.77;0.84;22.11;17.85;10.60;4.68;0.81;0.70;0.19;0.40;14.16;4.06;2.88;8.78;2.60;0.00;0.00;0.49;0.59;0.00;4.59;0.01;0.01;21.97;0.05;1.47;0.64;1.56;0.00;0.02;0.02;0.05;0.13;0.00;
2.87;18.09;11.96;4.50;6.05;4.96;2.91;0.00;0.00;0.00;0.03;0.04;0.04;3.06;7.74;0.82;21.97;17.79;10.48;4.68;0.81;0.70;0.19;0.40;14.13;4.06;2.86;8.76;2.60;0.00;0.00;0.49;0.59;0.00;6.64;0.04;0.05;25.53;0.12;1.83;0.77;1.86;0.00;0.01;0.01;0.05;0.12;0.00;
2.87;18.07;11.95;4.49;6.04;4.95;2.90;0.00;0.00;0.00;0.04;0.04;0.04;2.99;7.71;0.79;21.76;17.69;10.33;4.68;0.81;0.70;0.19;0.40;14.13;4.06;2.86;8.76;2.60;0.00;0.00;0.49;0.59;0.00;6.61;0.04;0.05;25.49;0.12;1.45;0.64;1.55;0.01;0.03;0.03;0.09;0.21;0.01;
2.87;18.07;11.95;4.49;6.04;4.95;2.90;0.00;0.00;0.00;0.03;0.04;0.04;3.00;7.71;0.80;21.81;17.72;10.36;4.67;0.81;0.69;0.19;0.40;14.12;4.05;2.86;8.76;2.60;0.00;0.00;0.49;0.59;0.00;7.41;0.06;0.08;26.72;0.15;1.24;0.56;1.36;0.01;0.02;0.02;0.07;0.18;0.01;
