071020;16:02:41;4.71;36.07;20.57;8.38;11.18;8.11;4.80;0.00;0.00;0.00;0.09;0.08;0.09;82.87;15.53;109.71;89.01;38.19;98.99;14.14;1.50;3.88;0.51;0.74;73.69;8.04;94.20;24.29;4.97;0.02;0.07;0.72;0.83;0.01;28.68;13.48;49.58;46.38;3.72;12.26;3.91;8.61;0.30;0.91;2.44;2.03;3.19;0.38;
071020;16:02:42;3.19;20.94;13.42;5.13;6.89;5.50;3.23;0.00;0.00;0.00;0.05;0.05;0.05;7.17;9.27;2.90;31.54;21.67;18.73;6.08;0.94;1.05;0.24;0.47;25.22;5.16;9.75;12.53;3.26;0.00;0.01;0.55;0.64;0.00;29.64;15.39;57.93;47.01;4.02;8.56;2.88;6.45;0.21;0.65;1.59;1.49;2.43;0.26;
071020;16:02:44;2.97;18.99;12.43;4.70;6.32;5.13;3.01;0.00;0.00;0.00;0.04;0.04;0.04;4.62;8.45;1.51;26.17;19.57;13.88;5.22;0.86;0.83;0.21;0.43;20.63;4.74;6.38;11.07;3.01;0.00;0.01;0.52;0.62;0.00;18.18;2.15;5.77;38.51;1.26;8.47;2.86;6.39;0.28;0.84;2.22;1.90;3.00;0.35;
071020;16:02:46;2.91;18.42;12.13;4.57;6.15;5.02;2.94;0.00;0.00;0.00;0.04;0.04;0.04;4.05;8.21;1.24;24.74;18.98;12.69;4.98;0.84;0.77;0.20;0.42;19.27;4.61;5.52;10.61;2.93;0.00;0.01;0.51;0.61;0.00;22.38;4.97;15.39;41.92;2.07;9.44;3.13;6.97;0.97;2.70;9.43;5.42;7.47;1.22;
071020;16:02:48;2.83;17.70;11.76;4.41;5.93;4.88;2.86;0.00;0.00;0.00;0.03;0.04;0.04;2.86;7.63;0.74;21.35;17.51;10.02;4.46;0.79;0.65;0.18;0.39;13.50;3.98;2.60;8.52;2.55;0.00;0.00;0.50;0.59;0.00;25.68;8.63;29.41;44.33;2.86;6.19;2.19;4.97;0.64;1.82;5.76;3.79;5.48;0.79;
071020;16:02:51;2.81;17.56;11.69;4.38;5.89;4.85;2.84;0.00;0.00;0.00;0.03;0.04;0.04;2.65;7.51;0.66;20.66;17.20;9.50;4.39;0.78;0.63;0.18;0.39;12.32;3.83;2.14;8.05;2.46;0.00;0.00;0.49;0.59;0.00;28.20;12.59;45.78;46.06;3.57;6.94;2.41;5.45;0.41;1.22;3.50;2.64;4.00;0.51;
071020;16:02:53;2.81;17.53;11.67;4.37;5.88;4.85;2.84;0.00;0.00;0.00;0.03;0.04;0.04;2.61;7.49;0.65;20.53;17.14;9.40;4.40;0.79;0.63;0.18;0.39;12.01;3.79;2.03;7.92;2.43;0.00;0.00;0.49;0.59;0.00;16.66;1.52;3.82;37.17;1.03;8.79;2.95;6.59;0.45;1.31;3.85;2.83;4.24;0.56;
071020;16:02:55;2.81;17.52;11.67;4.37;5.88;4.85;2.84;0.00;0.00;0.00;0.03;0.04;0.04;2.65;7.51;0.66;20.66;17.20;9.50;4.41;0.79;0.63;0.18;0.39;12.22;3.82;2.11;8.01;2.45;0.00;0.00;0.49;0.59;0.00;30.27;16.74;63.96;47.41;4.23;5.72;2.05;4.66;0.76;2.15;7.10;4.41;6.25;0.95;
071020;16:02:58;2.81;17.56;11.69;4.38;5.89;4.85;2.84;0.00;0.00;0.00;0.03;0.04;0.04;2.70;7.54;0.68;20.85;17.29;9.64;4.42;0.79;0.64;0.18;0.39;12.17;3.81;2.09;7.99;2.45;0.00;0.00;0.49;0.59;0.00;33.87;26.31;108.68;49.64;5.51;6.32;2.23;5.05;0.69;1.95;6.30;4.04;5.79;0.86;
071020;16:03:00;2.82;17.65;11.73;4.40;5.92;4.87;2.85;0.00;0.00;0.00;0.03;0.04;0.04;2.76;7.58;0.71;21.05;17.38;9.79;4.48;0.79;0.65;0.18;0.39;12.44;3.85;2.19;8.10;2.47;0.00;0.00;0.50;0.59;0.00;26.41;9.68;33.61;44.85;3.06;8.01;2.72;6.11;0.85;2.39;8.09;4.84;6.78;1.06;
071020;16:03:02;2.83;17.75;11.78;4.42;5.95;4.89;2.87;0.00;0.00;0.00;0.03;0.04;0.04;2.78;7.59;0.71;21.09;17.40;9.82;4.50;0.79;0.66;0.18;0.40;12.88;3.90;2.35;8.27;2.50;0.00;0.00;0.50;0.59;0.00;26.89;10.40;36.57;45.18;3.19;10.02;3.30;7.32;0.46;1.35;3.96;2.89;4.33;0.57;
071020;16:03:05;2.81;17.57;11.69;4.38;5.89;4.86;2.84;0.00;0.00;0.00;0.03;0.04;0.04;2.65;7.52;0.66;20.69;17.22;9.53;4.43;0.79;0.64;0.18;0.39;12.11;3.80;2.07;7.97;2.44;0.00;0.00;0.49;0.59;0.00;29.30;14.69;54.85;46.79;3.91;11.74;3.77;8.31;1.05;2.91;10.31;5.78;7.91;1.32;
071020;16:03:07;2.83;17.69;11.75;4.41;5.93;4.88;2.86;0.00;0.00;0.00;0.03;0.04;0.04;2.75;7.57;0.70;21.02;17.36;9.77;4.49;0.79;0.65;0.18;0.40;12.71;3.88;2.29;8.21;2.49;0.00;0.00;0.50;0.59;0.00;26.98;10.54;37.16;45.24;3.22;6.47;2.27;5.15;2.26;5.94;25.10;11.02;13.86;2.85;
071020;16:03:09;2.85;17.87;11.85;4.45;5.98;4.92;2.88;0.00;0.00;0.00;0.03;0.04;0.04;3.01;7.72;0.80;21.83;17.73;10.38;4.63;0.81;0.69;0.19;0.40;14.04;4.04;2.82;8.73;2.59;0.00;0.00;0.50;0.60;0.00;16.26;1.37;3.41;36.80;0.97;6.54;2.29;5.19;4.00;10.15;48.86;17.87;21.10;5.09;
071020;16:03:12;2.86;17.99;11.91;4.48;6.02;4.94;2.89;0.00;0.00;0.00;0.03;0.04;0.04;3.18;7.81;0.87;22.35;17.95;10.78;4.67;0.81;0.69;0.19;0.40;14.75;4.13;3.14;9.00;2.64;0.00;0.01;0.50;0.60;0.00;19.82;3.05;8.68;39.90;1.55;6.74;2.35;5.32;3.61;9.21;43.30;16.37;19.56;4.58;
071020;16:03:14;2.86;18.02;11.92;4.48;6.03;4.94;2.90;0.00;0.00;0.00;0.04;0.04;0.04;3.28;7.86;0.91;22.62;18.07;10.99;4.72;0.82;0.71;0.19;0.41;15.58;4.22;3.52;9.31;2.70;0.00;0.01;0.50;0.60;0.00;45.67;87.53;445.16;56.07;11.18;9.77;3.23;7.17;0.08;0.25;0.49;0.63;1.15;0.09;
071020;16:03:16;2.87;18.02;11.93;4.48;6.03;4.94;2.90;0.00;0.00;0.00;0.04;0.04;0.04;3.42;7.93;0.97;23.03;18.25;11.31;4.78;0.82;0.72;0.19;0.41;16.46;4.32;3.95;9.63;2.76;0.00;0.01;0.50;0.60;0.00;26.47;9.77;33.98;44.89;3.08;5.63;2.02;4.60;0.44;1.30;3.80;2.80;4.21;0.55;
071020;16:03:19;2.89;18.23;12.03;4.53;6.09;4.98;2.92;0.00;0.00;0.00;0.04;0.04;0.04;3.78;8.10;1.12;24.03;18.68;12.11;4.95;0.84;0.76;0.20;0.42;18.15;4.50;4.87;10.23;2.86;0.00;0.01;0.51;0.61;0.00;23.22;5.76;18.29;42.55;2.26;6.34;2.23;5.06;2.48;6.50;28.06;11.95;14.87;3.14;
071020;16:03:21;2.91;18.43;12.14;4.57;6.15;5.03;2.95;0.00;0.00;0.00;0.04;0.04;0.04;3.92;8.16;1.19;24.42;18.84;12.43;5.01;0.84;0.78;0.20;0.42;19.89;4.67;5.90;10.82;2.97;0.00;0.01;0.51;0.61;0.00;31.37;19.33;75.68;48.11;4.60;8.21;2.78;6.23;0.54;1.55;4.74;3.29;4.84;0.67;
071020;16:03:23;2.91;18.39;12.12;4.56;6.14;5.02;2.94;0.00;0.00;0.00;0.04;0.04;0.04;3.92;8.16;1.18;24.41;18.84;12.41;5.01;0.84;0.77;0.20;0.42;19.83;4.67;5.87;10.80;2.97;0.00;0.01;0.51;0.61;0.00;23.55;6.10;19.56;42.80;2.33;7.10;2.46;5.54;0.54;1.56;4.75;3.29;4.85;0.67;
071020;16:03:26;2.90;18.34;12.09;4.55;6.12;5.01;2.93;0.00;0.00;0.00;0.04;0.04;0.04;3.92;8.16;1.18;24.40;18.84;12.41;4.95;0.84;0.76;0.20;0.42;19.12;4.60;5.43;10.56;2.92;0.00;0.01;0.51;0.61;0.00;28.78;13.66;50.39;46.45;3.75;8.54;2.88;6.44;7.86;19.08;107.09;31.57;34.63;10.07;
071020;16:03:28;2.83;17.68;11.75;4.41;5.93;4.88;2.86;0.00;0.00;0.00;0.03;0.04;0.04;2.87;7.64;0.75;21.38;17.53;10.04;4.51;0.80;0.66;0.18;0.40;13.79;4.02;2.72;8.63;2.57;0.00;0.00;0.50;0.59;0.00;19.88;3.08;8.79;39.94;1.56;8.60;2.89;6.47;27.50;61.51;459.06;90.77;86.75;35.70;
071020;16:03:30;2.85;17.91;11.87;4.46;6.00;4.92;2.88;0.00;0.00;0.00;0.03;0.04;0.04;3.07;7.75;0.82;21.99;17.80;10.51;4.63;0.81;0.69;0.19;0.40;14.92;4.15;3.21;9.06;2.65;0.00;0.01;0.50;0.60;0.00;50.58;132.01;720.80;58.45;14.23;8.51;2.87;6.42;0.05;0.17;0.29;0.44;0.84;0.06;
071020;16:03:32;2.86;17.96;11.90;4.47;6.01;4.93;2.89;0.00;0.00;0.00;0.04;0.04;0.04;3.19;7.81;0.87;22.38;17.97;10.80;4.69;0.81;0.70;0.19;0.40;15.48;4.21;3.47;9.27;2.69;0.00;0.01;0.50;0.60;0.00;40.32;53.05;247.41;53.29;8.33;11.06;3.59;7.92;0.59;1.70;5.28;3.56;5.19;0.74;
071020;16:03:35;2.89;18.26;12.05;4.53;6.10;4.99;2.92;0.00;0.00;0.00;0.04;0.04;0.04;3.59;8.01;1.04;23.52;18.46;11.70;4.88;0.83;0.74;0.20;0.41;17.67;4.45;4.60;10.06;2.83;0.00;0.01;0.51;0.61;0.00;20.64;3.59;10.49;40.56;1.71;7.08;2.45;5.53;5.39;13.42;69.14;22.98;26.27;6.88;
071020;16:03:37;2.89;18.27;12.06;4.54;6.10;4.99;2.93;0.00;0.00;0.00;0.04;0.04;0.04;3.64;8.03;1.06;23.67;18.53;11.82;4.87;0.83;0.74;0.19;0.41;17.63;4.45;4.58;10.05;2.83;0.00;0.01;0.51;0.60;0.00;24.05;6.64;21.62;43.17;2.45;7.72;2.64;5.93;0.47;1.37;4.06;2.94;4.39;0.58;
071020;16:03:39;2.82;17.67;11.74;4.40;5.92;4.88;2.86;0.00;0.00;0.00;0.03;0.04;0.04;2.85;7.63;0.74;21.34;17.51;10.01;4.49;0.79;0.65;0.18;0.40;13.69;4.00;2.68;8.59;2.56;0.00;0.00;0.50;0.59;0.00;17.42;1.81;4.71;37.85;1.14;8.69;2.92;6.52;75.18;157.48;1477.77;211.99;181.42;98.70;
071020;16:03:42;2.83;17.75;11.79;4.42;5.95;4.89;2.87;0.00;0.00;0.00;0.03;0.04;0.04;2.79;7.60;0.72;21.15;17.42;9.86;4.49;0.79;0.65;0.18;0.40;13.53;3.98;2.61;8.53;2.55;0.00;0.00;0.50;0.59;0.00;17.04;1.66;4.25;37.51;1.08;6.09;2.16;4.90;10.71;25.47;153.38;40.97;43.44;13.76;
071020;16:03:44;2.83;17.73;11.77;4.42;5.94;4.89;2.86;0.00;0.00;0.00;0.03;0.04;0.04;2.73;7.56;0.69;20.95;17.33;9.71;4.50;0.80;0.66;0.18;0.40;13.09;3.93;2.44;8.36;2.52;0.00;0.00;0.50;0.59;0.00;18.10;2.12;5.65;38.44;1.25;8.52;2.87;6.42;643.99;1172.57;17940.03;1297.12;876.73;865.68;
071020;16:03:46;2.86;17.96;11.90;4.47;6.01;4.93;2.89;0.00;0.00;0.00;0.04;0.04;0.04;2.98;7.70;0.79;21.74;17.68;10.31;4.70;0.81;0.70;0.19;0.41;14.12;4.05;2.86;8.76;2.60;0.00;0.00;0.50;0.59;0.00;17.42;1.81;4.72;37.85;1.14;9.19;3.06;6.83;10006.29;15232.25;435124.75;13113.69;6557.05;13861.50;
071020;16:03:49;2.89;18.26;12.05;4.53;6.10;4.99;2.92;0.00;0.00;0.00;0.04;0.04;0.04;3.38;7.91;0.95;22.94;18.21;11.24;4.93;0.84;0.76;0.20;0.42;16.73;4.35;4.09;9.73;2.77;0.00;0.01;0.50;0.60;0.00;22.36;4.95;15.31;41.90;2.06;7.66;2.62;5.90;4.34;10.95;53.70;19.13;22.40;5.52;
071020;16:03:51;2.89;18.27;12.06;4.54;6.10;4.99;2.93;0.00;0.00;0.00;0.04;0.04;0.04;3.38;7.91;0.95;22.92;18.20;11.22;4.93;0.84;0.76;0.20;0.42;16.45;4.32;3.95;9.63;2.76;0.00;0.01;0.50;0.60;0.00;24.90;7.63;25.44;43.78;2.66;8.34;2.82;6.31;1.33;3.61;13.53;7.04;9.39;1.67;
071020;16:03:53;2.89;18.28;12.06;4.54;6.10;4.99;2.93;0.00;0.00;0.00;0.04;0.04;0.04;3.47;7.95;0.99;23.18;18.32;11.43;5.04;0.85;0.78;0.20;0.42;17.38;4.42;4.44;9.96;2.82;0.00;0.01;0.50;0.60;0.00;46.11;91.03;466.11;56.29;11.44;8.95;2.99;6.68;0.42;1.24;3.57;2.68;4.05;0.52;
071020;16:03:56;2.89;18.28;12.06;4.54;6.10;4.99;2.93;0.00;0.00;0.00;0.04;0.04;0.04;3.18;7.81;0.87;22.35;17.96;10.78;4.96;0.84;0.76;0.20;0.42;15.74;4.24;3.60;9.37;2.71;0.00;0.01;0.50;0.60;0.00;37.33;38.93;172.08;51.65;6.94;11.22;3.63;8.01;2.14;5.65;23.59;10.53;13.33;2.70;
071020;16:03:58;2.86;17.95;11.89;4.47;6.01;4.93;2.89;0.00;0.00;0.00;0.04;0.04;0.04;2.83;7.62;0.73;21.26;17.47;9.95;4.79;0.82;0.72;0.19;0.41;14.12;4.05;2.86;8.76;2.59;0.00;0.00;0.50;0.59;0.00;56.39;204.43;1204.05;61.10;18.41;6.75;2.36;5.33;0.03;0.12;0.19;0.32;0.63;0.04;
071020;16:04:00;2.85;17.89;11.86;4.45;5.99;4.92;2.88;0.00;0.00;0.00;0.04;0.04;0.04;2.79;7.59;0.72;21.13;17.41;9.85;4.79;0.82;0.72;0.19;0.41;13.71;4.01;2.69;8.60;2.56;0.00;0.00;0.49;0.59;0.00;42.13;63.30;304.37;54.26;9.24;5.50;1.98;4.52;0.10;0.31;0.65;0.77;1.38;0.12;
071020;16:04:03;2.85;17.91;11.87;4.46;6.00;4.92;2.88;0.00;0.00;0.00;0.04;0.04;0.04;2.78;7.59;0.71;21.11;17.40;9.83;4.85;0.83;0.74;0.19;0.41;13.43;3.97;2.57;8.49;2.54;0.00;0.00;0.50;0.59;0.00;55.60;193.28;1127.35;60.76;17.81;7.76;2.65;5.96;0.11;0.35;0.73;0.85;1.49;0.13;
071020;16:04:05;2.84;17.84;11.83;4.44;5.97;4.91;2.88;0.00;0.00;0.00;0.04;0.04;0.04;2.66;7.52;0.66;20.70;17.22;9.53;4.81;0.83;0.73;0.19;0.41;12.78;3.89;2.32;8.24;2.50;0.00;0.00;0.49;0.59;0.00;66.51;397.21;2624.50;65.36;27.21;11.05;3.58;7.92;0.05;0.16;0.28;0.42;0.81;0.06;
071020;16:04:07;2.84;17.78;11.80;4.43;5.96;4.90;2.87;0.00;0.00;0.00;0.04;0.04;0.04;2.63;7.50;0.66;20.62;17.18;9.47;4.84;0.83;0.73;0.19;0.41;12.75;3.89;2.31;8.23;2.49;0.00;0.00;0.49;0.59;0.00;33.50;25.17;103.19;49.41;5.37;8.55;2.88;6.44;0.39;1.14;3.23;2.49;3.80;0.48;
071020;16:04:09;2.85;17.89;11.86;4.45;5.99;4.92;2.88;0.00;0.00;0.00;0.04;0.04;0.04;2.60;7.48;0.65;20.52;17.14;9.40;4.84;0.83;0.73;0.19;0.41;12.56;3.86;2.23;8.15;2.48;0.00;0.00;0.49;0.59;0.00;21.62;4.32;13.07;41.33;1.91;6.40;2.25;5.10;1.70;4.55;18.02;8.66;11.25;2.14;
071020;16:04:12;2.85;17.88;11.85;4.45;5.98;4.92;2.88;0.00;0.00;0.00;0.04;0.04;0.04;2.62;7.50;0.65;20.58;17.16;9.44;4.84;0.83;0.73;0.19;0.41;12.52;3.86;2.22;8.13;2.47;0.00;0.00;0.49;0.59;0.00;18.30;2.21;5.95;38.61;1.28;5.03;1.84;4.20;1.07;2.96;10.54;5.87;8.02;1.34;
071020;16:04:14;2.84;17.79;11.81;4.43;5.96;4.90;2.87;0.00;0.00;0.00;0.04;0.04;0.04;2.60;7.48;0.64;20.51;17.13;9.39;4.84;0.83;0.74;0.19;0.41;12.41;3.84;2.18;8.09;2.47;0.00;0.00;0.49;0.59;0.00;21.58;4.29;12.96;41.30;1.90;7.20;2.49;5.61;1.45;3.92;14.96;7.57;10.00;1.82;
071020;16:04:16;2.85;17.85;11.84;4.44;5.98;4.91;2.88;0.00;0.00;0.00;0.04;0.04;0.04;2.62;7.49;0.65;20.58;17.16;9.44;4.86;0.83;0.74;0.19;0.41;12.68;3.88;2.28;8.20;2.49;0.00;0.00;0.49;0.59;0.00;48.95;115.78;617.98;57.68;13.18;6.70;2.34;5.29;0.10;0.34;0.71;0.83;1.46;0.13;
071020;16:04:19;2.85;17.91;11.87;4.46;5.99;4.92;2.88;0.00;0.00;0.00;0.04;0.04;0.04;2.62;7.50;0.65;20.59;17.17;9.45;4.90;0.83;0.75;0.20;0.41;12.54;3.86;2.23;8.14;2.48;0.00;0.00;0.49;0.59;0.00;21.16;3.96;11.80;40.97;1.81;8.31;2.81;6.29;0.72;2.03;6.60;4.18;5.97;0.89;
071020;16:04:21;2.85;17.92;11.87;4.46;6.00;4.92;2.89;0.00;0.00;0.00;0.04;0.04;0.04;2.63;7.50;0.65;20.59;17.17;9.45;4.93;0.84;0.76;0.20;0.42;12.61;3.87;2.25;8.17;2.48;0.00;0.00;0.49;0.59;0.00;25.28;8.11;27.34;44.06;2.76;6.43;2.26;5.12;3.28;8.44;38.83;15.12;18.26;4.17;
071020;16:04:23;2.86;18.00;11.92;4.48;6.02;4.94;2.90;0.00;0.00;0.00;0.04;0.04;0.04;2.65;7.51;0.66;20.68;17.21;9.51;4.93;0.84;0.76;0.20;0.42;12.53;3.86;2.22;8.14;2.48;0.00;0.00;0.49;0.59;0.00;20.66;3.61;10.56;40.58;1.71;6.90;2.40;5.42;1.87;4.98;20.15;9.39;12.07;2.35;
071020;16:04:26;2.86;18.02;11.93;4.48;6.03;4.94;2.90;0.00;0.00;0.00;0.04;0.04;0.04;2.65;7.52;0.66;20.69;17.21;9.52;4.99;0.84;0.77;0.20;0.42;12.51;3.86;2.21;8.13;2.47;0.00;0.00;0.49;0.59;0.00;20.97;3.82;11.31;40.82;1.77;8.71;2.93;6.54;437.14;816.32;11435.27;935.57;659.86;585.12;
071020;16:04:28;2.87;18.02;11.93;4.48;6.03;4.94;2.90;0.00;0.00;0.00;0.04;0.04;0.04;2.66;7.52;0.66;20.69;17.22;9.53;5.01;0.84;0.77;0.20;0.42;12.79;3.89;2.32;8.24;2.50;0.00;0.00;0.49;0.59;0.00;29.18;14.45;53.81;46.71;3.87;8.10;2.75;6.17;9.17;22.04;128.14;35.96;38.78;11.77;
071020;16:04:30;2.87;18.06;11.95;4.49;6.04;4.95;2.90;0.00;0.00;0.00;0.04;0.04;0.04;2.66;7.52;0.66;20.70;17.22;9.53;5.02;0.84;0.78;0.20;0.42;12.56;3.86;2.23;8.15;2.48;0.00;0.00;0.49;0.59;0.00;23.38;5.92;18.90;42.67;2.29;8.92;2.98;6.66;4.03;10.22;49.26;17.97;21.21;5.12;
071020;16:04:33;2.87;18.03;11.93;4.48;6.03;4.95;2.90;0.00;0.00;0.00;0.04;0.04;0.04;2.75;7.57;0.70;21.02;17.36;9.77;5.04;0.85;0.78;0.20;0.42;12.90;3.91;2.36;8.28;2.50;0.00;0.00;0.49;0.59;0.00;24.23;6.84;22.38;43.30;2.50;6.50;2.28;5.17;0.86;2.42;8.21;4.90;6.85;1.08;
071020;16:04:35;2.87;18.06;11.95;4.49;6.04;4.95;2.90;0.00;0.00;0.00;0.04;0.04;0.04;2.78;7.59;0.71;21.09;17.39;9.82;5.11;0.85;0.80;0.20;0.42;12.78;3.89;2.31;8.23;2.49;0.00;0.00;0.49;0.59;0.00;23.42;5.96;19.05;42.70;2.30;7.61;2.61;5.86;0.17;0.53;1.24;1.24;2.08;0.21;
071020;16:04:37;2.87;18.03;11.93;4.48;6.03;4.95;2.90;0.00;0.00;0.00;0.04;0.04;0.04;2.78;7.59;0.71;21.10;17.40;9.83;5.11;0.85;0.80;0.20;0.42;12.75;3.89;2.30;8.22;2.49;0.00;0.00;0.49;0.59;0.00;35.06;30.22;127.83;50.34;5.98;9.41;3.13;6.96;0.35;1.05;2.91;2.31;3.56;0.44;
071020;16:04:40;2.87;18.11;11.97;4.50;6.05;4.96;2.91;0.00;0.00;0.00;0.04;0.04;0.04;2.78;7.59;0.71;21.10;17.40;9.83;5.17;0.86;0.81;0.21;0.43;13.14;3.93;2.45;8.38;2.52;0.00;0.00;0.49;0.59;0.00;43.19;69.95;342.17;54.81;9.80;7.85;2.68;6.01;0.25;0.77;1.99;1.75;2.80;0.31;
071020;16:04:42;2.87;18.08;11.96;4.49;6.05;4.96;2.90;0.00;0.00;0.00;0.04;0.04;0.04;2.73;7.56;0.69;20.94;17.33;9.71;5.13;0.86;0.80;0.20;0.43;12.82;3.90;2.33;8.25;2.50;0.00;0.00;0.49;0.59;0.00;32.13;21.29;84.75;48.58;4.87;9.88;3.26;7.24;0.48;1.39;4.12;2.97;4.43;0.59;
071020;16:04:44;2.87;18.03;11.93;4.48;6.03;4.95;2.90;0.00;0.00;0.00;0.04;0.04;0.04;2.74;7.57;0.70;20.99;17.35;9.74;5.13;0.85;0.80;0.20;0.42;12.47;3.85;2.20;8.11;2.47;0.00;0.00;0.49;0.59;0.00;39.67;49.69;229.08;52.94;8.01;9.07;3.03;6.76;0.58;1.67;5.17;3.50;5.11;0.72;
071020;16:04:47;2.87;18.07;11.95;4.49;6.04;4.95;2.90;0.00;0.00;0.00;0.04;0.04;0.04;2.67;7.53;0.67;20.75;17.24;9.57;5.12;0.85;0.80;0.20;0.42;12.31;3.83;2.14;8.05;2.46;0.00;0.00;0.49;0.59;0.00;30.27;16.73;63.91;47.41;4.22;7.57;2.60;5.84;0.85;2.38;8.06;4.83;6.77;1.06;
071020;16:04:49;2.87;18.03;11.93;4.48;6.03;4.95;2.90;0.00;0.00;0.00;0.04;0.04;0.04;2.71;7.55;0.68;20.87;17.29;9.66;5.12;0.85;0.80;0.20;0.42;12.37;3.84;2.16;8.07;2.46;0.00;0.00;0.49;0.59;0.00;37.89;41.33;184.60;51.96;7.19;7.85;2.68;6.01;0.42;1.22;3.51;2.65;4.01;0.52;
071020;16:04:51;2.87;18.11;11.97;4.50;6.05;4.96;2.91;0.00;0.00;0.00;0.04;0.04;0.04;2.77;7.58;0.71;21.06;17.38;9.79;5.19;0.86;0.82;0.21;0.43;12.57;3.86;2.24;8.15;2.48;0.00;0.00;0.49;0.59;0.00;27.62;11.59;41.52;45.68;3.40;7.92;2.70;6.06;0.58;1.66;5.14;3.49;5.10;0.72;
071020;16:04:53;2.89;18.20;12.02;4.52;6.08;4.98;2.92;0.00;0.00;0.00;0.04;0.04;0.04;2.78;7.59;0.71;21.09;17.40;9.82;5.21;0.86;0.82;0.21;0.43;12.71;3.88;2.29;8.21;2.49;0.00;0.00;0.49;0.59;0.00;27.06;10.66;37.65;45.29;3.24;8.41;2.84;6.36;0.61;1.76;5.51;3.67;5.33;0.76;
071020;16:04:56;2.89;18.22;12.03;4.53;6.09;4.98;2.92;0.00;0.00;0.00;0.04;0.04;0.04;2.78;7.59;0.71;21.10;17.40;9.83;5.22;0.86;0.83;0.21;0.43;12.84;3.90;2.34;8.26;2.50;0.00;0.00;0.49;0.59;0.00;47.06;98.78;512.98;56.76;12.00;12.41;3.95;8.70;0.05;0.18;0.33;0.47;0.90;0.07;
071020;16:04:58;2.89;18.27;12.05;4.54;6.10;4.99;2.93;0.00;0.00;0.00;0.04;0.04;0.04;2.83;7.62;0.73;21.27;17.47;9.95;5.27;0.87;0.84;0.21;0.43;13.15;3.94;2.46;8.38;2.52;0.00;0.00;0.49;0.59;0.00;26.31;9.53;33.00;44.78;3.03;8.60;2.89;6.47;0.51;1.49;4.50;3.17;4.69;0.64;
071020;16:05:00;2.89;18.23;12.04;4.53;6.09;4.99;2.92;0.00;0.00;0.00;0.04;0.04;0.04;2.92;7.67;0.77;21.55;17.60;10.17;5.31;0.87;0.85;0.21;0.43;13.12;3.93;2.45;8.37;2.52;0.00;0.00;0.50;0.59;0.00;28.83;13.77;50.83;46.48;3.77;8.51;2.87;6.41;0.44;1.30;3.78;2.79;4.20;0.55;
071020;16:05:03;2.89;18.27;12.06;4.54;6.10;4.99;2.93;0.00;0.00;0.00;0.04;0.04;0.04;2.94;7.68;0.77;21.61;17.63;10.21;5.32;0.87;0.85;0.21;0.43;13.31;3.96;2.52;8.45;2.54;0.00;0.00;0.50;0.59;0.00;25.11;7.89;26.45;43.93;2.71;8.21;2.78;6.23;0.67;1.92;6.14;3.97;5.70;0.84;
071020;16:05:05;2.89;18.28;12.06;4.54;6.10;4.99;2.93;0.00;0.00;0.00;0.04;0.04;0.04;2.94;7.68;0.77;21.62;17.63;10.22;5.37;0.88;0.86;0.21;0.44;13.45;3.97;2.58;8.50;2.55;0.00;0.00;0.50;0.59;0.00;15.74;1.21;2.92;36.31;0.90;6.31;2.23;5.05;32.08;71.04;549.17;103.37;97.14;41.73;
071020;16:05:07;2.90;18.32;12.08;4.55;6.12;5.00;2.93;0.00;0.00;0.00;0.04;0.04;0.04;3.05;7.74;0.82;21.96;17.78;10.48;5.41;0.88;0.87;0.21;0.44;13.79;4.01;2.72;8.63;2.57;0.00;0.00;0.50;0.59;0.00;20.54;3.52;10.26;40.48;1.69;6.27;2.21;5.02;17.82;41.01;277.30;62.96;63.12;23.03;
071020;16:05:10;2.90;18.37;12.11;4.56;6.13;5.01;2.94;0.00;0.00;0.00;0.04;0.04;0.04;3.05;7.74;0.82;21.94;17.77;10.46;5.42;0.88;0.88;0.21;0.44;13.54;3.99;2.62;8.54;2.55;0.00;0.00;0.50;0.59;0.00;21.73;4.41;13.37;41.42;1.93;9.78;3.23;7.17;3543.56;5772.43;130196.20;5464.13;3062.24;4853.28;
071020;16:05:12;2.90;18.34;12.09;4.55;6.12;5.01;2.93;0.00;0.00;0.00;0.04;0.04;0.04;2.96;7.69;0.78;21.68;17.66;10.27;5.42;0.88;0.88;0.21;0.44;13.70;4.00;2.68;8.60;2.56;0.00;0.00;0.50;0.59;0.00;27.10;10.72;37.91;45.32;3.25;9.11;3.04;6.78;0.75;2.13;7.02;4.37;6.20;0.94;
071020;16:05:14;2.90;18.29;12.07;4.54;6.11;5.00;2.93;0.00;0.00;0.00;0.04;0.04;0.04;3.06;7.74;0.82;21.97;17.79;10.49;5.47;0.89;0.89;0.22;0.44;13.84;4.02;2.74;8.65;2.57;0.00;0.00;0.50;0.59;0.00;45.65;87.43;444.54;56.06;11.17;8.16;2.77;6.20;0.10;0.31;0.64;0.77;1.37;0.12;
071020;16:05:17;2.89;18.28;12.06;4.54;6.11;5.00;2.93;0.00;0.00;0.00;0.04;0.04;0.04;3.11;7.77;0.84;22.12;17.85;10.60;5.48;0.89;0.89;0.22;0.44;13.86;4.02;2.75;8.66;2.58;0.00;0.00;0.50;0.59;0.00;27.27;11.00;39.06;45.44;3.30;9.61;3.18;7.07;0.15;0.49;1.11;1.15;1.94;0.19;
071020;16:05:19;2.91;18.40;12.13;4.57;6.14;5.02;2.94;0.00;0.00;0.00;0.04;0.04;0.05;3.17;7.80;0.87;22.32;17.94;10.75;5.53;0.89;0.90;0.22;0.44;14.18;4.06;2.89;8.78;2.60;0.00;0.00;0.50;0.59;0.00;31.90;20.68;81.91;48.44;4.78;8.41;2.84;6.36;0.82;2.30;7.72;4.68;6.59;1.02;
071020;16:05:21;2.90;18.34;12.10;4.55;6.12;5.01;2.94;0.00;0.00;0.00;0.04;0.04;0.04;3.13;7.78;0.85;22.18;17.88;10.65;5.52;0.89;0.90;0.22;0.44;13.93;4.03;2.78;8.69;2.58;0.00;0.00;0.50;0.59;0.00;17.44;1.82;4.74;37.87;1.15;7.80;2.66;5.98;179.20;354.70;4056.03;441.03;343.08;237.53;
071020;16:05:24;2.92;18.50;12.18;4.59;6.17;5.04;2.95;0.00;0.00;0.00;0.04;0.04;0.05;3.27;7.85;0.90;22.59;18.06;10.97;5.61;0.90;0.92;0.22;0.45;14.41;4.09;2.99;8.87;2.62;0.00;0.00;0.50;0.59;0.00;32.08;21.15;84.13;48.55;4.85;8.93;2.99;6.67;2919.57;4816.47;103949.23;4640.65;2656.68;3990.17;
071020;16:05:26;2.93;18.57;12.21;4.61;6.19;5.05;2.96;0.00;0.00;0.00;0.04;0.04;0.05;3.42;7.93;0.97;23.03;18.25;11.31;5.64;0.90;0.93;0.22;0.45;15.16;4.18;3.33;9.15;2.67;0.00;0.00;0.50;0.60;0.00;21.89;4.54;13.84;41.54;1.96;7.55;2.59;5.83;2.32;6.10;25.94;11.29;14.15;2.93;
071020;16:05:28;2.95;18.76;12.31;4.65;6.25;5.09;2.98;0.00;0.00;0.00;0.04;0.04;0.05;3.64;8.03;1.06;23.66;18.52;11.81;5.80;0.92;0.97;0.23;0.45;16.61;4.34;4.03;9.68;2.77;0.00;0.01;0.50;0.60;0.00;24.00;6.58;21.39;43.13;2.44;7.35;2.53;5.70;0.42;1.24;3.58;2.68;4.06;0.52;
071020;16:05:30;2.95;18.79;12.33;4.65;6.26;5.10;2.99;0.00;0.00;0.00;0.04;0.05;0.05;3.72;8.07;1.10;23.88;18.62;11.99;5.87;0.92;0.99;0.23;0.46;16.92;4.37;4.19;9.79;2.79;0.00;0.01;0.50;0.60;0.00;28.03;12.29;44.49;45.95;3.52;8.27;2.80;6.27;0.30;0.90;2.42;2.02;3.17;0.37;
071020;16:05:33;2.93;18.63;12.24;4.62;6.21;5.06;2.97;0.00;0.00;0.00;0.04;0.04;0.05;3.57;8.00;1.03;23.47;18.44;11.66;5.76;0.91;0.96;0.23;0.45;16.25;4.30;3.85;9.55;2.74;0.00;0.01;0.50;0.60;0.00;27.42;11.24;40.07;45.54;3.34;8.83;2.96;6.61;2.05;5.43;22.46;10.17;12.92;2.59;
071020;16:05:35;2.96;18.90;12.38;4.68;6.29;5.11;3.00;0.00;0.00;0.00;0.05;0.05;0.05;3.84;8.13;1.15;24.21;18.76;12.26;5.91;0.93;1.00;0.23;0.46;17.72;4.45;4.62;10.08;2.84;0.00;0.01;0.51;0.60;0.00;22.90;5.45;17.14;42.31;2.18;9.68;3.20;7.12;1.93;5.15;21.00;9.68;12.39;2.44;
071020;16:05:37;2.98;18.99;12.43;4.70;6.32;5.13;3.01;0.00;0.00;0.00;0.05;0.05;0.05;4.08;8.23;1.26;24.84;19.02;12.77;6.02;0.93;1.03;0.24;0.46;18.43;4.53;5.02;10.32;2.88;0.00;0.01;0.51;0.60;0.00;22.52;5.09;15.83;42.02;2.10;10.31;3.38;7.49;0.21;0.65;1.62;1.51;2.45;0.26;
071020;16:05:40;2.97;18.93;12.40;4.68;6.30;5.12;3.00;0.00;0.00;0.00;0.05;0.05;0.05;4.02;8.20;1.23;24.68;18.95;12.64;6.00;0.93;1.03;0.24;0.46;18.17;4.50;4.88;10.24;2.87;0.00;0.01;0.51;0.60;0.00;26.40;9.66;33.55;44.84;3.06;8.55;2.88;6.44;0.33;0.99;2.69;2.18;3.39;0.41;
071020;16:05:42;2.96;18.87;12.37;4.67;6.28;5.11;3.00;0.00;0.00;0.00;0.04;0.05;0.05;3.87;8.14;1.16;24.27;18.78;12.30;5.93;0.93;1.01;0.23;0.46;17.73;4.46;4.63;10.08;2.84;0.00;0.01;0.51;0.60;0.00;23.19;5.73;18.18;42.53;2.25;7.44;2.56;5.76;0.31;0.92;2.47;2.05;3.21;0.38;
071020;16:05:44;2.93;18.60;12.23;4.61;6.20;5.06;2.97;0.00;0.00;0.00;0.04;0.04;0.05;3.47;7.95;0.99;23.18;18.32;11.43;5.72;0.91;0.95;0.23;0.45;15.57;4.22;3.52;9.30;2.70;0.00;0.00;0.50;0.60;0.00;15.27;1.07;2.53;35.87;0.84;6.53;2.29;5.19;2.64;6.88;30.10;12.57;15.55;3.34;
071020;16:05:47;2.91;18.38;12.12;4.56;6.14;5.02;2.94;0.00;0.00;0.00;0.04;0.04;0.04;3.24;7.84;0.89;22.53;18.03;10.92;5.61;0.90;0.92;0.22;0.45;14.62;4.11;3.08;8.95;2.63;0.00;0.00;0.50;0.59;0.00;32.54;22.39;89.92;48.83;5.01;9.22;3.07;6.85;0.16;0.50;1.17;1.19;2.00;0.20;
071020;16:05:49;2.92;18.47;12.16;4.58;6.16;5.03;2.95;0.00;0.00;0.00;0.04;0.04;0.04;3.29;7.86;0.91;22.66;18.09;11.02;5.62;0.90;0.93;0.22;0.45;14.66;4.12;3.09;8.96;2.63;0.00;0.00;0.50;0.59;0.00;33.13;24.08;97.93;49.19;5.23;8.64;2.91;6.50;2.64;6.87;30.07;12.56;15.53;3.33;
071020;16:05:51;2.95;18.74;12.30;4.64;6.24;5.08;2.98;0.00;0.00;0.00;0.04;0.04;0.05;3.78;8.10;1.12;24.04;18.68;12.12;5.85;0.92;0.99;0.23;0.46;17.10;4.39;4.29;9.86;2.80;0.00;0.01;0.50;0.60;0.00;31.36;19.31;75.61;48.10;4.60;9.50;3.15;7.01;0.67;1.92;6.16;3.98;5.71;0.84;
071020;16:05:54;2.96;18.83;12.35;4.66;6.27;5.10;2.99;0.00;0.00;0.00;0.04;0.04;0.05;4.07;8.22;1.25;24.80;19.01;12.74;5.93;0.93;1.01;0.23;0.46;18.16;4.50;4.87;10.23;2.86;0.00;0.01;0.51;0.60;0.00;20.53;3.51;10.23;40.47;1.69;7.84;2.67;6.00;0.27;0.81;2.09;1.82;2.89;0.33;
071020;16:05:56;2.95;18.77;12.31;4.65;6.25;5.09;2.98;0.00;0.00;0.00;0.04;0.04;0.05;3.95;8.17;1.20;24.48;18.87;12.48;5.84;0.92;0.98;0.23;0.46;17.86;4.47;4.70;10.13;2.85;0.00;0.01;0.51;0.60;0.00;22.25;4.86;14.97;41.82;2.04;7.58;2.60;5.84;0.21;0.65;1.62;1.51;2.46;0.26;
071020;16:05:58;2.95;18.80;12.33;4.66;6.26;5.10;2.99;0.00;0.00;0.00;0.04;0.04;0.05;3.92;8.16;1.19;24.42;18.84;12.42;5.79;0.91;0.97;0.23;0.45;17.67;4.45;4.60;10.06;2.83;0.00;0.01;0.51;0.60;0.00;36.20;34.38;148.73;51.00;6.45;8.54;2.88;6.44;0.10;0.32;0.67;0.79;1.41;0.12;
071020;16:06:01;2.95;18.76;12.31;4.65;6.25;5.09;2.98;0.00;0.00;0.00;0.04;0.04;0.05;3.88;8.14;1.17;24.31;18.80;12.34;5.74;0.91;0.96;0.23;0.45;17.51;4.43;4.51;10.00;2.82;0.00;0.01;0.51;0.60;0.00;29.64;15.39;57.95;47.01;4.02;7.72;2.64;5.93;2.63;6.86;29.99;12.54;15.51;3.33;
071020;16:06:03;2.94;18.71;12.28;4.64;6.23;5.08;2.98;0.00;0.00;0.00;0.04;0.04;0.04;3.80;8.11;1.13;24.10;18.71;12.17;5.65;0.90;0.93;0.22;0.45;17.09;4.39;4.28;9.85;2.80;0.00;0.01;0.50;0.60;0.00;23.47;6.01;19.23;42.74;2.31;7.28;2.51;5.66;0.98;2.73;9.55;5.46;7.53;1.23;
071020;16:06:05;2.93;18.57;12.21;4.61;6.19;5.05;2.96;0.00;0.00;0.00;0.04;0.04;0.04;3.72;8.07;1.10;23.88;18.61;11.98;5.62;0.90;0.92;0.22;0.45;16.40;4.31;3.93;9.61;2.75;0.00;0.01;0.50;0.60;0.00;23.65;6.20;19.94;42.87;2.36;6.85;2.39;5.39;7.22;17.61;96.95;29.37;32.52;9.23;
071020;16:06:07;2.94;18.67;12.26;4.63;6.22;5.07;2.97;0.00;0.00;0.00;0.04;0.04;0.04;3.70;8.06;1.09;23.83;18.59;11.95;5.62;0.90;0.93;0.22;0.45;16.75;4.35;4.10;9.73;2.78;0.00;0.01;0.50;0.60;0.00;20.58;3.54;10.35;40.51;1.70;7.28;2.51;5.66;1.02;2.84;10.02;5.66;7.77;1.28;
071020;16:06:10;2.94;18.65;12.25;4.62;6.21;5.07;2.97;0.00;0.00;0.00;0.04;0.04;0.04;3.70;8.06;1.09;23.82;18.59;11.94;5.61;0.90;0.92;0.22;0.45;16.34;4.31;3.89;9.58;2.75;0.00;0.01;0.50;0.60;0.00;31.70;20.17;79.54;48.32;4.71;6.17;2.18;4.95;0.74;2.09;6.84;4.29;6.10;0.92;
071020;16:06:12;2.92;18.52;12.19;4.59;6.18;5.04;2.96;0.00;0.00;0.00;0.04;0.04;0.04;3.44;7.94;0.98;23.09;18.28;11.36;5.46;0.88;0.88;0.22;0.44;15.32;4.19;3.40;9.21;2.68;0.00;0.01;0.50;0.60;0.00;23.24;5.78;18.38;42.57;2.26;6.47;2.27;5.15;1.14;3.13;11.32;6.18;8.39;1.43;
071020;16:06:14;2.90;18.37;12.11;4.56;6.13;5.01;2.94;0.00;0.00;0.00;0.04;0.04;0.04;3.33;7.88;0.93;22.77;18.14;11.11;5.38;0.88;0.87;0.21;0.44;14.80;4.13;3.16;9.02;2.64;0.00;0.00;0.50;0.60;0.00;22.70;5.26;16.45;42.16;2.14;6.33;2.23;5.06;0.08;0.27;0.54;0.68;1.22;0.10;
071020;16:06:17;2.90;18.30;12.07;4.54;6.11;5.00;2.93;0.00;0.00;0.00;0.04;0.04;0.04;3.16;7.80;0.86;22.27;17.92;10.72;5.33;0.87;0.85;0.21;0.43;14.16;4.06;2.87;8.77;2.60;0.00;0.00;0.50;0.59;0.00;37.56;39.89;177.07;51.78;7.04;7.69;2.63;5.92;0.17;0.53;1.23;1.24;2.07;0.21;
071020;16:06:19;2.89;18.28;12.06;4.54;6.11;5.00;2.93;0.00;0.00;0.00;0.04;0.04;0.04;3.13;7.78;0.85;22.18;17.88;10.64;5.26;0.87;0.84;0.21;0.43;13.82;4.02;2.73;8.64;2.57;0.00;0.00;0.50;0.59;0.00;36.90;37.15;162.86;51.40;6.75;7.77;2.66;5.97;0.33;0.98;2.67;2.17;3.37;0.41;
071020;16:06:21;2.89;18.28;12.06;4.54;6.10;5.00;2.93;0.00;0.00;0.00;0.04;0.04;0.04;3.03;7.73;0.81;21.90;17.76;10.43;5.23;0.86;0.83;0.21;0.43;13.25;3.95;2.50;8.42;2.53;0.00;0.00;0.50;0.59;0.00;25.44;8.31;28.13;44.17;2.80;7.04;2.44;5.51;7.47;18.20;100.98;30.25;33.37;9.57;
071020;16:06:24;2.88;18.11;11.98;4.50;6.06;4.96;2.91;0.00;0.00;0.00;0.03;0.04;0.04;2.96;7.69;0.78;21.68;17.66;10.26;5.18;0.86;0.81;0.21;0.43;13.14;3.94;2.46;8.38;2.52;0.00;0.00;0.49;0.59;0.00;37.17;38.25;168.53;51.55;6.87;5.91;2.10;4.79;0.55;1.58;4.85;3.34;4.91;0.68;
071020;16:06:26;2.89;18.20;12.02;4.52;6.08;4.98;2.92;0.00;0.00;0.00;0.03;0.04;0.04;2.95;7.68;0.78;21.63;17.64;10.23;5.13;0.86;0.80;0.20;0.43;12.82;3.90;2.33;8.25;2.50;0.00;0.00;0.49;0.59;0.00;27.23;10.94;38.82;45.41;3.29;7.60;2.61;5.86;0.83;2.33;7.85;4.74;6.66;1.04;
071020;16:06:28;2.88;18.14;11.99;4.51;6.06;4.97;2.91;0.00;0.00;0.00;0.03;0.04;0.04;2.89;7.65;0.75;21.46;17.56;10.10;5.13;0.85;0.80;0.20;0.42;12.38;3.84;2.17;8.08;2.46;0.00;0.00;0.49;0.59;0.00;17.22;1.73;4.46;37.67;1.11;8.81;2.95;6.59;113.76;231.95;2391.70;300.63;245.83;150.04;
071020;16:06:31;2.89;18.21;12.02;4.52;6.08;4.98;2.92;0.00;0.00;0.00;0.03;0.04;0.04;2.91;7.66;0.76;21.50;17.58;10.13;5.12;0.85;0.80;0.20;0.42;12.48;3.85;2.20;8.12;2.47;0.00;0.00;0.49;0.59;0.00;27.18;10.87;38.51;45.38;3.28;8.04;2.73;6.13;0.70;2.00;6.47;4.12;5.89;0.88;
071020;16:06:33;2.88;18.18;12.01;4.52;6.08;4.98;2.92;0.00;0.00;0.00;0.03;0.04;0.04;2.91;7.66;0.76;21.51;17.58;10.14;5.11;0.85;0.80;0.20;0.42;12.41;3.84;2.18;8.09;2.47;0.00;0.00;0.49;0.59;0.00;29.88;15.90;60.17;47.16;4.10;7.73;2.64;5.94;0.28;0.86;2.26;1.92;3.04;0.35;
071020;16:06:35;2.89;18.26;12.05;4.54;6.10;4.99;2.93;0.00;0.00;0.00;0.03;0.04;0.04;2.81;7.60;0.72;21.18;17.44;9.89;5.11;0.85;0.80;0.20;0.42;12.11;3.80;2.07;7.97;2.44;0.00;0.00;0.49;0.59;0.00;38.06;42.07;188.49;52.06;7.26;9.92;3.27;7.26;3.61;9.21;43.29;16.36;19.55;4.58;
071020;16:06:38;2.89;18.27;12.06;4.54;6.10;4.99;2.93;0.00;0.00;0.00;0.03;0.04;0.04;2.84;7.62;0.73;21.28;17.48;9.97;5.09;0.85;0.79;0.20;0.42;12.43;3.85;2.18;8.09;2.47;0.00;0.00;0.49;0.59;0.00;43.13;69.56;339.96;54.78;9.76;8.45;2.85;6.38;0.48;1.40;4.16;2.99;4.46;0.60;
071020;16:06:40;2.89;18.28;12.06;4.54;6.10;4.99;2.93;0.00;0.00;0.00;0.03;0.04;0.04;2.82;7.61;0.73;21.22;17.45;9.92;5.10;0.85;0.80;0.20;0.42;12.49;3.85;2.21;8.12;2.47;0.00;0.00;0.49;0.59;0.00;27.19;10.88;38.55;45.38;3.28;6.63;2.32;5.25;0.27;0.81;2.12;1.83;2.91;0.33;
071020;16:06:42;2.89;18.24;12.04;4.53;6.09;4.99;2.92;0.00;0.00;0.00;0.03;0.04;0.04;2.81;7.61;0.72;21.21;17.45;9.91;5.07;0.85;0.79;0.20;0.42;12.50;3.86;2.21;8.13;2.47;0.00;0.00;0.49;0.59;0.00;30.89;18.16;70.36;47.81;4.43;5.58;2.00;4.57;1.34;3.64;13.65;7.08;9.44;1.68;
071020;16:06:45;2.89;18.27;12.06;4.54;6.10;4.99;2.93;0.00;0.00;0.00;0.03;0.04;0.04;2.84;7.62;0.73;21.29;17.48;9.97;5.04;0.85;0.78;0.20;0.42;12.23;3.82;2.11;8.01;2.45;0.00;0.00;0.49;0.59;0.00;29.72;15.55;58.62;47.06;4.04;7.73;2.64;5.94;1.68;4.51;17.82;8.59;11.17;2.12;
071020;16:06:47;2.89;18.28;12.06;4.54;6.10;4.99;2.93;0.00;0.00;0.00;0.03;0.04;0.04;2.87;7.64;0.75;21.39;17.53;10.04;5.03;0.85;0.78;0.20;0.42;12.36;3.84;2.16;8.07;2.46;0.00;0.00;0.49;0.59;0.00;25.03;7.79;26.06;43.87;2.69;5.72;2.05;4.66;0.57;1.63;5.04;3.44;5.03;0.71;
071020;16:06:49;2.89;18.24;12.04;4.53;6.09;4.99;2.92;0.00;0.00;0.00;0.03;0.04;0.04;2.80;7.60;0.72;21.16;17.43;9.87;5.03;0.85;0.78;0.20;0.42;12.38;3.84;2.17;8.08;2.46;0.00;0.00;0.49;0.59;0.00;22.44;5.02;15.57;41.97;2.08;4.98;1.82;4.17;0.51;1.49;4.51;3.17;4.69;0.64;
071020;16:06:51;2.89;18.23;12.03;4.53;6.09;4.99;2.92;0.00;0.00;0.00;0.03;0.04;0.04;2.81;7.61;0.72;21.20;17.44;9.90;5.03;0.85;0.78;0.20;0.42;12.48;3.85;2.20;8.12;2.47;0.00;0.00;0.49;0.59;0.00;30.96;18.34;71.18;47.85;4.46;6.22;2.20;4.98;0.11;0.35;0.74;0.86;1.51;0.13;
071020;16:06:54;2.89;18.23;12.03;4.53;6.09;4.98;2.92;0.00;0.00;0.00;0.03;0.04;0.04;2.81;7.61;0.72;21.20;17.45;9.91;5.01;0.84;0.78;0.20;0.42;12.41;3.84;2.18;8.09;2.47;0.00;0.00;0.49;0.59;0.00;34.92;29.76;125.55;50.26;5.93;7.16;2.48;5.58;0.14;0.45;1.00;1.07;1.82;0.17;
071020;16:06:56;2.88;18.19;12.01;4.52;6.08;4.98;2.92;0.00;0.00;0.00;0.03;0.04;0.04;2.79;7.59;0.71;21.12;17.41;9.84;5.01;0.84;0.77;0.20;0.42;12.30;3.83;2.14;8.04;2.46;0.00;0.00;0.49;0.59;0.00;27.83;11.93;42.98;45.81;3.46;7.50;2.58;5.80;0.17;0.54;1.26;1.26;2.10;0.21;
071020;16:06:58;2.88;18.18;12.01;4.52;6.07;4.98;2.92;0.00;0.00;0.00;0.03;0.04;0.04;2.78;7.59;0.71;21.11;17.40;9.83;4.99;0.84;0.77;0.20;0.42;12.37;3.84;2.16;8.07;2.46;0.00;0.00;0.49;0.59;0.00;31.99;20.92;83.05;48.50;4.82;7.64;2.62;5.88;0.61;1.75;5.49;3.66;5.31;0.76;
071020;16:07:01;2.89;18.22;12.03;4.53;6.09;4.98;2.92;0.00;0.00;0.00;0.03;0.04;0.04;2.81;7.60;0.72;21.18;17.44;9.89;4.95;0.84;0.76;0.20;0.42;12.39;3.84;2.17;8.08;2.46;0.00;0.00;0.49;0.59;0.00;28.15;12.50;45.39;46.03;3.56;8.08;2.74;6.15;0.29;0.87;2.30;1.95;3.07;0.36;
071020;16:07:03;2.89;18.22;12.03;4.53;6.09;4.98;2.92;0.00;0.00;0.00;0.03;0.04;0.04;2.79;7.59;0.71;21.12;17.41;9.84;4.94;0.84;0.76;0.20;0.42;12.30;3.83;2.13;8.04;2.46;0.00;0.00;0.49;0.59;0.00;28.75;13.61;50.15;46.43;3.74;8.78;2.95;6.58;0.44;1.30;3.79;2.79;4.20;0.55;
071020;16:07:05;2.89;18.27;12.06;4.54;6.10;4.99;2.93;0.00;0.00;0.00;0.03;0.04;0.04;2.81;7.60;0.72;21.19;17.44;9.89;4.94;0.84;0.76;0.20;0.42;12.18;3.81;2.09;8.00;2.45;0.00;0.00;0.49;0.59;0.00;20.27;3.33;9.63;40.26;1.64;8.49;2.86;6.40;0.23;0.69;1.73;1.58;2.56;0.28;
071020;16:07:08;2.89;18.24;12.04;4.53;6.09;4.99;2.92;0.00;0.00;0.00;0.03;0.04;0.04;2.92;7.67;0.76;21.53;17.59;10.15;4.94;0.84;0.76;0.20;0.42;12.44;3.85;2.19;8.10;2.47;0.00;0.00;0.49;0.59;0.00;22.68;5.24;16.37;42.15;2.13;11.10;3.60;7.95;2.08;5.51;22.86;10.30;13.07;2.63;
071020;16:07:10;2.89;18.23;12.03;4.53;6.09;4.99;2.92;0.00;0.00;0.00;0.03;0.04;0.04;2.91;7.66;0.76;21.52;17.59;10.14;4.93;0.84;0.76;0.20;0.42;12.49;3.85;2.21;8.12;2.47;0.00;0.00;0.49;0.59;0.00;21.04;3.87;11.49;40.88;1.79;5.28;1.91;4.37;0.20;0.62;1.52;1.44;2.36;0.25;
071020;16:07:12;2.88;18.19;12.01;4.52;6.08;4.98;2.92;0.00;0.00;0.00;0.03;0.04;0.04;2.94;7.68;0.77;21.60;17.62;10.21;4.93;0.84;0.76;0.20;0.42;12.60;3.87;2.25;8.16;2.48;0.00;0.00;0.49;0.59;0.00;19.44;2.82;7.92;39.58;1.48;8.15;2.76;6.20;1.39;3.78;14.33;7.34;9.73;1.75;
071020;16:07:15;2.88;18.18;12.01;4.52;6.07;4.98;2.92;0.00;0.00;0.00;0.03;0.04;0.04;2.89;7.65;0.75;21.45;17.56;10.09;4.93;0.84;0.76;0.20;0.42;12.72;3.88;2.29;8.21;2.49;0.00;0.00;0.49;0.59;0.00;24.68;7.37;24.40;43.63;2.61;7.99;2.72;6.10;2.14;5.66;23.62;10.54;13.34;2.70;
071020;16:07:17;2.88;18.18;12.01;4.52;6.07;4.97;2.92;0.00;0.00;0.00;0.03;0.04;0.04;2.88;7.65;0.75;21.42;17.54;10.07;4.93;0.84;0.76;0.20;0.42;12.64;3.87;2.26;8.18;2.48;0.00;0.00;0.49;0.59;0.00;19.63;2.93;8.29;39.74;1.52;7.55;2.59;5.82;1.57;4.23;16.47;8.12;10.63;1.98;
071020;16:07:19;2.88;18.18;12.01;4.52;6.07;4.97;2.92;0.00;0.00;0.00;0.03;0.04;0.04;2.83;7.62;0.73;21.25;17.47;9.94;4.91;0.83;0.75;0.20;0.41;12.53;3.86;2.22;8.14;2.48;0.00;0.00;0.49;0.59;0.00;18.28;2.20;5.93;38.60;1.28;6.48;2.27;5.15;0.37;1.09;3.03;2.38;3.65;0.45;
071020;16:07:22;2.87;18.05;11.94;4.49;6.04;4.95;2.90;0.00;0.00;0.00;0.03;0.04;0.04;2.81;7.61;0.72;21.21;17.45;9.91;4.88;0.83;0.74;0.20;0.41;12.32;3.83;2.14;8.05;2.46;0.00;0.00;0.49;0.59;0.00;32.84;23.23;93.91;49.01;5.12;7.64;2.62;5.88;0.30;0.91;2.43;2.03;3.18;0.37;
071020;16:07:24;2.87;18.03;11.93;4.48;6.03;4.95;2.90;0.00;0.00;0.00;0.03;0.04;0.04;2.86;7.64;0.74;21.37;17.52;10.03;4.87;0.83;0.74;0.19;0.41;12.66;3.88;2.27;8.19;2.49;0.00;0.00;0.50;0.59;0.00;27.71;11.74;42.16;45.74;3.43;6.97;2.42;5.46;0.60;1.73;5.40;3.62;5.26;0.75;
071020;16:07:26;2.87;18.11;11.97;4.50;6.05;4.96;2.91;0.00;0.00;0.00;0.03;0.04;0.04;2.80;7.60;0.72;21.16;17.42;9.87;4.86;0.83;0.74;0.19;0.41;12.44;3.85;2.19;8.10;2.47;0.00;0.00;0.50;0.59;0.00;30.73;17.79;68.66;47.71;4.38;9.65;3.19;7.10;10.78;25.64;154.65;41.22;43.66;13.86;
071020;16:07:28;2.88;18.12;11.98;4.50;6.06;4.96;2.91;0.00;0.00;0.00;0.03;0.04;0.04;2.86;7.64;0.74;21.36;17.52;10.02;4.89;0.83;0.75;0.20;0.41;12.59;3.87;2.24;8.16;2.48;0.00;0.00;0.50;0.59;0.00;28.85;13.80;50.95;46.49;3.77;6.86;2.39;5.39;1.76;4.70;18.75;8.92;11.53;2.21;
071020;16:07:31;2.88;18.12;11.98;4.50;6.06;4.96;2.91;0.00;0.00;0.00;0.03;0.04;0.04;2.80;7.60;0.72;21.15;17.42;9.87;4.91;0.83;0.75;0.20;0.42;12.62;3.87;2.25;8.17;2.48;0.00;0.00;0.50;0.59;0.00;20.16;3.27;9.40;40.17;1.62;8.61;2.90;6.48;2.47;6.48;27.94;11.91;14.83;3.13;
071020;16:07:33;2.88;18.12;11.98;4.50;6.06;4.96;2.91;0.00;0.00;0.00;0.03;0.04;0.04;2.78;7.59;0.71;21.11;17.40;9.84;4.87;0.83;0.74;0.19;0.41;12.43;3.85;2.19;8.10;2.47;0.00;0.00;0.50;0.59;0.00;24.84;7.55;25.14;43.74;2.65;6.77;2.36;5.34;0.61;1.75;5.51;3.67;5.32;0.76;
071020;16:07:35;2.88;18.17;12.00;4.51;6.07;4.97;2.91;0.00;0.00;0.00;0.03;0.04;0.04;2.86;7.63;0.74;21.35;17.51;10.02;4.89;0.83;0.75;0.20;0.41;12.59;3.87;2.24;8.16;2.48;0.00;0.00;0.50;0.59;0.00;21.98;4.62;14.13;41.61;1.98;7.67;2.63;5.90;68.55;144.47;1327.44;196.12;169.55;89.91;
071020;16:07:38;2.89;18.21;12.03;4.53;6.09;4.98;2.92;0.00;0.00;0.00;0.03;0.04;0.04;2.82;7.61;0.73;21.23;17.46;9.93;4.90;0.83;0.75;0.20;0.41;12.91;3.91;2.36;8.29;2.50;0.00;0.00;0.50;0.59;0.00;27.28;11.02;39.17;45.45;3.30;4.93;1.80;4.13;0.14;0.45;1.03;1.08;1.84;0.18;
071020;16:07:40;2.87;18.10;11.97;4.50;6.05;4.96;2.91;0.00;0.00;0.00;0.03;0.04;0.04;2.84;7.62;0.73;21.29;17.49;9.97;4.90;0.83;0.75;0.20;0.41;12.97;3.91;2.39;8.31;2.51;0.00;0.00;0.50;0.59;0.00;30.17;16.52;62.95;47.35;4.19;6.71;2.34;5.30;0.42;1.23;3.54;2.66;4.03;0.52;
071020;16:07:42;2.89;18.24;12.04;4.53;6.09;4.99;2.92;0.00;0.00;0.00;0.03;0.04;0.04;2.92;7.67;0.77;21.55;17.60;10.17;4.94;0.84;0.76;0.20;0.42;13.38;3.97;2.55;8.47;2.54;0.00;0.00;0.50;0.59;0.00;31.53;19.72;77.47;48.21;4.65;7.37;2.54;5.71;0.25;0.77;1.98;1.74;2.79;0.31;
071020;16:07:45;2.89;18.27;12.06;4.54;6.10;4.99;2.93;0.00;0.00;0.00;0.03;0.04;0.04;2.91;7.66;0.76;21.52;17.59;10.15;4.97;0.84;0.76;0.20;0.42;13.36;3.96;2.54;8.47;2.54;0.00;0.00;0.50;0.59;0.00;41.38;58.90;279.70;53.86;8.85;6.36;2.24;5.07;0.12;0.38;0.82;0.92;1.60;0.15;
071020;16:07:47;2.89;18.28;12.06;4.54;6.10;4.99;2.93;0.00;0.00;0.00;0.03;0.04;0.04;2.94;7.68;0.77;21.60;17.62;10.21;4.99;0.84;0.77;0.20;0.42;13.36;3.96;2.54;8.46;2.54;0.00;0.00;0.50;0.59;0.00;22.13;4.75;14.59;41.73;2.01;8.46;2.85;6.39;1.70;4.55;18.01;8.66;11.24;2.14;
071020;16:07:49;2.89;18.28;12.06;4.54;6.10;4.99;2.93;0.00;0.00;0.00;0.03;0.04;0.04;3.00;7.71;0.80;21.79;17.71;10.35;5.00;0.84;0.77;0.20;0.42;13.77;4.01;2.71;8.62;2.57;0.00;0.00;0.50;0.59;0.00;18.03;2.08;5.55;38.38;1.24;5.43;1.96;4.47;1.49;4.03;15.48;7.76;10.22;1.87;
071020;16:07:52;2.89;18.28;12.06;4.54;6.10;4.99;2.93;0.00;0.00;0.00;0.03;0.04;0.04;3.09;7.76;0.83;22.08;17.83;10.57;5.02;0.84;0.78;0.20;0.42;13.74;4.01;2.70;8.61;2.57;0.00;0.00;0.50;0.59;0.00;26.00;9.09;31.22;44.56;2.95;7.74;2.65;5.95;1.73;4.63;18.41;8.80;11.40;2.18;
071020;16:07:54;2.91;18.40;12.13;4.57;6.14;5.02;2.94;0.00;0.00;0.00;0.03;0.04;0.04;3.11;7.77;0.84;22.14;17.86;10.61;5.06;0.85;0.79;0.20;0.42;14.26;4.07;2.92;8.81;2.60;0.00;0.01;0.50;0.60;0.00;26.92;10.45;36.79;45.20;3.20;6.44;2.26;5.13;0.52;1.50;4.52;3.17;4.70;0.64;
071020;16:07:56;2.90;18.34;12.09;4.55;6.12;5.01;2.94;0.00;0.00;0.00;0.03;0.04;0.04;3.12;7.77;0.84;22.15;17.87;10.62;5.03;0.85;0.78;0.20;0.42;14.05;4.05;2.83;8.73;2.59;0.00;0.00;0.50;0.60;0.00;34.99;29.99;126.69;50.30;5.95;8.33;2.82;6.30;0.14;0.43;0.96;1.04;1.77;0.17;
071020;16:07:59;2.91;18.42;12.13;4.57;6.15;5.02;2.94;0.00;0.00;0.00;0.03;0.04;0.04;3.20;7.82;0.88;22.41;17.98;10.83;5.11;0.85;0.80;0.20;0.42;14.87;4.14;3.19;9.04;2.65;0.00;0.01;0.50;0.60;0.00;44.73;80.53;403.67;55.60;10.64;8.23;2.79;6.25;0.06;0.19;0.35;0.49;0.93;0.07;
071020;16:08:01;2.91;18.39;12.12;4.56;6.14;5.02;2.94;0.00;0.00;0.00;0.03;0.04;0.04;3.25;7.84;0.90;22.55;18.04;10.93;5.10;0.85;0.80;0.20;0.42;14.82;4.14;3.17;9.02;2.64;0.00;0.01;0.50;0.60;0.00;21.67;4.36;13.21;41.37;1.92;11.17;3.62;7.99;8.43;20.38;116.25;33.51;36.47;10.81;
071020;16:08:03;2.92;18.51;12.18;4.59;6.17;5.04;2.95;0.00;0.00;0.00;0.04;0.04;0.04;3.38;7.91;0.95;22.93;18.21;11.23;5.14;0.86;0.81;0.20;0.43;15.59;4.22;3.53;9.31;2.70;0.00;0.01;0.50;0.60;0.00;17.34;1.78;4.61;37.77;1.13;7.25;2.50;5.64;4.01;10.17;48.98;17.90;21.14;5.10;
071020;16:08:05;2.93;18.57;12.21;4.61;6.19;5.05;2.96;0.00;0.00;0.00;0.04;0.04;0.04;3.47;7.95;0.99;23.19;18.32;11.43;5.20;0.86;0.82;0.21;0.43;16.34;4.31;3.89;9.59;2.75;0.00;0.01;0.50;0.60;0.00;21.51;4.23;12.75;41.24;1.88;6.95;2.42;5.45;3.96;10.04;48.22;17.70;20.93;5.03;
071020;16:08:08;2.95;18.80;12.33;4.66;6.26;5.10;2.99;0.00;0.00;0.00;0.04;0.04;0.04;3.79;8.10;1.13;24.06;18.69;12.13;5.30;0.87;0.84;0.21;0.43;18.13;4.50;4.85;10.22;2.86;0.00;0.01;0.51;0.60;0.00;21.80;4.47;13.58;41.47;1.94;6.35;2.24;5.07;0.97;2.70;9.42;5.41;7.47;1.22;
071020;16:08:10;2.95;18.80;12.33;4.66;6.26;5.10;2.99;0.00;0.00;0.00;0.04;0.04;0.04;3.85;8.13;1.16;24.24;18.77;12.28;5.33;0.87;0.85;0.21;0.43;18.38;4.52;4.99;10.31;2.88;0.00;0.01;0.51;0.61;0.00;13.87;0.72;1.61;34.49;0.67;6.02;2.14;4.86;9.37;22.48;131.29;36.60;39.38;12.02;
071020;16:08:12;2.95;18.76;12.31;4.65;6.25;5.09;2.98;0.00;0.00;0.00;0.04;0.04;0.04;3.73;8.07;1.10;23.90;18.63;12.01;5.24;0.87;0.83;0.21;0.43;17.77;4.46;4.65;10.10;2.84;0.00;0.01;0.51;0.60;0.00;29.64;15.39;57.95;47.01;4.02;7.94;2.70;6.07;0.44;1.30;3.79;2.80;4.20;0.55;
071020;16:08:15;2.92;18.50;12.17;4.59;6.17;5.04;2.95;0.00;0.00;0.00;0.04;0.04;0.04;3.38;7.91;0.95;22.93;18.21;11.23;5.15;0.86;0.81;0.20;0.43;16.53;4.33;3.99;9.65;2.76;0.00;0.01;0.50;0.60;0.00;26.34;9.58;33.20;44.80;3.04;6.76;2.36;5.33;0.99;2.74;9.58;5.48;7.55;1.23;
071020;16:08:17;2.92;18.53;12.19;4.60;6.18;5.04;2.96;0.00;0.00;0.00;0.04;0.04;0.04;3.47;7.95;0.99;23.19;18.32;11.43;5.18;0.86;0.81;0.21;0.43;17.15;4.39;4.31;9.87;2.80;0.00;0.01;0.51;0.60;0.00;39.74;50.07;231.14;52.98;8.05;5.42;1.95;4.46;0.09;0.29;0.58;0.72;1.29;0.11;
071020;16:08:19;2.92;18.50;12.17;4.59;6.17;5.04;2.95;0.00;0.00;0.00;0.04;0.04;0.04;3.43;7.93;0.97;23.06;18.26;11.33;5.09;0.85;0.79;0.20;0.42;16.17;4.29;3.81;9.52;2.74;0.00;0.01;0.50;0.60;0.00;26.71;10.11;35.40;45.05;3.14;7.49;2.57;5.79;0.58;1.67;5.16;3.50;5.11;0.72;
071020;16:08:22;2.92;18.53;12.19;4.60;6.18;5.04;2.96;0.00;0.00;0.00;0.04;0.04;0.04;3.39;7.91;0.95;22.94;18.21;11.24;5.10;0.85;0.80;0.20;0.42;16.22;4.29;3.83;9.54;2.74;0.00;0.01;0.50;0.60;0.00;28.31;12.78;46.60;46.13;3.61;7.67;2.63;5.90;0.49;1.43;4.27;3.05;4.54;0.61;
071020;16:08:24;2.90;18.33;12.09;4.55;6.12;5.00;2.93;0.00;0.00;0.00;0.04;0.04;0.04;3.32;7.88;0.93;22.74;18.13;11.09;5.04;0.85;0.78;0.20;0.42;15.88;4.26;3.66;9.42;2.72;0.00;0.01;0.50;0.60;0.00;27.90;12.06;43.52;45.86;3.48;7.88;2.69;6.03;0.14;0.44;0.98;1.05;1.79;0.17;
071020;16:08:26;2.92;18.54;12.20;4.60;6.18;5.05;2.96;0.00;0.00;0.00;0.04;0.04;0.04;3.46;7.95;0.98;23.15;18.30;11.40;5.12;0.85;0.80;0.20;0.42;16.52;4.33;3.99;9.65;2.76;0.00;0.01;0.51;0.60;0.00;17.81;1.98;5.24;38.19;1.20;8.64;2.91;6.50;2.52;6.58;28.49;12.08;15.01;3.18;
071020;16:08:29;2.92;18.50;12.17;4.59;6.17;5.04;2.95;0.00;0.00;0.00;0.04;0.04;0.04;3.42;7.93;0.97;23.05;18.26;11.33;5.12;0.85;0.80;0.20;0.42;16.05;4.28;3.75;9.48;2.73;0.00;0.01;0.50;0.60;0.00;15.70;1.19;2.88;36.27;0.89;10.49;3.43;7.59;320.95;611.55;7984.98;720.96;526.05;428.14;
071020;16:08:31;2.92;18.49;12.17;4.59;6.17;5.04;2.95;0.00;0.00;0.00;0.04;0.04;0.04;3.39;7.91;0.95;22.94;18.21;11.24;5.12;0.85;0.80;0.20;0.42;16.44;4.32;3.94;9.62;2.75;0.00;0.01;0.50;0.60;0.00;26.32;9.54;33.04;44.78;3.03;6.18;2.18;4.96;0.16;0.50;1.14;1.17;1.98;0.19;
071020;16:08:33;2.90;18.32;12.08;4.55;6.12;5.00;2.93;0.00;0.00;0.00;0.03;0.04;0.04;3.14;7.79;0.85;22.22;17.90;10.68;4.99;0.84;0.77;0.20;0.42;14.89;4.14;3.20;9.05;2.65;0.00;0.01;0.50;0.60;0.00;34.53;28.43;119.00;50.03;5.77;8.30;2.81;6.29;0.33;0.98;2.66;2.16;3.36;0.40;
071020;16:08:36;2.87;18.08;11.96;4.50;6.05;4.96;2.90;0.00;0.00;0.00;0.03;0.04;0.04;2.87;7.64;0.75;21.40;17.54;10.06;4.86;0.83;0.74;0.19;0.41;13.65;4.00;2.66;8.58;2.56;0.00;0.00;0.50;0.59;0.00;20.27;3.33;9.63;40.26;1.64;11.04;3.58;7.91;1.03;2.85;10.06;5.68;7.78;1.29;
071020;16:08:38;2.87;18.03;11.93;4.48;6.03;4.95;2.90;0.00;0.00;0.00;0.03;0.04;0.04;2.80;7.60;0.72;21.16;17.43;9.87;4.82;0.83;0.73;0.19;0.41;13.12;3.93;2.45;8.37;2.52;0.00;0.00;0.49;0.59;0.00;23.74;6.30;20.31;42.94;2.38;8.02;2.73;6.12;0.34;1.03;2.83;2.26;3.50;0.43;
071020;16:08:40;2.87;18.02;11.93;4.48;6.03;4.95;2.90;0.00;0.00;0.00;0.03;0.04;0.04;2.66;7.52;0.67;20.71;17.22;9.54;4.79;0.82;0.72;0.19;0.41;12.53;3.86;2.22;8.14;2.48;0.00;0.00;0.49;0.59;0.00;33.49;25.16;103.10;49.41;5.37;9.12;3.04;6.79;0.32;0.95;2.57;2.11;3.29;0.39;
