4.59,34.77,19.98,8.10,10.82,7.90,4.68||0.00,0.00,0.00,0.08,0.07,0.08||61.60,14.59,70.65,78.50,35.66,80.91||12.91,1.43,3.37,0.47,0.70||54.43,7.09,49.64,20.15,4.41||0.02,0.05,0.70,0.81,0.01||60.27,267.26,1648.84,62.79,21.55||12.83,4.07,8.93||11.25,26.67,162.38,42.70,45.03,14.46||
3.11,20.18,13.04,4.96,6.67,5.36,3.15||0.00,0.00,0.00,0.04,0.04,0.04||5.33,8.71,1.87,27.81,20.23,15.31||5.55,0.89,0.91,0.22,0.44||17.92,4.48,4.73,10.15,2.85||0.00,0.01,0.53,0.63,0.00||41.71,60.81,290.38,54.04,9.02||8.10,2.75,6.17||7.10,17.35,95.17,28.98,32.14,9.09||
2.88,18.18,12.01,4.52,6.08,4.98,2.92||0.00,0.00,0.00,0.04,0.04,0.04||3.43,7.93,0.97,23.07,18.27,11.35||4.77,0.82,0.72,0.19,0.41||14.55,4.11,3.05,8.92,2.63||0.00,0.01,0.50,0.60,0.00||37.77,40.79,181.74,51.89,7.13||7.84,2.68,6.01||1.12,3.09,11.12,6.10,8.29,1.40||
2.85,17.89,11.86,4.45,5.99,4.92,2.88||0.00,0.00,0.00,0.03,0.04,0.04||3.15,7.79,0.86,22.25,17.91,10.70||4.63,0.81,0.68,0.19,0.40||14.21,4.06,2.90,8.79,2.60||0.00,0.00,0.50,0.60,0.00||32.19,21.44,85.47,48.62,4.89||7.37,2.54,5.72||0.35,1.04,2.89,2.30,3.54,0.43||
2.83,17.72,11.77,4.41,5.94,4.88,2.86||0.00,0.00,0.00,0.03,0.04,0.04||3.09,7.76,0.83,22.08,17.84,10.57||4.60,0.80,0.68,0.19,0.40||14.02,4.04,2.82,8.72,2.59||0.00,0.00,0.50,0.59,0.00||58.46,236.44,1428.03,62.01,20.05||9.81,3.24,7.20||0.39,1.15,3.26,2.51,3.82,0.48||
2.84,17.76,11.79,4.42,5.95,4.89,2.87||0.00,0.00,0.00,0.03,0.04,0.04||3.08,7.76,0.83,22.05,17.82,10.55||4.60,0.80,0.68,0.18,0.40||13.87,4.02,2.75,8.66,2.58||0.00,0.00,0.50,0.59,0.00||60.63,273.73,1695.70,62.94,21.86||10.73,3.49,7.73||1.13,3.12,11.26,6.16,8.36,1.42||
2.82,17.65,11.73,4.40,5.92,4.87,2.85||0.00,0.00,0.00,0.03,0.04,0.04||3.05,7.74,0.82,21.96,17.78,10.48||4.58,0.80,0.67,0.18,0.40||13.95,4.03,2.79,8.70,2.58||0.00,0.00,0.50,0.59,0.00||54.01,171.91,982.59,60.04,16.63||10.16,3.33,7.40||2.24,5.90,24.86,10.94,13.78,2.83||
2.82,17.63,11.72,4.39,5.91,4.87,2.85||0.00,0.00,0.00,0.03,0.04,0.04||3.08,7.75,0.83,22.03,17.81,10.53||4.56,0.80,0.67,0.18,0.40||14.09,4.05,2.85,8.75,2.59||0.00,0.00,0.50,0.59,0.00||48.47,111.22,589.53,57.45,12.87||9.83,3.24,7.21||2.71,7.05,31.07,12.86,15.86,3.43||
2.82,17.62,11.72,4.39,5.91,4.87,2.85||0.00,0.00,0.00,0.03,0.04,0.04||3.08,7.76,0.83,22.04,17.82,10.54||4.57,0.80,0.67,0.18,0.40||14.00,4.04,2.81,8.71,2.59||0.00,0.00,0.50,0.59,0.00||43.03,68.90,336.15,54.72,9.71||15.19,4.70,10.23||0.79,2.22,7.38,4.53,6.40,0.98||
2.82,17.62,11.72,4.39,5.91,4.87,2.85||0.00,0.00,0.00,0.03,0.04,0.04||3.08,7.76,0.83,22.04,17.82,10.54||4.59,0.80,0.68,0.18,0.40||13.98,4.04,2.80,8.71,2.58||0.00,0.00,0.50,0.59,0.00||40.71,55.14,258.84,53.50,8.52||11.97,3.84,8.45||0.79,2.24,7.45,4.57,6.44,0.99||
2.82,17.62,11.72,4.39,5.91,4.87,2.85||0.00,0.00,0.00,0.03,0.04,0.04||3.08,7.76,0.83,22.04,17.82,10.54||4.59,0.80,0.68,0.18,0.40||14.10,4.05,2.85,8.75,2.59||0.00,0.00,0.50,0.59,0.00||50.76,133.94,733.20,58.54,14.36||5.74,2.05,4.67||0.26,0.78,2.02,1.77,2.83,0.32||
2.82,17.62,11.72,4.39,5.91,4.87,2.85||0.00,0.00,0.00,0.03,0.04,0.04||3.08,7.76,0.83,22.04,17.82,10.54||4.59,0.80,0.68,0.18,0.40||14.12,4.05,2.86,8.76,2.59||0.00,0.00,0.50,0.59,0.00||36.73,36.46,159.36,51.31,6.68||9.21,3.07,6.84||0.53,1.53,4.66,3.25,4.79,0.66||
2.82,17.62,11.72,4.39,5.91,4.87,2.85||0.00,0.00,0.00,0.03,0.04,0.04||3.08,7.76,0.83,22.04,17.82,10.54||4.59,0.80,0.68,0.18,0.40||14.00,4.04,2.81,8.71,2.59||0.00,0.00,0.50,0.59,0.00||71.15,521.09,3608.60,67.18,31.92||9.19,3.06,6.82||0.62,1.78,5.62,3.72,5.39,0.78||
2.82,17.62,11.72,4.39,5.91,4.87,2.85||0.00,0.00,0.00,0.03,0.04,0.04||3.08,7.76,0.83,22.04,17.82,10.54||4.59,0.80,0.68,0.18,0.40||14.34,4.08,2.95,8.84,2.61||0.00,0.00,0.50,0.59,0.00||64.58,352.74,2283.24,64.58,25.37||9.89,3.26,7.24||2.84,7.37,32.80,13.38,16.41,3.60||
2.82,17.62,11.72,4.39,5.91,4.87,2.85||0.00,0.00,0.00,0.03,0.04,0.04||3.08,7.76,0.83,22.04,17.82,10.54||4.59,0.80,0.68,0.18,0.40||14.17,4.06,2.88,8.78,2.60||0.00,0.00,0.50,0.59,0.00||41.27,58.24,275.99,53.80,8.80||11.01,3.57,7.90||0.35,1.05,2.89,2.30,3.55,0.44||
2.82,17.62,11.72,4.39,5.91,4.87,2.85||0.00,0.00,0.00,0.03,0.04,0.04||3.08,7.76,0.83,22.04,17.82,10.54||4.59,0.80,0.68,0.18,0.40||13.89,4.03,2.76,8.67,2.58||0.00,0.00,0.50,0.59,0.00||42.20,63.73,306.76,54.29,9.27||14.10,4.41,9.63||0.87,2.45,8.32,4.95,6.91,1.09||
2.82,17.62,11.72,4.39,5.91,4.87,2.85||0.00,0.00,0.00,0.03,0.04,0.04||3.08,7.76,0.83,22.04,17.82,10.54||4.59,0.80,0.68,0.18,0.40||14.08,4.05,2.84,8.74,2.59||0.00,0.00,0.50,0.59,0.00||59.87,260.24,1598.15,62.62,21.22||9.68,3.20,7.12||0.46,1.34,3.96,2.88,4.32,0.57||
2.82,17.62,11.72,4.39,5.91,4.87,2.85||0.00,0.00,0.00,0.03,0.04,0.04||3.08,7.76,0.83,22.04,17.82,10.54||4.59,0.80,0.68,0.18,0.40||14.11,4.05,2.86,8.76,2.59||0.00,0.00,0.50,0.59,0.00||64.61,353.42,2288.40,64.59,25.40||10.39,3.40,7.54||0.48,1.39,4.14,2.98,4.45,0.59||
2.82,17.62,11.72,4.39,5.91,4.87,2.85||0.00,0.00,0.00,0.03,0.04,0.04||3.08,7.76,0.83,22.04,17.82,10.54||4.59,0.80,0.68,0.18,0.40||14.00,4.04,2.81,8.71,2.59||0.00,0.00,0.50,0.59,0.00||39.25,47.59,217.82,52.71,7.81||8.25,2.79,6.26||3.26,8.39,38.54,15.04,18.17,4.14||
2.82,17.62,11.72,4.39,5.91,4.87,2.85||0.00,0.00,0.00,0.03,0.04,0.04||3.08,7.76,0.83,22.04,17.82,10.54||4.59,0.80,0.68,0.18,0.40||14.34,4.08,2.95,8.84,2.61||0.00,0.00,0.50,0.59,0.00||58.05,229.77,1380.93,61.83,19.72||10.26,3.36,7.46||0.98,2.73,9.54,5.46,7.53,1.23||
2.82,17.62,11.72,4.39,5.91,4.87,2.85||0.00,0.00,0.00,0.03,0.04,0.04||3.08,7.76,0.83,22.04,17.82,10.54||4.59,0.80,0.68,0.18,0.40||14.05,4.05,2.83,8.73,2.59||0.00,0.00,0.50,0.59,0.00||47.28,100.70,524.66,56.87,12.14||8.91,2.98,6.66||1.65,4.43,17.43,8.46,11.01,2.08||
2.82,17.62,11.72,4.39,5.91,4.87,2.85||0.00,0.00,0.00,0.03,0.04,0.04||3.08,7.76,0.83,22.04,17.82,10.54||4.65,0.81,0.69,0.19,0.40||14.23,4.07,2.91,8.80,2.60||0.00,0.00,0.50,0.59,0.00||55.10,186.29,1079.71,60.53,17.43||10.64,3.47,7.68||0.63,1.80,5.67,3.75,5.42,0.78||
2.82,17.62,11.72,4.39,5.91,4.87,2.85||0.00,0.00,0.00,0.03,0.04,0.04||3.08,7.76,0.83,22.04,17.82,10.54||4.67,0.81,0.70,0.19,0.40||14.26,4.07,2.92,8.81,2.60||0.00,0.00,0.50,0.59,0.00||64.64,354.18,2294.15,64.61,25.43||11.28,3.65,8.05||2.74,7.13,31.48,12.99,15.99,3.47||
2.82,17.62,11.72,4.39,5.91,4.87,2.85||0.00,0.00,0.00,0.03,0.04,0.04||3.08,7.76,0.83,22.04,17.82,10.54||4.68,0.81,0.70,0.19,0.40||14.03,4.04,2.82,8.73,2.59||0.00,0.00,0.50,0.59,0.00||30.18,16.54,63.02,47.35,4.19||9.20,3.06,6.83||2.48,6.49,28.00,11.93,14.85,3.13||
2.82,17.62,11.72,4.39,5.91,4.87,2.85||0.00,0.00,0.00,0.03,0.04,0.04||3.08,7.76,0.83,22.04,17.82,10.54||4.68,0.81,0.70,0.19,0.40||13.99,4.04,2.80,8.71,2.59||0.00,0.00,0.50,0.59,0.00||38.90,45.93,208.90,52.52,7.65||11.80,3.79,8.35||1.63,4.39,17.25,8.39,10.94,2.06||
2.82,17.62,11.72,4.39,5.91,4.87,2.85||0.00,0.00,0.00,0.03,0.04,0.04||3.08,7.76,0.83,22.04,17.82,10.54||4.68,0.81,0.70,0.19,0.40||14.34,4.08,2.95,8.84,2.61||0.00,0.00,0.50,0.59,0.00||46.48,94.02,484.08,56.48,11.66||7.35,2.53,5.70||4.88,12.23,61.57,21.13,24.42,6.22||
2.82,17.62,11.72,4.39,5.91,4.87,2.85||0.00,0.00,0.00,0.03,0.04,0.04||3.08,7.76,0.83,22.04,17.82,10.54||4.68,0.81,0.70,0.19,0.40||14.17,4.06,2.88,8.78,2.60||0.00,0.00,0.50,0.59,0.00||52.18,149.71,835.45,59.20,15.33||8.74,2.93,6.55||50.56,108.69,931.86,151.71,135.62,66.09||
2.82,17.62,11.72,4.39,5.91,4.87,2.85||0.00,0.00,0.00,0.03,0.04,0.04||3.08,7.76,0.83,22.04,17.82,10.54||4.68,0.81,0.70,0.19,0.40||14.01,4.04,2.81,8.72,2.59||0.00,0.00,0.50,0.59,0.00||40.98,56.61,266.96,53.65,8.65||12.66,4.02,8.83||0.75,2.12,6.96,4.35,6.17,0.93||
2.82,17.62,11.72,4.39,5.91,4.87,2.85||0.00,0.00,0.00,0.03,0.04,0.04||3.08,7.76,0.83,22.04,17.82,10.54||4.75,0.82,0.71,0.19,0.41||14.10,4.05,2.85,8.75,2.59||0.00,0.00,0.50,0.59,0.00||40.06,51.67,239.83,53.15,8.20||9.53,3.16,7.03||0.25,0.76,1.94,1.72,2.76,0.31||
2.82,17.66,11.74,4.40,5.92,4.87,2.86||0.00,0.00,0.00,0.03,0.04,0.04||3.14,7.79,0.85,22.22,17.90,10.68||4.84,0.83,0.73,0.19,0.41||14.12,4.05,2.86,8.76,2.59||0.00,0.00,0.50,0.59,0.00||46.17,91.47,468.73,56.32,11.47||10.58,3.45,7.65||1.96,5.21,21.34,9.79,12.51,2.47||
2.84,17.83,11.83,4.44,5.97,4.91,2.87||0.00,0.00,0.00,0.03,0.04,0.04||3.24,7.84,0.89,22.52,18.03,10.91||4.93,0.84,0.75,0.20,0.42||14.12,4.05,2.86,8.76,2.59||0.00,0.00,0.50,0.59,0.00||42.00,62.49,299.77,54.19,9.17||9.23,3.08,6.85||1.33,3.63,13.60,7.07,9.42,1.67||
2.85,17.86,11.84,4.45,5.98,4.91,2.88||0.00,0.00,0.00,0.04,0.04,0.04||3.26,7.85,0.90,22.59,18.06,10.96||5.02,0.84,0.78,0.20,0.42||14.12,4.05,2.86,8.76,2.59||0.00,0.00,0.50,0.59,0.00||65.26,368.06,2399.96,64.86,26.02||12.84,4.07,8.93||2.14,5.67,23.66,10.56,13.35,2.71||
2.86,17.99,11.91,4.47,6.02,4.94,2.89||0.00,0.00,0.00,0.04,0.04,0.04||3.27,7.85,0.90,22.60,18.06,10.97||5.11,0.85,0.80,0.20,0.42||14.36,4.08,2.96,8.85,2.61||0.00,0.00,0.50,0.59,0.00||72.19,552.40,3864.23,67.58,33.03||9.87,3.25,7.23||12.52,29.48,183.95,46.75,48.72,16.12||
2.87,18.10,11.97,4.50,6.05,4.96,2.91||0.00,0.00,0.00,0.04,0.04,0.04||3.27,7.85,0.90,22.60,18.06,10.97||5.16,0.86,0.81,0.21,0.43||14.41,4.09,2.99,8.87,2.62||0.00,0.00,0.50,0.59,0.00||63.28,325.06,2074.49,64.05,24.18||9.48,3.15,7.00||3.90,9.92,47.48,17.50,20.73,4.96||
2.88,18.12,11.98,4.50,6.06,4.96,2.91||0.00,0.00,0.00,0.04,0.04,0.04||3.27,7.85,0.90,22.60,18.06,10.97||5.22,0.86,0.83,0.21,0.43||14.42,4.09,2.99,8.87,2.62||0.00,0.00,0.50,0.59,0.00||39.98,51.28,237.71,53.11,8.16||9.95,3.28,7.28||2.77,7.19,31.80,13.08,16.09,3.50||
2.88,18.12,11.98,4.50,6.06,4.96,2.91||0.00,0.00,0.00,0.04,0.04,0.04||3.27,7.85,0.90,22.60,18.06,10.97||5.31,0.87,0.85,0.21,0.43||14.30,4.08,2.94,8.83,2.61||0.00,0.00,0.50,0.59,0.00||71.82,540.88,3769.91,67.44,32.63||9.47,3.14,6.99||1.50,4.05,15.57,7.79,10.26,1.88||
2.90,18.33,12.09,4.55,6.12,5.00,2.93||0.00,0.00,0.00,0.04,0.04,0.04||3.27,7.85,0.90,22.60,18.06,10.97||5.33,0.87,0.85,0.21,0.43||14.40,4.09,2.98,8.87,2.61||0.00,0.00,0.50,0.59,0.00||65.88,382.31,2509.37,65.11,26.60||10.71,3.49,7.72||7.28,17.75,97.89,29.58,32.72,9.31||
2.90,18.37,12.11,4.56,6.13,5.01,2.94||0.00,0.00,0.00,0.04,0.04,0.04||3.27,7.85,0.90,22.60,18.06,10.97||5.41,0.88,0.87,0.21,0.44||14.67,4.12,3.10,8.97,2.63||0.00,0.00,0.50,0.59,0.00||39.65,49.57,228.45,52.93,8.00||8.25,2.79,6.26||1.59,4.28,16.68,8.19,10.71,2.00||
2.91,18.38,12.11,4.56,6.13,5.01,2.94||0.00,0.00,0.00,0.04,0.04,0.04||3.33,7.88,0.93,22.78,18.14,11.11||5.43,0.88,0.88,0.21,0.44||14.47,4.10,3.01,8.89,2.62||0.00,0.00,0.50,0.59,0.00||53.30,163.07,923.59,59.72,16.12||9.54,3.16,7.04||6.76,16.58,89.95,27.82,31.02,8.65||
2.91,18.38,12.11,4.56,6.13,5.01,2.94||0.00,0.00,0.00,0.04,0.04,0.04||3.41,7.92,0.96,23.00,18.24,11.29||5.50,0.89,0.89,0.22,0.44||14.43,4.09,3.00,8.88,2.62||0.00,0.00,0.50,0.59,0.00||31.52,19.71,77.45,48.21,4.65||10.56,3.45,7.63||1.07,2.97,10.60,5.89,8.04,1.35||
2.91,18.38,12.11,4.56,6.13,5.01,2.94||0.00,0.00,0.00,0.04,0.04,0.04||3.42,7.93,0.97,23.04,18.26,11.32||5.53,0.89,0.90,0.22,0.44||14.31,4.08,2.94,8.83,2.61||0.00,0.00,0.50,0.59,0.00||52.21,149.99,837.30,59.22,15.34||8.88,2.97,6.64||2.55,6.66,28.91,12.21,15.16,3.22||
2.91,18.38,12.11,4.56,6.13,5.01,2.94||0.00,0.00,0.00,0.04,0.04,0.04||3.46,7.95,0.98,23.15,18.30,11.40||5.55,0.89,0.91,0.22,0.44||14.52,4.10,3.03,8.91,2.62||0.00,0.00,0.50,0.59,0.00||52.92,158.41,892.69,59.54,15.84||11.37,3.67,8.10||0.82,2.29,7.69,4.67,6.57,1.02||
2.91,18.42,12.13,4.57,6.15,5.02,2.94||0.00,0.00,0.00,0.04,0.04,0.04||3.46,7.95,0.99,23.17,18.31,11.42||5.62,0.90,0.93,0.22,0.45||14.81,4.14,3.17,9.02,2.64||0.00,0.00,0.50,0.59,0.00||45.27,84.49,427.05,55.87,10.95||9.78,3.23,7.18||3.07,7.92,35.91,14.29,17.38,3.89||
2.92,18.47,12.16,4.58,6.16,5.03,2.95||0.00,0.00,0.00,0.04,0.04,0.04||3.47,7.95,0.99,23.17,18.31,11.42||5.63,0.90,0.93,0.22,0.45||14.50,4.10,3.03,8.90,2.62||0.00,0.00,0.50,0.59,0.00||52.60,154.54,867.16,59.40,15.62||9.27,3.09,6.88||9.60,23.00,135.10,37.37,40.09,12.32||
2.92,18.48,12.16,4.58,6.16,5.03,2.95||0.00,0.00,0.00,0.04,0.04,0.05||3.47,7.95,0.99,23.17,18.31,11.42||5.64,0.90,0.93,0.22,0.45||14.44,4.09,3.00,8.88,2.62||0.00,0.00,0.50,0.59,0.00||69.37,470.50,3201.18,66.49,30.06||8.16,2.77,6.20||0.68,1.93,6.19,3.99,5.73,0.84||
2.93,18.61,12.23,4.61,6.20,5.06,2.97||0.00,0.00,0.00,0.04,0.04,0.05||3.47,7.95,0.99,23.17,18.31,11.42||5.67,0.90,0.94,0.22,0.45||14.80,4.13,3.16,9.02,2.64||0.00,0.00,0.50,0.59,0.00||98.43,1922.36,16687.04,76.69,68.79||13.47,4.24,9.29||0.51,1.47,4.41,3.12,4.63,0.63||
2.93,18.63,12.24,4.62,6.21,5.06,2.97||0.00,0.00,0.00,0.04,0.04,0.05||3.47,7.95,0.99,23.17,18.31,11.42||5.73,0.91,0.95,0.23,0.45||14.50,4.10,3.02,8.90,2.62||0.00,0.00,0.50,0.59,0.00||49.36,119.71,642.66,57.88,13.44||8.48,2.86,6.40||2.73,7.11,31.36,12.95,15.95,3.46||
2.94,18.64,12.25,4.62,6.21,5.06,2.97||0.00,0.00,0.00,0.04,0.04,0.05||3.47,7.95,0.99,23.17,18.31,11.42||5.74,0.91,0.96,0.23,0.45||14.44,4.09,3.00,8.88,2.62||0.00,0.00,0.50,0.59,0.00||56.95,212.83,1262.25,61.35,18.85||11.77,3.78,8.33||5.80,14.35,75.15,24.42,27.69,7.40||
2.94,18.64,12.25,4.62,6.21,5.06,2.97||0.00,0.00,0.00,0.04,0.04,0.05||3.47,7.95,0.99,23.17,18.31,11.42||5.74,0.91,0.96,0.23,0.45||14.43,4.09,2.99,8.88,2.62||0.00,0.00,0.50,0.59,0.00||63.92,338.47,2175.28,64.31,24.76||9.17,3.06,6.81||0.44,1.28,3.72,2.76,4.16,0.54||
2.94,18.64,12.25,4.62,6.21,5.06,2.97||0.00,0.00,0.00,0.04,0.04,0.05||3.47,7.95,0.99,23.17,18.31,11.42||5.76,0.91,0.96,0.23,0.45||14.55,4.10,3.05,8.92,2.63||0.00,0.00,0.50,0.59,0.00||71.51,531.69,3694.83,67.32,32.30||10.48,3.42,7.59||0.48,1.40,4.15,2.99,4.45,0.60||
2.94,18.64,12.25,4.62,6.21,5.06,2.97||0.00,0.00,0.00,0.04,0.04,0.05||3.47,7.95,0.99,23.17,18.31,11.42||5.76,0.91,0.96,0.23,0.45||14.57,4.11,3.06,8.93,2.63||0.00,0.00,0.50,0.59,0.00||91.18,1413.03,11629.43,74.33,57.39||8.87,2.97,6.64||0.82,2.30,7.70,4.68,6.58,1.02||
2.94,18.68,12.27,4.63,6.22,5.07,2.97||0.00,0.00,0.00,0.04,0.04,0.05||3.47,7.95,0.99,23.17,18.31,11.42||5.78,0.91,0.97,0.23,0.45||14.21,4.07,2.90,8.79,2.60||0.00,0.00,0.50,0.59,0.00||57.56,222.09,1326.92,61.62,19.33||10.55,3.44,7.63||2.88,7.46,33.33,13.54,16.58,3.65||
2.94,18.69,12.27,4.63,6.23,5.07,2.98||0.00,0.00,0.00,0.04,0.04,0.05||3.47,7.95,0.99,23.17,18.31,11.42||5.82,0.92,0.98,0.23,0.46||14.38,4.09,2.97,8.86,2.61||0.00,0.00,0.50,0.59,0.00||56.14,200.88,1179.57,61.00,18.22||11.89,3.81,8.40||2.70,7.02,30.89,12.81,15.80,3.41||
2.94,18.69,12.27,4.63,6.23,5.07,2.98||0.00,0.00,0.00,0.04,0.04,0.05||3.47,7.95,0.99,23.17,18.31,11.42||5.84,0.92,0.98,0.23,0.46||14.54,4.10,3.04,8.92,2.62||0.00,0.00,0.50,0.59,0.00||57.38,219.29,1307.32,61.54,19.18||10.01,3.29,7.31||4.21,10.64,51.81,18.64,21.90,5.35||
2.96,18.82,12.34,4.66,6.26,5.10,2.99||0.00,0.00,0.00,0.04,0.04,0.05||3.50,7.97,1.00,23.26,18.35,11.49||5.85,0.92,0.99,0.23,0.46||14.57,4.11,3.06,8.93,2.63||0.00,0.00,0.50,0.59,0.00||86.99,1169.39,9314.13,72.92,51.35||9.56,3.17,7.05||0.51,1.49,4.49,3.16,4.68,0.64||
2.96,18.89,12.37,4.68,6.28,5.11,3.00||0.00,0.00,0.00,0.05,0.05,0.05||3.47,7.95,0.99,23.19,18.32,11.44||5.85,0.92,0.99,0.23,0.46||14.70,4.12,3.11,8.98,2.64||0.00,0.00,0.50,0.59,0.00||74.14,614.98,4382.67,68.32,35.19||8.56,2.88,6.45||1.08,2.98,10.62,5.90,8.06,1.35||
2.96,18.90,12.38,4.68,6.29,5.12,3.00||0.00,0.00,0.00,0.05,0.05,0.05||3.57,8.00,1.03,23.45,18.43,11.64||5.94,0.93,1.01,0.23,0.46||14.73,4.13,3.13,8.99,2.64||0.00,0.00,0.50,0.59,0.00||51.44,141.26,780.44,58.86,14.81||7.85,2.68,6.02||1.91,5.09,20.70,9.58,12.27,2.41||
2.96,18.90,12.38,4.68,6.29,5.12,3.00||0.00,0.00,0.00,0.05,0.05,0.05||3.49,7.96,1.00,23.23,18.34,11.47||5.95,0.93,1.01,0.23,0.46||14.73,4.13,3.13,8.99,2.64||0.00,0.00,0.50,0.59,0.00||54.38,176.75,1015.10,60.21,16.90||7.92,2.70,6.05||1.67,4.48,17.68,8.54,11.11,2.10||
2.96,18.90,12.38,4.68,6.29,5.12,3.00||0.00,0.00,0.00,0.05,0.05,0.05||3.60,8.02,1.05,23.55,18.48,11.73||5.96,0.93,1.01,0.23,0.46||14.86,4.14,3.18,9.04,2.65||0.00,0.00,0.50,0.59,0.00||72.85,572.82,4032.33,67.83,33.75||8.52,2.87,6.42||0.94,2.63,9.12,5.28,7.32,1.18||
2.96,18.90,12.38,4.68,6.29,5.12,3.00||0.00,0.00,0.00,0.05,0.05,0.05||3.66,8.04,1.07,23.71,18.54,11.85||5.96,0.93,1.01,0.23,0.46||14.63,4.11,3.08,8.95,2.63||0.00,0.00,0.50,0.59,0.00||47.86,105.69,555.31,57.15,12.49||8.56,2.88,6.45||2.07,5.48,22.71,10.25,13.01,2.61||
2.96,18.90,12.38,4.68,6.29,5.12,3.00||0.00,0.00,0.00,0.05,0.05,0.05||3.67,8.05,1.08,23.75,18.56,11.88||5.96,0.93,1.01,0.23,0.46||14.47,4.10,3.01,8.89,2.62||0.00,0.00,0.50,0.59,0.00||63.29,325.33,2076.54,64.05,24.19||9.09,3.03,6.77||0.69,1.95,6.29,4.04,5.79,0.86||
2.96,18.90,12.38,4.68,6.29,5.12,3.00||0.00,0.00,0.00,0.05,0.05,0.05||3.68,8.05,1.08,23.75,18.56,11.88||5.96,0.93,1.01,0.23,0.46||14.56,4.11,3.05,8.92,2.63||0.00,0.00,0.50,0.59,0.00||91.23,1416.17,11659.75,74.35,57.47||10.03,3.30,7.32||3.87,9.85,47.06,17.39,20.61,4.92||
2.96,18.90,12.38,4.68,6.29,5.12,3.00||0.00,0.00,0.00,0.05,0.05,0.05||3.68,8.05,1.08,23.75,18.56,11.89||5.98,0.93,1.02,0.23,0.46||14.57,4.11,3.06,8.93,2.63||0.00,0.00,0.50,0.59,0.00||56.70,209.06,1236.11,61.24,18.65||10.92,3.55,7.84||1.95,5.19,21.21,9.75,12.46,2.46||
2.97,18.95,12.40,4.69,6.30,5.12,3.00||0.00,0.00,0.00,0.05,0.05,0.05||3.68,8.05,1.08,23.75,18.56,11.89||5.96,0.93,1.02,0.23,0.46||14.58,4.11,3.06,8.93,2.63||0.00,0.00,0.50,0.60,0.00||60.83,277.46,1722.89,63.03,22.03||11.28,3.64,8.05||0.28,0.84,2.19,1.88,2.98,0.34||
2.97,18.91,12.39,4.68,6.29,5.12,3.00||0.00,0.00,0.00,0.05,0.05,0.05||3.68,8.05,1.08,23.75,18.56,11.89||5.98,0.93,1.02,0.23,0.46||14.58,4.11,3.06,8.93,2.63||0.00,0.00,0.50,0.60,0.00||63.10,321.45,2047.50,63.97,24.02||11.58,3.73,8.22||0.49,1.43,4.26,3.04,4.53,0.61||
2.97,18.95,12.41,4.69,6.30,5.12,3.01||0.00,0.00,0.00,0.05,0.05,0.05||3.68,8.05,1.08,23.75,18.56,11.89||6.00,0.93,1.02,0.24,0.46||14.57,4.11,3.06,8.93,2.63||0.00,0.00,0.50,0.60,0.00||75.32,655.06,4719.60,68.76,36.52||11.70,3.76,8.29||6.92,16.93,92.29,28.34,31.52,8.85||
2.97,18.91,12.39,4.68,6.29,5.12,3.00||0.00,0.00,0.00,0.05,0.05,0.05||3.64,8.03,1.06,23.66,18.52,11.81||6.04,0.94,1.04,0.24,0.46||14.58,4.11,3.06,8.93,2.63||0.00,0.00,0.50,0.60,0.00||67.74,427.71,2862.42,65.85,28.42||12.89,4.08,8.96||0.60,1.73,5.40,3.62,5.26,0.75||
2.97,18.99,12.43,4.70,6.32,5.13,3.01||0.00,0.00,0.00,0.05,0.05,0.05||3.67,8.05,1.07,23.74,18.55,11.87||6.06,0.94,1.04,0.24,0.47||14.46,4.09,3.01,8.89,2.62||0.00,0.00,0.50,0.60,0.00||77.39,730.46,5363.02,69.52,38.93||10.10,3.32,7.37||0.34,1.02,2.79,2.24,3.47,0.42||
2.99,19.14,12.50,4.73,6.36,5.16,3.03||0.00,0.00,0.00,0.05,0.05,0.05||3.67,8.05,1.08,23.75,18.56,11.88||6.07,0.94,1.04,0.24,0.47||14.55,4.11,3.05,8.92,2.63||0.00,0.00,0.50,0.60,0.00||45.30,84.71,428.38,55.88,10.96||9.66,3.20,7.11||0.65,1.87,5.95,3.88,5.59,0.81||
2.98,19.08,12.47,4.72,6.34,5.15,3.02||0.00,0.00,0.00,0.05,0.05,0.05||3.68,8.05,1.08,23.75,18.56,11.89||6.07,0.94,1.04,0.24,0.47||14.21,4.06,2.90,8.79,2.60||0.00,0.00,0.50,0.60,0.00||66.94,407.68,2705.77,65.53,27.63||9.51,3.15,7.02||0.14,0.44,0.98,1.05,1.79,0.17||
2.99,19.15,12.51,4.73,6.36,5.16,3.03||0.00,0.00,0.00,0.05,0.05,0.05||3.68,8.05,1.08,23.75,18.56,11.89||6.07,0.94,1.04,0.24,0.47||14.38,4.09,2.97,8.86,2.61||0.00,0.00,0.50,0.60,0.00||49.25,118.63,635.88,57.82,13.37||9.03,3.02,6.73||0.84,2.36,7.98,4.80,6.73,1.05||
2.99,19.17,12.52,4.74,6.37,5.17,3.03||0.00,0.00,0.00,0.05,0.05,0.05||3.68,8.05,1.08,23.75,18.56,11.89||6.07,0.94,1.04,0.24,0.47||14.66,4.12,3.10,8.97,2.63||0.00,0.00,0.50,0.60,0.00||48.99,116.11,620.08,57.70,13.20||8.54,2.88,6.43||3.13,8.07,36.74,14.53,17.63,3.97||
3.00,19.17,12.52,4.74,6.37,5.17,3.03||0.00,0.00,0.00,0.05,0.05,0.05||3.68,8.05,1.08,23.75,18.56,11.89||6.09,0.94,1.05,0.24,0.47||14.59,4.11,3.07,8.94,2.63||0.00,0.01,0.50,0.60,0.00||51.07,137.31,754.87,58.69,14.57||10.38,3.40,7.53||1.35,3.68,13.83,7.15,9.52,1.70||
3.00,19.17,12.52,4.74,6.37,5.17,3.03||0.00,0.00,0.00,0.05,0.05,0.05||3.68,8.05,1.08,23.75,18.56,11.89||6.16,0.95,1.07,0.24,0.47||14.71,4.12,3.12,8.98,2.64||0.00,0.01,0.50,0.60,0.00||60.99,280.26,1743.29,63.09,22.16||12.08,3.87,8.51||0.39,1.15,3.27,2.51,3.83,0.48||
3.00,19.17,12.52,4.74,6.37,5.17,3.03||0.00,0.00,0.00,0.05,0.05,0.05||3.68,8.05,1.08,23.75,18.56,11.89||6.18,0.95,1.07,0.24,0.47||14.73,4.13,3.13,8.99,2.64||0.00,0.01,0.50,0.60,0.00||68.64,450.96,3045.76,66.21,29.32||9.78,3.23,7.17||0.33,0.99,2.69,2.18,3.39,0.41||
3.00,19.17,12.52,4.74,6.37,5.17,3.03||0.00,0.00,0.00,0.05,0.05,0.05||3.68,8.05,1.08,23.75,18.56,11.89||6.18,0.95,1.07,0.24,0.47||14.73,4.13,3.13,8.99,2.64||0.00,0.01,0.50,0.60,0.00||34.90,29.68,125.15,50.25,5.92||8.81,2.96,6.60||0.96,2.68,9.35,5.38,7.43,1.21||
3.00,19.17,12.52,4.74,6.37,5.17,3.03||0.00,0.00,0.00,0.05,0.05,0.05||3.68,8.05,1.08,23.75,18.56,11.89||6.18,0.95,1.07,0.24,0.47||14.61,4.11,3.07,8.94,2.63||0.00,0.01,0.50,0.60,0.00||35.17,30.63,129.88,50.41,6.03||6.86,2.39,5.40||1.09,3.01,10.76,5.96,8.12,1.36||
3.00,19.17,12.52,4.74,6.37,5.17,3.03||0.00,0.00,0.00,0.05,0.05,0.05||3.68,8.05,1.08,23.75,18.56,11.89||6.18,0.95,1.07,0.24,0.47||14.58,4.11,3.06,8.94,2.63||0.00,0.01,0.50,0.60,0.00||40.14,52.10,242.22,53.20,8.24||7.60,2.60,5.86||0.40,1.17,3.31,2.54,3.86,0.49||
3.00,19.17,12.52,4.74,6.37,5.17,3.03||0.00,0.00,0.00,0.05,0.05,0.05||3.68,8.05,1.08,23.75,18.56,11.89||6.20,0.95,1.08,0.24,0.47||14.58,4.11,3.06,8.93,2.63||0.00,0.01,0.50,0.60,0.00||62.18,302.91,1909.65,63.59,23.20||8.29,2.81,6.28||0.26,0.78,2.01,1.77,2.82,0.32||
3.00,19.17,12.52,4.74,6.37,5.17,3.03||0.00,0.00,0.00,0.05,0.05,0.05||3.68,8.05,1.08,23.75,18.56,11.89||6.28,0.96,1.10,0.24,0.47||14.70,4.12,3.11,8.98,2.64||0.00,0.01,0.50,0.60,0.00||39.58,49.26,226.78,52.89,7.97||6.83,2.38,5.38||0.78,2.21,7.33,4.51,6.37,0.98||
3.00,19.17,12.52,4.74,6.37,5.17,3.03||0.00,0.00,0.00,0.05,0.05,0.05||3.68,8.05,1.08,23.75,18.56,11.89||6.22,0.95,1.08,0.24,0.47||14.60,4.11,3.07,8.94,2.63||0.00,0.01,0.50,0.60,0.00||34.36,27.88,116.32,49.93,5.70||10.24,3.36,7.44||0.44,1.28,3.73,2.76,4.16,0.54||
3.00,19.17,12.52,4.74,6.37,5.17,3.03||0.00,0.00,0.00,0.05,0.05,0.05||3.68,8.05,1.08,23.75,18.56,11.89||6.19,0.95,1.08,0.24,0.47||14.83,4.14,3.17,9.03,2.65||0.00,0.01,0.50,0.60,0.00||32.55,22.43,90.13,48.84,5.02||9.08,3.03,6.76||0.86,2.42,8.20,4.89,6.84,1.08||
3.00,19.17,12.52,4.74,6.37,5.17,3.03||0.00,0.00,0.00,0.05,0.05,0.05||3.68,8.05,1.08,23.75,18.56,11.89||6.08,0.94,1.05,0.24,0.47||14.51,4.10,3.03,8.91,2.62||0.00,0.01,0.50,0.60,0.00||21.35,4.11,12.32,41.12,1.85||8.06,2.74,6.14||0.29,0.86,2.27,1.93,3.04,0.35||
3.00,19.17,12.52,4.74,6.37,5.17,3.03||0.00,0.00,0.00,0.05,0.05,0.05||3.68,8.05,1.08,23.75,18.56,11.89||5.98,0.93,1.02,0.23,0.46||14.32,4.08,2.94,8.83,2.61||0.00,0.01,0.50,0.60,0.00||40.26,52.76,245.78,53.26,8.30||7.97,2.71,6.08||0.19,0.59,1.43,1.38,2.27,0.24||
3.00,19.17,12.52,4.74,6.37,5.17,3.03||0.00,0.00,0.00,0.05,0.05,0.05||3.68,8.05,1.08,23.75,18.56,11.89||5.88,0.92,0.99,0.23,0.46||14.53,4.10,3.04,8.91,2.62||0.00,0.01,0.50,0.60,0.00||34.41,28.03,117.06,49.96,5.72||7.76,2.65,5.95||0.88,2.48,8.45,5.00,6.97,1.11||
3.00,19.17,12.52,4.74,6.37,5.17,3.03||0.00,0.00,0.00,0.05,0.05,0.05||3.64,8.03,1.06,23.66,18.52,11.81||5.80,0.92,0.97,0.23,0.45||14.45,4.09,3.00,8.88,2.62||0.00,0.01,0.50,0.60,0.00||68.88,457.39,3096.81,66.30,29.56||9.45,3.14,6.98||0.34,1.01,2.78,2.23,3.46,0.42||
3.00,19.17,12.52,4.74,6.37,5.17,3.03||0.00,0.00,0.00,0.05,0.05,0.05||3.67,8.05,1.07,23.74,18.55,11.87||5.75,0.91,0.96,0.23,0.45||14.55,4.11,3.05,8.92,2.63||0.00,0.00,0.50,0.60,0.00||44.84,81.34,408.41,55.65,10.71||8.05,2.74,6.14||30.07,66.87,509.34,97.88,92.64,39.08||
2.98,19.00,12.43,4.70,6.32,5.13,3.01||0.00,0.00,0.00,0.05,0.05,0.05||3.57,8.00,1.03,23.47,18.44,11.66||5.66,0.90,0.94,0.22,0.45||14.33,4.08,2.95,8.84,2.61||0.00,0.01,0.50,0.60,0.00||64.27,346.19,2233.56,64.46,25.09||7.59,2.60,5.85||0.19,0.59,1.41,1.36,2.25,0.23||
2.97,18.92,12.39,4.68,6.30,5.12,3.00||0.00,0.00,0.00,0.05,0.05,0.05||3.52,7.98,1.01,23.32,18.38,11.54||5.64,0.90,0.93,0.22,0.45||14.28,4.07,2.93,8.82,2.61||0.00,0.01,0.50,0.60,0.00||69.89,484.92,3316.56,66.70,30.60||10.53,3.44,7.62||0.38,1.13,3.18,2.46,3.76,0.47||
2.97,18.91,12.38,4.68,6.29,5.12,3.00||0.00,0.00,0.00,0.05,0.05,0.05||3.48,7.96,0.99,23.20,18.32,11.45||5.55,0.89,0.91,0.22,0.44||14.40,4.09,2.98,8.86,2.61||0.00,0.00,0.50,0.60,0.00||88.90,1276.11,10318.94,73.57,54.05||9.79,3.23,7.18||0.78,2.21,7.33,4.51,6.37,0.98||
2.97,18.90,12.38,4.68,6.29,5.12,3.00||0.00,0.00,0.00,0.04,0.05,0.05||3.47,7.95,0.99,23.18,18.31,11.43||5.54,0.89,0.91,0.22,0.44||14.42,4.09,2.99,8.87,2.62||0.00,0.00,0.50,0.60,0.00||38.87,45.78,208.12,52.50,7.63||10.45,3.42,7.57||1.27,3.47,12.86,6.78,9.09,1.59||
2.96,18.90,12.38,4.68,6.29,5.12,3.00||0.00,0.00,0.00,0.05,0.05,0.05||3.47,7.95,0.99,23.17,18.31,11.42||5.53,0.89,0.90,0.22,0.44||14.67,4.12,3.10,8.97,2.63||0.00,0.00,0.50,0.60,0.00||32.72,22.89,92.31,48.94,5.08||9.79,3.23,7.18||1.46,3.95,15.12,7.63,10.07,1.83||
2.96,18.90,12.38,4.68,6.29,5.12,3.00||0.00,0.00,0.00,0.04,0.05,0.05||3.47,7.95,0.99,23.17,18.31,11.42||5.45,0.88,0.88,0.22,0.44||14.60,4.11,3.07,8.94,2.63||0.00,0.00,0.50,0.60,0.00||51.83,145.70,809.29,59.04,15.08||10.21,3.35,7.43||4.58,11.51,57.11,20.01,23.29,5.83||
2.96,18.90,12.38,4.68,6.29,5.12,3.00||0.00,0.00,0.00,0.05,0.05,0.05||3.47,7.95,0.99,23.17,18.31,11.42||5.44,0.88,0.88,0.22,0.44||14.22,4.07,2.90,8.80,2.60||0.00,0.00,0.50,0.60,0.00||50.61,132.36,723.05,58.47,14.26||9.08,3.03,6.76||2.09,5.53,22.97,10.33,13.11,2.64||
2.96,18.86,12.36,4.67,6.28,5.11,3.00||0.00,0.00,0.00,0.04,0.05,0.05||3.47,7.95,0.99,23.17,18.31,11.42||5.43,0.88,0.88,0.21,0.44||14.14,4.06,2.87,8.77,2.60||0.00,0.00,0.50,0.60,0.00||66.26,391.27,2578.49,65.26,26.97||9.40,3.12,6.95||0.89,2.50,8.55,5.04,7.02,1.12||
2.94,18.72,12.29,4.64,6.24,5.08,2.98||0.00,0.00,0.00,0.04,0.05,0.05||3.47,7.95,0.99,23.17,18.31,11.42||5.42,0.88,0.87,0.21,0.44||14.25,4.07,2.91,8.81,2.60||0.00,0.00,0.50,0.60,0.00||53.65,167.33,951.92,59.88,16.36||11.32,3.66,8.07||0.71,2.01,6.53,4.15,5.92,0.88||
2.94,18.70,12.28,4.63,6.23,5.08,2.98||0.00,0.00,0.00,0.04,0.04,0.05||3.47,7.95,0.99,23.17,18.31,11.42||5.35,0.87,0.86,0.21,0.43||14.27,4.07,2.92,8.82,2.61||0.00,0.00,0.50,0.60,0.00||61.16,283.40,1766.23,63.16,22.31||11.88,3.81,8.39||0.76,2.15,7.09,4.40,6.24,0.95||
2.94,18.65,12.25,4.62,6.22,5.07,2.97||0.00,0.00,0.00,0.04,0.04,0.05||3.47,7.95,0.99,23.17,18.31,11.42||5.33,0.87,0.85,0.21,0.43||14.15,4.06,2.87,8.77,2.60||0.00,0.00,0.50,0.60,0.00||62.11,301.67,1900.53,63.56,23.14||11.03,3.58,7.91||0.55,1.58,4.83,3.34,4.90,0.68||
2.94,18.64,12.25,4.62,6.21,5.07,2.97||0.00,0.00,0.00,0.04,0.04,0.05||3.47,7.95,0.99,23.17,18.31,11.42||5.33,0.87,0.85,0.21,0.43||14.25,4.07,2.92,8.81,2.60||0.00,0.00,0.50,0.59,0.00||38.95,46.15,210.08,52.55,7.67||9.72,3.21,7.14||1.24,3.39,12.47,6.63,8.92,1.55||
2.94,18.64,12.25,4.62,6.21,5.06,2.97||0.00,0.00,0.00,0.04,0.04,0.05||3.47,7.95,0.99,23.17,18.31,11.42||5.25,0.87,0.83,0.21,0.43||14.39,4.09,2.98,8.86,2.61||0.00,0.00,0.50,0.59,0.00||42.28,64.22,309.52,54.34,9.32||10.32,3.38,7.50||0.78,2.21,7.32,4.51,6.37,0.98||
2.94,18.64,12.25,4.62,6.21,5.06,2.97||0.00,0.00,0.00,0.04,0.04,0.05||3.47,7.95,0.99,23.17,18.31,11.42||5.25,0.87,0.83,0.21,0.43||14.18,4.06,2.88,8.78,2.60||0.00,0.00,0.50,0.60,0.00||65.43,371.98,2430.03,64.93,26.18||9.47,3.14,6.99||1.22,3.35,12.31,6.57,8.84,1.53||
2.94,18.64,12.25,4.62,6.21,5.06,2.97||0.00,0.00,0.00,0.04,0.04,0.05||3.47,7.95,0.99,23.17,18.31,11.42||5.24,0.86,0.83,0.21,0.43||14.25,4.07,2.92,8.81,2.60||0.00,0.00,0.50,0.60,0.00||38.00,41.79,186.98,52.02,7.24||7.75,2.65,5.95||1.47,3.99,15.30,7.69,10.14,1.85||
2.94,18.64,12.25,4.62,6.21,5.06,2.97||0.00,0.00,0.00,0.04,0.04,0.05||3.47,7.95,0.99,23.17,18.31,11.42||5.17,0.86,0.81,0.21,0.43||14.03,4.04,2.82,8.72,2.59||0.00,0.00,0.50,0.60,0.00||60.36,268.91,1660.78,62.83,21.63||9.77,3.23,7.17||3.50,8.95,41.75,15.94,19.11,4.44||
2.93,18.60,12.23,4.61,6.20,5.06,2.96||0.00,0.00,0.00,0.04,0.04,0.05||3.47,7.95,0.99,23.17,18.31,11.42||5.14,0.86,0.81,0.20,0.43||14.22,4.07,2.90,8.80,2.60||0.00,0.00,0.50,0.59,0.00||58.51,237.28,1434.04,62.03,20.10||10.47,3.42,7.58||0.89,2.49,8.50,5.02,7.00,1.11||
2.91,18.42,12.13,4.57,6.15,5.02,2.94||0.00,0.00,0.00,0.04,0.04,0.05||3.47,7.95,0.99,23.17,18.31,11.42||5.14,0.86,0.81,0.20,0.43||14.14,4.06,2.87,8.77,2.60||0.00,0.00,0.50,0.59,0.00||96.51,1775.68,15203.53,76.08,65.65||11.56,3.72,8.21||0.50,1.44,4.32,3.07,4.57,0.62||
2.91,18.39,12.12,4.56,6.14,5.02,2.94||0.00,0.00,0.00,0.04,0.04,0.05||3.40,7.92,0.96,22.99,18.23,11.28||5.08,0.85,0.79,0.20,0.42||14.13,4.06,2.86,8.76,2.60||0.00,0.00,0.50,0.59,0.00||79.83,827.62,6209.14,70.41,41.90||10.43,3.41,7.56||0.28,0.85,2.23,1.90,3.01,0.35||
2.91,18.38,12.11,4.56,6.13,5.01,2.94||0.00,0.00,0.00,0.04,0.04,0.05||3.29,7.87,0.92,22.68,18.10,11.03||5.05,0.85,0.78,0.20,0.42||14.24,4.07,2.91,8.81,2.60||0.00,0.00,0.50,0.59,0.00||66.63,400.03,2646.31,65.41,27.32||7.77,2.66,5.96||1.33,3.64,13.63,7.07,9.43,1.68||
2.91,18.38,12.11,4.56,6.13,5.01,2.94||0.00,0.00,0.00,0.04,0.04,0.05||3.30,7.87,0.92,22.71,18.11,11.06||5.04,0.85,0.78,0.20,0.42||14.39,4.09,2.98,8.86,2.61||0.00,0.00,0.50,0.59,0.00||83.05,970.74,7486.74,71.56,46.02||11.61,3.74,8.24||0.34,1.01,2.76,2.22,3.44,0.42||
2.91,18.38,12.11,4.56,6.13,5.01,2.94||0.00,0.00,0.00,0.04,0.04,0.05||3.28,7.86,0.91,22.62,18.07,10.99||5.04,0.85,0.78,0.20,0.42||14.06,4.05,2.83,8.73,2.59||0.00,0.00,0.50,0.59,0.00||41.01,56.78,267.93,53.66,8.67||10.35,3.39,7.51||1.15,3.18,11.53,6.26,8.48,1.45||
2.91,18.38,12.11,4.56,6.13,5.01,2.94||0.00,0.00,0.00,0.04,0.04,0.05||3.27,7.85,0.91,22.60,18.07,10.98||5.00,0.84,0.77,0.20,0.42||14.11,4.05,2.86,8.76,2.59||0.00,0.00,0.50,0.59,0.00||53.37,163.90,929.09,59.75,16.16||9.02,3.01,6.72||1.12,3.10,11.18,6.13,8.32,1.41||
2.91,18.38,12.11,4.56,6.13,5.01,2.94||0.00,0.00,0.00,0.04,0.04,0.05||3.27,7.85,0.90,22.60,18.06,10.97||4.97,0.84,0.77,0.20,0.42||14.00,4.04,2.81,8.71,2.59||0.00,0.00,0.50,0.59,0.00||46.33,92.79,476.65,56.40,11.57||7.53,2.58,5.81||0.38,1.12,3.16,2.45,3.75,0.47||
2.91,18.38,12.11,4.56,6.13,5.01,2.94||0.00,0.00,0.00,0.04,0.04,0.05||3.27,7.85,0.90,22.60,18.06,10.97||4.95,0.84,0.76,0.20,0.42||14.10,4.05,2.85,8.75,2.59||0.00,0.00,0.50,0.59,0.00||78.80,785.87,5843.33,70.04,40.64||11.05,3.58,7.92||0.65,1.85,5.87,3.84,5.54,0.81||
2.91,18.38,12.11,4.56,6.13,5.01,2.94||0.00,0.00,0.00,0.04,0.04,0.05||3.27,7.85,0.90,22.60,18.06,10.97||4.95,0.84,0.76,0.20,0.42||14.12,4.05,2.86,8.76,2.59||0.00,0.00,0.50,0.59,0.00||41.77,61.14,292.19,54.07,9.05||12.14,3.88,8.54||8.24,19.93,113.05,32.84,35.83,10.55||
2.91,18.38,12.11,4.56,6.13,5.01,2.94||0.00,0.00,0.00,0.04,0.04,0.04||3.27,7.85,0.90,22.60,18.06,10.97||4.95,0.84,0.76,0.20,0.42||14.00,4.04,2.81,8.71,2.59||0.00,0.00,0.50,0.59,0.00||57.30,218.07,1298.82,61.51,19.12||12.26,3.91,8.61||0.74,2.09,6.84,4.29,6.10,0.92||
2.90,18.30,12.07,4.54,6.11,5.00,2.93||0.00,0.00,0.00,0.04,0.04,0.05||3.27,7.85,0.90,22.60,18.06,10.97||4.92,0.84,0.75,0.20,0.42||13.98,4.04,2.80,8.71,2.58||0.00,0.00,0.50,0.59,0.00||60.69,274.89,1704.17,62.97,21.91||11.07,3.59,7.93||3.60,9.19,43.17,16.33,19.52,4.57||
2.89,18.28,12.06,4.54,6.10,5.00,2.93||0.00,0.00,0.00,0.04,0.04,0.04||3.27,7.85,0.90,22.60,18.06,10.97||4.87,0.83,0.74,0.19,0.41||14.21,4.07,2.90,8.80,2.60||0.00,0.00,0.50,0.59,0.00||55.73,195.05,1139.51,60.81,17.91||8.26,2.80,6.27||2.01,5.33,21.91,9.98,12.72,2.53||
2.88,18.15,12.00,4.51,6.07,4.97,2.91||0.00,0.00,0.00,0.04,0.04,0.04||3.27,7.85,0.90,22.60,18.06,10.97||4.86,0.83,0.74,0.19,0.41||14.02,4.04,2.82,8.72,2.59||0.00,0.00,0.50,0.59,0.00||59.17,248.21,1511.79,62.32,20.63||8.67,2.91,6.51||0.76,2.16,7.13,4.42,6.26,0.95||
2.88,18.13,11.98,4.51,6.06,4.97,2.91||0.00,0.00,0.00,0.04,0.04,0.04||3.27,7.85,0.90,22.60,18.06,10.97||4.86,0.83,0.74,0.19,0.41||13.87,4.02,2.75,8.66,2.58||0.00,0.00,0.50,0.59,0.00||64.22,345.10,2225.35,64.44,25.05||10.32,3.38,7.49||0.94,2.62,9.05,5.26,7.28,1.17||
2.88,18.12,11.98,4.50,6.06,4.96,2.91||0.00,0.00,0.00,0.04,0.04,0.04||3.27,7.85,0.90,22.60,18.06,10.97||4.86,0.83,0.74,0.19,0.41||13.95,4.03,2.79,8.70,2.58||0.00,0.00,0.50,0.59,0.00||69.60,476.86,3252.00,66.58,30.30||7.22,2.49,5.62||1.40,3.81,14.43,7.37,9.77,1.76||
2.88,18.12,11.98,4.50,6.06,4.96,2.91||0.00,0.00,0.00,0.04,0.04,0.04||3.27,7.85,0.90,22.60,18.06,10.97||4.86,0.83,0.74,0.19,0.41||13.85,4.02,2.75,8.66,2.58||0.00,0.00,0.50,0.59,0.00||28.06,12.35,44.74,45.97,3.53||7.99,2.72,6.10||0.89,2.48,8.48,5.01,6.99,1.11||
2.88,18.12,11.98,4.50,6.06,4.96,2.91||0.00,0.00,0.00,0.04,0.04,0.04||3.27,7.85,0.90,22.60,18.06,10.97||4.86,0.83,0.74,0.19,0.41||14.31,4.08,2.94,8.83,2.61||0.00,0.00,0.50,0.59,0.00||49.06,116.83,624.57,57.73,13.25||8.55,2.88,6.44||0.20,0.63,1.53,1.45,2.38,0.25||
2.88,18.12,11.98,4.50,6.06,4.96,2.91||0.00,0.00,0.00,0.04,0.04,0.04||3.27,7.85,0.90,22.60,18.06,10.97||4.86,0.83,0.74,0.19,0.41||14.40,4.09,2.98,8.87,2.61||0.00,0.00,0.50,0.59,0.00||46.21,91.79,470.67,56.34,11.49||13.75,4.31,9.44||2.00,5.32,21.86,9.97,12.70,2.53||
2.88,18.12,11.98,4.50,6.06,4.96,2.91||0.00,0.00,0.00,0.04,0.04,0.04||3.27,7.85,0.90,22.60,18.06,10.97||4.86,0.83,0.74,0.19,0.41||14.06,4.05,2.83,8.74,2.59||0.00,0.00,0.50,0.59,0.00||74.44,624.84,4465.18,68.43,35.52||9.14,3.05,6.79||0.92,2.57,8.83,5.16,7.17,1.15||
2.88,18.12,11.98,4.50,6.06,4.96,2.91||0.00,0.00,0.00,0.04,0.04,0.04||3.27,7.85,0.90,22.60,18.06,10.97||4.83,0.83,0.73,0.19,0.41||14.23,4.07,2.91,8.80,2.60||0.00,0.00,0.50,0.59,0.00||54.04,172.34,985.47,60.06,16.65||8.19,2.78,6.22||2.40,6.30,26.99,11.61,14.51,3.04||
2.88,18.12,11.98,4.50,6.06,4.96,2.91||0.00,0.00,0.00,0.04,0.04,0.04||3.27,7.85,0.90,22.60,18.06,10.97||4.79,0.82,0.72,0.19,0.41||14.14,4.06,2.87,8.77,2.60||0.00,0.00,0.50,0.59,0.00||85.36,1083.82,8519.81,72.36,49.10||9.92,3.27,7.26||0.61,1.75,5.49,3.66,5.31,0.76||
2.88,18.12,11.98,4.50,6.06,4.96,2.91||0.00,0.00,0.00,0.04,0.04,0.04||3.27,7.85,0.90,22.60,18.06,10.97||4.77,0.82,0.72,0.19,0.41||14.01,4.04,2.81,8.72,2.59||0.00,0.00,0.50,0.59,0.00||48.49,111.41,590.71,57.46,12.88||12.37,3.94,8.67||0.44,1.29,3.76,2.78,4.19,0.55||
2.88,18.12,11.98,4.50,6.06,4.96,2.91||0.00,0.00,0.00,0.04,0.04,0.04||3.24,7.84,0.89,22.51,18.02,10.90||4.77,0.82,0.72,0.19,0.41||14.22,4.07,2.90,8.80,2.60||0.00,0.00,0.50,0.59,0.00||64.97,361.46,2349.59,64.74,25.74||10.76,3.50,7.75||0.45,1.33,3.89,2.85,4.27,0.56||
2.88,18.12,11.98,4.50,6.06,4.96,2.91||0.00,0.00,0.00,0.04,0.04,0.04||3.26,7.85,0.90,22.58,18.06,10.96||4.77,0.82,0.72,0.19,0.41||14.14,4.06,2.87,8.77,2.60||0.00,0.00,0.50,0.59,0.00||71.42,529.15,3674.14,67.29,32.21||10.42,3.41,7.55||2.33,6.13,26.07,11.33,14.20,2.95||
2.88,18.12,11.98,4.50,6.06,4.96,2.91||0.00,0.00,0.00,0.04,0.04,0.04||3.21,7.82,0.88,22.42,17.98,10.83||4.77,0.82,0.72,0.19,0.41||14.13,4.06,2.86,8.76,2.60||0.00,0.00,0.50,0.59,0.00||43.27,70.45,345.08,54.85,9.84||13.17,4.16,9.12||1.22,3.33,12.24,6.54,8.81,1.53||
2.88,18.12,11.98,4.50,6.06,4.96,2.91||0.00,0.00,0.00,0.04,0.04,0.04||3.20,7.82,0.87,22.38,17.97,10.81||4.77,0.82,0.72,0.19,0.41||13.77,4.01,2.71,8.62,2.57||0.00,0.00,0.50,0.59,0.00||67.29,416.18,2772.10,65.67,27.97||16.41,5.01,10.89||0.34,1.02,2.80,2.24,3.47,0.42||
2.88,18.12,11.98,4.50,6.06,4.96,2.91||0.00,0.00,0.00,0.04,0.04,0.04||3.13,7.78,0.85,22.20,17.89,10.66||4.77,0.82,0.72,0.19,0.41||14.17,4.06,2.88,8.78,2.60||0.00,0.00,0.50,0.59,0.00||90.28,1357.57,11095.89,74.03,56.06||8.61,2.90,6.48||0.41,1.20,3.45,2.61,3.96,0.51||
2.88,18.12,11.98,4.50,6.06,4.96,2.91||0.00,0.00,0.00,0.04,0.04,0.04||3.12,7.78,0.84,22.16,17.87,10.63||4.77,0.82,0.72,0.19,0.41||14.01,4.04,2.81,8.72,2.59||0.00,0.00,0.50,0.59,0.00||37.44,39.35,174.27,51.70,6.98||10.33,3.38,7.50||0.98,2.74,9.57,5.47,7.54,1.23||
2.88,18.12,11.98,4.50,6.06,4.96,2.91||0.00,0.00,0.00,0.04,0.04,0.04||3.15,7.79,0.86,22.24,17.91,10.70||4.74,0.82,0.71,0.19,0.41||14.10,4.05,2.85,8.75,2.59||0.00,0.00,0.50,0.59,0.00||58.08,230.34,1384.96,61.85,19.75||11.07,3.59,7.93||0.35,1.05,2.92,2.32,3.57,0.44||
2.88,18.12,11.98,4.50,6.06,4.96,2.91||0.00,0.00,0.00,0.04,0.04,0.04||3.09,7.76,0.83,22.08,17.84,10.57||4.72,0.82,0.71,0.19,0.41||14.00,4.04,2.81,8.71,2.59||0.00,0.00,0.50,0.59,0.00||68.23,440.21,2960.76,66.05,28.90||9.41,3.12,6.96||0.22,0.67,1.65,1.53,2.49,0.27||
2.88,18.12,11.98,4.50,6.06,4.96,2.91||0.00,0.00,0.00,0.04,0.04,0.04||3.14,7.79,0.85,22.23,17.90,10.69||4.69,0.81,0.70,0.19,0.40||13.98,4.04,2.80,8.71,2.58||0.00,0.00,0.50,0.59,0.00||46.57,94.71,488.24,56.52,11.71||12.59,4.00,8.79||1.88,5.02,20.36,9.47,12.15,2.38||
2.87,18.08,11.96,4.50,6.05,4.96,2.90||0.00,0.00,0.00,0.04,0.04,0.04||3.09,7.76,0.83,22.08,17.84,10.57||4.68,0.81,0.70,0.19,0.40||14.21,4.07,2.90,8.80,2.60||0.00,0.00,0.50,0.59,0.00||69.26,467.47,3177.01,66.45,29.94||8.90,2.98,6.65||0.84,2.37,8.01,4.81,6.74,1.06||
2.88,18.11,11.98,4.50,6.06,4.96,2.91||0.00,0.00,0.00,0.04,0.04,0.04||3.08,7.76,0.83,22.05,17.82,10.55||4.68,0.81,0.70,0.19,0.40||14.26,4.07,2.92,8.81,2.60||0.00,0.00,0.50,0.59,0.00||83.04,970.07,7480.67,71.55,46.00||8.85,2.97,6.62||1.93,5.14,20.97,9.67,12.38,2.44||
2.87,18.08,11.96,4.49,6.05,4.96,2.90||0.00,0.00,0.00,0.04,0.04,0.04||3.08,7.76,0.83,22.05,17.82,10.54||4.68,0.81,0.70,0.19,0.40||14.27,4.07,2.92,8.82,2.61||0.00,0.00,0.50,0.59,0.00||76.92,712.79,5211.15,69.35,38.38||9.76,3.22,7.17||2.52,6.58,28.50,12.08,15.02,3.18||
2.88,18.11,11.98,4.50,6.06,4.96,2.91||0.00,0.00,0.00,0.04,0.04,0.04||3.08,7.76,0.83,22.04,17.82,10.54||4.68,0.81,0.70,0.19,0.40||14.03,4.04,2.82,8.73,2.59||0.00,0.00,0.50,0.59,0.00||52.69,155.68,874.70,59.44,15.68||10.22,3.35,7.43||0.78,2.21,7.34,4.52,6.38,0.98||
2.87,18.04,11.94,4.49,6.03,4.95,2.90||0.00,0.00,0.00,0.04,0.04,0.04||3.08,7.76,0.83,22.04,17.82,10.54||4.68,0.81,0.70,0.19,0.40||13.99,4.04,2.80,8.71,2.59||0.00,0.00,0.50,0.59,0.00||71.29,525.19,3641.92,67.24,32.07||9.46,3.14,6.98||0.37,1.11,3.12,2.43,3.72,0.46||
2.87,18.11,11.97,4.50,6.05,4.96,2.91||0.00,0.00,0.00,0.04,0.04,0.04||3.08,7.76,0.83,22.04,17.82,10.54||4.68,0.81,0.70,0.19,0.40||14.10,4.05,2.85,8.75,2.59||0.00,0.00,0.50,0.59,0.00||57.28,217.76,1296.60,61.50,19.11||9.69,3.20,7.12||0.47,1.36,4.02,2.92,4.36,0.58||
2.86,18.00,11.91,4.48,6.02,4.94,2.89||0.00,0.00,0.00,0.04,0.04,0.04||3.08,7.76,0.83,22.04,17.82,10.54||4.71,0.81,0.70,0.19,0.41||14.36,4.08,2.96,8.85,2.61||0.00,0.00,0.50,0.59,0.00||80.93,874.69,6625.43,70.81,43.29||11.94,3.83,8.43||1.34,3.66,13.74,7.12,9.48,1.69||
2.86,17.94,11.88,4.46,6.00,4.93,2.89||0.00,0.00,0.00,0.04,0.04,0.04||3.08,7.76,0.83,22.04,17.82,10.54||4.76,0.82,0.71,0.19,0.41||14.05,4.05,2.83,8.73,2.59||0.00,0.00,0.50,0.59,0.00||77.93,751.25,5542.55,69.72,39.58||9.62,3.18,7.08||0.87,2.45,8.33,4.95,6.91,1.09||
2.86,17.96,11.90,4.47,6.01,4.93,2.89||0.00,0.00,0.00,0.04,0.04,0.04||3.08,7.76,0.83,22.04,17.82,10.54||4.77,0.82,0.72,0.19,0.41||14.23,4.07,2.91,8.80,2.60||0.00,0.00,0.50,0.59,0.00||33.43,24.96,102.17,49.37,5.34||8.75,2.94,6.56||0.39,1.15,3.25,2.50,3.82,0.48||
2.85,17.89,11.86,4.45,5.99,4.92,2.88||0.00,0.00,0.00,0.04,0.04,0.04||3.11,7.77,0.84,22.13,17.86,10.61||4.77,0.82,0.72,0.19,0.41||14.03,4.04,2.82,8.72,2.59||0.00,0.00,0.50,0.59,0.00||58.50,237.00,1432.06,62.03,20.08||9.50,3.15,7.01||4.51,11.35,56.16,19.76,23.04,5.74||
2.85,17.87,11.85,4.45,5.98,4.92,2.88||0.00,0.00,0.00,0.04,0.04,0.04||3.09,7.76,0.83,22.06,17.83,10.56||4.77,0.82,0.72,0.19,0.41||13.99,4.04,2.80,8.71,2.59||0.00,0.00,0.50,0.59,0.00||68.19,439.14,2952.33,66.03,28.86||9.32,3.10,6.91||0.39,1.14,3.24,2.49,3.81,0.48||
2.85,17.87,11.85,4.45,5.98,4.92,2.88||0.00,0.00,0.00,0.04,0.04,0.04||3.08,7.76,0.83,22.05,17.82,10.55||4.77,0.82,0.72,0.19,0.41||14.10,4.05,2.85,8.75,2.59||0.00,0.00,0.50,0.59,0.00||74.25,618.51,4412.22,68.36,35.30||10.35,3.39,7.51||0.14,0.44,0.98,1.05,1.79,0.17||
2.85,17.91,11.87,4.46,6.00,4.92,2.88||0.00,0.00,0.00,0.04,0.04,0.04||3.08,7.76,0.83,22.04,17.82,10.54||4.77,0.82,0.72,0.19,0.41||14.12,4.05,2.86,8.76,2.59||0.00,0.00,0.50,0.59,0.00||41.04,56.98,269.02,53.68,8.68||7.29,2.52,5.67||0.12,0.40,0.87,0.96,1.66,0.15||
2.85,17.88,11.85,4.45,5.99,4.92,2.88||0.00,0.00,0.00,0.04,0.04,0.04||3.08,7.76,0.83,22.04,17.82,10.54||4.75,0.82,0.71,0.19,0.41||14.00,4.04,2.81,8.71,2.59||0.00,0.00,0.50,0.59,0.00||69.31,468.96,3188.86,66.47,30.00||10.94,3.55,7.85||0.65,1.85,5.90,3.85,5.56,0.81||
2.85,17.87,11.85,4.45,5.98,4.92,2.88||0.00,0.00,0.00,0.04,0.04,0.04||3.08,7.76,0.83,22.04,17.82,10.54||4.72,0.82,0.71,0.19,0.41||13.86,4.02,2.75,8.66,2.58||0.00,0.00,0.50,0.59,0.00||44.06,75.79,375.91,55.26,10.27||13.33,4.20,9.21||8.61,20.78,119.05,34.09,37.02,11.04||
2.85,17.87,11.85,4.45,5.98,4.92,2.88||0.00,0.00,0.00,0.04,0.04,0.04||3.08,7.76,0.83,22.04,17.82,10.54||4.69,0.81,0.70,0.19,0.40||13.95,4.03,2.79,8.69,2.58||0.00,0.00,0.50,0.59,0.00||35.99,33.57,144.64,50.88,6.36||11.30,3.65,8.06||4.99,12.47,63.10,21.51,24.80,6.35||
2.85,17.87,11.85,4.45,5.98,4.92,2.88||0.00,0.00,0.00,0.04,0.04,0.04||3.08,7.76,0.83,22.04,17.82,10.54||4.68,0.81,0.70,0.19,0.40||13.97,4.04,2.80,8.70,2.58||0.00,0.00,0.50,0.59,0.00||65.02,362.73,2359.25,64.76,25.79||9.20,3.07,6.83||2.27,5.99,25.34,11.10,13.95,2.87||
2.85,17.87,11.85,4.45,5.98,4.92,2.88||0.00,0.00,0.00,0.04,0.04,0.04||3.08,7.76,0.83,22.04,17.82,10.54||4.69,0.81,0.70,0.19,0.41||14.21,4.07,2.90,8.79,2.60||0.00,0.00,0.50,0.59,0.00||55.11,186.40,1080.45,60.53,17.44||10.59,3.46,7.65||9.64,23.09,135.74,37.50,40.21,12.37||
2.85,17.87,11.85,4.45,5.98,4.92,2.88||0.00,0.00,0.00,0.04,0.04,0.04||3.08,7.76,0.83,22.04,17.82,10.54||4.70,0.81,0.70,0.19,0.41||14.14,4.06,2.87,8.77,2.60||0.00,0.00,0.50,0.59,0.00||66.23,390.55,2572.94,65.25,26.94||9.95,3.28,7.27||1.22,3.35,12.32,6.58,8.85,1.54||
2.85,17.87,11.85,4.45,5.98,4.92,2.88||0.00,0.00,0.00,0.04,0.04,0.04||3.08,7.76,0.83,22.04,17.82,10.54||4.68,0.81,0.70,0.19,0.40||14.37,4.08,2.97,8.85,2.61||0.00,0.00,0.50,0.59,0.00||65.88,382.23,2508.78,65.11,26.60||7.85,2.68,6.01||2.97,7.69,34.57,13.90,16.96,3.77||
2.85,17.87,11.85,4.45,5.98,4.92,2.88||0.00,0.00,0.00,0.04,0.04,0.04||3.08,7.76,0.83,22.04,17.82,10.54||4.68,0.81,0.70,0.19,0.40||14.17,4.06,2.88,8.78,2.60||0.00,0.00,0.50,0.59,0.00||57.06,214.42,1273.32,61.40,18.93||8.02,2.73,6.12||1.62,4.35,17.04,8.32,10.86,2.04||
