4.54,34.19,19.72,7.98,10.66,7.81,4.62||0.00,0.00,0.00,0.08,0.07,0.08||62.33,14.62,71.89,78.89,35.75,81.56||12.91,1.43,3.37,0.47,0.70||55.60,7.15,51.91,20.41,4.45||0.02,0.05,0.70,0.81,0.01||14.61,0.89,2.05,35.22,0.75||7.56,2.59,5.84||0.01,0.03,0.04,0.10,0.23,0.01||
3.07,19.85,12.87,4.89,6.57,5.30,3.11||0.00,0.00,0.00,0.04,0.04,0.04||5.34,8.71,1.88,27.83,20.24,15.33||5.55,0.89,0.91,0.22,0.44||18.14,4.50,4.86,10.22,2.86||0.00,0.01,0.53,0.63,0.00||9.54,0.16,0.28,29.61,0.28||5.91,2.10,4.78||0.00,0.01,0.01,0.03,0.09,0.00||
2.86,18.00,11.91,4.48,6.02,4.94,2.89||0.00,0.00,0.00,0.03,0.04,0.04||3.43,7.93,0.97,23.08,18.27,11.35||4.77,0.82,0.72,0.19,0.41||14.96,4.15,3.23,9.08,2.65||0.00,0.01,0.50,0.60,0.00||21.96,4.60,14.06,41.60,1.98||6.42,2.26,5.11||0.02,0.08,0.13,0.24,0.49,0.03||
2.82,17.66,11.74,4.40,5.92,4.87,2.85||0.00,0.00,0.00,0.03,0.04,0.04||3.15,7.79,0.86,22.25,17.91,10.70||4.63,0.81,0.68,0.19,0.40||14.17,4.06,2.88,8.78,2.60||0.00,0.00,0.50,0.60,0.00||25.72,8.70,29.66,44.37,2.87||8.06,2.74,6.14||0.03,0.09,0.14,0.25,0.52,0.03||
2.82,17.59,11.70,4.38,5.90,4.86,2.85||0.00,0.00,0.00,0.03,0.04,0.04||3.10,7.76,0.83,22.08,17.84,10.57||4.60,0.80,0.68,0.19,0.40||14.25,4.07,2.92,8.81,2.60||0.00,0.00,0.50,0.59,0.00||17.38,1.79,4.66,37.81,1.14||9.13,3.04,6.79||0.00,0.01,0.01,0.04,0.11,0.00||
2.81,17.57,11.69,4.38,5.90,4.86,2.84||0.00,0.00,0.00,0.03,0.03,0.04||3.08,7.76,0.83,22.05,17.82,10.55||4.60,0.80,0.68,0.18,0.40||13.91,4.03,2.77,8.68,2.58||0.00,0.00,0.50,0.59,0.00||18.08,2.11,5.62,38.43,1.25||4.95,1.81,4.14||0.04,0.12,0.20,0.33,0.65,0.04||
2.81,17.57,11.69,4.38,5.89,4.86,2.84||0.00,0.00,0.00,0.03,0.04,0.04||3.08,7.76,0.83,22.05,17.82,10.54||4.59,0.80,0.68,0.18,0.40||13.96,4.04,2.79,8.70,2.58||0.00,0.00,0.50,0.59,0.00||28.02,12.27,44.41,45.94,3.52||6.99,2.43,5.48||0.00,0.01,0.01,0.04,0.11,0.00||
2.81,17.57,11.69,4.38,5.89,4.86,2.84||0.00,0.00,0.00,0.03,0.04,0.04||3.08,7.76,0.83,22.04,17.82,10.54||4.59,0.80,0.68,0.18,0.40||13.62,3.99,2.65,8.57,2.56||0.00,0.00,0.50,0.59,0.00||29.75,15.62,58.96,47.08,4.06||8.56,2.88,6.45||0.00,0.01,0.01,0.05,0.12,0.00||
2.81,17.57,11.69,4.38,5.89,4.86,2.84||0.00,0.00,0.00,0.03,0.04,0.04||3.08,7.76,0.83,22.04,17.82,10.54||4.59,0.80,0.68,0.18,0.40||14.02,4.04,2.82,8.72,2.59||0.00,0.00,0.50,0.59,0.00||36.95,37.32,163.78,51.43,6.77||7.70,2.64,5.92||0.00,0.01,0.01,0.05,0.12,0.00||
2.81,17.57,11.69,4.38,5.89,4.86,2.84||0.00,0.00,0.00,0.03,0.04,0.04||3.08,7.76,0.83,22.04,17.82,10.54||4.59,0.80,0.68,0.18,0.40||13.87,4.02,2.75,8.66,2.58||0.00,0.00,0.50,0.59,0.00||17.21,1.73,4.46,37.67,1.11||7.80,2.66,5.98||0.01,0.03,0.03,0.08,0.19,0.01||
2.81,17.57,11.69,4.38,5.89,4.86,2.84||0.00,0.00,0.00,0.03,0.04,0.04||3.08,7.76,0.83,22.04,17.82,10.54||4.59,0.80,0.68,0.18,0.40||13.72,4.01,2.69,8.60,2.57||0.00,0.00,0.50,0.59,0.00||30.64,17.58,67.70,47.65,4.35||8.01,2.73,6.11||0.00,0.01,0.01,0.04,0.11,0.00||
2.81,17.57,11.69,4.38,5.89,4.86,2.84||0.00,0.00,0.00,0.03,0.04,0.04||3.08,7.76,0.83,22.04,17.82,10.54||4.59,0.80,0.68,0.18,0.40||13.80,4.02,2.73,8.64,2.57||0.00,0.00,0.50,0.59,0.00||29.10,14.28,53.07,46.66,3.85||9.47,3.14,7.00||0.00,0.01,0.00,0.02,0.06,0.00||
2.80,17.49,11.65,4.36,5.87,4.84,2.84||0.00,0.00,0.00,0.03,0.03,0.04||3.08,7.76,0.83,22.04,17.82,10.54||4.59,0.80,0.68,0.18,0.40||13.94,4.03,2.78,8.69,2.58||0.00,0.00,0.50,0.59,0.00||29.28,14.66,54.70,46.78,3.91||6.59,2.31,5.22||0.01,0.03,0.04,0.10,0.22,0.01||
2.81,17.52,11.66,4.37,5.88,4.85,2.84||0.00,0.00,0.00,0.03,0.04,0.04||3.08,7.76,0.83,22.04,17.82,10.54||4.59,0.80,0.68,0.18,0.40||13.97,4.04,2.80,8.70,2.58||0.00,0.00,0.50,0.59,0.00||29.42,14.93,55.91,46.87,3.95||7.91,2.70,6.05||0.00,0.01,0.01,0.03,0.09,0.00||
2.81,17.56,11.69,4.38,5.89,4.85,2.84||0.00,0.00,0.00,0.03,0.04,0.04||3.08,7.76,0.83,22.04,17.82,10.54||4.59,0.80,0.68,0.18,0.40||13.86,4.02,2.75,8.66,2.58||0.00,0.00,0.50,0.59,0.00||22.59,5.16,16.06,42.08,2.11||7.93,2.70,6.06||0.30,0.91,2.44,2.03,3.19,0.38||
2.81,17.53,11.67,4.37,5.88,4.85,2.84||0.00,0.00,0.00,0.03,0.03,0.04||3.08,7.76,0.83,22.04,17.82,10.54||4.59,0.80,0.68,0.18,0.40||13.72,4.01,2.69,8.60,2.57||0.00,0.00,0.50,0.59,0.00||22.52,5.10,15.84,42.03,2.10||6.94,2.41,5.44||0.03,0.10,0.15,0.27,0.56,0.03||
2.81,17.52,11.67,4.37,5.88,4.85,2.84||0.00,0.00,0.00,0.03,0.03,0.04||3.08,7.76,0.83,22.04,17.82,10.54||4.59,0.80,0.68,0.18,0.40||13.69,4.00,2.68,8.59,2.56||0.00,0.00,0.50,0.59,0.00||25.95,9.01,30.93,44.53,2.94||5.70,2.04,4.65||0.01,0.05,0.06,0.14,0.31,0.01||
2.81,17.56,11.69,4.38,5.89,4.85,2.84||0.00,0.00,0.00,0.03,0.04,0.04||3.08,7.76,0.83,22.04,17.82,10.54||4.62,0.81,0.68,0.19,0.40||14.15,4.06,2.87,8.77,2.60||0.00,0.00,0.50,0.59,0.00||37.32,38.88,171.79,51.64,6.93||7.55,2.59,5.83||0.01,0.04,0.05,0.12,0.28,0.01||
2.81,17.57,11.69,4.38,5.89,4.86,2.84||0.00,0.00,0.00,0.03,0.04,0.04||3.08,7.76,0.83,22.04,17.82,10.54||4.60,0.80,0.68,0.19,0.40||14.13,4.06,2.86,8.76,2.60||0.00,0.00,0.50,0.59,0.00||24.47,7.12,23.44,43.47,2.55||12.43,3.96,8.70||0.02,0.08,0.12,0.23,0.48,0.03||
2.80,17.49,11.65,4.36,5.87,4.84,2.84||0.00,0.00,0.00,0.03,0.03,0.04||3.08,7.76,0.83,22.04,17.82,10.54||4.59,0.80,0.68,0.18,0.40||14.13,4.05,2.86,8.76,2.60||0.00,0.00,0.50,0.59,0.00||23.01,5.55,17.53,42.40,2.21||6.90,2.40,5.42||0.00,0.01,0.01,0.03,0.08,0.00||
2.80,17.48,11.64,4.36,5.87,4.84,2.83||0.00,0.00,0.00,0.03,0.03,0.04||3.08,7.76,0.83,22.04,17.82,10.54||4.59,0.80,0.68,0.18,0.40||14.12,4.05,2.86,8.76,2.60||0.00,0.00,0.50,0.59,0.00||36.45,35.33,153.58,51.14,6.56||5.04,1.84,4.21||0.00,0.01,0.01,0.04,0.11,0.00||
2.80,17.43,11.62,4.35,5.85,4.83,2.83||0.00,0.00,0.00,0.03,0.03,0.04||3.08,7.76,0.83,22.04,17.82,10.54||4.59,0.80,0.68,0.18,0.40||13.89,4.03,2.76,8.67,2.58||0.00,0.00,0.50,0.59,0.00||21.05,3.88,11.52,40.89,1.79||5.03,1.84,4.20||0.01,0.03,0.03,0.08,0.20,0.01||
2.81,17.50,11.66,4.37,5.87,4.84,2.84||0.00,0.00,0.00,0.03,0.04,0.04||3.08,7.76,0.83,22.04,17.82,10.54||4.59,0.80,0.68,0.18,0.40||14.20,4.06,2.89,8.79,2.60||0.00,0.00,0.50,0.59,0.00||30.37,16.98,65.00,47.48,4.26||5.12,1.86,4.26||0.03,0.11,0.17,0.30,0.60,0.04||
2.79,17.40,11.60,4.34,5.84,4.82,2.82||0.00,0.00,0.00,0.03,0.04,0.04||3.08,7.76,0.83,22.04,17.82,10.54||4.59,0.80,0.68,0.18,0.40||14.02,4.04,2.82,8.72,2.59||0.00,0.00,0.50,0.59,0.00||38.65,44.75,202.60,52.38,7.53||6.91,2.40,5.42||0.01,0.03,0.04,0.10,0.24,0.01||
2.79,17.38,11.59,4.34,5.84,4.82,2.82||0.00,0.00,0.00,0.03,0.04,0.04||3.08,7.76,0.83,22.04,17.82,10.54||4.59,0.80,0.68,0.18,0.40||13.98,4.04,2.80,8.71,2.58||0.00,0.00,0.50,0.59,0.00||31.43,19.48,76.38,48.15,4.62||6.19,2.19,4.97||0.01,0.05,0.07,0.15,0.34,0.02||
2.80,17.42,11.61,4.35,5.85,4.83,2.83||0.00,0.00,0.00,0.03,0.04,0.04||3.08,7.76,0.83,22.04,17.82,10.54||4.59,0.80,0.68,0.18,0.40||13.86,4.02,2.75,8.66,2.58||0.00,0.00,0.50,0.59,0.00||25.01,7.77,25.99,43.86,2.69||5.98,2.12,4.83||0.01,0.05,0.07,0.15,0.32,0.02||
2.80,17.42,11.61,4.35,5.85,4.83,2.83||0.00,0.00,0.00,0.03,0.03,0.04||3.08,7.76,0.83,22.04,17.82,10.54||4.59,0.80,0.68,0.18,0.40||13.84,4.02,2.74,8.65,2.57||0.00,0.00,0.50,0.59,0.00||23.28,5.83,18.53,42.60,2.27||6.27,2.21,5.02||0.00,0.02,0.02,0.06,0.14,0.01||
2.80,17.42,11.62,4.35,5.85,4.83,2.83||0.00,0.00,0.00,0.03,0.03,0.04||3.08,7.76,0.83,22.04,17.82,10.54||4.59,0.80,0.68,0.18,0.40||14.07,4.05,2.84,8.74,2.59||0.00,0.00,0.50,0.59,0.00||17.77,1.96,5.18,38.15,1.20||8.15,2.76,6.20||0.02,0.08,0.11,0.22,0.46,0.03||
2.81,17.54,11.68,4.37,5.89,4.85,2.84||0.00,0.00,0.00,0.03,0.03,0.04||3.08,7.76,0.83,22.04,17.82,10.54||4.59,0.80,0.68,0.18,0.40||14.11,4.05,2.86,8.76,2.59||0.00,0.00,0.50,0.59,0.00||27.49,11.36,40.58,45.59,3.36||9.05,3.02,6.74||0.01,0.02,0.03,0.08,0.19,0.01||
2.81,17.57,11.69,4.38,5.89,4.86,2.84||0.00,0.00,0.00,0.03,0.04,0.04||3.08,7.76,0.83,22.04,17.82,10.54||4.66,0.81,0.69,0.19,0.40||14.12,4.05,2.86,8.76,2.59||0.00,0.00,0.50,0.59,0.00||19.34,2.76,7.71,39.49,1.46||8.17,2.77,6.21||0.05,0.16,0.28,0.43,0.82,0.06||
2.81,17.57,11.69,4.38,5.89,4.86,2.84||0.00,0.00,0.00,0.03,0.04,0.04||3.08,7.76,0.83,22.04,17.82,10.54||4.68,0.81,0.70,0.19,0.40||14.00,4.04,2.81,8.71,2.59||0.00,0.00,0.50,0.59,0.00||26.10,9.23,31.80,44.64,2.98||7.60,2.61,5.86||0.01,0.05,0.07,0.16,0.35,0.02||
2.83,17.73,11.78,4.42,5.94,4.89,2.86||0.00,0.00,0.00,0.03,0.04,0.04||3.08,7.76,0.83,22.04,17.82,10.54||4.75,0.82,0.71,0.19,0.41||14.10,4.05,2.85,8.75,2.59||0.00,0.00,0.50,0.59,0.00||36.08,33.93,146.45,50.93,6.40||8.44,2.85,6.38||0.12,0.39,0.86,0.95,1.65,0.15||
2.84,17.80,11.81,4.43,5.96,4.90,2.87||0.00,0.00,0.00,0.03,0.04,0.04||3.11,7.77,0.84,22.13,17.86,10.61||4.81,0.82,0.73,0.19,0.41||14.24,4.07,2.91,8.80,2.60||0.00,0.00,0.50,0.59,0.00||31.86,20.58,81.46,48.42,4.77||7.08,2.45,5.54||0.05,0.16,0.28,0.42,0.81,0.06||
2.84,17.82,11.82,4.44,5.97,4.90,2.87||0.00,0.00,0.00,0.03,0.04,0.04||3.18,7.80,0.87,22.33,17.94,10.76||4.85,0.83,0.74,0.19,0.41||14.15,4.06,2.87,8.77,2.60||0.00,0.00,0.50,0.59,0.00||27.68,11.68,41.93,45.71,3.42||8.22,2.79,6.24||0.01,0.05,0.07,0.15,0.33,0.02||
2.84,17.82,11.82,4.44,5.97,4.91,2.87||0.00,0.00,0.00,0.03,0.04,0.04||3.13,7.78,0.85,22.19,17.88,10.65||4.86,0.83,0.74,0.19,0.41||14.13,4.06,2.86,8.76,2.60||0.00,0.00,0.50,0.59,0.00||23.02,5.57,17.58,42.41,2.21||8.66,2.91,6.51||0.02,0.08,0.12,0.23,0.47,0.03||
2.84,17.82,11.82,4.44,5.97,4.91,2.87||0.00,0.00,0.00,0.03,0.04,0.04||3.18,7.81,0.87,22.34,17.95,10.77||4.93,0.84,0.76,0.20,0.42||14.24,4.07,2.91,8.81,2.60||0.00,0.00,0.50,0.59,0.00||27.37,11.17,39.79,45.51,3.33||9.50,3.15,7.01||0.01,0.05,0.07,0.15,0.33,0.02||
2.84,17.82,11.82,4.44,5.97,4.91,2.87||0.00,0.00,0.00,0.03,0.04,0.04||3.16,7.80,0.86,22.28,17.92,10.72||4.94,0.84,0.76,0.20,0.42||14.27,4.07,2.92,8.82,2.61||0.00,0.00,0.50,0.59,0.00||20.60,3.56,10.40,40.52,1.70||8.60,2.89,6.47||0.04,0.12,0.20,0.33,0.66,0.04||
2.85,17.86,11.84,4.45,5.98,4.91,2.88||0.00,0.00,0.00,0.03,0.04,0.04||3.22,7.83,0.88,22.44,18.00,10.85||4.95,0.84,0.76,0.20,0.42||14.39,4.09,2.98,8.86,2.61||0.00,0.00,0.50,0.59,0.00||36.33,34.88,151.28,51.08,6.51||6.27,2.21,5.02||0.02,0.06,0.08,0.17,0.38,0.02||
2.85,17.91,11.87,4.46,5.99,4.92,2.88||0.00,0.00,0.00,0.03,0.04,0.04||3.26,7.85,0.90,22.57,18.05,10.95||5.02,0.84,0.78,0.20,0.42||14.30,4.08,2.94,8.83,2.61||0.00,0.00,0.50,0.59,0.00||35.66,32.37,138.59,50.69,6.23||5.76,2.06,4.69||0.01,0.03,0.04,0.10,0.22,0.01||
2.86,18.00,11.92,4.48,6.02,4.94,2.89||0.00,0.00,0.00,0.04,0.04,0.04||3.27,7.85,0.90,22.59,18.06,10.97||5.04,0.85,0.78,0.20,0.42||14.16,4.06,2.88,8.77,2.60||0.00,0.00,0.50,0.59,0.00||18.19,2.16,5.78,38.52,1.27||7.16,2.48,5.58||0.00,0.01,0.01,0.04,0.11,0.00||
2.87,18.06,11.95,4.49,6.04,4.95,2.90||0.00,0.00,0.00,0.04,0.04,0.04||3.27,7.85,0.90,22.60,18.06,10.97||5.04,0.85,0.78,0.20,0.42||14.13,4.06,2.86,8.76,2.60||0.00,0.00,0.50,0.59,0.00||35.78,32.80,140.77,50.76,6.28||6.80,2.37,5.36||0.00,0.02,0.02,0.06,0.14,0.01||
2.87,18.07,11.95,4.49,6.04,4.95,2.90||0.00,0.00,0.00,0.04,0.04,0.04||3.27,7.85,0.90,22.60,18.06,10.97||5.07,0.85,0.79,0.20,0.42||14.37,4.08,2.97,8.85,2.61||0.00,0.00,0.50,0.59,0.00||23.96,6.54,21.23,43.10,2.43||7.96,2.71,6.08||0.02,0.07,0.10,0.19,0.41,0.02||
2.87,18.07,11.95,4.49,6.04,4.95,2.90||0.00,0.00,0.00,0.04,0.04,0.04||3.27,7.85,0.90,22.60,18.06,10.97||5.12,0.85,0.80,0.20,0.42||14.41,4.09,2.99,8.87,2.62||0.00,0.00,0.50,0.59,0.00||28.27,12.72,46.33,46.11,3.59||8.37,2.83,6.33||0.00,0.02,0.02,0.06,0.15,0.01||
2.87,18.07,11.95,4.49,6.04,4.95,2.90||0.00,0.00,0.00,0.04,0.04,0.04||3.27,7.85,0.90,22.60,18.06,10.97||5.13,0.86,0.80,0.20,0.43||14.30,4.08,2.94,8.83,2.61||0.00,0.00,0.50,0.59,0.00||22.34,4.93,15.26,41.89,2.06||10.61,3.46,7.66||0.10,0.31,0.64,0.77,1.37,0.12||
2.87,18.07,11.95,4.49,6.04,4.95,2.90||0.00,0.00,0.00,0.04,0.04,0.04||3.27,7.85,0.90,22.60,18.06,10.97||5.13,0.86,0.80,0.20,0.43||14.16,4.06,2.88,8.77,2.60||0.00,0.00,0.50,0.59,0.00||20.31,3.36,9.72,40.29,1.64||10.18,3.34,7.41||0.09,0.29,0.59,0.73,1.31,0.11||
2.87,18.07,11.95,4.49,6.04,4.95,2.90||0.00,0.00,0.00,0.04,0.04,0.04||3.27,7.85,0.90,22.60,18.06,10.97||5.14,0.86,0.81,0.20,0.43||14.49,4.10,3.02,8.90,2.62||0.00,0.00,0.50,0.59,0.00||24.94,7.69,25.66,43.82,2.67||8.48,2.86,6.40||0.09,0.30,0.62,0.75,1.34,0.11||
2.87,18.07,11.95,4.49,6.04,4.95,2.90||0.00,0.00,0.00,0.04,0.04,0.04||3.27,7.85,0.90,22.60,18.06,10.97||5.21,0.86,0.82,0.21,0.43||14.44,4.09,3.00,8.88,2.62||0.00,0.00,0.50,0.59,0.00||24.37,7.00,23.00,43.40,2.53||9.09,3.03,6.77||0.10,0.31,0.64,0.77,1.37,0.12||
2.88,18.11,11.98,4.50,6.06,4.96,2.91||0.00,0.00,0.00,0.04,0.04,0.04||3.27,7.85,0.90,22.60,18.06,10.97||5.23,0.86,0.83,0.21,0.43||14.31,4.08,2.94,8.83,2.61||0.00,0.00,0.49,0.59,0.00||31.92,20.74,82.19,48.45,4.79||6.00,2.13,4.84||0.20,0.61,1.47,1.41,2.31,0.24||
2.88,18.12,11.98,4.50,6.06,4.96,2.91||0.00,0.00,0.00,0.04,0.04,0.04||3.27,7.85,0.90,22.60,18.06,10.97||5.23,0.86,0.83,0.21,0.43||14.28,4.07,2.93,8.82,2.61||0.00,0.00,0.49,0.59,0.00||20.39,3.42,9.92,40.36,1.66||9.29,3.09,6.88||0.01,0.02,0.02,0.06,0.16,0.01||
2.90,18.29,12.07,4.54,6.11,5.00,2.93||0.00,0.00,0.00,0.04,0.04,0.04||3.27,7.85,0.90,22.60,18.06,10.97||5.23,0.86,0.83,0.21,0.43||14.52,4.10,3.03,8.91,2.62||0.00,0.00,0.49,0.59,0.00||21.27,4.05,12.11,41.06,1.83||7.57,2.60,5.84||0.08,0.25,0.49,0.63,1.15,0.09||
2.90,18.32,12.08,4.55,6.12,5.00,2.93||0.00,0.00,0.00,0.04,0.04,0.04||3.27,7.85,0.90,22.60,18.06,10.97||5.23,0.86,0.83,0.21,0.43||14.69,4.12,3.11,8.97,2.64||0.00,0.00,0.49,0.59,0.00||30.15,16.48,62.77,47.34,4.19||6.74,2.35,5.31||0.04,0.13,0.22,0.36,0.71,0.05||
2.90,18.33,12.09,4.55,6.12,5.00,2.93||0.00,0.00,0.00,0.04,0.04,0.04||3.27,7.85,0.90,22.60,18.06,10.97||5.31,0.87,0.85,0.21,0.43||14.48,4.10,3.01,8.90,2.62||0.00,0.00,0.49,0.59,0.00||25.65,8.61,29.30,44.32,2.86||5.69,2.04,4.64||0.11,0.36,0.76,0.87,1.52,0.14||
2.90,18.33,12.09,4.55,6.12,5.00,2.93||0.00,0.00,0.00,0.04,0.04,0.04||3.27,7.85,0.90,22.60,18.06,10.97||5.33,0.87,0.85,0.21,0.43||14.43,4.09,3.00,8.88,2.62||0.00,0.00,0.49,0.59,0.00||34.67,28.92,121.40,50.11,5.83||8.48,2.86,6.40||0.20,0.63,1.54,1.45,2.38,0.25||
2.90,18.33,12.09,4.55,6.12,5.00,2.93||0.00,0.00,0.00,0.04,0.04,0.04||3.27,7.85,0.90,22.60,18.06,10.97||5.33,0.87,0.85,0.21,0.43||14.43,4.09,2.99,8.88,2.62||0.00,0.00,0.49,0.59,0.00||25.14,7.93,26.62,43.95,2.72||8.71,2.92,6.54||0.12,0.39,0.85,0.94,1.64,0.15||
2.90,18.33,12.09,4.55,6.12,5.00,2.93||0.00,0.00,0.00,0.04,0.04,0.04||3.27,7.85,0.90,22.60,18.06,10.97||5.33,0.87,0.85,0.21,0.43||14.43,4.09,2.99,8.88,2.62||0.00,0.00,0.49,0.59,0.00||26.62,9.98,34.85,44.99,3.12||7.35,2.53,5.70||0.18,0.55,1.30,1.29,2.14,0.22||
2.90,18.33,12.09,4.55,6.12,5.00,2.93||0.00,0.00,0.00,0.04,0.04,0.04||3.30,7.87,0.92,22.69,18.10,11.04||5.35,0.87,0.86,0.21,0.43||14.43,4.09,2.99,8.88,2.62||0.00,0.00,0.49,0.58,0.00||30.84,18.06,69.88,47.78,4.42||7.81,2.67,5.99||0.09,0.29,0.58,0.71,1.28,0.11||
2.90,18.33,12.09,4.55,6.12,5.00,2.93||0.00,0.00,0.00,0.04,0.04,0.04||3.27,7.86,0.91,22.62,18.07,10.99||5.35,0.87,0.86,0.21,0.43||14.43,4.09,2.99,8.88,2.62||0.00,0.00,0.49,0.58,0.00||29.91,15.96,60.45,47.18,4.11||7.70,2.63,5.92||0.01,0.03,0.03,0.08,0.20,0.01||
2.90,18.33,12.09,4.55,6.12,5.00,2.93||0.00,0.00,0.00,0.04,0.04,0.04||3.27,7.85,0.91,22.60,18.07,10.98||5.41,0.88,0.87,0.21,0.44||14.55,4.10,3.05,8.92,2.63||0.00,0.00,0.49,0.59,0.00||29.96,16.07,60.95,47.22,4.12||5.55,1.99,4.55||0.00,0.01,0.01,0.05,0.12,0.00||
2.90,18.33,12.09,4.55,6.12,5.00,2.93||0.00,0.00,0.00,0.04,0.04,0.05||3.30,7.87,0.92,22.69,18.10,11.04||5.43,0.88,0.88,0.21,0.44||14.33,4.08,2.95,8.84,2.61||0.00,0.00,0.49,0.59,0.00||24.77,7.48,24.84,43.69,2.63||5.23,1.90,4.34||0.01,0.05,0.06,0.15,0.32,0.02||
2.90,18.33,12.09,4.55,6.12,5.00,2.93||0.00,0.00,0.00,0.04,0.04,0.04||3.34,7.89,0.93,22.80,18.15,11.13||5.43,0.88,0.88,0.21,0.44||14.41,4.09,2.98,8.87,2.62||0.00,0.00,0.49,0.59,0.00||31.81,20.45,80.87,48.39,4.75||6.94,2.41,5.45||0.01,0.03,0.03,0.09,0.21,0.01||
2.90,18.37,12.11,4.56,6.13,5.01,2.94||0.00,0.00,0.00,0.04,0.04,0.05||3.41,7.92,0.96,23.00,18.24,11.29||5.43,0.88,0.88,0.21,0.44||14.54,4.10,3.04,8.92,2.63||0.00,0.00,0.49,0.59,0.00||18.45,2.29,6.18,38.75,1.31||7.64,2.62,5.88||0.01,0.03,0.03,0.08,0.20,0.01||
2.92,18.46,12.16,4.58,6.16,5.03,2.95||0.00,0.00,0.00,0.04,0.04,0.05||3.33,7.88,0.93,22.77,18.14,11.11||5.43,0.88,0.88,0.21,0.44||14.45,4.09,3.00,8.88,2.62||0.00,0.00,0.49,0.59,0.00||21.67,4.37,13.22,41.37,1.92||7.73,2.64,5.94||0.02,0.08,0.12,0.23,0.48,0.03||
2.92,18.48,12.17,4.58,6.16,5.03,2.95||0.00,0.00,0.00,0.04,0.04,0.05||3.37,7.90,0.95,22.90,18.20,11.21||5.43,0.88,0.88,0.21,0.44||14.43,4.09,2.99,8.88,2.62||0.00,0.00,0.49,0.59,0.00||26.29,9.50,32.89,44.77,3.03||4.87,1.78,4.09||0.01,0.04,0.05,0.13,0.29,0.01||
2.92,18.53,12.19,4.59,6.18,5.04,2.96||0.00,0.00,0.00,0.04,0.04,0.04||3.38,7.91,0.95,22.93,18.21,11.23||5.45,0.88,0.88,0.22,0.44||14.31,4.08,2.94,8.83,2.61||0.00,0.00,0.49,0.59,0.00||39.47,48.71,223.80,52.83,7.92||6.80,2.37,5.36||0.01,0.02,0.02,0.07,0.17,0.01||
2.93,18.58,12.22,4.61,6.19,5.05,2.96||0.00,0.00,0.00,0.04,0.04,0.04||3.42,7.93,0.97,23.03,18.25,11.31||5.50,0.89,0.89,0.22,0.44||14.40,4.09,2.98,8.87,2.61||0.00,0.00,0.49,0.59,0.00||24.09,6.69,21.79,43.20,2.46||6.84,2.38,5.38||0.02,0.06,0.09,0.18,0.39,0.02||
2.93,18.59,12.22,4.61,6.20,5.06,2.96||0.00,0.00,0.00,0.04,0.04,0.05||3.46,7.95,0.98,23.14,18.30,11.40||5.51,0.89,0.90,0.22,0.44||14.42,4.09,2.99,8.87,2.62||0.00,0.00,0.49,0.59,0.00||16.32,1.39,3.46,36.85,0.98||5.85,2.09,4.74||0.05,0.15,0.27,0.41,0.79,0.05||
2.93,18.59,12.22,4.61,6.20,5.06,2.96||0.00,0.00,0.00,0.04,0.04,0.04||3.40,7.92,0.96,22.98,18.23,11.27||5.53,0.89,0.90,0.22,0.44||14.43,4.09,2.99,8.88,2.62||0.00,0.00,0.49,0.59,0.00||22.16,4.78,14.69,41.75,2.02||5.47,1.97,4.49||0.03,0.09,0.14,0.26,0.53,0.03||
2.93,18.59,12.22,4.61,6.20,5.06,2.96||0.00,0.00,0.00,0.04,0.04,0.04||3.45,7.94,0.98,23.13,18.29,11.39||5.53,0.89,0.90,0.22,0.44||14.18,4.06,2.89,8.78,2.60||0.00,0.00,0.49,0.59,0.00||28.38,12.92,47.16,46.18,3.63||5.67,2.03,4.63||0.06,0.19,0.34,0.48,0.92,0.07||
2.93,18.59,12.22,4.61,6.20,5.06,2.96||0.00,0.00,0.00,0.04,0.04,0.05||3.46,7.95,0.99,23.16,18.31,11.41||5.53,0.89,0.90,0.22,0.44||14.38,4.08,2.97,8.86,2.61||0.00,0.00,0.49,0.59,0.00||23.72,6.28,20.25,42.93,2.37||8.68,2.92,6.52||0.01,0.02,0.02,0.07,0.16,0.01||
2.93,18.59,12.22,4.61,6.20,5.06,2.96||0.00,0.00,0.00,0.04,0.04,0.05||3.46,7.95,0.99,23.17,18.31,11.42||5.53,0.89,0.90,0.22,0.44||14.17,4.06,2.88,8.78,2.60||0.00,0.00,0.49,0.59,0.00||30.73,17.80,68.70,47.71,4.38||7.76,2.65,5.95||0.01,0.02,0.03,0.08,0.18,0.01||
2.93,18.59,12.22,4.61,6.20,5.06,2.96||0.00,0.00,0.00,0.04,0.04,0.05||3.46,7.95,0.99,23.17,18.31,11.42||5.53,0.89,0.90,0.22,0.44||14.38,4.08,2.97,8.86,2.61||0.00,0.00,0.49,0.59,0.00||22.65,5.21,16.27,42.12,2.13||6.72,2.35,5.30||0.02,0.06,0.08,0.16,0.36,0.02||
2.93,18.59,12.22,4.61,6.20,5.06,2.96||0.00,0.00,0.00,0.04,0.04,0.04||3.47,7.95,0.99,23.17,18.31,11.42||5.53,0.89,0.90,0.22,0.44||14.05,4.05,2.83,8.73,2.59||0.00,0.00,0.49,0.59,0.00||23.31,5.85,18.64,42.62,2.28||9.59,3.17,7.06||0.01,0.04,0.05,0.12,0.27,0.01||
2.93,18.59,12.22,4.61,6.20,5.06,2.96||0.00,0.00,0.00,0.04,0.04,0.05||3.47,7.95,0.99,23.17,18.31,11.42||5.53,0.89,0.90,0.22,0.44||14.11,4.05,2.86,8.76,2.59||0.00,0.00,0.49,0.59,0.00||28.42,12.98,47.46,46.21,3.64||10.88,3.53,7.82||0.01,0.02,0.03,0.08,0.18,0.01||
2.93,18.63,12.24,4.62,6.21,5.06,2.97||0.00,0.00,0.00,0.04,0.04,0.05||3.47,7.95,0.99,23.17,18.31,11.42||5.56,0.89,0.91,0.22,0.44||14.24,4.07,2.91,8.81,2.60||0.00,0.00,0.49,0.59,0.00||54.27,175.32,1005.48,60.16,16.82||9.02,3.01,6.72||0.00,0.01,0.01,0.05,0.13,0.00||
2.93,18.60,12.23,4.61,6.20,5.06,2.96||0.00,0.00,0.00,0.04,0.04,0.05||3.47,7.95,0.99,23.17,18.31,11.42||5.59,0.90,0.92,0.22,0.45||14.27,4.07,2.92,8.82,2.61||0.00,0.00,0.49,0.59,0.00||26.00,9.08,31.18,44.56,2.95||6.75,2.36,5.33||0.01,0.04,0.04,0.11,0.25,0.01||
2.93,18.59,12.22,4.61,6.20,5.06,2.96||0.00,0.00,0.00,0.04,0.05,0.05||3.47,7.95,0.99,23.17,18.31,11.42||5.61,0.90,0.92,0.22,0.45||14.27,4.07,2.93,8.82,2.61||0.00,0.00,0.49,0.59,0.00||42.81,67.54,328.38,54.61,9.60||8.35,2.82,6.32||0.03,0.09,0.14,0.25,0.52,0.03||
2.93,18.63,12.24,4.62,6.21,5.06,2.97||0.00,0.00,0.00,0.05,0.05,0.05||3.47,7.95,0.99,23.17,18.31,11.42||5.63,0.90,0.93,0.22,0.45||14.52,4.10,3.03,8.91,2.62||0.00,0.00,0.49,0.59,0.00||30.18,16.55,63.10,47.36,4.20||7.82,2.67,5.99||0.01,0.02,0.03,0.08,0.18,0.01||
2.95,18.73,12.29,4.64,6.24,5.08,2.98||0.00,0.00,0.00,0.04,0.05,0.05||3.47,7.95,0.99,23.17,18.31,11.42||5.63,0.90,0.93,0.22,0.45||14.57,4.11,3.05,8.93,2.63||0.00,0.00,0.49,0.59,0.00||41.58,60.02,285.94,53.97,8.95||7.02,2.43,5.49||0.01,0.02,0.02,0.07,0.17,0.01||
2.94,18.70,12.28,4.63,6.23,5.08,2.98||0.00,0.00,0.00,0.05,0.05,0.05||3.47,7.95,0.99,23.17,18.31,11.42||5.63,0.90,0.93,0.22,0.45||14.45,4.09,3.00,8.89,2.62||0.00,0.00,0.49,0.59,0.00||50.49,131.13,715.19,58.41,14.18||6.27,2.21,5.02||0.01,0.04,0.05,0.13,0.29,0.01||
2.96,18.83,12.34,4.66,6.27,5.10,2.99||0.00,0.00,0.00,0.04,0.04,0.05||3.47,7.95,0.99,23.17,18.31,11.42||5.63,0.90,0.93,0.22,0.45||14.43,4.09,2.99,8.88,2.62||0.00,0.00,0.49,0.59,0.00||37.71,40.51,180.29,51.86,7.10||6.86,2.39,5.39||0.10,0.33,0.70,0.82,1.45,0.13||
2.96,18.85,12.36,4.67,6.27,5.11,2.99||0.00,0.00,0.00,0.04,0.04,0.05||3.47,7.95,0.99,23.17,18.31,11.42||5.63,0.90,0.93,0.22,0.45||14.31,4.08,2.94,8.83,2.61||0.00,0.00,0.49,0.59,0.00||30.47,17.19,65.95,47.54,4.29||6.19,2.19,4.96||0.01,0.05,0.07,0.16,0.35,0.02||
2.95,18.73,12.29,4.64,6.24,5.08,2.98||0.00,0.00,0.00,0.04,0.05,0.05||3.47,7.95,0.99,23.17,18.31,11.42||5.55,0.89,0.91,0.22,0.44||14.40,4.09,2.98,8.87,2.61||0.00,0.00,0.49,0.59,0.00||29.72,15.56,58.68,47.06,4.05||7.29,2.52,5.67||0.01,0.02,0.03,0.08,0.18,0.01||
2.94,18.66,12.26,4.62,6.22,5.07,2.97||0.00,0.00,0.00,0.04,0.04,0.05||3.47,7.95,0.99,23.17,18.31,11.42||5.53,0.89,0.90,0.22,0.44||14.30,4.08,2.94,8.83,2.61||0.00,0.00,0.49,0.59,0.00||22.22,4.83,14.86,41.80,2.03||5.31,1.92,4.39||0.07,0.24,0.46,0.60,1.10,0.09||
2.94,18.65,12.25,4.62,6.21,5.07,2.97||0.00,0.00,0.00,0.04,0.04,0.05||3.47,7.95,0.99,23.17,18.31,11.42||5.45,0.88,0.88,0.22,0.44||14.40,4.09,2.98,8.87,2.61||0.00,0.00,0.49,0.59,0.00||16.59,1.49,3.74,37.10,1.02||6.58,2.30,5.21||0.03,0.09,0.14,0.25,0.51,0.03||
2.94,18.64,12.25,4.62,6.21,5.07,2.97||0.00,0.00,0.00,0.04,0.04,0.05||3.47,7.95,0.99,23.17,18.31,11.42||5.43,0.88,0.88,0.22,0.44||14.30,4.08,2.94,8.83,2.61||0.00,0.00,0.49,0.59,0.00||23.80,6.36,20.54,42.98,2.39||5.36,1.94,4.42||0.02,0.07,0.09,0.19,0.40,0.02||
2.93,18.60,12.23,4.61,6.20,5.06,2.97||0.00,0.00,0.00,0.04,0.04,0.05||3.47,7.95,0.99,23.17,18.31,11.42||5.35,0.88,0.86,0.21,0.43||14.28,4.07,2.93,8.82,2.61||0.00,0.00,0.49,0.59,0.00||29.50,15.10,56.67,46.92,3.98||8.72,2.93,6.54||0.01,0.04,0.04,0.11,0.25,0.01||
2.93,18.59,12.22,4.61,6.20,5.06,2.96||0.00,0.00,0.00,0.04,0.04,0.05||3.43,7.93,0.97,23.08,18.27,11.35||5.33,0.87,0.85,0.21,0.43||14.40,4.09,2.98,8.86,2.61||0.00,0.00,0.49,0.59,0.00||20.40,3.43,9.94,40.37,1.66||8.49,2.86,6.41||0.04,0.12,0.21,0.34,0.67,0.04||
2.93,18.59,12.22,4.61,6.20,5.06,2.96||0.00,0.00,0.00,0.04,0.04,0.05||3.33,7.88,0.93,22.78,18.14,11.12||5.25,0.87,0.83,0.21,0.43||14.30,4.08,2.94,8.83,2.61||0.00,0.00,0.49,0.59,0.00||27.21,10.90,38.67,45.40,3.28||6.04,2.14,4.87||0.16,0.50,1.16,1.18,1.99,0.20||
2.93,18.59,12.22,4.61,6.20,5.06,2.96||0.00,0.00,0.00,0.04,0.04,0.04||3.28,7.86,0.91,22.64,18.08,11.00||5.24,0.86,0.83,0.21,0.43||14.40,4.09,2.98,8.87,2.61||0.00,0.00,0.49,0.59,0.00||16.67,1.52,3.83,37.17,1.03||6.36,2.24,5.08||0.02,0.08,0.11,0.22,0.46,0.03||
2.93,18.59,12.22,4.61,6.20,5.06,2.96||0.00,0.00,0.00,0.04,0.04,0.04||3.27,7.85,0.91,22.61,18.07,10.98||5.16,0.86,0.81,0.21,0.43||14.42,4.09,2.99,8.87,2.62||0.00,0.00,0.49,0.59,0.00||28.14,12.48,45.29,46.02,3.55||6.81,2.37,5.36||0.05,0.16,0.28,0.43,0.82,0.06||
2.93,18.55,12.20,4.60,6.18,5.05,2.96||0.00,0.00,0.00,0.04,0.04,0.05||3.27,7.85,0.90,22.60,18.06,10.97||5.14,0.86,0.81,0.20,0.43||14.42,4.09,2.99,8.88,2.62||0.00,0.00,0.49,0.59,0.00||23.33,5.87,18.72,42.64,2.28||6.19,2.19,4.97||0.12,0.38,0.81,0.91,1.59,0.14||
2.92,18.50,12.17,4.59,6.17,5.04,2.95||0.00,0.00,0.00,0.04,0.04,0.05||3.27,7.85,0.90,22.60,18.06,10.97||5.06,0.85,0.79,0.20,0.42||14.30,4.08,2.94,8.83,2.61||0.00,0.00,0.49,0.59,0.00||18.36,2.24,6.04,38.66,1.29||5.41,1.95,4.46||0.03,0.11,0.17,0.30,0.60,0.04||
2.91,18.45,12.15,4.58,6.15,5.03,2.95||0.00,0.00,0.00,0.04,0.04,0.05||3.27,7.85,0.90,22.60,18.06,10.97||5.04,0.85,0.78,0.20,0.42||14.16,4.06,2.88,8.77,2.60||0.00,0.00,0.49,0.59,0.00||21.31,4.08,12.21,41.09,1.84||5.27,1.91,4.36||0.01,0.04,0.05,0.12,0.28,0.01||
2.90,18.35,12.10,4.56,6.13,5.01,2.94||0.00,0.00,0.00,0.04,0.04,0.04||3.27,7.85,0.90,22.60,18.06,10.97||5.04,0.85,0.78,0.20,0.42||14.25,4.07,2.92,8.81,2.60||0.00,0.00,0.49,0.59,0.00||19.66,2.95,8.34,39.76,1.52||6.17,2.18,4.96||0.09,0.29,0.60,0.73,1.31,0.11||
2.90,18.33,12.09,4.55,6.12,5.01,2.93||0.00,0.00,0.00,0.04,0.04,0.04||3.27,7.85,0.90,22.60,18.06,10.97||4.98,0.84,0.77,0.20,0.42||14.15,4.06,2.87,8.77,2.60||0.00,0.00,0.49,0.59,0.00||31.18,18.85,73.51,47.99,4.53||9.76,3.22,7.16||0.03,0.10,0.15,0.27,0.55,0.03||
2.90,18.33,12.09,4.55,6.12,5.01,2.93||0.00,0.00,0.00,0.04,0.04,0.04||3.27,7.85,0.90,22.60,18.06,10.97||4.96,0.84,0.76,0.20,0.42||14.01,4.04,2.81,8.72,2.59||0.00,0.00,0.49,0.59,0.00||32.44,22.13,88.69,48.77,4.98||8.84,2.96,6.62||0.00,0.02,0.02,0.06,0.14,0.01||
2.90,18.33,12.09,4.55,6.12,5.00,2.93||0.00,0.00,0.00,0.04,0.04,0.04||3.27,7.85,0.90,22.60,18.06,10.97||4.95,0.84,0.76,0.20,0.42||13.87,4.02,2.75,8.66,2.58||0.00,0.00,0.49,0.59,0.00||40.50,54.02,252.71,53.39,8.42||7.53,2.59,5.81||0.01,0.04,0.05,0.12,0.27,0.01||
2.90,18.33,12.09,4.55,6.12,5.00,2.93||0.00,0.00,0.00,0.04,0.04,0.04||3.27,7.85,0.90,22.60,18.06,10.97||4.95,0.84,0.76,0.20,0.42||14.31,4.08,2.94,8.83,2.61||0.00,0.00,0.49,0.58,0.00||37.92,41.45,185.20,51.98,7.20||6.41,2.26,5.11||0.02,0.07,0.09,0.19,0.41,0.02||
2.90,18.33,12.09,4.55,6.12,5.00,2.93||0.00,0.00,0.00,0.04,0.04,0.04||3.27,7.85,0.90,22.60,18.06,10.97||4.92,0.84,0.75,0.20,0.42||14.28,4.07,2.93,8.82,2.61||0.00,0.00,0.49,0.58,0.00||20.14,3.25,9.35,40.16,1.61||10.65,3.47,7.69||0.03,0.10,0.16,0.28,0.56,0.03||
2.90,18.33,12.09,4.55,6.12,5.00,2.93||0.00,0.00,0.00,0.04,0.04,0.04||3.27,7.85,0.90,22.60,18.06,10.97||4.87,0.83,0.74,0.19,0.41||14.04,4.04,2.82,8.73,2.59||0.00,0.00,0.49,0.58,0.00||22.44,5.03,15.59,41.97,2.08||10.50,3.43,7.60||0.05,0.18,0.33,0.47,0.89,0.07||
2.90,18.33,12.09,4.55,6.12,5.00,2.93||0.00,0.00,0.00,0.04,0.04,0.04||3.27,7.85,0.90,22.60,18.06,10.97||4.86,0.83,0.74,0.19,0.41||14.10,4.05,2.85,8.75,2.59||0.00,0.00,0.49,0.58,0.00||21.64,4.34,13.12,41.35,1.91||4.86,1.78,4.08||0.01,0.05,0.07,0.16,0.34,0.02||
2.90,18.33,12.09,4.55,6.12,5.00,2.93||0.00,0.00,0.00,0.04,0.04,0.04||3.24,7.84,0.89,22.51,18.02,10.90||4.86,0.83,0.74,0.19,0.41||14.12,4.05,2.86,8.76,2.59||0.00,0.00,0.49,0.58,0.00||22.95,5.50,17.32,42.35,2.19||4.99,1.82,4.17||0.02,0.06,0.08,0.17,0.36,0.02||
2.90,18.33,12.09,4.55,6.12,5.00,2.93||0.00,0.00,0.00,0.04,0.04,0.04||3.23,7.83,0.89,22.49,18.02,10.89||4.86,0.83,0.74,0.19,0.41||14.24,4.07,2.91,8.81,2.60||0.00,0.00,0.49,0.58,0.00||18.17,2.15,5.75,38.50,1.26||5.31,1.92,4.39||0.00,0.02,0.02,0.06,0.15,0.01||
2.89,18.25,12.04,4.53,6.10,4.99,2.92||0.00,0.00,0.00,0.04,0.04,0.04||3.23,7.83,0.89,22.49,18.01,10.89||4.84,0.83,0.73,0.19,0.41||14.15,4.06,2.87,8.77,2.60||0.00,0.00,0.49,0.58,0.00||23.77,6.33,20.45,42.96,2.39||5.75,2.06,4.68||0.01,0.02,0.02,0.07,0.17,0.01||
2.88,18.19,12.01,4.52,6.08,4.98,2.92||0.00,0.00,0.00,0.04,0.04,0.04||3.20,7.82,0.88,22.40,17.98,10.82||4.80,0.82,0.72,0.19,0.41||14.13,4.06,2.86,8.76,2.60||0.00,0.00,0.49,0.58,0.00||38.93,46.07,209.64,52.54,7.66||5.87,2.09,4.76||0.00,0.01,0.01,0.03,0.09,0.00||
2.88,18.18,12.01,4.52,6.07,4.98,2.92||0.00,0.00,0.00,0.04,0.04,0.04||3.13,7.78,0.85,22.20,17.89,10.66||4.77,0.82,0.72,0.19,0.41||14.36,4.08,2.97,8.85,2.61||0.00,0.00,0.49,0.58,0.00||25.46,8.35,28.26,44.18,2.81||5.71,2.04,4.65||0.01,0.02,0.02,0.06,0.16,0.01||
2.87,18.09,11.97,4.50,6.05,4.96,2.91||0.00,0.00,0.00,0.04,0.04,0.04||3.12,7.78,0.84,22.16,17.87,10.63||4.77,0.82,0.72,0.19,0.41||14.05,4.05,2.83,8.73,2.59||0.00,0.00,0.49,0.58,0.00||23.41,5.96,19.04,42.70,2.30||5.77,2.06,4.69||0.00,0.02,0.02,0.06,0.14,0.01||
2.87,18.08,11.96,4.49,6.04,4.96,2.90||0.00,0.00,0.00,0.04,0.04,0.04||3.09,7.76,0.83,22.07,17.83,10.56||4.77,0.82,0.72,0.19,0.41||13.87,4.02,2.75,8.66,2.58||0.00,0.00,0.49,0.58,0.00||26.13,9.26,31.93,44.65,2.98||8.27,2.80,6.27||0.01,0.02,0.02,0.07,0.17,0.01||
2.87,18.07,11.95,4.49,6.04,4.95,2.90||0.00,0.00,0.00,0.04,0.04,0.04||3.11,7.77,0.84,22.14,17.86,10.61||4.77,0.82,0.72,0.19,0.41||13.95,4.03,2.79,8.70,2.58||0.00,0.00,0.49,0.58,0.00||28.39,12.93,47.23,46.19,3.63||6.99,2.43,5.47||0.01,0.03,0.04,0.09,0.22,0.01||
2.87,18.07,11.95,4.49,6.04,4.95,2.90||0.00,0.00,0.00,0.04,0.04,0.04||3.09,7.76,0.83,22.06,17.83,10.56||4.77,0.82,0.72,0.19,0.41||14.09,4.05,2.85,8.75,2.59||0.00,0.00,0.49,0.58,0.00||34.24,27.49,114.39,49.86,5.66||6.04,2.14,4.87||0.10,0.32,0.65,0.78,1.38,0.12||
2.87,18.07,11.95,4.49,6.04,4.95,2.90||0.00,0.00,0.00,0.04,0.04,0.04||3.08,7.76,0.83,22.05,17.82,10.55||4.75,0.82,0.71,0.19,0.41||14.00,4.04,2.81,8.71,2.59||0.00,0.00,0.49,0.58,0.00||16.78,1.56,3.95,37.27,1.05||9.33,3.10,6.91||6.55,16.09,86.65,27.07,30.29,8.37||
2.87,18.07,11.95,4.49,6.04,4.95,2.90||0.00,0.00,0.00,0.04,0.04,0.04||3.08,7.76,0.83,22.04,17.82,10.54||4.72,0.82,0.71,0.19,0.41||13.86,4.02,2.75,8.66,2.58||0.00,0.00,0.49,0.58,0.00||26.47,9.77,33.98,44.89,3.08||7.97,2.71,6.09||0.12,0.40,0.87,0.96,1.66,0.15||
2.87,18.07,11.95,4.49,6.04,4.95,2.90||0.00,0.00,0.00,0.04,0.04,0.04||3.08,7.76,0.83,22.04,17.82,10.54||4.72,0.82,0.71,0.19,0.41||14.19,4.06,2.89,8.79,2.60||0.00,0.00,0.49,0.58,0.00||36.62,36.02,157.07,51.24,6.63||6.76,2.36,5.33||0.03,0.12,0.20,0.33,0.65,0.04||
2.87,18.07,11.95,4.49,6.04,4.95,2.90||0.00,0.00,0.00,0.04,0.04,0.04||3.08,7.76,0.83,22.04,17.82,10.54||4.70,0.81,0.70,0.19,0.41||14.14,4.06,2.87,8.77,2.60||0.00,0.00,0.49,0.58,0.00||34.32,27.76,115.72,49.91,5.69||7.09,2.46,5.54||0.19,0.59,1.42,1.37,2.26,0.23||
2.87,18.07,11.95,4.49,6.04,4.95,2.90||0.00,0.00,0.00,0.04,0.04,0.04||3.11,7.77,0.84,22.13,17.86,10.61||4.68,0.81,0.70,0.19,0.40||13.89,4.03,2.76,8.67,2.58||0.00,0.00,0.49,0.58,0.00||26.38,9.63,33.44,44.83,3.05||8.05,2.74,6.14||0.03,0.11,0.17,0.30,0.60,0.04||
2.87,18.07,11.95,4.49,6.04,4.95,2.90||0.00,0.00,0.00,0.04,0.04,0.04||3.09,7.76,0.83,22.06,17.83,10.56||4.68,0.81,0.70,0.19,0.40||13.84,4.02,2.74,8.65,2.57||0.00,0.00,0.49,0.58,0.00||25.87,8.91,30.49,44.47,2.91||9.87,3.25,7.23||0.01,0.04,0.05,0.12,0.28,0.01||
2.87,18.07,11.95,4.49,6.04,4.95,2.90||0.00,0.00,0.00,0.04,0.04,0.04||3.08,7.76,0.83,22.05,17.82,10.55||4.68,0.81,0.70,0.19,0.40||14.07,4.05,2.84,8.74,2.59||0.00,0.00,0.49,0.58,0.00||23.20,5.74,18.21,42.54,2.25||11.00,3.57,7.89||0.02,0.07,0.10,0.20,0.43,0.02||
2.87,18.07,11.95,4.49,6.04,4.95,2.90||0.00,0.00,0.00,0.04,0.04,0.04||3.08,7.76,0.83,22.04,17.82,10.54||4.68,0.81,0.70,0.19,0.40||13.64,4.00,2.66,8.57,2.56||0.00,0.00,0.49,0.58,0.00||34.20,27.37,113.84,49.84,5.64||8.73,2.93,6.55||0.01,0.04,0.05,0.11,0.26,0.01||
2.87,18.07,11.95,4.49,6.04,4.95,2.90||0.00,0.00,0.00,0.04,0.04,0.04||3.08,7.76,0.83,22.04,17.82,10.54||4.68,0.81,0.70,0.19,0.40||13.91,4.03,2.77,8.68,2.58||0.00,0.00,0.49,0.58,0.00||20.47,3.47,10.10,40.42,1.67||7.47,2.57,5.78||0.05,0.17,0.30,0.45,0.86,0.06||
2.87,18.07,11.95,4.49,6.04,4.95,2.90||0.00,0.00,0.00,0.04,0.04,0.04||3.08,7.76,0.83,22.04,17.82,10.54||4.68,0.81,0.70,0.19,0.40||13.85,4.02,2.74,8.65,2.57||0.00,0.00,0.49,0.58,0.00||26.60,9.96,34.77,44.98,3.11||8.99,3.01,6.71||0.00,0.01,0.01,0.05,0.12,0.00||
2.87,18.03,11.93,4.48,6.03,4.95,2.90||0.00,0.00,0.00,0.04,0.04,0.04||3.08,7.76,0.83,22.04,17.82,10.54||4.68,0.81,0.70,0.19,0.40||13.83,4.02,2.74,8.65,2.57||0.00,0.00,0.48,0.58,0.00||34.26,27.54,114.67,49.87,5.66||8.08,2.74,6.15||0.01,0.04,0.05,0.12,0.27,0.01||
2.87,18.02,11.93,4.48,6.03,4.95,2.90||0.00,0.00,0.00,0.04,0.04,0.04||3.08,7.76,0.83,22.04,17.82,10.54||4.67,0.81,0.69,0.19,0.40||13.71,4.01,2.69,8.60,2.57||0.00,0.00,0.48,0.58,0.00||33.74,25.91,106.71,49.56,5.46||9.18,3.06,6.82||0.01,0.04,0.05,0.13,0.29,0.01||
2.87,18.02,11.93,4.48,6.03,4.94,2.90||0.00,0.00,0.00,0.04,0.04,0.04||3.08,7.76,0.83,22.04,17.82,10.54||4.64,0.81,0.69,0.19,0.40||13.81,4.02,2.73,8.64,2.57||0.00,0.00,0.48,0.58,0.00||21.50,4.23,12.73,41.24,1.88||9.22,3.07,6.84||0.02,0.07,0.11,0.21,0.44,0.02||
2.86,17.98,11.91,4.47,6.02,4.94,2.89||0.00,0.00,0.00,0.04,0.04,0.04||3.08,7.76,0.83,22.04,17.82,10.54||4.60,0.80,0.68,0.19,0.40||13.94,4.03,2.78,8.69,2.58||0.00,0.00,0.48,0.58,0.00||15.17,1.04,2.46,35.77,0.82||7.10,2.46,5.55||0.02,0.08,0.12,0.22,0.47,0.03||
2.86,17.93,11.88,4.46,6.00,4.93,2.89||0.00,0.00,0.00,0.03,0.04,0.04||3.08,7.76,0.83,22.04,17.82,10.54||4.60,0.80,0.68,0.18,0.40||13.85,4.02,2.75,8.66,2.58||0.00,0.00,0.48,0.58,0.00||19.61,2.92,8.25,39.72,1.51||7.82,2.67,5.99||0.03,0.09,0.13,0.25,0.51,0.03||
2.86,17.96,11.90,4.47,6.01,4.93,2.89||0.00,0.00,0.00,0.04,0.04,0.04||3.08,7.76,0.83,22.04,17.82,10.54||4.59,0.80,0.68,0.18,0.40||13.72,4.01,2.69,8.60,2.57||0.00,0.00,0.49,0.58,0.00||43.95,75.02,371.47,55.20,10.21||7.59,2.60,5.85||0.01,0.03,0.03,0.08,0.20,0.01||
2.85,17.89,11.86,4.45,5.99,4.92,2.88||0.00,0.00,0.00,0.03,0.04,0.04||3.08,7.76,0.83,22.04,17.82,10.54||4.59,0.80,0.68,0.18,0.40||13.81,4.02,2.73,8.64,2.57||0.00,0.00,0.49,0.58,0.00||21.68,4.37,13.23,41.38,1.92||7.08,2.45,5.53||0.00,0.02,0.02,0.05,0.13,0.00||
2.84,17.83,11.83,4.44,5.97,4.91,2.88||0.00,0.00,0.00,0.03,0.04,0.04||3.08,7.76,0.83,22.04,17.82,10.54||4.59,0.80,0.68,0.18,0.40||14.18,4.06,2.88,8.78,2.60||0.00,0.00,0.49,0.58,0.00||24.09,6.68,21.75,43.19,2.46||6.57,2.30,5.21||0.01,0.04,0.06,0.13,0.30,0.01||
2.84,17.82,11.82,4.44,5.97,4.91,2.87||0.00,0.00,0.00,0.04,0.04,0.04||3.08,7.76,0.83,22.04,17.82,10.54||4.59,0.80,0.68,0.18,0.40||14.02,4.04,2.82,8.72,2.59||0.00,0.00,0.49,0.58,0.00||18.41,2.27,6.12,38.71,1.30||6.58,2.31,5.22||0.02,0.07,0.10,0.21,0.44,0.02||
2.85,17.86,11.84,4.45,5.98,4.91,2.88||0.00,0.00,0.00,0.04,0.04,0.04||3.08,7.76,0.83,22.04,17.82,10.54||4.59,0.80,0.68,0.18,0.40||14.22,4.07,2.90,8.80,2.60||0.00,0.00,0.49,0.58,0.00||29.68,15.47,58.30,47.04,4.03||7.36,2.53,5.71||0.06,0.21,0.39,0.54,1.00,0.08||
2.84,17.83,11.83,4.44,5.97,4.91,2.87||0.00,0.00,0.00,0.04,0.04,0.04||3.08,7.76,0.83,22.04,17.82,10.54||4.59,0.80,0.68,0.18,0.40||14.14,4.06,2.87,8.77,2.60||0.00,0.00,0.48,0.58,0.00||24.48,7.12,23.47,43.48,2.56||7.56,2.59,5.83||0.02,0.06,0.08,0.18,0.38,0.02||
2.84,17.82,11.82,4.44,5.97,4.91,2.87||0.00,0.00,0.00,0.03,0.04,0.04||3.08,7.76,0.83,22.04,17.82,10.54||4.59,0.80,0.68,0.18,0.40||13.89,4.03,2.76,8.67,2.58||0.00,0.00,0.48,0.58,0.00||20.93,3.80,11.22,40.79,1.77||6.45,2.27,5.13||0.01,0.05,0.06,0.14,0.32,0.02||
2.84,17.82,11.82,4.44,5.97,4.91,2.87||0.00,0.00,0.00,0.03,0.04,0.04||3.08,7.76,0.83,22.04,17.82,10.54||4.59,0.80,0.68,0.18,0.40||13.84,4.02,2.74,8.65,2.57||0.00,0.00,0.48,0.58,0.00||17.78,1.97,5.19,38.16,1.20||7.45,2.56,5.76||0.01,0.04,0.05,0.12,0.28,0.01||
2.84,17.82,11.82,4.44,5.97,4.91,2.87||0.00,0.00,0.00,0.03,0.04,0.04||3.08,7.76,0.83,22.04,17.82,10.54||4.59,0.80,0.68,0.18,0.40||13.72,4.01,2.69,8.60,2.57||0.00,0.00,0.48,0.58,0.00||33.08,23.94,97.29,49.16,5.21||9.28,3.09,6.88||0.01,0.02,0.03,0.08,0.19,0.01||
2.84,17.82,11.82,4.44,5.97,4.91,2.87||0.00,0.00,0.00,0.04,0.04,0.04||3.08,7.76,0.83,22.04,17.82,10.54||4.59,0.80,0.68,0.18,0.40||13.81,4.02,2.73,8.64,2.57||0.00,0.00,0.49,0.58,0.00||46.55,94.56,487.34,56.51,11.70||6.17,2.18,4.95||0.04,0.14,0.23,0.37,0.72,0.05||
2.84,17.82,11.82,4.44,5.97,4.91,2.87||0.00,0.00,0.00,0.03,0.04,0.04||3.08,7.76,0.83,22.04,17.82,10.54||4.59,0.80,0.68,0.18,0.40||13.94,4.03,2.78,8.69,2.58||0.00,0.00,0.49,0.58,0.00||28.95,13.99,51.82,46.56,3.80||7.44,2.56,5.76||0.09,0.29,0.58,0.72,1.29,0.11||
2.84,17.82,11.82,4.44,5.97,4.91,2.87||0.00,0.00,0.00,0.04,0.04,0.04||3.08,7.76,0.83,22.04,17.82,10.54||4.59,0.80,0.68,0.18,0.40||13.74,4.01,2.70,8.61,2.57||0.00,0.00,0.49,0.58,0.00||36.12,34.09,147.26,50.96,6.42||6.09,2.16,4.90||0.00,0.01,0.01,0.04,0.10,0.00||
2.84,17.82,11.82,4.44,5.97,4.91,2.87||0.00,0.00,0.00,0.03,0.04,0.04||3.08,7.76,0.83,22.04,17.82,10.54||4.58,0.80,0.67,0.18,0.40||13.81,4.02,2.73,8.64,2.57||0.00,0.00,0.49,0.58,0.00||32.16,21.37,85.17,48.60,4.88||6.27,2.21,5.02||0.01,0.03,0.03,0.09,0.21,0.01||
2.84,17.82,11.82,4.44,5.97,4.91,2.87||0.00,0.00,0.00,0.03,0.04,0.04||3.08,7.76,0.83,22.04,17.82,10.54||4.59,0.80,0.68,0.18,0.40||13.71,4.00,2.69,8.60,2.56||0.00,0.00,0.49,0.58,0.00||33.24,24.40,99.49,49.26,5.27||8.15,2.77,6.20||0.04,0.13,0.23,0.36,0.71,0.05||
2.84,17.82,11.82,4.44,5.97,4.91,2.87||0.00,0.00,0.00,0.03,0.04,0.04||3.08,7.76,0.83,22.04,17.82,10.54||4.57,0.80,0.67,0.18,0.40||13.92,4.03,2.78,8.68,2.58||0.00,0.00,0.49,0.58,0.00||42.95,68.38,333.17,54.68,9.67||7.07,2.45,5.53||0.01,0.04,0.05,0.11,0.26,0.01||
2.84,17.82,11.82,4.44,5.97,4.91,2.87||0.00,0.00,0.00,0.03,0.04,0.04||3.08,7.76,0.83,22.04,17.82,10.54||4.57,0.80,0.67,0.18,0.40||13.85,4.02,2.74,8.65,2.57||0.00,0.00,0.49,0.58,0.00||32.68,22.79,91.83,48.92,5.07||6.57,2.30,5.21||0.00,0.01,0.01,0.03,0.08,0.00||
2.84,17.82,11.82,4.44,5.97,4.91,2.87||0.00,0.00,0.00,0.03,0.04,0.04||3.08,7.76,0.83,22.04,17.82,10.54||4.55,0.80,0.67,0.18,0.40||13.95,4.03,2.79,8.69,2.58||0.00,0.00,0.49,0.58,0.00||28.45,13.05,47.72,46.23,3.65||9.49,3.15,7.00||0.01,0.02,0.02,0.07,0.17,0.01||
2.84,17.82,11.82,4.44,5.97,4.91,2.87||0.00,0.00,0.00,0.03,0.04,0.04||3.05,7.74,0.82,21.96,17.78,10.48||4.52,0.80,0.66,0.18,0.40||13.74,4.01,2.70,8.61,2.57||0.00,0.00,0.49,0.58,0.00||33.24,24.40,99.49,49.26,5.27||7.50,2.58,5.80||0.01,0.05,0.07,0.15,0.34,0.02||
2.84,17.82,11.82,4.44,5.97,4.91,2.87||0.00,0.00,0.00,0.03,0.04,0.04||3.08,7.75,0.83,22.03,17.81,10.53||4.51,0.80,0.66,0.18,0.40||14.05,4.05,2.83,8.73,2.59||0.00,0.00,0.49,0.58,0.00||22.53,5.10,15.86,42.03,2.10||6.57,2.30,5.21||0.00,0.01,0.01,0.05,0.12,0.00||
2.84,17.82,11.82,4.44,5.97,4.91,2.87||0.00,0.00,0.00,0.04,0.04,0.04||3.08,7.76,0.83,22.04,17.82,10.54||4.51,0.80,0.66,0.18,0.40||14.23,4.07,2.91,8.80,2.60||0.00,0.00,0.49,0.58,0.00||36.20,34.38,148.73,51.00,6.45||6.25,2.21,5.01||0.06,0.19,0.35,0.49,0.93,0.07||
2.84,17.82,11.82,4.44,5.97,4.91,2.87||0.00,0.00,0.00,0.03,0.04,0.04||3.08,7.76,0.83,22.04,17.82,10.54||4.52,0.80,0.66,0.18,0.40||14.14,4.06,2.87,8.77,2.60||0.00,0.00,0.49,0.58,0.00||18.24,2.18,5.86,38.57,1.28||8.41,2.84,6.36||0.02,0.06,0.09,0.18,0.39,0.02||
2.84,17.82,11.82,4.44,5.97,4.91,2.87||0.00,0.00,0.00,0.03,0.04,0.04||3.08,7.76,0.83,22.04,17.82,10.54||4.51,0.80,0.66,0.18,0.40||13.89,4.03,2.76,8.67,2.58||0.00,0.00,0.49,0.58,0.00||40.81,55.67,261.77,53.55,8.57||5.53,1.99,4.53||0.01,0.04,0.04,0.11,0.25,0.01||
2.84,17.78,11.80,4.43,5.96,4.90,2.87||0.00,0.00,0.00,0.03,0.04,0.04||3.08,7.76,0.83,22.04,17.82,10.54||4.51,0.80,0.66,0.18,0.40||13.96,4.04,2.79,8.70,2.58||0.00,0.00,0.49,0.58,0.00||20.95,3.81,11.26,40.80,1.77||5.96,2.12,4.82||0.00,0.01,0.01,0.04,0.10,0.00||
2.84,17.81,11.82,4.43,5.97,4.90,2.87||0.00,0.00,0.00,0.03,0.04,0.04||3.08,7.76,0.83,22.04,17.82,10.54||4.54,0.80,0.66,0.18,0.40||13.86,4.02,2.75,8.66,2.58||0.00,0.00,0.49,0.58,0.00||33.43,24.95,102.10,49.37,5.34||7.19,2.49,5.60||0.01,0.04,0.05,0.11,0.26,0.01||
2.84,17.82,11.82,4.44,5.97,4.90,2.87||0.00,0.00,0.00,0.03,0.04,0.04||3.08,7.76,0.83,22.04,17.82,10.54||4.58,0.80,0.67,0.18,0.40||14.07,4.05,2.84,8.74,2.59||0.00,0.00,0.49,0.58,0.00||19.34,2.76,7.72,39.50,1.46||5.94,2.11,4.80||0.01,0.02,0.03,0.08,0.19,0.01||
2.84,17.82,11.82,4.44,5.97,4.91,2.87||0.00,0.00,0.00,0.04,0.04,0.04||3.08,7.76,0.83,22.04,17.82,10.54||4.59,0.80,0.68,0.18,0.40||14.35,4.08,2.96,8.85,2.61||0.00,0.00,0.49,0.58,0.00||11.84,0.38,0.76,32.33,0.46||5.19,1.88,4.31||0.01,0.02,0.02,0.07,0.16,0.01||
2.84,17.82,11.82,4.44,5.97,4.91,2.87||0.00,0.00,0.00,0.03,0.04,0.04||3.08,7.76,0.83,22.04,17.82,10.54||4.59,0.80,0.68,0.18,0.40||14.05,4.05,2.83,8.73,2.59||0.00,0.00,0.49,0.58,0.00||16.18,1.35,3.33,36.73,0.96||4.58,1.69,3.90||0.01,0.03,0.04,0.11,0.25,0.01||
2.84,17.82,11.82,4.44,5.97,4.91,2.87||0.00,0.00,0.00,0.03,0.04,0.04||3.08,7.76,0.83,22.04,17.82,10.54||4.59,0.80,0.68,0.18,0.40||13.87,4.02,2.75,8.66,2.58||0.00,0.00,0.49,0.58,0.00||14.56,0.88,2.02,35.18,0.75||5.48,1.97,4.50||0.10,0.33,0.68,0.81,1.43,0.12||
2.84,17.82,11.82,4.44,5.97,4.91,2.87||0.00,0.00,0.00,0.03,0.04,0.04||3.08,7.76,0.83,22.04,17.82,10.54||4.59,0.80,0.68,0.18,0.40||14.19,4.06,2.89,8.79,2.60||0.00,0.00,0.49,0.58,0.00||15.52,1.14,2.74,36.11,0.87||9.28,3.09,6.88||0.04,0.14,0.24,0.37,0.73,0.05||
2.84,17.82,11.82,4.44,5.97,4.91,2.87||0.00,0.00,0.00,0.03,0.04,0.04||3.08,7.76,0.83,22.04,17.82,10.54||4.59,0.80,0.68,0.18,0.40||14.14,4.06,2.87,8.77,2.60||0.00,0.00,0.49,0.58,0.00||15.55,1.15,2.76,36.13,0.87||7.44,2.56,5.76||0.00,0.01,0.01,0.02,0.07,0.00||
2.84,17.82,11.82,4.44,5.97,4.91,2.87||0.00,0.00,0.00,0.03,0.04,0.04||3.08,7.76,0.83,22.04,17.82,10.54||4.59,0.80,0.68,0.18,0.40||14.37,4.08,2.97,8.85,2.61||0.00,0.00,0.49,0.58,0.00||19.28,2.73,7.61,39.45,1.45||9.69,3.20,7.12||0.01,0.02,0.02,0.07,0.16,0.01||
