4.58,34.68,19.94,8.08,10.79,7.89,4.67||0.00,0.00,0.00,0.08,0.07,0.08||61.60,14.59,70.65,78.50,35.66,80.91||12.91,1.43,3.37,0.47,0.70||54.43,7.09,49.64,20.15,4.41||0.02,0.05,0.70,0.81,0.01||27.36,11.15,39.69,45.50,3.33||11.43,3.69,8.14||1.42,3.86,14.69,7.47,9.89,1.79||
3.10,20.13,13.01,4.95,6.65,5.35,3.14||0.00,0.00,0.00,0.04,0.04,0.04||5.33,8.71,1.87,27.81,20.23,15.31||5.50,0.89,0.90,0.22,0.44||18.23,4.51,4.91,10.26,2.87||0.00,0.01,0.53,0.63,0.00||26.87,10.36,36.44,45.16,3.19||8.06,2.74,6.14||0.14,0.45,1.02,1.08,1.83,0.18||
2.89,18.25,12.05,4.53,6.10,4.99,2.92||0.00,0.00,0.00,0.04,0.04,0.04||3.31,7.87,0.92,22.72,18.11,11.06||4.72,0.82,0.71,0.19,0.41||14.73,4.13,3.13,8.99,2.64||0.00,0.01,0.50,0.60,0.00||42.99,68.63,334.64,54.70,9.69||6.36,2.24,5.08||0.53,1.53,4.65,3.24,4.78,0.66||
2.85,17.91,11.87,4.46,5.99,4.92,2.88||0.00,0.00,0.00,0.03,0.04,0.04||2.99,7.70,0.79,21.75,17.69,10.32||4.58,0.80,0.67,0.18,0.40||14.24,4.07,2.91,8.81,2.60||0.00,0.00,0.50,0.59,0.00||36.70,36.34,158.75,51.29,6.67||6.00,2.13,4.84||0.26,0.79,2.03,1.78,2.84,0.32||
2.84,17.84,11.83,4.44,5.97,4.91,2.88||0.00,0.00,0.00,0.03,0.04,0.04||2.93,7.67,0.77,21.56,17.61,10.18||4.54,0.80,0.66,0.18,0.40||14.15,4.06,2.87,8.77,2.60||0.00,0.00,0.50,0.59,0.00||22.55,5.12,15.93,42.05,2.10||5.99,2.13,4.84||0.45,1.30,3.81,2.81,4.22,0.55||
2.84,17.82,11.82,4.44,5.97,4.91,2.87||0.00,0.00,0.00,0.03,0.04,0.04||2.91,7.66,0.76,21.53,17.59,10.15||4.53,0.80,0.66,0.18,0.40||14.02,4.04,2.81,8.72,2.59||0.00,0.00,0.50,0.59,0.00||39.42,48.45,222.44,52.81,7.89||9.03,3.02,6.73||22.60,51.20,365.45,76.93,75.13,29.28||
2.84,17.82,11.82,4.44,5.97,4.91,2.87||0.00,0.00,0.00,0.03,0.04,0.04||2.94,7.68,0.77,21.60,17.62,10.21||4.49,0.79,0.65,0.18,0.40||13.99,4.04,2.80,8.71,2.59||0.00,0.00,0.50,0.59,0.00||28.93,13.95,51.62,46.54,3.79||7.85,2.68,6.01||0.76,2.15,7.08,4.40,6.24,0.95||
2.84,17.82,11.82,4.44,5.97,4.91,2.87||0.00,0.00,0.00,0.03,0.04,0.04||2.94,7.68,0.77,21.62,17.63,10.22||4.51,0.80,0.66,0.18,0.40||14.10,4.05,2.85,8.75,2.59||0.00,0.00,0.50,0.59,0.00||25.38,8.25,27.86,44.13,2.79||8.01,2.72,6.11||0.49,1.42,4.25,3.04,4.52,0.61||
2.84,17.82,11.82,4.44,5.97,4.91,2.87||0.00,0.00,0.00,0.03,0.04,0.04||2.92,7.67,0.76,21.54,17.59,10.16||4.54,0.80,0.66,0.18,0.40||14.01,4.04,2.81,8.71,2.59||0.00,0.00,0.50,0.59,0.00||50.46,130.78,712.92,58.40,14.15||7.70,2.64,5.92||1.01,2.81,9.91,5.61,7.71,1.27||
2.84,17.82,11.82,4.44,5.97,4.91,2.87||0.00,0.00,0.00,0.03,0.04,0.04||2.91,7.66,0.76,21.52,17.59,10.14||4.54,0.80,0.67,0.18,0.40||13.87,4.02,2.75,8.66,2.58||0.00,0.00,0.50,0.59,0.00||36.89,37.10,162.65,51.40,6.75||5.50,1.98,4.51||0.76,2.14,7.05,4.39,6.22,0.94||
2.84,17.82,11.82,4.44,5.97,4.91,2.87||0.00,0.00,0.00,0.03,0.04,0.04||2.91,7.66,0.76,21.52,17.59,10.14||4.54,0.80,0.67,0.18,0.40||14.07,4.05,2.84,8.74,2.59||0.00,0.00,0.49,0.59,0.00||33.93,26.51,109.64,49.67,5.54||7.80,2.66,5.98||1.68,4.51,17.81,8.59,11.16,2.11||
2.84,17.82,11.82,4.44,5.97,4.91,2.87||0.00,0.00,0.00,0.03,0.04,0.04||2.91,7.66,0.76,21.52,17.59,10.14||4.54,0.80,0.67,0.18,0.40||14.11,4.05,2.86,8.76,2.59||0.00,0.00,0.49,0.59,0.00||34.77,29.22,122.92,50.17,5.86||6.07,2.15,4.89||1.14,3.13,11.30,6.18,8.38,1.42||
2.84,17.82,11.82,4.44,5.97,4.91,2.87||0.00,0.00,0.00,0.03,0.04,0.04||2.91,7.66,0.76,21.52,17.59,10.14||4.54,0.80,0.67,0.18,0.40||14.12,4.05,2.86,8.76,2.59||0.00,0.00,0.49,0.59,0.00||67.22,414.43,2758.45,65.64,27.90||7.87,2.68,6.02||1.13,3.12,11.26,6.16,8.36,1.42||
2.84,17.82,11.82,4.44,5.97,4.91,2.87||0.00,0.00,0.00,0.03,0.04,0.04||2.91,7.66,0.76,21.52,17.59,10.14||4.54,0.80,0.67,0.18,0.40||14.12,4.05,2.86,8.76,2.59||0.00,0.00,0.49,0.59,0.00||35.87,33.15,142.50,50.81,6.31||6.52,2.29,5.18||0.42,1.23,3.55,2.67,4.03,0.52||
2.84,17.82,11.82,4.44,5.97,4.91,2.87||0.00,0.00,0.00,0.03,0.04,0.04||2.91,7.66,0.76,21.52,17.59,10.14||4.54,0.80,0.67,0.18,0.40||13.78,4.01,2.72,8.63,2.57||0.00,0.00,0.49,0.59,0.00||35.42,31.50,134.24,50.55,6.13||9.96,3.28,7.28||1.46,3.96,15.13,7.63,10.07,1.84||
2.84,17.82,11.82,4.44,5.97,4.91,2.87||0.00,0.00,0.00,0.03,0.04,0.04||2.91,7.66,0.76,21.52,17.59,10.14||4.54,0.80,0.67,0.18,0.40||13.94,4.03,2.78,8.69,2.58||0.00,0.00,0.49,0.59,0.00||36.09,33.98,146.68,50.94,6.41||6.15,2.18,4.94||0.66,1.87,5.97,3.89,5.60,0.82||
2.84,17.82,11.82,4.44,5.97,4.91,2.87||0.00,0.00,0.00,0.03,0.04,0.04||2.94,7.68,0.77,21.60,17.62,10.20||4.54,0.80,0.67,0.18,0.40||13.86,4.02,2.75,8.66,2.58||0.00,0.00,0.49,0.59,0.00||47.32,101.01,526.59,56.89,12.16||7.47,2.57,5.78||1.99,5.29,21.73,9.92,12.66,2.51||
2.84,17.82,11.82,4.44,5.97,4.91,2.87||0.00,0.00,0.00,0.03,0.04,0.04||2.92,7.67,0.76,21.53,17.59,10.15||4.54,0.80,0.67,0.18,0.40||14.07,4.05,2.84,8.74,2.59||0.00,0.00,0.49,0.59,0.00||46.94,97.75,506.68,56.70,11.93||8.64,2.91,6.49||2.67,6.96,30.58,12.72,15.70,3.38||
2.84,17.82,11.82,4.44,5.97,4.91,2.87||0.00,0.00,0.00,0.03,0.04,0.04||2.91,7.66,0.76,21.52,17.59,10.14||4.56,0.80,0.67,0.18,0.40||13.89,4.03,2.76,8.67,2.58||0.00,0.00,0.49,0.59,0.00||51.66,143.80,796.88,58.96,14.97||8.27,2.80,6.27||0.74,2.09,6.83,4.28,6.10,0.92||
2.84,17.82,11.82,4.44,5.97,4.91,2.87||0.00,0.00,0.00,0.03,0.04,0.04||2.91,7.66,0.76,21.52,17.59,10.14||4.55,0.80,0.67,0.18,0.40||13.85,4.02,2.75,8.66,2.58||0.00,0.00,0.49,0.59,0.00||31.54,19.74,77.59,48.21,4.66||7.91,2.69,6.05||0.56,1.61,4.96,3.40,4.99,0.70||
2.84,17.82,11.82,4.44,5.97,4.91,2.87||0.00,0.00,0.00,0.03,0.04,0.04||2.91,7.66,0.76,21.52,17.59,10.14||4.54,0.80,0.67,0.18,0.40||13.84,4.02,2.74,8.65,2.57||0.00,0.00,0.49,0.59,0.00||31.22,18.95,73.95,48.01,4.54||12.05,3.86,8.49||1.14,3.15,11.40,6.22,8.42,1.43||
2.84,17.82,11.82,4.44,5.97,4.91,2.87||0.00,0.00,0.00,0.03,0.04,0.04||2.91,7.66,0.76,21.52,17.59,10.14||4.54,0.80,0.67,0.18,0.40||13.95,4.03,2.79,8.70,2.58||0.00,0.00,0.49,0.59,0.00||52.34,151.51,847.29,59.28,15.43||10.92,3.55,7.84||1.23,3.37,12.38,6.60,8.87,1.54||
2.84,17.82,11.82,4.44,5.97,4.91,2.87||0.00,0.00,0.00,0.03,0.04,0.04||2.94,7.68,0.77,21.60,17.62,10.20||4.61,0.81,0.68,0.19,0.40||14.09,4.05,2.85,8.75,2.59||0.00,0.00,0.49,0.59,0.00||24.48,7.13,23.48,43.48,2.56||8.80,2.95,6.59||0.75,2.11,6.95,4.34,6.16,0.93||
2.84,17.82,11.82,4.44,5.97,4.91,2.87||0.00,0.00,0.00,0.03,0.04,0.04||2.94,7.68,0.77,21.62,17.63,10.22||4.58,0.80,0.67,0.18,0.40||13.89,4.03,2.76,8.67,2.58||0.00,0.00,0.49,0.59,0.00||29.58,15.27,57.39,46.97,4.00||8.43,2.85,6.37||0.64,1.84,5.86,3.83,5.53,0.80||
2.84,17.82,11.82,4.44,5.97,4.91,2.87||0.00,0.00,0.00,0.03,0.04,0.04||2.94,7.68,0.77,21.62,17.63,10.22||4.59,0.80,0.68,0.18,0.40||14.08,4.05,2.84,8.74,2.59||0.00,0.00,0.49,0.59,0.00||29.35,14.79,55.29,46.82,3.93||9.26,3.08,6.87||3.33,8.54,39.41,15.29,18.43,4.22||
2.84,17.82,11.82,4.44,5.97,4.91,2.87||0.00,0.00,0.00,0.03,0.04,0.04||2.94,7.68,0.77,21.62,17.63,10.22||4.55,0.80,0.67,0.18,0.40||14.11,4.05,2.86,8.76,2.59||0.00,0.00,0.49,0.59,0.00||37.09,37.91,166.80,51.51,6.83||7.36,2.54,5.71||0.67,1.92,6.17,3.98,5.72,0.84||
2.84,17.82,11.82,4.44,5.97,4.91,2.87||0.00,0.00,0.00,0.03,0.04,0.04||2.94,7.68,0.77,21.62,17.63,10.22||4.55,0.80,0.67,0.18,0.40||13.89,4.03,2.76,8.67,2.58||0.00,0.00,0.49,0.59,0.00||54.22,174.62,1000.75,60.14,16.78||9.06,3.03,6.75||0.67,1.92,6.15,3.97,5.70,0.84||
2.84,17.82,11.82,4.44,5.97,4.91,2.87||0.00,0.00,0.00,0.03,0.04,0.04||2.92,7.67,0.76,21.54,17.59,10.16||4.57,0.80,0.67,0.18,0.40||13.85,4.02,2.75,8.66,2.58||0.00,0.00,0.49,0.59,0.00||42.51,65.64,317.62,54.46,9.44||6.59,2.31,5.22||4.61,11.60,57.67,20.15,23.43,5.88||
2.85,17.86,11.84,4.45,5.98,4.91,2.88||0.00,0.00,0.00,0.03,0.04,0.04||2.94,7.68,0.77,21.60,17.62,10.21||4.62,0.81,0.68,0.19,0.40||13.96,4.03,2.79,8.70,2.58||0.00,0.00,0.49,0.59,0.00||61.23,284.72,1775.84,63.19,22.37||7.08,2.45,5.53||0.81,2.28,7.64,4.65,6.54,1.01||
2.86,17.95,11.89,4.47,6.01,4.93,2.89||0.00,0.00,0.00,0.03,0.04,0.04||3.05,7.74,0.82,21.95,17.78,10.48||4.63,0.81,0.68,0.19,0.40||14.20,4.06,2.90,8.79,2.60||0.00,0.00,0.49,0.59,0.00||39.85,50.61,234.11,53.04,8.10||9.44,3.13,6.97||13.34,31.28,197.99,49.31,51.03,17.18||
2.87,18.05,11.94,4.49,6.04,4.95,2.90||0.00,0.00,0.00,0.03,0.04,0.04||3.08,7.75,0.83,22.03,17.81,10.53||4.63,0.81,0.68,0.19,0.40||13.91,4.03,2.77,8.68,2.58||0.00,0.00,0.49,0.59,0.00||35.72,32.60,139.73,50.73,6.25||6.47,2.27,5.15||0.89,2.50,8.55,5.05,7.03,1.12||
2.87,18.07,11.95,4.49,6.04,4.95,2.90||0.00,0.00,0.00,0.03,0.04,0.04||3.08,7.76,0.83,22.04,17.82,10.54||4.70,0.81,0.70,0.19,0.41||13.97,4.04,2.79,8.70,2.58||0.00,0.00,0.49,0.59,0.00||40.68,54.96,257.85,53.48,8.50||6.90,2.40,5.42||2.98,7.70,34.66,13.92,16.99,3.77||
2.87,18.08,11.96,4.49,6.05,4.96,2.90||0.00,0.00,0.00,0.04,0.04,0.04||3.08,7.76,0.83,22.04,17.82,10.54||4.71,0.82,0.70,0.19,0.41||14.09,4.05,2.85,8.75,2.59||0.00,0.00,0.49,0.59,0.00||40.44,53.68,250.81,53.36,8.38||7.42,2.55,5.74||2.84,7.37,32.82,13.39,16.42,3.60||
2.87,18.08,11.96,4.49,6.05,4.96,2.90||0.00,0.00,0.00,0.04,0.04,0.04||3.08,7.76,0.83,22.04,17.82,10.54||4.71,0.82,0.70,0.19,0.41||14.23,4.07,2.91,8.80,2.60||0.00,0.00,0.49,0.59,0.00||35.93,33.35,143.52,50.84,6.34||7.74,2.65,5.94||2.84,7.38,32.85,13.39,16.43,3.60||
2.87,18.08,11.96,4.49,6.05,4.96,2.90||0.00,0.00,0.00,0.04,0.04,0.04||3.08,7.76,0.83,22.04,17.82,10.54||4.80,0.82,0.72,0.19,0.41||14.26,4.07,2.92,8.81,2.60||0.00,0.00,0.49,0.59,0.00||53.18,161.50,913.16,59.66,16.03||8.13,2.76,6.19||0.93,2.59,8.95,5.21,7.23,1.16||
2.87,18.08,11.96,4.49,6.05,4.96,2.90||0.00,0.00,0.00,0.04,0.04,0.04||3.08,7.76,0.83,22.04,17.82,10.54||4.87,0.83,0.74,0.19,0.41||14.50,4.10,3.02,8.90,2.62||0.00,0.00,0.49,0.59,0.00||55.91,197.54,1156.55,60.89,18.04||6.81,2.37,5.36||1.34,3.64,13.66,7.09,9.44,1.68||
2.87,18.08,11.96,4.49,6.05,4.96,2.90||0.00,0.00,0.00,0.04,0.04,0.04||3.08,7.76,0.83,22.04,17.82,10.54||4.89,0.83,0.74,0.20,0.41||14.66,4.12,3.10,8.97,2.63||0.00,0.00,0.49,0.59,0.00||41.13,57.46,271.66,53.73,8.73||8.31,2.81,6.30||2.09,5.53,22.98,10.33,13.11,2.64||
2.87,18.08,11.96,4.49,6.05,4.96,2.90||0.00,0.00,0.00,0.04,0.04,0.04||3.08,7.76,0.83,22.04,17.82,10.54||4.82,0.83,0.73,0.19,0.41||14.35,4.08,2.96,8.84,2.61||0.00,0.00,0.49,0.59,0.00||41.01,56.77,267.88,53.66,8.66||9.33,3.10,6.91||22.87,51.78,370.59,77.71,75.79,29.64||
2.87,18.08,11.96,4.49,6.05,4.96,2.90||0.00,0.00,0.00,0.04,0.04,0.04||3.08,7.76,0.83,22.04,17.82,10.54||4.87,0.83,0.74,0.19,0.41||14.40,4.09,2.98,8.87,2.61||0.00,0.00,0.49,0.58,0.00||71.21,522.91,3623.38,67.21,31.98||7.65,2.62,5.89||1.55,4.17,16.17,8.01,10.50,1.94||
2.87,18.08,11.96,4.49,6.05,4.96,2.90||0.00,0.00,0.00,0.04,0.04,0.04||3.08,7.76,0.83,22.04,17.82,10.54||4.90,0.83,0.75,0.20,0.41||14.18,4.06,2.88,8.78,2.60||0.00,0.00,0.49,0.58,0.00||76.11,683.22,4958.48,69.05,37.43||8.77,2.94,6.57||0.35,1.04,2.89,2.30,3.54,0.43||
2.87,18.08,11.96,4.49,6.05,4.96,2.90||0.00,0.00,0.00,0.04,0.04,0.04||3.08,7.76,0.83,22.04,17.82,10.54||4.92,0.84,0.75,0.20,0.42||14.13,4.06,2.87,8.76,2.60||0.00,0.00,0.49,0.58,0.00||45.13,83.44,420.83,55.80,10.87||8.28,2.80,6.28||0.94,2.63,9.12,5.29,7.32,1.18||
2.87,18.08,11.96,4.49,6.05,4.96,2.90||0.00,0.00,0.00,0.04,0.04,0.04||3.08,7.76,0.83,22.04,17.82,10.54||4.97,0.84,0.76,0.20,0.42||14.24,4.07,2.91,8.80,2.60||0.00,0.00,0.49,0.58,0.00||39.17,47.22,215.82,52.67,7.78||10.99,3.57,7.89||2.00,5.30,21.78,9.94,12.67,2.52||
2.87,18.08,11.96,4.49,6.05,4.96,2.90||0.00,0.00,0.00,0.04,0.04,0.04||3.08,7.76,0.83,22.04,17.82,10.54||4.98,0.84,0.77,0.20,0.42||14.26,4.07,2.92,8.81,2.60||0.00,0.00,0.49,0.59,0.00||51.85,145.95,810.88,59.05,15.10||11.80,3.79,8.35||0.78,2.19,7.27,4.48,6.34,0.97||
2.87,18.08,11.96,4.49,6.05,4.96,2.90||0.00,0.00,0.00,0.04,0.04,0.04||3.11,7.77,0.84,22.13,17.86,10.61||4.99,0.84,0.77,0.20,0.42||14.15,4.06,2.87,8.77,2.60||0.00,0.00,0.49,0.59,0.00||55.41,190.63,1109.23,60.67,17.67||8.83,2.96,6.61||0.50,1.44,4.32,3.07,4.56,0.62||
2.87,18.08,11.96,4.49,6.05,4.96,2.90||0.00,0.00,0.00,0.04,0.04,0.04||3.14,7.79,0.85,22.23,17.90,10.69||5.01,0.84,0.78,0.20,0.42||14.59,4.11,3.07,8.94,2.63||0.00,0.00,0.49,0.59,0.00||57.70,224.21,1341.83,61.68,19.44||7.23,2.50,5.63||0.58,1.67,5.17,3.50,5.11,0.72||
2.87,18.08,11.96,4.49,6.05,4.96,2.90||0.00,0.00,0.00,0.04,0.04,0.04||3.12,7.78,0.85,22.17,17.87,10.64||5.06,0.85,0.79,0.20,0.42||14.45,4.09,3.00,8.88,2.62||0.00,0.00,0.49,0.59,0.00||50.25,128.58,698.91,58.30,14.01||8.42,2.84,6.36||0.15,0.48,1.09,1.13,1.91,0.19||
2.87,18.08,11.96,4.49,6.05,4.96,2.90||0.00,0.00,0.00,0.04,0.04,0.04||3.15,7.79,0.86,22.24,17.91,10.69||5.07,0.85,0.79,0.20,0.42||14.42,4.09,2.99,8.87,2.62||0.00,0.00,0.49,0.59,0.00||49.97,125.77,681.02,58.17,13.83||6.50,2.28,5.16||0.41,1.21,3.47,2.62,3.97,0.51||
2.87,18.08,11.96,4.49,6.05,4.96,2.90||0.00,0.00,0.00,0.04,0.04,0.04||3.18,7.81,0.87,22.34,17.95,10.77||5.07,0.85,0.79,0.20,0.42||14.65,4.12,3.09,8.96,2.63||0.00,0.00,0.49,0.59,0.00||42.87,67.86,330.25,54.64,9.62||6.27,2.21,5.02||0.58,1.66,5.15,3.49,5.10,0.72||
2.87,18.08,11.96,4.49,6.05,4.96,2.90||0.00,0.00,0.00,0.04,0.04,0.04||3.25,7.84,0.90,22.53,18.04,10.92||5.07,0.85,0.79,0.20,0.42||14.46,4.09,3.01,8.89,2.62||0.00,0.00,0.49,0.59,0.00||41.34,58.68,278.48,53.84,8.84||7.65,2.62,5.89||1.56,4.20,16.30,8.06,10.56,1.96||
2.87,18.08,11.96,4.49,6.05,4.96,2.90||0.00,0.00,0.00,0.04,0.04,0.04||3.23,7.83,0.89,22.49,18.01,10.88||5.07,0.85,0.79,0.20,0.42||13.96,4.04,2.79,8.70,2.58||0.00,0.00,0.49,0.59,0.00||42.69,66.78,324.07,54.55,9.53||5.65,2.02,4.61||0.30,0.90,2.42,2.02,3.17,0.37||
2.87,18.08,11.96,4.49,6.05,4.96,2.90||0.00,0.00,0.00,0.04,0.04,0.04||3.23,7.83,0.89,22.48,18.01,10.88||5.07,0.85,0.79,0.20,0.42||14.21,4.06,2.90,8.79,2.60||0.00,0.00,0.49,0.59,0.00||61.90,297.62,1870.63,63.48,22.96||7.46,2.56,5.77||0.67,1.91,6.12,3.96,5.69,0.84||
2.87,18.08,11.96,4.49,6.05,4.96,2.90||0.00,0.00,0.00,0.04,0.04,0.04||3.26,7.85,0.90,22.56,18.05,10.94||5.13,0.85,0.80,0.20,0.43||14.49,4.10,3.02,8.90,2.62||0.00,0.00,0.49,0.59,0.00||58.10,230.63,1386.97,61.86,19.76||5.48,1.97,4.50||5.00,12.51,63.33,21.57,24.86,6.38||
2.87,18.08,11.96,4.49,6.05,4.96,2.90||0.00,0.00,0.00,0.04,0.04,0.04||3.26,7.85,0.90,22.58,18.06,10.96||5.16,0.86,0.81,0.21,0.43||14.31,4.08,2.94,8.83,2.61||0.00,0.00,0.49,0.59,0.00||49.76,123.64,667.53,58.07,13.70||7.53,2.59,5.81||0.29,0.87,2.31,1.95,3.08,0.36||
2.87,18.08,11.96,4.49,6.05,4.96,2.90||0.00,0.00,0.00,0.04,0.04,0.04||3.23,7.83,0.89,22.50,18.02,10.89||5.16,0.86,0.81,0.21,0.43||14.28,4.07,2.93,8.82,2.61||0.00,0.00,0.49,0.59,0.00||33.44,24.99,102.29,49.38,5.35||8.44,2.85,6.37||2.69,7.00,30.78,12.78,15.76,3.40||
2.87,18.08,11.96,4.49,6.05,4.96,2.90||0.00,0.00,0.00,0.04,0.04,0.04||3.23,7.83,0.89,22.48,18.01,10.88||5.16,0.86,0.81,0.21,0.43||14.27,4.07,2.92,8.82,2.61||0.00,0.00,0.49,0.59,0.00||60.43,270.19,1670.04,62.86,21.69||6.02,2.14,4.85||1.91,5.08,20.64,9.56,12.25,2.40||
2.87,18.08,11.96,4.49,6.05,4.96,2.90||0.00,0.00,0.00,0.04,0.04,0.04||3.26,7.85,0.90,22.56,18.05,10.94||5.16,0.86,0.81,0.21,0.43||14.27,4.07,2.92,8.82,2.61||0.00,0.00,0.49,0.59,0.00||48.88,115.04,613.35,57.64,13.13||7.23,2.50,5.63||0.75,2.12,6.95,4.34,6.17,0.93||
2.87,18.08,11.96,4.49,6.05,4.96,2.90||0.00,0.00,0.00,0.04,0.04,0.04||3.26,7.85,0.90,22.58,18.06,10.96||5.16,0.86,0.81,0.21,0.43||14.38,4.09,2.97,8.86,2.61||0.00,0.00,0.49,0.59,0.00||58.50,237.11,1432.79,62.03,20.09||6.15,2.17,4.94||0.63,1.79,5.65,3.73,5.41,0.78||
2.87,18.08,11.96,4.49,6.05,4.96,2.90||0.00,0.00,0.00,0.04,0.04,0.04||3.26,7.85,0.90,22.58,18.06,10.96||5.18,0.86,0.82,0.21,0.43||14.64,4.12,3.09,8.96,2.63||0.00,0.00,0.49,0.59,0.00||36.52,35.63,155.11,51.19,6.59||7.33,2.53,5.69||1.45,3.94,15.05,7.60,10.04,1.83||
2.87,18.08,11.96,4.49,6.05,4.96,2.90||0.00,0.00,0.00,0.04,0.04,0.04||3.26,7.85,0.90,22.58,18.06,10.96||5.17,0.86,0.81,0.21,0.43||14.57,4.11,3.06,8.93,2.63||0.00,0.00,0.49,0.59,0.00||57.48,220.82,1318.06,61.58,19.26||5.66,2.03,4.62||0.27,0.81,2.10,1.82,2.90,0.33||
2.87,18.04,11.94,4.49,6.03,4.95,2.90||0.00,0.00,0.00,0.04,0.04,0.04||3.26,7.85,0.90,22.58,18.06,10.96||5.18,0.86,0.82,0.21,0.43||14.33,4.08,2.95,8.84,2.61||0.00,0.00,0.49,0.59,0.00||44.97,82.32,414.19,55.72,10.78||7.58,2.60,5.85||1.30,3.54,13.21,6.91,9.24,1.63||
2.87,18.07,11.95,4.49,6.04,4.95,2.90||0.00,0.00,0.00,0.04,0.04,0.04||3.26,7.85,0.90,22.58,18.06,10.96||5.18,0.86,0.82,0.21,0.43||14.51,4.10,3.03,8.91,2.62||0.00,0.00,0.49,0.59,0.00||47.34,101.20,527.75,56.90,12.17||10.18,3.34,7.41||0.64,1.83,5.80,3.80,5.50,0.80||
2.87,18.04,11.93,4.48,6.03,4.95,2.90||0.00,0.00,0.00,0.04,0.04,0.04||3.26,7.85,0.90,22.58,18.06,10.96||5.18,0.86,0.82,0.21,0.43||14.55,4.10,3.05,8.92,2.63||0.00,0.00,0.49,0.59,0.00||56.04,199.48,1169.89,60.95,18.15||8.60,2.89,6.47||0.73,2.08,6.79,4.27,6.07,0.91||
2.87,18.07,11.95,4.49,6.04,4.95,2.90||0.00,0.00,0.00,0.04,0.04,0.04||3.26,7.85,0.90,22.58,18.06,10.96||5.23,0.86,0.83,0.21,0.43||14.67,4.12,3.10,8.97,2.63||0.00,0.00,0.49,0.59,0.00||61.34,286.92,1791.96,63.24,22.47||8.45,2.85,6.38||0.85,2.40,8.12,4.86,6.80,1.07||
2.87,18.04,11.93,4.48,6.03,4.95,2.90||0.00,0.00,0.00,0.04,0.04,0.04||3.26,7.85,0.90,22.58,18.06,10.96||5.25,0.87,0.83,0.21,0.43||14.35,4.08,2.96,8.85,2.61||0.00,0.00,0.49,0.59,0.00||45.18,83.88,423.42,55.83,10.90||6.27,2.21,5.02||0.86,2.41,8.16,4.88,6.82,1.07||
2.86,17.95,11.89,4.46,6.01,4.93,2.89||0.00,0.00,0.00,0.04,0.04,0.04||3.26,7.85,0.90,22.58,18.06,10.96||5.26,0.87,0.84,0.21,0.43||14.28,4.07,2.93,8.82,2.61||0.00,0.00,0.49,0.59,0.00||39.12,46.99,214.57,52.64,7.75||9.21,3.07,6.84||0.85,2.38,8.04,4.82,6.76,1.06||
2.86,18.01,11.92,4.48,6.02,4.94,2.90||0.00,0.00,0.00,0.04,0.04,0.04||3.26,7.85,0.90,22.58,18.06,10.96||5.26,0.87,0.84,0.21,0.43||14.16,4.06,2.87,8.77,2.60||0.00,0.00,0.49,0.59,0.00||24.07,6.66,21.67,43.18,2.46||7.95,2.71,6.07||0.95,2.64,9.13,5.29,7.33,1.18||
2.86,17.98,11.91,4.47,6.02,4.94,2.89||0.00,0.00,0.00,0.04,0.04,0.04||3.26,7.85,0.90,22.58,18.06,10.96||5.26,0.87,0.84,0.21,0.43||14.24,4.07,2.91,8.81,2.60||0.00,0.00,0.49,0.59,0.00||45.51,86.32,437.94,55.99,11.09||6.70,2.34,5.30||0.52,1.50,4.55,3.19,4.72,0.64||
2.87,18.06,11.95,4.49,6.04,4.95,2.90||0.00,0.00,0.00,0.04,0.04,0.04||3.26,7.85,0.90,22.58,18.06,10.96||5.26,0.87,0.84,0.21,0.43||14.61,4.11,3.07,8.95,2.63||0.00,0.00,0.49,0.59,0.00||40.45,53.72,251.08,53.36,8.39||6.59,2.31,5.22||0.32,0.96,2.59,2.12,3.31,0.40||
2.87,18.03,11.93,4.48,6.03,4.95,2.90||0.00,0.00,0.00,0.04,0.04,0.04||3.26,7.85,0.90,22.58,18.06,10.96||5.26,0.87,0.84,0.21,0.43||14.34,4.08,2.95,8.84,2.61||0.00,0.00,0.49,0.59,0.00||48.94,115.66,617.22,57.68,13.17||9.91,3.26,7.25||0.76,2.14,7.04,4.38,6.22,0.94||
2.87,18.07,11.95,4.49,6.04,4.95,2.90||0.00,0.00,0.00,0.04,0.04,0.04||3.26,7.85,0.90,22.58,18.06,10.96||5.26,0.87,0.84,0.21,0.43||14.28,4.07,2.93,8.82,2.61||0.00,0.00,0.49,0.59,0.00||55.15,187.03,1084.74,60.56,17.47||7.66,2.62,5.89||6.09,15.02,79.54,25.44,28.70,7.77||
2.87,18.08,11.96,4.49,6.04,4.96,2.90||0.00,0.00,0.00,0.04,0.04,0.04||3.26,7.85,0.90,22.58,18.06,10.96||5.26,0.87,0.84,0.21,0.43||14.39,4.09,2.97,8.86,2.61||0.00,0.00,0.49,0.59,0.00||66.41,394.78,2605.67,65.32,27.11||7.03,2.44,5.50||0.22,0.69,1.72,1.58,2.55,0.28||
2.87,18.04,11.94,4.49,6.03,4.95,2.90||0.00,0.00,0.00,0.04,0.04,0.04||3.26,7.85,0.90,22.58,18.06,10.96||5.28,0.87,0.84,0.21,0.43||14.06,4.05,2.83,8.74,2.59||0.00,0.00,0.49,0.59,0.00||22.82,5.38,16.87,42.26,2.17||5.71,2.04,4.65||1.28,3.50,13.00,6.84,9.15,1.61||
2.87,18.07,11.95,4.49,6.04,4.95,2.90||0.00,0.00,0.00,0.04,0.04,0.04||3.26,7.85,0.90,22.58,18.06,10.96||5.26,0.87,0.84,0.21,0.43||14.23,4.07,2.90,8.80,2.60||0.00,0.00,0.49,0.59,0.00||33.48,25.10,102.84,49.40,5.36||5.48,1.97,4.50||0.33,0.98,2.68,2.17,3.38,0.41||
2.87,18.08,11.96,4.49,6.04,4.96,2.90||0.00,0.00,0.00,0.04,0.04,0.04||3.26,7.85,0.90,22.58,18.06,10.96||5.26,0.87,0.84,0.21,0.43||14.26,4.07,2.92,8.81,2.60||0.00,0.00,0.49,0.59,0.00||54.88,183.33,1059.60,60.43,17.27||8.98,3.00,6.70||0.42,1.25,3.60,2.70,4.07,0.53||
2.87,18.08,11.96,4.49,6.05,4.96,2.90||0.00,0.00,0.00,0.04,0.04,0.04||3.26,7.85,0.90,22.58,18.06,10.96||5.26,0.87,0.84,0.21,0.43||14.38,4.09,2.97,8.86,2.61||0.00,0.00,0.49,0.59,0.00||24.94,7.68,25.65,43.81,2.67||5.29,1.91,4.38||1.01,2.81,9.91,5.61,7.71,1.27||
2.87,18.08,11.96,4.49,6.05,4.96,2.90||0.00,0.00,0.00,0.04,0.04,0.04||3.26,7.85,0.90,22.58,18.06,10.96||5.26,0.87,0.84,0.21,0.43||14.52,4.10,3.03,8.91,2.62||0.00,0.00,0.49,0.59,0.00||33.43,24.97,102.21,49.37,5.34||6.01,2.13,4.85||0.78,2.21,7.32,4.51,6.37,0.98||
2.87,18.08,11.96,4.49,6.05,4.96,2.90||0.00,0.00,0.00,0.04,0.04,0.04||3.26,7.85,0.90,22.58,18.06,10.96||5.31,0.87,0.85,0.21,0.43||14.32,4.08,2.94,8.83,2.61||0.00,0.00,0.49,0.58,0.00||46.33,92.81,476.78,56.40,11.57||7.77,2.66,5.96||3.46,8.86,41.23,15.80,18.96,4.39||
2.87,18.08,11.96,4.49,6.05,4.96,2.90||0.00,0.00,0.00,0.04,0.04,0.05||3.26,7.85,0.90,22.58,18.06,10.96||5.27,0.87,0.84,0.21,0.43||14.28,4.07,2.93,8.82,2.61||0.00,0.00,0.49,0.59,0.00||54.60,179.62,1034.48,60.31,17.06||7.31,2.52,5.68||9.59,22.97,134.91,37.33,40.06,12.31||
2.87,18.08,11.96,4.49,6.05,4.96,2.90||0.00,0.00,0.00,0.04,0.04,0.05||3.26,7.85,0.90,22.58,18.06,10.96||5.31,0.87,0.85,0.21,0.43||14.27,4.07,2.92,8.82,2.61||0.00,0.00,0.49,0.59,0.00||76.90,712.18,5205.94,69.35,38.36||8.12,2.76,6.18||1.09,3.01,10.77,5.96,8.13,1.37||
2.87,18.08,11.96,4.49,6.05,4.96,2.90||0.00,0.00,0.00,0.04,0.04,0.04||3.26,7.85,0.90,22.58,18.06,10.96||5.35,0.87,0.86,0.21,0.43||14.50,4.10,3.02,8.90,2.62||0.00,0.00,0.49,0.59,0.00||64.09,342.12,2202.81,64.38,24.92||5.55,2.00,4.55||0.49,1.41,4.21,3.02,4.49,0.60||
2.87,18.04,11.94,4.49,6.03,4.95,2.90||0.00,0.00,0.00,0.04,0.04,0.04||3.26,7.85,0.90,22.58,18.06,10.96||5.28,0.87,0.84,0.21,0.43||14.31,4.08,2.94,8.83,2.61||0.00,0.00,0.49,0.59,0.00||38.65,44.77,202.71,52.38,7.53||5.84,2.08,4.74||0.74,2.08,6.82,4.28,6.09,0.92||
2.87,18.03,11.93,4.48,6.03,4.95,2.90||0.00,0.00,0.00,0.04,0.04,0.04||3.26,7.85,0.90,22.58,18.06,10.96||5.26,0.87,0.84,0.21,0.43||14.16,4.06,2.88,8.77,2.60||0.00,0.00,0.49,0.59,0.00||51.09,137.48,756.00,58.70,14.58||8.06,2.74,6.14||0.99,2.76,9.67,5.52,7.59,1.24||
2.86,17.99,11.91,4.47,6.02,4.94,2.89||0.00,0.00,0.00,0.04,0.04,0.04||3.20,7.82,0.88,22.41,17.98,10.83||5.20,0.86,0.82,0.21,0.43||14.48,4.10,3.01,8.90,2.62||0.00,0.00,0.49,0.59,0.00||67.99,433.87,2910.85,65.95,28.66||6.23,2.20,4.99||3.61,9.23,43.42,16.40,19.59,4.59||
2.86,17.98,11.90,4.47,6.02,4.94,2.89||0.00,0.00,0.00,0.04,0.04,0.04||3.11,7.77,0.84,22.12,17.85,10.60||5.17,0.86,0.81,0.21,0.43||14.19,4.06,2.89,8.79,2.60||0.00,0.00,0.49,0.59,0.00||71.50,531.33,3691.90,67.32,32.29||8.39,2.83,6.34||13.02,30.59,192.59,48.33,50.15,16.77||
2.85,17.89,11.86,4.45,5.99,4.92,2.88||0.00,0.00,0.00,0.04,0.04,0.04||3.09,7.76,0.83,22.06,17.83,10.55||5.17,0.86,0.81,0.21,0.43||14.25,4.07,2.92,8.81,2.60||0.00,0.00,0.49,0.59,0.00||29.95,16.04,60.82,47.21,4.12||8.73,2.93,6.55||2.15,5.69,23.77,10.59,13.39,2.72||
2.85,17.92,11.87,4.46,6.00,4.92,2.89||0.00,0.00,0.00,0.04,0.04,0.04||3.08,7.76,0.83,22.05,17.82,10.55||5.09,0.85,0.79,0.20,0.42||13.92,4.03,2.78,8.68,2.58||0.00,0.00,0.49,0.59,0.00||61.47,289.29,1809.35,63.29,22.58||10.91,3.54,7.83||0.16,0.51,1.18,1.20,2.01,0.20||
2.85,17.88,11.85,4.45,5.99,4.92,2.88||0.00,0.00,0.00,0.04,0.04,0.04||3.08,7.76,0.83,22.04,17.82,10.54||5.08,0.85,0.79,0.20,0.42||13.97,4.04,2.80,8.70,2.58||0.00,0.00,0.49,0.58,0.00||38.84,45.65,207.39,52.49,7.62||8.64,2.90,6.49||0.26,0.80,2.08,1.81,2.88,0.33||
2.84,17.83,11.83,4.44,5.97,4.91,2.88||0.00,0.00,0.00,0.04,0.04,0.04||3.08,7.76,0.83,22.04,17.82,10.54||5.07,0.85,0.79,0.20,0.42||14.09,4.05,2.85,8.75,2.59||0.00,0.00,0.49,0.58,0.00||50.23,128.38,697.63,58.29,14.00||6.07,2.15,4.89||0.59,1.69,5.27,3.55,5.18,0.73||
2.85,17.86,11.85,4.45,5.98,4.91,2.88||0.00,0.00,0.00,0.04,0.04,0.04||3.08,7.76,0.83,22.04,17.82,10.54||5.03,0.85,0.78,0.20,0.42||14.23,4.07,2.91,8.80,2.60||0.00,0.00,0.49,0.58,0.00||38.38,43.50,195.98,52.23,7.41||8.04,2.73,6.13||2.64,6.89,30.17,12.59,15.57,3.34||
2.85,17.87,11.85,4.45,5.98,4.92,2.88||0.00,0.00,0.00,0.04,0.04,0.04||3.08,7.76,0.83,22.04,17.82,10.54||4.99,0.84,0.77,0.20,0.42||14.03,4.04,2.82,8.73,2.59||0.00,0.00,0.49,0.58,0.00||27.82,11.93,42.96,45.81,3.46||5.95,2.12,4.81||0.97,2.70,9.43,5.41,7.47,1.22||
2.84,17.83,11.83,4.44,5.97,4.91,2.87||0.00,0.00,0.00,0.04,0.04,0.04||3.08,7.76,0.83,22.04,17.82,10.54||4.98,0.84,0.77,0.20,0.42||14.11,4.05,2.85,8.75,2.59||0.00,0.00,0.49,0.58,0.00||25.46,8.35,28.25,44.18,2.81||6.78,2.36,5.34||4.77,11.97,59.97,20.73,24.02,6.08||
2.85,17.86,11.85,4.45,5.98,4.91,2.88||0.00,0.00,0.00,0.04,0.04,0.04||3.08,7.76,0.83,22.04,17.82,10.54||4.98,0.84,0.77,0.20,0.42||14.12,4.05,2.86,8.76,2.59||0.00,0.00,0.49,0.58,0.00||27.13,10.78,38.14,45.34,3.26||6.95,2.41,5.45||5.04,12.60,63.91,21.71,25.00,6.43||
2.84,17.83,11.83,4.44,5.97,4.91,2.87||0.00,0.00,0.00,0.04,0.04,0.04||3.08,7.76,0.83,22.04,17.82,10.54||4.98,0.84,0.77,0.20,0.42||14.12,4.05,2.86,8.76,2.59||0.00,0.00,0.49,0.58,0.00||31.01,18.46,71.71,47.89,4.47||6.00,2.13,4.84||1.30,3.54,13.20,6.91,9.24,1.63||
2.84,17.82,11.82,4.44,5.97,4.91,2.87||0.00,0.00,0.00,0.04,0.04,0.04||3.08,7.76,0.83,22.04,17.82,10.54||4.98,0.84,0.77,0.20,0.42||13.90,4.03,2.76,8.67,2.58||0.00,0.00,0.49,0.58,0.00||81.58,903.18,6879.28,71.04,44.11||7.28,2.51,5.66||2.15,5.67,23.69,10.57,13.37,2.71||
2.84,17.82,11.82,4.44,5.97,4.91,2.87||0.00,0.00,0.00,0.04,0.04,0.04||3.08,7.76,0.83,22.04,17.82,10.54||4.92,0.84,0.75,0.20,0.42||13.96,4.04,2.79,8.70,2.58||0.00,0.00,0.49,0.59,0.00||42.30,64.33,310.16,54.35,9.33||6.85,2.38,5.38||0.55,1.59,4.87,3.35,4.92,0.68||
2.84,17.82,11.82,4.44,5.97,4.91,2.87||0.00,0.00,0.00,0.04,0.04,0.04||3.08,7.76,0.83,22.04,17.82,10.54||4.90,0.83,0.75,0.20,0.41||14.09,4.05,2.85,8.75,2.59||0.00,0.00,0.49,0.58,0.00||49.59,121.94,656.73,57.99,13.58||8.57,2.89,6.45||1.21,3.31,12.14,6.51,8.77,1.52||
2.84,17.82,11.82,4.44,5.97,4.91,2.87||0.00,0.00,0.00,0.04,0.04,0.04||3.05,7.74,0.82,21.96,17.78,10.48||4.86,0.83,0.74,0.19,0.41||14.12,4.05,2.86,8.76,2.59||0.00,0.00,0.49,0.58,0.00||41.00,56.73,267.66,53.66,8.66||9.22,3.07,6.84||0.19,0.60,1.44,1.39,2.28,0.24||
2.84,17.82,11.82,4.44,5.97,4.91,2.87||0.00,0.00,0.00,0.04,0.04,0.04||3.08,7.75,0.83,22.03,17.81,10.53||4.87,0.83,0.74,0.19,0.41||14.12,4.05,2.86,8.76,2.59||0.00,0.00,0.49,0.58,0.00||30.93,18.27,70.84,47.83,4.45||9.50,3.15,7.01||9.11,21.91,127.16,35.76,38.59,11.69||
2.84,17.82,11.82,4.44,5.97,4.91,2.87||0.00,0.00,0.00,0.04,0.04,0.04||3.08,7.76,0.83,22.04,17.82,10.54||4.89,0.83,0.74,0.20,0.41||14.12,4.05,2.86,8.76,2.59||0.00,0.00,0.49,0.58,0.00||50.66,132.93,726.74,58.50,14.29||9.63,3.19,7.09||1.87,4.99,20.21,9.42,12.09,2.36||
2.84,17.82,11.82,4.44,5.97,4.91,2.87||0.00,0.00,0.00,0.04,0.04,0.04||3.08,7.76,0.83,22.04,17.82,10.54||4.80,0.82,0.73,0.19,0.41||14.12,4.05,2.86,8.76,2.59||0.00,0.00,0.49,0.58,0.00||26.58,9.93,34.64,44.97,3.11||6.17,2.18,4.96||0.71,2.01,6.53,4.15,5.93,0.88||
2.84,17.82,11.82,4.44,5.97,4.91,2.87||0.00,0.00,0.00,0.04,0.04,0.04||3.00,7.71,0.80,21.79,17.71,10.35||4.89,0.83,0.75,0.20,0.41||13.90,4.03,2.76,8.67,2.58||0.00,0.00,0.49,0.58,0.00||67.27,415.70,2768.31,65.66,27.95||5.77,2.06,4.69||0.12,0.37,0.80,0.90,1.57,0.14||
2.84,17.82,11.82,4.44,5.97,4.91,2.87||0.00,0.00,0.00,0.04,0.04,0.04||3.04,7.73,0.81,21.91,17.76,10.44||4.85,0.83,0.74,0.19,0.41||13.97,4.04,2.79,8.70,2.58||0.00,0.00,0.49,0.58,0.00||24.90,7.64,25.46,43.79,2.66||6.09,2.16,4.90||0.56,1.61,4.96,3.40,4.98,0.70||
2.84,17.82,11.82,4.44,5.97,4.91,2.87||0.00,0.00,0.00,0.04,0.04,0.04||2.96,7.69,0.78,21.68,17.66,10.26||4.80,0.82,0.72,0.19,0.41||13.98,4.04,2.80,8.70,2.58||0.00,0.00,0.49,0.58,0.00||36.61,35.99,156.95,51.24,6.63||7.01,2.43,5.49||0.71,2.01,6.54,4.15,5.93,0.88||
2.84,17.82,11.82,4.44,5.97,4.91,2.87||0.00,0.00,0.00,0.04,0.04,0.04||2.95,7.68,0.78,21.63,17.64,10.23||4.79,0.82,0.72,0.19,0.41||13.87,4.02,2.75,8.66,2.58||0.00,0.00,0.49,0.58,0.00||82.01,922.56,7052.71,71.19,44.66||8.60,2.89,6.47||0.50,1.44,4.32,3.07,4.57,0.62||
2.84,17.82,11.82,4.44,5.97,4.91,2.87||0.00,0.00,0.00,0.04,0.04,0.04||2.97,7.70,0.79,21.71,17.67,10.29||4.73,0.82,0.71,0.19,0.41||13.96,4.04,2.79,8.70,2.58||0.00,0.00,0.49,0.58,0.00||53.65,167.36,952.12,59.88,16.36||6.43,2.26,5.12||2.63,6.85,29.97,12.53,15.50,3.33||
2.84,17.82,11.82,4.44,5.97,4.91,2.87||0.00,0.00,0.00,0.04,0.04,0.04||2.95,7.68,0.78,21.64,17.64,10.23||4.72,0.82,0.71,0.19,0.41||14.09,4.05,2.85,8.75,2.59||0.00,0.00,0.49,0.58,0.00||28.41,12.98,47.43,46.20,3.64||5.98,2.13,4.83||1.32,3.61,13.49,7.02,9.37,1.66||
2.84,17.82,11.82,4.44,5.97,4.91,2.87||0.00,0.00,0.00,0.04,0.04,0.04||2.92,7.67,0.76,21.54,17.60,10.16||4.71,0.82,0.70,0.19,0.41||14.00,4.04,2.81,8.71,2.59||0.00,0.00,0.49,0.58,0.00||30.62,17.53,67.48,47.63,4.34||5.79,2.07,4.70||7.11,17.38,95.35,29.02,32.18,9.10||
2.84,17.82,11.82,4.44,5.97,4.91,2.87||0.00,0.00,0.00,0.04,0.04,0.04||2.94,7.68,0.77,21.60,17.62,10.21||4.71,0.82,0.70,0.19,0.41||13.99,4.04,2.80,8.71,2.58||0.00,0.00,0.49,0.58,0.00||54.59,179.54,1033.93,60.31,17.06||6.56,2.30,5.20||0.91,2.53,8.69,5.10,7.10,1.13||
2.84,17.82,11.82,4.44,5.97,4.91,2.87||0.00,0.00,0.00,0.04,0.04,0.04||2.94,7.68,0.77,21.62,17.63,10.22||4.71,0.82,0.70,0.19,0.41||13.98,4.04,2.80,8.71,2.58||0.00,0.00,0.49,0.58,0.00||37.43,39.35,174.25,51.70,6.98||6.90,2.40,5.42||2.53,6.61,28.65,12.13,15.07,3.20||
2.84,17.82,11.82,4.44,5.97,4.91,2.87||0.00,0.00,0.00,0.04,0.04,0.04||2.92,7.67,0.76,21.54,17.59,10.16||4.71,0.82,0.70,0.19,0.41||13.98,4.04,2.80,8.71,2.58||0.00,0.00,0.49,0.58,0.00||24.19,6.79,22.20,43.27,2.49||5.97,2.12,4.82||1.71,4.59,18.19,8.72,11.31,2.15||
2.84,17.82,11.82,4.44,5.97,4.91,2.87||0.00,0.00,0.00,0.04,0.04,0.04||2.91,7.66,0.76,21.52,17.59,10.14||4.66,0.81,0.69,0.19,0.40||14.10,4.05,2.85,8.75,2.59||0.00,0.00,0.49,0.58,0.00||32.60,22.55,90.68,48.87,5.03||6.76,2.36,5.33||2.73,7.10,31.35,12.95,15.95,3.46||
2.84,17.82,11.82,4.44,5.97,4.91,2.87||0.00,0.00,0.00,0.04,0.04,0.04||2.91,7.66,0.76,21.52,17.59,10.14||4.63,0.81,0.69,0.19,0.40||14.01,4.04,2.81,8.71,2.59||0.00,0.00,0.49,0.58,0.00||48.47,111.21,589.50,57.45,12.87||6.97,2.42,5.46||0.96,2.66,9.25,5.34,7.38,1.20||
2.84,17.82,11.82,4.44,5.97,4.91,2.87||0.00,0.00,0.00,0.04,0.04,0.04||2.91,7.66,0.76,21.52,17.59,10.14||4.63,0.81,0.69,0.19,0.40||13.99,4.04,2.80,8.71,2.59||0.00,0.00,0.49,0.58,0.00||64.61,353.55,2289.40,64.59,25.41||9.24,3.08,6.86||0.78,2.21,7.33,4.51,6.38,0.98||
2.84,17.82,11.82,4.44,5.97,4.91,2.87||0.00,0.00,0.00,0.03,0.04,0.04||2.91,7.66,0.76,21.52,17.59,10.14||4.63,0.81,0.68,0.19,0.40||13.98,4.04,2.80,8.71,2.58||0.00,0.00,0.49,0.58,0.00||51.63,143.39,794.26,58.95,14.94||7.00,2.43,5.48||0.95,2.64,9.14,5.29,7.33,1.18||
2.84,17.82,11.82,4.44,5.97,4.91,2.87||0.00,0.00,0.00,0.03,0.04,0.04||2.91,7.66,0.76,21.52,17.59,10.14||4.63,0.81,0.68,0.19,0.40||13.98,4.04,2.80,8.71,2.58||0.00,0.00,0.49,0.58,0.00||30.73,17.78,68.61,47.70,4.38||8.61,2.90,6.48||8.00,19.40,109.35,32.05,35.09,10.25||
2.84,17.82,11.82,4.44,5.97,4.91,2.87||0.00,0.00,0.00,0.04,0.04,0.04||2.91,7.66,0.76,21.52,17.59,10.14||4.63,0.81,0.68,0.19,0.40||13.98,4.04,2.80,8.71,2.58||0.00,0.00,0.49,0.58,0.00||38.93,46.08,209.72,52.54,7.66||7.51,2.58,5.80||0.30,0.90,2.39,2.00,3.14,0.37||
2.84,17.82,11.82,4.44,5.97,4.91,2.87||0.00,0.00,0.00,0.03,0.04,0.04||2.91,7.66,0.76,21.52,17.59,10.14||4.63,0.81,0.68,0.19,0.40||13.87,4.02,2.75,8.66,2.58||0.00,0.00,0.49,0.58,0.00||47.32,100.97,526.33,56.89,12.16||6.58,2.31,5.22||0.27,0.82,2.14,1.85,2.93,0.34||
2.84,17.82,11.82,4.44,5.97,4.91,2.87||0.00,0.00,0.00,0.04,0.04,0.04||2.91,7.66,0.76,21.52,17.59,10.14||4.63,0.81,0.68,0.19,0.40||13.96,4.04,2.79,8.70,2.58||0.00,0.00,0.49,0.58,0.00||52.88,157.86,889.09,59.52,15.81||8.17,2.77,6.21||0.52,1.51,4.58,3.21,4.74,0.65||
2.84,17.82,11.82,4.44,5.97,4.91,2.87||0.00,0.00,0.00,0.04,0.04,0.04||2.91,7.66,0.76,21.52,17.59,10.14||4.63,0.81,0.68,0.19,0.40||13.98,4.04,2.80,8.70,2.58||0.00,0.00,0.49,0.58,0.00||44.57,79.40,397.03,55.52,10.55||7.55,2.59,5.83||0.20,0.62,1.52,1.44,2.37,0.25||
2.84,17.82,11.82,4.44,5.97,4.91,2.87||0.00,0.00,0.00,0.04,0.04,0.04||2.91,7.66,0.76,21.52,17.59,10.14||4.61,0.81,0.68,0.19,0.40||13.98,4.04,2.80,8.71,2.58||0.00,0.00,0.49,0.58,0.00||52.34,151.56,847.56,59.28,15.44||8.92,2.99,6.66||0.26,0.79,2.05,1.79,2.85,0.32||
2.84,17.82,11.82,4.44,5.97,4.91,2.87||0.00,0.00,0.00,0.03,0.04,0.04||2.91,7.66,0.76,21.52,17.59,10.14||4.56,0.80,0.67,0.18,0.40||13.98,4.04,2.80,8.71,2.58||0.00,0.00,0.49,0.58,0.00||32.91,23.43,94.83,49.06,5.15||8.11,2.75,6.17||1.52,4.11,15.87,7.90,10.38,1.91||
2.84,17.78,11.80,4.43,5.96,4.90,2.87||0.00,0.00,0.00,0.03,0.04,0.04||2.91,7.66,0.76,21.52,17.59,10.14||4.55,0.80,0.67,0.18,0.40||14.10,4.05,2.85,8.75,2.59||0.00,0.00,0.49,0.58,0.00||34.57,28.57,119.69,50.05,5.79||6.94,2.41,5.44||1.22,3.34,12.28,6.56,8.83,1.53||
2.84,17.81,11.82,4.43,5.97,4.90,2.87||0.00,0.00,0.00,0.03,0.04,0.04||2.91,7.66,0.76,21.52,17.59,10.14||4.54,0.80,0.67,0.18,0.40||13.89,4.03,2.76,8.67,2.58||0.00,0.00,0.49,0.58,0.00||54.16,173.85,995.64,60.11,16.74||5.31,1.92,4.39||0.20,0.61,1.49,1.42,2.33,0.24||
2.84,17.82,11.82,4.44,5.97,4.90,2.87||0.00,0.00,0.00,0.03,0.04,0.04||2.91,7.66,0.76,21.52,17.59,10.14||4.54,0.80,0.67,0.18,0.40||13.85,4.02,2.75,8.66,2.58||0.00,0.00,0.49,0.58,0.00||63.82,336.51,2160.48,64.27,24.68||8.14,2.76,6.19||1.29,3.52,13.09,6.87,9.19,1.62||
2.84,17.78,11.80,4.43,5.96,4.90,2.87||0.00,0.00,0.00,0.03,0.04,0.04||2.91,7.66,0.76,21.52,17.59,10.14||4.54,0.80,0.67,0.18,0.40||13.96,4.03,2.79,8.70,2.58||0.00,0.00,0.49,0.58,0.00||68.34,442.97,2982.59,66.09,29.01||10.28,3.37,7.47||2.93,7.58,33.96,13.72,16.77,3.71||
2.84,17.81,11.82,4.43,5.97,4.90,2.87||0.00,0.00,0.00,0.03,0.04,0.04||2.91,7.66,0.76,21.52,17.59,10.14||4.54,0.80,0.67,0.18,0.40||13.86,4.02,2.75,8.66,2.58||0.00,0.00,0.49,0.58,0.00||40.15,52.18,242.62,53.20,8.24||8.15,2.77,6.20||2.81,7.30,32.45,13.28,16.30,3.56||
2.84,17.78,11.80,4.43,5.96,4.90,2.87||0.00,0.00,0.00,0.03,0.04,0.04||2.91,7.66,0.76,21.52,17.59,10.14||4.54,0.80,0.67,0.18,0.40||13.85,4.02,2.74,8.65,2.57||0.00,0.00,0.49,0.58,0.00||43.91,74.77,370.02,55.18,10.19||7.87,2.68,6.02||2.25,5.93,25.02,10.99,13.83,2.84||
2.84,17.77,11.80,4.43,5.95,4.90,2.87||0.00,0.00,0.00,0.03,0.04,0.04||2.91,7.66,0.76,21.52,17.59,10.14||4.54,0.80,0.67,0.18,0.40||13.95,4.03,2.79,8.70,2.58||0.00,0.00,0.49,0.58,0.00||48.34,110.08,582.44,57.39,12.79||6.39,2.25,5.09||2.17,5.73,24.00,10.67,13.48,2.74||
2.83,17.69,11.75,4.41,5.93,4.88,2.86||0.00,0.00,0.00,0.04,0.04,0.04||2.91,7.66,0.76,21.52,17.59,10.14||4.54,0.80,0.67,0.18,0.40||13.98,4.04,2.80,8.70,2.58||0.00,0.00,0.49,0.58,0.00||53.67,167.62,953.86,59.89,16.38||9.13,3.05,6.79||0.72,2.06,6.71,4.23,6.03,0.90||
2.82,17.63,11.72,4.39,5.91,4.87,2.85||0.00,0.00,0.00,0.03,0.04,0.04||2.91,7.66,0.76,21.52,17.59,10.14||4.54,0.80,0.67,0.18,0.40||13.98,4.04,2.80,8.71,2.58||0.00,0.00,0.49,0.58,0.00||44.23,76.94,382.65,55.34,10.36||8.42,2.84,6.36||0.65,1.86,5.91,3.86,5.57,0.81||
2.82,17.66,11.74,4.40,5.92,4.87,2.85||0.00,0.00,0.00,0.03,0.04,0.04||2.91,7.66,0.76,21.52,17.59,10.14||4.54,0.80,0.67,0.18,0.40||13.98,4.04,2.80,8.71,2.58||0.00,0.00,0.49,0.58,0.00||34.35,27.83,116.07,49.92,5.70||9.14,3.05,6.80||0.57,1.65,5.10,3.47,5.07,0.71||
2.82,17.63,11.72,4.39,5.91,4.87,2.85||0.00,0.00,0.00,0.03,0.04,0.04||2.91,7.66,0.76,21.52,17.59,10.14||4.54,0.80,0.67,0.18,0.40||13.98,4.04,2.80,8.71,2.58||0.00,0.00,0.49,0.58,0.00||50.39,130.05,708.30,58.37,14.11||7.44,2.56,5.76||0.49,1.42,4.25,3.04,4.52,0.61||
2.82,17.62,11.72,4.39,5.91,4.87,2.85||0.00,0.00,0.00,0.03,0.04,0.04||2.91,7.66,0.76,21.52,17.59,10.14||4.53,0.80,0.66,0.18,0.40||13.76,4.01,2.71,8.62,2.57||0.00,0.00,0.49,0.58,0.00||53.08,160.29,905.17,59.62,15.95||6.42,2.26,5.12||11.29,26.76,163.08,42.84,45.15,14.51||
2.82,17.66,11.74,4.40,5.92,4.87,2.85||0.00,0.00,0.00,0.03,0.04,0.04||2.91,7.66,0.76,21.52,17.59,10.14||4.53,0.80,0.66,0.18,0.40||13.94,4.03,2.78,8.69,2.58||0.00,0.00,0.49,0.58,0.00||56.11,200.42,1176.37,60.98,18.20||7.62,2.61,5.87||0.40,1.17,3.34,2.55,3.88,0.49||
2.82,17.62,11.72,4.39,5.91,4.87,2.85||0.00,0.00,0.00,0.03,0.04,0.04||2.91,7.66,0.76,21.52,17.59,10.14||4.49,0.79,0.65,0.18,0.40||13.97,4.04,2.80,8.70,2.58||0.00,0.00,0.49,0.58,0.00||55.34,189.57,1102.03,60.64,17.61||6.17,2.18,4.95||0.62,1.78,5.60,3.71,5.38,0.77||
2.82,17.62,11.72,4.39,5.91,4.87,2.85||0.00,0.00,0.00,0.03,0.04,0.04||2.91,7.66,0.76,21.52,17.59,10.14||4.47,0.79,0.65,0.18,0.39||13.75,4.01,2.71,8.62,2.57||0.00,0.00,0.49,0.58,0.00||50.57,131.90,720.11,58.45,14.23||7.88,2.69,6.03||0.52,1.51,4.58,3.21,4.74,0.65||
2.81,17.58,11.70,4.38,5.90,4.86,2.85||0.00,0.00,0.00,0.03,0.04,0.04||2.91,7.66,0.76,21.52,17.59,10.14||4.46,0.79,0.65,0.18,0.39||13.94,4.03,2.78,8.69,2.58||0.00,0.00,0.49,0.58,0.00||45.60,87.06,442.34,56.04,11.14||8.05,2.74,6.14||0.36,1.06,2.94,2.32,3.58,0.44||
2.81,17.57,11.69,4.38,5.89,4.86,2.84||0.00,0.00,0.00,0.03,0.04,0.04||2.91,7.66,0.76,21.52,17.59,10.14||4.46,0.79,0.65,0.18,0.39||13.97,4.04,2.80,8.70,2.58||0.00,0.00,0.49,0.58,0.00||54.31,175.85,1009.04,60.18,16.85||7.46,2.56,5.77||3.67,9.35,44.14,16.60,19.79,4.66||
2.81,17.57,11.69,4.38,5.89,4.86,2.84||0.00,0.00,0.00,0.03,0.04,0.04||2.91,7.66,0.76,21.52,17.59,10.14||4.47,0.79,0.65,0.18,0.39||13.98,4.04,2.80,8.71,2.58||0.00,0.00,0.49,0.58,0.00||57.44,220.19,1313.60,61.57,19.23||7.68,2.63,5.91||0.99,2.76,9.67,5.52,7.59,1.24||
2.81,17.57,11.69,4.38,5.89,4.86,2.84||0.00,0.00,0.00,0.03,0.04,0.04||2.91,7.66,0.76,21.52,17.59,10.14||4.46,0.79,0.65,0.18,0.39||13.98,4.04,2.80,8.71,2.58||0.00,0.00,0.49,0.58,0.00||42.57,66.02,319.77,54.49,9.47||7.00,2.43,5.48||1.14,3.14,11.34,6.19,8.40,1.43||
2.81,17.57,11.69,4.38,5.89,4.86,2.84||0.00,0.00,0.00,0.03,0.04,0.04||2.91,7.66,0.76,21.52,17.59,10.14||4.46,0.79,0.65,0.18,0.39||13.98,4.04,2.80,8.71,2.58||0.00,0.00,0.49,0.58,0.00||39.19,47.32,216.34,52.68,7.78||7.99,2.72,6.10||3.44,8.81,40.98,15.73,18.89,4.37||
2.81,17.57,11.69,4.38,5.89,4.86,2.84||0.00,0.00,0.00,0.03,0.04,0.04||2.91,7.66,0.76,21.52,17.59,10.14||4.46,0.79,0.65,0.18,0.39||13.87,4.02,2.75,8.66,2.58||0.00,0.00,0.49,0.58,0.00||41.79,61.26,292.89,54.08,9.06||9.23,3.07,6.85||1.04,2.89,10.24,5.75,7.87,1.31||
2.81,17.57,11.69,4.38,5.89,4.86,2.84||0.00,0.00,0.00,0.03,0.04,0.04||2.91,7.66,0.76,21.52,17.59,10.14||4.46,0.79,0.65,0.18,0.39||13.96,4.04,2.79,8.70,2.58||0.00,0.00,0.49,0.58,0.00||35.46,31.63,134.88,50.57,6.14||8.15,2.77,6.20||3.70,9.43,44.55,16.71,19.91,4.70||
2.81,17.57,11.69,4.38,5.89,4.86,2.84||0.00,0.00,0.00,0.03,0.04,0.04||2.91,7.66,0.76,21.52,17.59,10.14||4.46,0.79,0.65,0.18,0.39||13.75,4.01,2.70,8.62,2.57||0.00,0.00,0.49,0.58,0.00||49.43,120.41,647.06,57.91,13.48||9.63,3.19,7.09||0.87,2.44,8.29,4.93,6.89,1.09||
2.81,17.57,11.69,4.38,5.89,4.86,2.84||0.00,0.00,0.00,0.03,0.04,0.04||2.91,7.66,0.76,21.52,17.59,10.14||4.46,0.79,0.65,0.18,0.39||13.94,4.03,2.78,8.69,2.58||0.00,0.00,0.49,0.58,0.00||37.59,40.02,177.75,51.79,7.05||7.03,2.44,5.50||0.64,1.83,5.80,3.81,5.50,0.80||
2.81,17.57,11.69,4.38,5.89,4.86,2.84||0.00,0.00,0.00,0.03,0.04,0.04||2.91,7.66,0.76,21.52,17.59,10.14||4.46,0.79,0.65,0.18,0.39||13.97,4.04,2.80,8.70,2.58||0.00,0.00,0.49,0.58,0.00||28.59,13.31,48.85,46.32,3.69||8.65,2.91,6.50||1.89,5.03,20.41,9.48,12.17,2.38||
2.81,17.57,11.69,4.38,5.89,4.86,2.84||0.00,0.00,0.00,0.03,0.04,0.04||2.91,7.66,0.76,21.52,17.59,10.14||4.46,0.79,0.65,0.18,0.39||13.75,4.01,2.71,8.62,2.57||0.00,0.00,0.49,0.58,0.00||47.36,101.34,528.58,56.91,12.18||8.84,2.96,6.62||0.60,1.73,5.42,3.62,5.27,0.75||
2.81,17.57,11.69,4.38,5.89,4.86,2.84||0.00,0.00,0.00,0.03,0.04,0.04||2.91,7.66,0.76,21.52,17.59,10.14||4.46,0.79,0.65,0.18,0.39||13.94,4.03,2.78,8.69,2.58||0.00,0.00,0.49,0.58,0.00||61.79,295.33,1853.72,63.43,22.86||9.71,3.21,7.13||0.92,2.57,8.87,5.18,7.19,1.15||
2.81,17.57,11.69,4.38,5.89,4.86,2.84||0.00,0.00,0.00,0.03,0.04,0.04||2.91,7.66,0.76,21.52,17.59,10.14||4.46,0.79,0.65,0.18,0.39||13.86,4.02,2.75,8.66,2.58||0.00,0.00,0.49,0.58,0.00||83.11,973.21,7509.07,71.58,46.09||8.68,2.92,6.52||0.50,1.46,4.37,3.10,4.60,0.62||
2.81,17.57,11.69,4.38,5.89,4.86,2.84||0.00,0.00,0.00,0.03,0.04,0.04||2.91,7.66,0.76,21.52,17.59,10.14||4.46,0.79,0.65,0.18,0.39||13.84,4.02,2.74,8.65,2.57||0.00,0.00,0.49,0.58,0.00||46.31,92.58,475.43,56.39,11.55||6.47,2.27,5.14||1.77,4.73,18.91,8.97,11.59,2.23||
2.81,17.57,11.69,4.38,5.89,4.86,2.84||0.00,0.00,0.00,0.03,0.04,0.04||2.91,7.66,0.76,21.52,17.59,10.14||4.46,0.79,0.65,0.18,0.39||13.51,3.98,2.60,8.52,2.55||0.00,0.00,0.49,0.58,0.00||38.10,42.23,189.28,52.07,7.28||6.97,2.42,5.47||0.58,1.68,5.21,3.52,5.14,0.73||
2.81,17.57,11.69,4.38,5.89,4.86,2.84||0.00,0.00,0.00,0.03,0.04,0.04||2.88,7.65,0.75,21.43,17.55,10.08||4.46,0.79,0.65,0.18,0.39||13.89,4.03,2.76,8.67,2.58||0.00,0.00,0.49,0.58,0.00||68.90,457.83,3100.30,66.31,29.58||5.92,2.11,4.79||0.32,0.95,2.56,2.10,3.29,0.39||
2.81,17.57,11.69,4.38,5.89,4.86,2.84||0.00,0.00,0.00,0.03,0.04,0.04||2.91,7.66,0.76,21.50,17.58,10.13||4.46,0.79,0.65,0.18,0.39||13.74,4.01,2.70,8.61,2.57||0.00,0.00,0.49,0.58,0.00||38.96,46.20,210.35,52.55,7.68||7.01,2.43,5.49||0.25,0.75,1.91,1.70,2.73,0.30||
2.81,17.57,11.69,4.38,5.89,4.86,2.84||0.00,0.00,0.00,0.03,0.04,0.04||2.88,7.65,0.75,21.43,17.55,10.08||4.46,0.79,0.65,0.18,0.39||13.71,4.00,2.69,8.60,2.56||0.00,0.00,0.49,0.58,0.00||45.21,84.05,424.47,55.84,10.91||5.18,1.88,4.30||0.88,2.45,8.36,4.96,6.92,1.09||
2.81,17.57,11.69,4.38,5.89,4.86,2.84||0.00,0.00,0.00,0.03,0.04,0.04||2.85,7.63,0.74,21.33,17.50,10.00||4.46,0.79,0.65,0.18,0.39||13.81,4.02,2.73,8.64,2.57||0.00,0.00,0.49,0.58,0.00||35.04,30.15,127.48,50.33,5.97||9.11,3.04,6.78||0.30,0.90,2.42,2.02,3.16,0.37||
2.81,17.57,11.69,4.38,5.89,4.86,2.84||0.00,0.00,0.00,0.03,0.04,0.04||2.85,7.63,0.74,21.31,17.49,9.99||4.46,0.79,0.65,0.18,0.39||13.72,4.01,2.69,8.61,2.57||0.00,0.00,0.49,0.58,0.00||46.80,96.63,499.89,56.63,11.85||8.88,2.97,6.64||1.10,3.03,10.87,6.00,8.17,1.38||
