4.59,34.77,19.98,8.10,10.82,7.90,4.68||0.00,0.00,0.00,0.08,0.07,0.08||61.60,14.59,70.65,78.50,35.66,80.91||12.91,1.43,3.37,0.47,0.70||53.86,7.06,48.54,20.02,4.39||0.02,0.06,0.71,0.81,0.01||20.58,3.55,10.37,40.51,1.70||11.86,3.80,8.38||0.10,0.34,0.71,0.83,1.46,0.13||
3.11,20.18,13.04,4.96,6.67,5.36,3.15||0.00,0.00,0.00,0.04,0.04,0.04||5.13,8.63,1.76,27.35,20.05,14.90||5.55,0.89,0.91,0.22,0.44||18.05,4.49,4.80,10.19,2.86||0.00,0.01,0.53,0.63,0.00||19.24,2.70,7.54,39.41,1.45||7.52,2.58,5.81||0.36,1.06,2.96,2.34,3.60,0.44||
2.90,18.30,12.07,4.55,6.11,5.00,2.93||0.00,0.00,0.00,0.03,0.04,0.04||3.28,7.86,0.91,22.63,18.08,11.00||4.77,0.82,0.72,0.19,0.41||14.70,4.12,3.11,8.98,2.64||0.00,0.01,0.51,0.61,0.00||15.81,1.23,2.98,36.38,0.91||6.72,2.35,5.31||0.11,0.35,0.75,0.87,1.52,0.14||
2.85,17.92,11.87,4.46,6.00,4.92,2.88||0.00,0.00,0.00,0.03,0.04,0.04||2.98,7.70,0.79,21.72,17.68,10.30||4.59,0.80,0.68,0.18,0.40||13.88,4.03,2.76,8.67,2.58||0.00,0.01,0.50,0.60,0.00||16.57,1.48,3.73,37.09,1.02||5.56,2.00,4.55||0.36,1.08,3.01,2.36,3.63,0.45||
2.84,17.84,11.83,4.44,5.97,4.91,2.88||0.00,0.00,0.00,0.03,0.04,0.04||2.92,7.67,0.77,21.55,17.60,10.16||4.56,0.80,0.67,0.18,0.40||13.72,4.01,2.69,8.61,2.57||0.00,0.01,0.50,0.60,0.00||13.11,0.58,1.23,33.70,0.58||5.87,2.09,4.76||4.72,11.86,59.27,20.55,23.84,6.02||
2.84,17.82,11.82,4.44,5.97,4.91,2.87||0.00,0.00,0.00,0.03,0.04,0.04||2.94,7.68,0.77,21.60,17.62,10.20||4.59,0.80,0.68,0.18,0.40||13.81,4.02,2.73,8.64,2.57||0.00,0.01,0.50,0.60,0.00||7.39,0.06,0.08,26.68,0.15||6.77,2.36,5.34||0.22,0.67,1.65,1.53,2.49,0.27||
2.84,17.82,11.82,4.44,5.97,4.91,2.87||0.00,0.00,0.00,0.03,0.04,0.04||3.02,7.72,0.81,21.87,17.74,10.41||4.61,0.80,0.68,0.19,0.40||13.82,4.02,2.73,8.64,2.57||0.00,0.01,0.50,0.60,0.00||12.73,0.51,1.07,33.31,0.54||7.55,2.59,5.83||0.31,0.92,2.48,2.05,3.22,0.38||
2.84,17.82,11.82,4.44,5.97,4.91,2.87||0.00,0.00,0.00,0.03,0.04,0.04||3.01,7.72,0.80,21.83,17.73,10.38||4.61,0.81,0.68,0.19,0.40||13.83,4.02,2.73,8.65,2.57||0.00,0.01,0.50,0.60,0.00||18.39,2.26,6.09,38.69,1.30||6.75,2.36,5.33||0.17,0.54,1.28,1.27,2.12,0.21||
2.84,17.82,11.82,4.44,5.97,4.91,2.87||0.00,0.00,0.00,0.03,0.04,0.04||3.01,7.72,0.80,21.83,17.72,10.38||4.60,0.80,0.68,0.18,0.40||13.71,4.01,2.69,8.60,2.56||0.00,0.01,0.50,0.60,0.00||12.36,0.46,0.93,32.90,0.51||5.22,1.89,4.33||0.18,0.56,1.32,1.30,2.16,0.22||
2.84,17.82,11.82,4.44,5.97,4.91,2.87||0.00,0.00,0.00,0.03,0.04,0.04||2.93,7.67,0.77,21.57,17.61,10.18||4.59,0.80,0.68,0.18,0.40||13.69,4.00,2.68,8.59,2.56||0.00,0.01,0.50,0.60,0.00||21.47,4.20,12.64,41.22,1.87||6.71,2.34,5.30||0.41,1.19,3.41,2.59,3.93,0.50||
2.84,17.82,11.82,4.44,5.97,4.91,2.87||0.00,0.00,0.00,0.03,0.04,0.04||2.97,7.69,0.78,21.69,17.66,10.27||4.59,0.80,0.68,0.18,0.40||13.68,4.00,2.68,8.59,2.56||0.00,0.01,0.50,0.60,0.00||18.56,2.34,6.36,38.84,1.33||5.17,1.88,4.29||27.05,60.57,450.39,89.52,85.72,35.12||
2.84,17.82,11.82,4.44,5.97,4.91,2.87||0.00,0.00,0.00,0.03,0.04,0.04||2.95,7.68,0.78,21.62,17.63,10.22||4.59,0.80,0.68,0.18,0.40||13.92,4.03,2.77,8.68,2.58||0.00,0.01,0.50,0.60,0.00||14.89,0.97,2.25,35.50,0.79||5.31,1.92,4.39||0.36,1.07,2.99,2.35,3.62,0.45||
2.84,17.82,11.82,4.44,5.97,4.91,2.87||0.00,0.00,0.00,0.03,0.04,0.04||2.91,7.66,0.76,21.53,17.59,10.15||4.59,0.80,0.68,0.18,0.40||13.85,4.02,2.74,8.65,2.57||0.00,0.01,0.50,0.60,0.00||15.11,1.02,2.41,35.71,0.82||8.47,2.86,6.39||0.20,0.61,1.49,1.42,2.34,0.25||
2.84,17.82,11.82,4.44,5.97,4.91,2.87||0.00,0.00,0.00,0.03,0.04,0.04||2.93,7.68,0.77,21.59,17.62,10.20||4.59,0.80,0.68,0.18,0.40||13.83,4.02,2.74,8.65,2.57||0.00,0.01,0.50,0.60,0.00||19.63,2.93,8.29,39.74,1.52||5.76,2.06,4.69||2.69,7.00,30.78,12.78,15.76,3.40||
2.84,17.82,11.82,4.44,5.97,4.91,2.87||0.00,0.00,0.00,0.03,0.04,0.04||2.91,7.66,0.76,21.52,17.59,10.14||4.59,0.80,0.68,0.18,0.40||14.30,4.08,2.94,8.83,2.61||0.00,0.01,0.50,0.60,0.00||12.20,0.43,0.88,32.73,0.49||7.72,2.64,5.93||0.26,0.80,2.08,1.81,2.88,0.33||
2.84,17.82,11.82,4.44,5.97,4.91,2.87||0.00,0.00,0.00,0.03,0.04,0.04||2.91,7.66,0.76,21.51,17.58,10.13||4.59,0.80,0.68,0.18,0.40||13.81,4.02,2.73,8.64,2.57||0.00,0.01,0.50,0.60,0.00||11.80,0.38,0.75,32.29,0.45||5.94,2.11,4.81||0.20,0.62,1.52,1.44,2.36,0.25||
2.84,17.82,11.82,4.44,5.97,4.91,2.87||0.00,0.00,0.00,0.03,0.04,0.04||2.91,7.66,0.76,21.50,17.58,10.13||4.59,0.80,0.68,0.18,0.40||13.82,4.02,2.73,8.65,2.57||0.00,0.01,0.50,0.60,0.00||17.65,1.91,5.02,38.05,1.18||7.64,2.62,5.89||0.60,1.73,5.43,3.63,5.27,0.75||
2.84,17.82,11.82,4.44,5.97,4.91,2.87||0.00,0.00,0.00,0.03,0.04,0.04||2.91,7.66,0.76,21.50,17.58,10.13||4.59,0.80,0.68,0.18,0.40||13.71,4.01,2.69,8.60,2.56||0.00,0.01,0.50,0.60,0.00||16.57,1.48,3.72,37.08,1.02||10.30,3.37,7.48||0.73,2.07,6.75,4.25,6.05,0.91||
2.84,17.82,11.82,4.44,5.97,4.91,2.87||0.00,0.00,0.00,0.03,0.04,0.04||2.91,7.66,0.76,21.50,17.58,10.13||4.59,0.80,0.68,0.18,0.40||14.04,4.04,2.83,8.73,2.59||0.00,0.01,0.50,0.60,0.00||18.04,2.09,5.56,38.39,1.24||7.33,2.53,5.69||0.95,2.65,9.19,5.31,7.35,1.19||
2.84,17.82,11.82,4.44,5.97,4.91,2.87||0.00,0.00,0.00,0.03,0.04,0.04||2.91,7.66,0.76,21.50,17.58,10.13||4.59,0.80,0.68,0.18,0.40||13.75,4.01,2.71,8.62,2.57||0.00,0.01,0.50,0.60,0.00||15.70,1.19,2.89,36.28,0.89||7.40,2.55,5.73||10.79,25.66,154.83,41.25,43.70,13.87||
2.84,17.82,11.82,4.44,5.97,4.91,2.87||0.00,0.00,0.00,0.03,0.04,0.04||2.91,7.66,0.76,21.50,17.58,10.13||4.59,0.80,0.68,0.18,0.40||13.93,4.03,2.78,8.69,2.58||0.00,0.01,0.50,0.60,0.00||13.21,0.60,1.28,33.81,0.59||5.73,2.05,4.67||0.77,2.16,7.15,4.43,6.27,0.96||
2.84,17.82,11.82,4.44,5.97,4.91,2.87||0.00,0.00,0.00,0.03,0.04,0.04||2.91,7.66,0.76,21.50,17.58,10.13||4.59,0.80,0.68,0.18,0.40||13.85,4.02,2.74,8.65,2.58||0.00,0.01,0.50,0.60,0.00||26.18,9.34,32.26,44.69,3.00||6.50,2.28,5.16||2.32,6.10,25.94,11.28,14.15,2.93||
2.84,17.82,11.82,4.44,5.97,4.91,2.87||0.00,0.00,0.00,0.03,0.04,0.04||2.91,7.66,0.76,21.50,17.58,10.13||4.59,0.80,0.68,0.18,0.40||13.95,4.03,2.79,8.69,2.58||0.00,0.01,0.50,0.60,0.00||17.66,1.92,5.03,38.06,1.18||5.84,2.08,4.74||0.09,0.30,0.61,0.75,1.33,0.11||
2.84,17.82,11.82,4.44,5.97,4.91,2.87||0.00,0.00,0.00,0.03,0.04,0.04||2.93,7.68,0.77,21.59,17.62,10.19||4.59,0.80,0.68,0.18,0.40||13.85,4.02,2.75,8.66,2.58||0.00,0.01,0.50,0.60,0.00||9.72,0.17,0.30,29.84,0.29||7.59,2.60,5.85||0.21,0.65,1.59,1.49,2.43,0.26||
2.84,17.82,11.82,4.44,5.97,4.91,2.87||0.00,0.00,0.00,0.03,0.04,0.04||2.91,7.66,0.76,21.52,17.59,10.14||4.59,0.80,0.68,0.18,0.40||13.83,4.02,2.74,8.65,2.57||0.00,0.01,0.50,0.60,0.00||16.55,1.48,3.70,37.07,1.01||6.06,2.15,4.88||1.28,3.51,13.04,6.85,9.17,1.61||
2.84,17.82,11.82,4.44,5.97,4.91,2.87||0.00,0.00,0.00,0.03,0.04,0.04||2.91,7.66,0.76,21.50,17.58,10.13||4.59,0.80,0.68,0.18,0.40||13.71,4.01,2.69,8.60,2.57||0.00,0.01,0.50,0.60,0.00||14.59,0.89,2.04,35.21,0.75||5.93,2.11,4.79||0.41,1.22,3.50,2.64,4.00,0.51||
2.84,17.82,11.82,4.44,5.97,4.91,2.87||0.00,0.00,0.00,0.03,0.04,0.04||2.91,7.66,0.76,21.50,17.58,10.13||4.59,0.80,0.68,0.18,0.40||13.81,4.02,2.73,8.64,2.57||0.00,0.01,0.50,0.60,0.00||16.12,1.33,3.27,36.67,0.95||6.40,2.25,5.10||0.24,0.73,1.85,1.66,2.67,0.30||
2.84,17.82,11.82,4.44,5.97,4.91,2.87||0.00,0.00,0.00,0.03,0.04,0.04||2.91,7.66,0.76,21.50,17.58,10.13||4.59,0.80,0.68,0.18,0.40||13.82,4.02,2.73,8.65,2.57||0.00,0.01,0.50,0.60,0.00||20.18,3.28,9.45,40.19,1.62||4.46,1.65,3.81||1.37,3.73,14.05,7.23,9.61,1.72||
2.84,17.82,11.82,4.44,5.97,4.91,2.87||0.00,0.00,0.00,0.03,0.04,0.04||2.91,7.66,0.76,21.50,17.58,10.13||4.65,0.81,0.69,0.19,0.40||13.83,4.02,2.74,8.65,2.57||0.00,0.01,0.50,0.60,0.00||14.57,0.88,2.03,35.19,0.75||5.92,2.11,4.79||0.66,1.89,6.05,3.92,5.65,0.83||
2.86,17.94,11.89,4.46,6.00,4.93,2.89||0.00,0.00,0.00,0.03,0.04,0.04||3.02,7.72,0.80,21.85,17.73,10.39||4.74,0.82,0.71,0.19,0.41||14.06,4.05,2.84,8.74,2.59||0.00,0.01,0.50,0.60,0.00||17.40,1.81,4.69,37.83,1.14||6.40,2.25,5.10||0.87,2.44,8.28,4.93,6.89,1.09||
2.87,18.05,11.94,4.49,6.04,4.95,2.90||0.00,0.00,0.00,0.03,0.04,0.04||3.07,7.75,0.82,22.00,17.80,10.51||4.83,0.83,0.73,0.19,0.41||13.99,4.04,2.81,8.71,2.59||0.00,0.01,0.50,0.60,0.00||20.71,3.63,10.65,40.61,1.72||6.20,2.19,4.97||0.54,1.57,4.78,3.31,4.87,0.67||
2.87,18.07,11.95,4.49,6.04,4.95,2.90||0.00,0.00,0.00,0.04,0.04,0.04||3.08,7.75,0.83,22.04,17.82,10.54||4.93,0.84,0.75,0.20,0.42||13.63,4.00,2.65,8.57,2.56||0.00,0.01,0.50,0.60,0.00||18.98,2.56,7.07,39.20,1.40||7.18,2.48,5.60||1.69,4.54,17.97,8.65,11.23,2.13||
2.87,18.07,11.95,4.49,6.04,4.95,2.90||0.00,0.00,0.00,0.04,0.04,0.04||3.08,7.76,0.83,22.04,17.82,10.54||4.99,0.84,0.77,0.20,0.42||14.02,4.04,2.82,8.72,2.59||0.00,0.01,0.50,0.60,0.00||18.40,2.26,6.11,38.70,1.30||5.39,1.95,4.44||6.49,15.96,85.74,26.87,30.09,8.30||
2.89,18.28,12.06,4.54,6.10,4.99,2.93||0.00,0.00,0.00,0.04,0.04,0.04||3.08,7.76,0.83,22.04,17.82,10.54||5.03,0.85,0.78,0.20,0.42||13.87,4.02,2.75,8.66,2.58||0.00,0.01,0.50,0.60,0.00||19.91,3.11,8.86,39.97,1.57||8.61,2.90,6.48||5.07,12.67,64.36,21.82,25.11,6.47||
2.90,18.32,12.08,4.55,6.12,5.00,2.93||0.00,0.00,0.00,0.04,0.04,0.04||3.08,7.76,0.83,22.04,17.82,10.54||5.11,0.85,0.80,0.20,0.42||14.07,4.05,2.84,8.74,2.59||0.00,0.01,0.50,0.60,0.00||22.84,5.39,16.92,42.27,2.17||5.95,2.12,4.81||0.42,1.24,3.56,2.67,4.04,0.52||
2.90,18.33,12.09,4.55,6.12,5.00,2.93||0.00,0.00,0.00,0.04,0.04,0.04||3.11,7.77,0.84,22.13,17.86,10.61||5.15,0.86,0.81,0.20,0.43||14.11,4.05,2.86,8.76,2.59||0.00,0.01,0.50,0.60,0.00||19.60,2.91,8.22,39.71,1.51||6.92,2.41,5.43||0.25,0.76,1.95,1.73,2.76,0.31||
2.90,18.37,12.11,4.56,6.13,5.01,2.94||0.00,0.00,0.00,0.04,0.04,0.04||3.15,7.79,0.85,22.24,17.91,10.69||5.21,0.86,0.82,0.21,0.43||14.00,4.04,2.81,8.71,2.59||0.00,0.01,0.50,0.60,0.00||17.70,1.93,5.08,38.10,1.19||7.29,2.51,5.66||1.11,3.07,11.04,6.07,8.25,1.40||
2.91,18.42,12.13,4.57,6.15,5.02,2.94||0.00,0.00,0.00,0.04,0.04,0.04||3.21,7.82,0.88,22.44,17.99,10.85||5.26,0.87,0.84,0.21,0.43||14.10,4.05,2.85,8.75,2.59||0.00,0.01,0.50,0.60,0.00||18.48,2.30,6.24,38.78,1.32||9.45,3.14,6.98||37.64,82.50,661.36,118.30,109.23,49.05||
2.93,18.55,12.20,4.60,6.19,5.05,2.96||0.00,0.00,0.00,0.04,0.04,0.04||3.23,7.83,0.89,22.48,18.01,10.88||5.32,0.87,0.85,0.21,0.43||14.12,4.05,2.86,8.76,2.59||0.00,0.01,0.50,0.60,0.00||29.55,15.20,57.09,46.95,3.99||6.94,2.41,5.45||0.95,2.64,9.16,5.30,7.34,1.19||
2.93,18.58,12.22,4.61,6.19,5.05,2.96||0.00,0.00,0.00,0.04,0.04,0.04||3.23,7.83,0.89,22.48,18.01,10.88||5.34,0.87,0.86,0.21,0.43||14.12,4.05,2.86,8.76,2.59||0.00,0.01,0.50,0.60,0.00||18.31,2.22,5.96,38.62,1.29||7.26,2.51,5.64||0.94,2.61,9.04,5.25,7.28,1.17||
2.93,18.59,12.22,4.61,6.20,5.05,2.96||0.00,0.00,0.00,0.04,0.04,0.04||3.26,7.85,0.90,22.58,18.05,10.95||5.41,0.88,0.87,0.21,0.44||14.12,4.05,2.86,8.76,2.59||0.00,0.01,0.50,0.60,0.00||23.36,5.90,18.81,42.66,2.29||5.50,1.98,4.52||6.36,15.66,83.78,26.42,29.66,8.13||
2.93,18.63,12.24,4.62,6.21,5.06,2.97||0.00,0.00,0.00,0.04,0.04,0.05||3.27,7.85,0.90,22.59,18.06,10.97||5.43,0.88,0.88,0.21,0.44||14.24,4.07,2.91,8.81,2.60||0.00,0.01,0.50,0.60,0.00||11.11,0.30,0.56,31.51,0.39||6.56,2.30,5.20||0.52,1.51,4.57,3.20,4.73,0.65||
2.94,18.64,12.25,4.62,6.21,5.06,2.97||0.00,0.00,0.00,0.04,0.04,0.05||3.27,7.85,0.90,22.60,18.06,10.97||5.43,0.88,0.88,0.21,0.44||14.15,4.06,2.87,8.77,2.60||0.00,0.01,0.50,0.60,0.00||17.98,2.06,5.48,38.34,1.23||7.37,2.54,5.71||0.42,1.22,3.52,2.65,4.01,0.52||
2.95,18.81,12.33,4.66,6.26,5.10,2.99||0.00,0.00,0.00,0.04,0.04,0.05||3.27,7.85,0.90,22.60,18.06,10.97||5.51,0.89,0.90,0.22,0.44||14.25,4.07,2.91,8.81,2.60||0.00,0.01,0.50,0.60,0.00||31.80,20.42,80.72,48.38,4.75||5.98,2.13,4.83||0.88,2.46,8.39,4.97,6.94,1.10||
2.96,18.84,12.35,4.67,6.27,5.10,2.99||0.00,0.00,0.00,0.04,0.04,0.05||3.27,7.85,0.90,22.60,18.06,10.97||5.53,0.89,0.90,0.22,0.44||14.27,4.07,2.92,8.82,2.61||0.00,0.01,0.50,0.60,0.00||16.21,1.36,3.36,36.76,0.96||7.82,2.67,5.99||1.37,3.72,14.02,7.22,9.60,1.72||
2.96,18.85,12.36,4.67,6.27,5.11,2.99||0.00,0.00,0.00,0.04,0.04,0.05||3.27,7.85,0.90,22.60,18.06,10.97||5.53,0.89,0.90,0.22,0.44||14.27,4.07,2.93,8.82,2.61||0.00,0.01,0.50,0.60,0.00||14.19,0.80,1.79,34.81,0.70||7.97,2.71,6.09||0.64,1.84,5.83,3.82,5.52,0.80||
2.96,18.85,12.36,4.67,6.27,5.11,2.99||0.00,0.00,0.00,0.04,0.04,0.05||3.27,7.85,0.90,22.60,18.06,10.97||5.56,0.89,0.91,0.22,0.44||14.15,4.06,2.87,8.77,2.60||0.00,0.01,0.50,0.60,0.00||11.02,0.29,0.54,31.40,0.39||6.57,2.30,5.21||0.66,1.89,6.03,3.91,5.63,0.82||
2.96,18.85,12.36,4.67,6.27,5.11,2.99||0.00,0.00,0.00,0.04,0.04,0.05||3.27,7.85,0.90,22.60,18.06,10.97||5.62,0.90,0.93,0.22,0.45||14.13,4.06,2.86,8.76,2.60||0.00,0.01,0.50,0.60,0.00||16.40,1.42,3.55,36.93,0.99||9.69,3.20,7.12||1.62,4.37,17.14,8.35,10.90,2.05||
2.96,18.85,12.36,4.67,6.27,5.11,2.99||0.00,0.00,0.00,0.04,0.04,0.05||3.27,7.85,0.90,22.60,18.06,10.97||5.63,0.90,0.93,0.22,0.45||14.25,4.07,2.91,8.81,2.60||0.00,0.01,0.50,0.60,0.00||15.96,1.28,3.12,36.52,0.93||4.63,1.71,3.93||0.89,2.50,8.54,5.04,7.02,1.12||
2.96,18.85,12.36,4.67,6.27,5.11,2.99||0.00,0.00,0.00,0.04,0.04,0.05||3.27,7.85,0.90,22.60,18.06,10.97||5.63,0.90,0.93,0.22,0.45||14.27,4.07,2.92,8.81,2.61||0.00,0.01,0.50,0.60,0.00||11.37,0.33,0.63,31.80,0.42||6.58,2.30,5.21||7.35,17.92,99.06,29.83,32.96,9.41||
2.96,18.85,12.36,4.67,6.27,5.11,2.99||0.00,0.00,0.00,0.04,0.04,0.05||3.27,7.85,0.90,22.60,18.06,10.97||5.63,0.90,0.93,0.22,0.45||14.27,4.07,2.93,8.82,2.61||0.00,0.01,0.50,0.60,0.00||13.90,0.73,1.63,34.52,0.67||6.17,2.18,4.95||0.70,1.99,6.43,4.10,5.87,0.87||
2.96,18.89,12.38,4.68,6.29,5.11,3.00||0.00,0.00,0.00,0.04,0.04,0.05||3.27,7.85,0.90,22.60,18.06,10.97||5.63,0.90,0.93,0.22,0.45||14.27,4.07,2.93,8.82,2.61||0.00,0.01,0.50,0.60,0.00||22.94,5.49,17.29,42.35,2.19||5.18,1.88,4.30||0.31,0.94,2.52,2.08,3.25,0.39||
2.97,18.90,12.38,4.68,6.29,5.12,3.00||0.00,0.00,0.00,0.04,0.04,0.05||3.27,7.85,0.90,22.60,18.06,10.97||5.68,0.91,0.94,0.22,0.45||14.27,4.07,2.93,8.82,2.61||0.00,0.01,0.50,0.60,0.00||15.68,1.19,2.87,36.25,0.89||7.61,2.61,5.86||0.34,1.02,2.82,2.26,3.49,0.43||
2.97,18.99,12.43,4.70,6.32,5.13,3.01||0.00,0.00,0.00,0.05,0.05,0.05||3.27,7.85,0.90,22.60,18.06,10.97||5.73,0.91,0.95,0.23,0.45||14.39,4.09,2.98,8.86,2.61||0.00,0.01,0.50,0.60,0.00||22.87,5.42,17.02,42.29,2.18||9.65,3.19,7.10||0.29,0.87,2.31,1.95,3.08,0.36||
2.99,19.09,12.48,4.72,6.35,5.15,3.02||0.00,0.00,0.00,0.05,0.05,0.05||3.30,7.87,0.92,22.69,18.10,11.04||5.74,0.91,0.96,0.23,0.45||14.30,4.08,2.94,8.83,2.61||0.00,0.01,0.50,0.60,0.00||24.34,6.97,22.86,43.38,2.52||5.32,1.92,4.39||0.66,1.88,5.99,3.90,5.61,0.82||
2.99,19.12,12.49,4.73,6.35,5.16,3.02||0.00,0.00,0.00,0.05,0.05,0.05||3.40,7.92,0.96,22.98,18.23,11.27||5.74,0.91,0.96,0.23,0.45||14.28,4.07,2.93,8.82,2.61||0.00,0.01,0.50,0.60,0.00||25.81,8.81,30.12,44.43,2.90||9.78,3.23,7.17||0.47,1.37,4.04,2.93,4.38,0.58||
2.99,19.12,12.49,4.73,6.35,5.16,3.03||0.00,0.00,0.00,0.05,0.05,0.05||3.42,7.93,0.97,23.04,18.25,11.32||5.74,0.91,0.96,0.23,0.45||14.39,4.09,2.98,8.86,2.61||0.00,0.01,0.50,0.60,0.00||10.94,0.28,0.53,31.31,0.38||7.71,2.64,5.93||0.53,1.54,4.68,3.26,4.80,0.66||
2.99,19.12,12.49,4.73,6.35,5.16,3.03||0.00,0.00,0.00,0.05,0.05,0.05||3.46,7.95,0.98,23.14,18.30,11.40||5.74,0.91,0.96,0.23,0.45||14.42,4.09,2.99,8.87,2.62||0.00,0.01,0.50,0.60,0.00||12.31,0.45,0.92,32.85,0.50||5.88,2.09,4.76||0.58,1.66,5.13,3.48,5.09,0.72||
2.99,19.12,12.49,4.73,6.35,5.16,3.03||0.00,0.00,0.00,0.05,0.05,0.05||3.46,7.95,0.99,23.16,18.31,11.41||5.76,0.91,0.96,0.23,0.45||14.18,4.06,2.89,8.78,2.60||0.00,0.01,0.50,0.60,0.00||17.02,1.65,4.22,37.49,1.08||6.39,2.25,5.09||2.09,5.54,23.00,10.34,13.12,2.64||
2.99,19.12,12.49,4.73,6.35,5.16,3.03||0.00,0.00,0.00,0.05,0.05,0.05||3.46,7.95,0.99,23.17,18.31,11.42||5.81,0.92,0.98,0.23,0.45||14.26,4.07,2.92,8.81,2.60||0.00,0.01,0.50,0.60,0.00||14.28,0.82,1.85,34.90,0.71||6.13,2.17,4.93||0.36,1.06,2.93,2.32,3.58,0.44||
2.99,19.12,12.49,4.73,6.35,5.16,3.03||0.00,0.00,0.00,0.05,0.05,0.05||3.46,7.95,0.99,23.17,18.31,11.42||5.84,0.92,0.98,0.23,0.46||14.39,4.09,2.98,8.86,2.61||0.00,0.01,0.51,0.60,0.00||19.24,2.70,7.53,39.41,1.45||6.07,2.15,4.89||1.19,3.26,11.89,6.41,8.65,1.49||
2.99,19.12,12.49,4.73,6.35,5.16,3.03||0.00,0.00,0.00,0.05,0.05,0.05||3.47,7.95,0.99,23.17,18.31,11.42||5.85,0.92,0.98,0.23,0.46||14.30,4.08,2.94,8.83,2.61||0.00,0.01,0.51,0.60,0.00||14.99,0.99,2.32,35.60,0.80||7.71,2.64,5.93||0.57,1.63,5.04,3.44,5.03,0.71||
2.99,19.12,12.49,4.73,6.35,5.16,3.03||0.00,0.00,0.00,0.05,0.05,0.05||3.47,7.95,0.99,23.17,18.31,11.42||5.85,0.92,0.98,0.23,0.46||13.92,4.03,2.77,8.68,2.58||0.00,0.01,0.51,0.60,0.00||21.20,3.99,11.91,41.00,1.82||7.54,2.59,5.82||3.24,8.34,38.28,14.97,18.09,4.11||
2.99,19.16,12.52,4.74,6.37,5.17,3.03||0.00,0.00,0.00,0.05,0.05,0.05||3.47,7.95,0.99,23.17,18.31,11.42||5.85,0.92,0.98,0.23,0.46||14.44,4.09,3.00,8.88,2.62||0.00,0.01,0.51,0.60,0.00||25.94,8.99,30.85,44.52,2.93||7.41,2.55,5.74||1.56,4.22,16.39,8.09,10.59,1.97||
2.99,19.13,12.50,4.73,6.36,5.16,3.03||0.00,0.00,0.00,0.05,0.05,0.05||3.47,7.95,0.99,23.17,18.31,11.42||5.85,0.92,0.98,0.23,0.46||14.19,4.06,2.89,8.78,2.60||0.00,0.01,0.51,0.60,0.00||21.27,4.05,12.10,41.06,1.83||8.53,2.88,6.43||33.29,73.54,573.24,106.64,99.81,43.31||
2.99,19.17,12.52,4.74,6.37,5.17,3.03||0.00,0.00,0.00,0.05,0.05,0.05||3.47,7.95,0.99,23.17,18.31,11.42||5.85,0.92,0.98,0.23,0.46||14.26,4.07,2.92,8.81,2.60||0.00,0.01,0.51,0.60,0.00||15.82,1.23,2.99,36.39,0.91||6.38,2.24,5.09||0.36,1.06,2.93,2.32,3.57,0.44||
3.01,19.30,12.59,4.77,6.41,5.19,3.05||0.00,0.00,0.00,0.05,0.05,0.05||3.47,7.95,0.99,23.17,18.31,11.42||5.85,0.92,0.98,0.23,0.46||14.39,4.09,2.98,8.86,2.61||0.00,0.01,0.51,0.60,0.00||19.90,3.10,8.85,39.96,1.57||5.78,2.06,4.70||0.24,0.73,1.86,1.67,2.68,0.30||
3.02,19.38,12.63,4.78,6.43,5.21,3.05||0.00,0.00,0.00,0.05,0.05,0.05||3.47,7.95,0.99,23.17,18.31,11.42||5.85,0.92,0.98,0.23,0.46||14.18,4.06,2.88,8.78,2.60||0.00,0.01,0.50,0.60,0.00||17.83,1.99,5.27,38.21,1.21||6.62,2.32,5.24||5.17,12.89,65.75,22.16,25.45,6.59||
3.02,19.39,12.63,4.79,6.43,5.21,3.06||0.00,0.00,0.00,0.05,0.05,0.05||3.47,7.95,0.99,23.17,18.31,11.42||5.85,0.92,0.98,0.23,0.46||14.25,4.07,2.92,8.81,2.60||0.00,0.01,0.50,0.60,0.00||24.40,7.03,23.11,43.42,2.54||8.45,2.85,6.38||0.76,2.14,7.03,4.38,6.21,0.94||
3.01,19.35,12.61,4.78,6.42,5.20,3.05||0.00,0.00,0.00,0.05,0.05,0.05||3.47,7.95,0.99,23.17,18.31,11.42||5.85,0.92,0.98,0.23,0.46||14.51,4.10,3.03,8.91,2.62||0.00,0.01,0.50,0.60,0.00||15.05,1.01,2.37,35.66,0.81||8.16,2.77,6.20||0.39,1.14,3.22,2.49,3.80,0.48||
3.02,19.38,12.63,4.79,6.43,5.21,3.06||0.00,0.00,0.00,0.05,0.05,0.05||3.47,7.95,0.99,23.17,18.31,11.42||5.85,0.92,0.98,0.23,0.46||14.32,4.08,2.95,8.84,2.61||0.00,0.01,0.50,0.60,0.00||18.24,2.18,5.85,38.56,1.27||7.61,2.61,5.86||3.07,7.93,35.92,14.29,17.38,3.89||
3.02,19.39,12.63,4.79,6.43,5.21,3.06||0.00,0.00,0.00,0.05,0.05,0.05||3.47,7.95,0.99,23.17,18.31,11.42||5.88,0.92,0.99,0.23,0.46||14.04,4.05,2.83,8.73,2.59||0.00,0.01,0.50,0.60,0.00||17.88,2.02,5.34,38.26,1.22||5.48,1.97,4.50||4.50,11.33,56.02,19.73,23.01,5.73||
3.02,19.39,12.63,4.79,6.43,5.21,3.06||0.00,0.00,0.00,0.05,0.05,0.05||3.47,7.95,0.99,23.17,18.31,11.42||5.94,0.93,1.01,0.23,0.46||14.23,4.07,2.91,8.80,2.60||0.00,0.01,0.50,0.60,0.00||20.12,3.24,9.31,40.14,1.61||7.16,2.48,5.59||0.95,2.65,9.18,5.31,7.35,1.19||
3.02,19.39,12.63,4.79,6.43,5.21,3.06||0.00,0.00,0.00,0.05,0.05,0.05||3.47,7.95,0.99,23.17,18.31,11.42||5.95,0.93,1.01,0.23,0.46||14.27,4.07,2.92,8.81,2.61||0.00,0.01,0.50,0.60,0.00||15.04,1.00,2.35,35.64,0.81||6.95,2.42,5.45||0.21,0.63,1.55,1.46,2.39,0.25||
3.02,19.39,12.63,4.79,6.43,5.21,3.06||0.00,0.00,0.00,0.05,0.05,0.05||3.50,7.97,1.00,23.26,18.35,11.49||5.96,0.93,1.01,0.23,0.46||14.27,4.07,2.93,8.82,2.61||0.00,0.01,0.50,0.60,0.00||30.54,17.36,66.71,47.59,4.32||7.14,2.47,5.57||0.37,1.11,3.11,2.42,3.71,0.46||
3.02,19.39,12.63,4.79,6.43,5.21,3.06||0.00,0.00,0.00,0.05,0.05,0.05||3.47,7.95,0.99,23.19,18.32,11.43||5.96,0.93,1.01,0.23,0.46||14.27,4.07,2.93,8.82,2.61||0.00,0.01,0.50,0.60,0.00||21.10,3.92,11.66,40.93,1.80||8.77,2.94,6.57||0.15,0.46,1.05,1.10,1.87,0.18||
3.02,19.39,12.63,4.79,6.43,5.21,3.06||0.00,0.00,0.00,0.05,0.05,0.05||3.47,7.95,0.99,23.17,18.31,11.42||5.96,0.93,1.01,0.23,0.46||14.27,4.07,2.93,8.82,2.61||0.00,0.01,0.50,0.60,0.00||21.90,4.55,13.87,41.55,1.96||5.93,2.11,4.80||0.48,1.40,4.15,2.98,4.45,0.60||
3.02,19.39,12.63,4.79,6.43,5.21,3.06||0.00,0.00,0.00,0.05,0.05,0.05||3.47,7.95,0.99,23.17,18.31,11.42||5.96,0.93,1.01,0.23,0.46||14.27,4.07,2.93,8.82,2.61||0.00,0.01,0.50,0.60,0.00||18.74,2.43,6.65,38.99,1.36||5.52,1.98,4.53||0.13,0.43,0.95,1.02,1.75,0.16||
3.02,19.39,12.63,4.79,6.43,5.21,3.06||0.00,0.00,0.00,0.05,0.05,0.05||3.47,7.95,0.99,23.17,18.31,11.42||5.96,0.93,1.01,0.23,0.46||14.15,4.06,2.87,8.77,2.60||0.00,0.01,0.50,0.60,0.00||20.68,3.61,10.59,40.59,1.71||6.59,2.31,5.22||24.73,55.71,405.89,83.01,80.27,32.08||
3.02,19.39,12.63,4.79,6.43,5.21,3.06||0.00,0.00,0.00,0.05,0.05,0.05||3.47,7.95,0.99,23.17,18.31,11.42||5.96,0.93,1.01,0.23,0.46||14.25,4.07,2.92,8.81,2.60||0.00,0.01,0.50,0.60,0.00||17.60,1.89,4.95,38.00,1.17||4.93,1.80,4.13||1.49,4.03,15.48,7.76,10.22,1.87||
3.02,19.39,12.63,4.79,6.43,5.21,3.06||0.00,0.00,0.00,0.05,0.05,0.05||3.47,7.95,0.99,23.17,18.31,11.42||5.96,0.93,1.01,0.23,0.46||14.27,4.07,2.92,8.82,2.61||0.00,0.01,0.50,0.60,0.00||14.25,0.81,1.83,34.87,0.71||6.50,2.28,5.16||1.36,3.71,13.97,7.20,9.58,1.71||
3.02,19.39,12.63,4.79,6.43,5.21,3.06||0.00,0.00,0.00,0.05,0.05,0.05||3.47,7.95,0.99,23.17,18.31,11.42||5.87,0.92,0.99,0.23,0.46||14.27,4.07,2.93,8.82,2.61||0.00,0.01,0.50,0.60,0.00||14.72,0.92,2.13,35.34,0.77||8.92,2.98,6.66||0.17,0.52,1.21,1.22,2.04,0.20||
3.02,19.39,12.63,4.79,6.43,5.21,3.06||0.00,0.00,0.00,0.05,0.05,0.05||3.47,7.95,0.99,23.17,18.31,11.42||5.80,0.92,0.97,0.23,0.45||14.39,4.09,2.98,8.86,2.61||0.00,0.01,0.50,0.60,0.00||13.27,0.61,1.30,33.87,0.60||6.29,2.22,5.03||0.21,0.64,1.58,1.48,2.42,0.26||
3.02,19.39,12.63,4.79,6.43,5.21,3.06||0.00,0.00,0.00,0.05,0.05,0.05||3.47,7.95,0.99,23.17,18.31,11.42||5.70,0.91,0.95,0.22,0.45||14.30,4.08,2.94,8.83,2.61||0.00,0.01,0.50,0.60,0.00||17.96,2.05,5.44,38.32,1.23||9.54,3.16,7.04||0.50,1.45,4.35,3.09,4.59,0.62||
3.02,19.39,12.63,4.79,6.43,5.21,3.06||0.00,0.00,0.00,0.05,0.05,0.05||3.47,7.95,0.99,23.17,18.31,11.42||5.65,0.90,0.93,0.22,0.45||14.04,4.04,2.83,8.73,2.59||0.00,0.01,0.50,0.60,0.00||17.60,1.89,4.94,38.00,1.17||7.03,2.44,5.50||0.49,1.42,4.25,3.04,4.52,0.61||
3.02,19.39,12.63,4.79,6.43,5.21,3.06||0.00,0.00,0.00,0.05,0.05,0.05||3.47,7.95,0.99,23.17,18.31,11.42||5.55,0.89,0.91,0.22,0.44||14.11,4.05,2.85,8.75,2.59||0.00,0.01,0.50,0.60,0.00||15.82,1.23,2.99,36.39,0.91||6.33,2.23,5.05||0.21,0.66,1.62,1.51,2.46,0.26||
3.02,19.35,12.61,4.78,6.42,5.20,3.05||0.00,0.00,0.00,0.05,0.05,0.05||3.43,7.93,0.97,23.08,18.27,11.35||5.45,0.88,0.88,0.22,0.44||14.24,4.07,2.91,8.81,2.60||0.00,0.01,0.50,0.60,0.00||16.78,1.56,3.95,37.27,1.05||6.27,2.21,5.02||3.06,7.89,35.72,14.23,17.32,3.87||
3.00,19.21,12.54,4.75,6.38,5.18,3.04||0.00,0.00,0.00,0.05,0.05,0.05||3.39,7.92,0.96,22.97,18.22,11.26||5.43,0.88,0.88,0.22,0.44||14.03,4.04,2.82,8.72,2.59||0.00,0.01,0.50,0.60,0.00||18.62,2.37,6.45,38.89,1.34||6.26,2.21,5.01||0.41,1.21,3.47,2.62,3.98,0.51||
2.99,19.14,12.50,4.73,6.36,5.16,3.03||0.00,0.00,0.00,0.04,0.04,0.05||3.29,7.86,0.91,22.67,18.10,11.03||5.35,0.88,0.86,0.21,0.43||13.87,4.02,2.75,8.66,2.58||0.00,0.01,0.50,0.60,0.00||21.06,3.89,11.54,40.89,1.79||6.73,2.35,5.31||1.95,5.18,21.15,9.73,12.44,2.46||
2.99,19.12,12.50,4.73,6.36,5.16,3.03||0.00,0.00,0.00,0.04,0.04,0.04||3.27,7.85,0.91,22.61,18.07,10.98||5.33,0.87,0.85,0.21,0.43||13.95,4.03,2.79,8.69,2.58||0.00,0.01,0.50,0.60,0.00||25.81,8.82,30.16,44.43,2.90||8.14,2.76,6.19||0.24,0.74,1.88,1.68,2.70,0.30||
2.99,19.12,12.50,4.73,6.35,5.16,3.03||0.00,0.00,0.00,0.04,0.04,0.04||3.27,7.85,0.90,22.60,18.06,10.97||5.31,0.87,0.85,0.21,0.43||13.74,4.01,2.70,8.61,2.57||0.00,0.01,0.50,0.60,0.00||15.80,1.23,2.98,36.38,0.91||5.86,2.09,4.75||1.20,3.30,12.07,6.48,8.73,1.51||
2.99,19.12,12.49,4.73,6.35,5.16,3.03||0.00,0.00,0.00,0.04,0.04,0.04||3.27,7.85,0.90,22.60,18.06,10.97||5.25,0.87,0.83,0.21,0.43||13.69,4.00,2.68,8.59,2.56||0.00,0.01,0.50,0.60,0.00||15.56,1.15,2.77,36.15,0.88||5.59,2.01,4.58||0.16,0.51,1.17,1.19,2.01,0.20||
2.99,19.12,12.49,4.73,6.35,5.16,3.03||0.00,0.00,0.00,0.04,0.04,0.04||3.27,7.85,0.90,22.60,18.06,10.97||5.24,0.86,0.83,0.21,0.43||13.69,4.00,2.68,8.59,2.56||0.00,0.01,0.50,0.60,0.00||14.38,0.84,1.91,35.00,0.73||4.63,1.71,3.93||0.25,0.77,1.96,1.73,2.78,0.31||
2.99,19.12,12.49,4.73,6.35,5.16,3.03||0.00,0.00,0.00,0.04,0.04,0.04||3.27,7.85,0.90,22.60,18.06,10.97||5.17,0.86,0.81,0.21,0.43||13.80,4.02,2.72,8.64,2.57||0.00,0.01,0.50,0.60,0.00||21.50,4.22,12.71,41.24,1.88||6.27,2.21,5.02||1.21,3.31,12.13,6.50,8.76,1.51||
2.99,19.12,12.49,4.73,6.35,5.16,3.03||0.00,0.00,0.00,0.04,0.04,0.04||3.27,7.85,0.90,22.60,18.06,10.97||5.14,0.86,0.81,0.20,0.43||13.59,3.99,2.64,8.56,2.56||0.00,0.01,0.50,0.60,0.00||20.23,3.31,9.55,40.23,1.63||7.05,2.44,5.51||0.31,0.92,2.47,2.05,3.21,0.38||
2.99,19.12,12.49,4.73,6.35,5.16,3.03||0.00,0.00,0.00,0.04,0.04,0.04||3.27,7.85,0.90,22.60,18.06,10.97||5.14,0.86,0.81,0.20,0.43||13.67,4.00,2.67,8.58,2.56||0.00,0.01,0.50,0.60,0.00||15.41,1.11,2.64,36.00,0.86||6.87,2.39,5.40||2.24,5.90,24.89,10.95,13.79,2.83||
2.99,19.12,12.49,4.73,6.35,5.16,3.03||0.00,0.00,0.00,0.04,0.04,0.04||3.27,7.85,0.90,22.60,18.06,10.97||5.09,0.85,0.79,0.20,0.42||13.57,3.99,2.63,8.54,2.55||0.00,0.01,0.50,0.60,0.00||10.78,0.26,0.49,31.12,0.37||7.25,2.50,5.64||1.80,4.82,19.35,9.12,11.76,2.27||
2.99,19.12,12.49,4.73,6.35,5.16,3.03||0.00,0.00,0.00,0.04,0.04,0.04||3.27,7.85,0.90,22.60,18.06,10.97||5.05,0.85,0.78,0.20,0.42||13.66,4.00,2.67,8.58,2.56||0.00,0.01,0.50,0.60,0.00||22.81,5.37,16.84,42.25,2.16||6.41,2.25,5.11||1.02,2.82,9.95,5.63,7.73,1.27||
2.99,19.12,12.49,4.73,6.35,5.16,3.03||0.00,0.00,0.00,0.04,0.04,0.04||3.24,7.84,0.89,22.51,18.02,10.90||5.04,0.85,0.78,0.20,0.42||13.68,4.00,2.67,8.59,2.56||0.00,0.01,0.50,0.60,0.00||14.92,0.97,2.27,35.53,0.79||7.33,2.53,5.69||0.39,1.15,3.26,2.51,3.83,0.48||
2.99,19.12,12.49,4.73,6.35,5.16,3.03||0.00,0.00,0.00,0.04,0.04,0.04||3.26,7.85,0.90,22.58,18.06,10.96||5.04,0.85,0.78,0.20,0.42||13.68,4.00,2.67,8.59,2.56||0.00,0.01,0.50,0.60,0.00||21.64,4.34,13.14,41.35,1.91||6.67,2.33,5.28||1.11,3.06,11.00,6.06,8.24,1.39||
2.98,19.03,12.45,4.71,6.33,5.14,3.02||0.00,0.00,0.00,0.04,0.04,0.04||3.21,7.82,0.88,22.42,17.98,10.83||4.97,0.84,0.76,0.20,0.42||13.80,4.02,2.72,8.64,2.57||0.00,0.01,0.50,0.60,0.00||21.70,4.39,13.29,41.39,1.92||7.36,2.54,5.71||5.19,12.93,66.04,22.23,25.52,6.61||
2.97,18.93,12.40,4.69,6.30,5.12,3.00||0.00,0.00,0.00,0.04,0.04,0.04||3.16,7.80,0.86,22.29,17.93,10.74||4.95,0.84,0.76,0.20,0.42||13.59,3.99,2.64,8.56,2.56||0.00,0.01,0.50,0.60,0.00||22.20,4.81,14.79,41.78,2.03||6.73,2.35,5.31||1.00,2.78,9.76,5.55,7.64,1.25||
2.96,18.87,12.36,4.67,6.28,5.11,3.00||0.00,0.00,0.00,0.04,0.04,0.04||3.10,7.76,0.84,22.09,17.84,10.58||4.95,0.84,0.76,0.20,0.42||13.55,3.99,2.62,8.54,2.55||0.00,0.01,0.50,0.60,0.00||14.48,0.86,1.97,35.10,0.74||8.08,2.75,6.16||0.98,2.73,9.54,5.46,7.53,1.23||
2.96,18.86,12.36,4.67,6.28,5.11,2.99||0.00,0.00,0.00,0.04,0.04,0.04||3.09,7.76,0.83,22.05,17.82,10.55||4.95,0.84,0.76,0.20,0.42||13.77,4.01,2.71,8.63,2.57||0.00,0.01,0.50,0.60,0.00||19.34,2.76,7.72,39.50,1.46||6.18,2.18,4.96||14.30,33.37,214.64,52.29,53.70,18.43||
2.96,18.85,12.36,4.67,6.28,5.11,2.99||0.00,0.00,0.00,0.04,0.04,0.04||3.08,7.76,0.83,22.05,17.82,10.54||4.89,0.83,0.75,0.20,0.41||13.47,3.98,2.59,8.51,2.55||0.00,0.01,0.50,0.60,0.00||19.05,2.60,7.18,39.25,1.41||7.77,2.66,5.96||0.18,0.57,1.37,1.33,2.21,0.23||
2.96,18.85,12.36,4.67,6.27,5.11,2.99||0.00,0.00,0.00,0.04,0.04,0.04||3.08,7.76,0.83,22.04,17.82,10.54||4.86,0.83,0.74,0.19,0.41||13.53,3.98,2.61,8.53,2.55||0.00,0.01,0.50,0.60,0.00||18.40,2.26,6.10,38.70,1.30||7.11,2.46,5.55||1.22,3.34,12.26,6.55,8.82,1.53||
2.96,18.85,12.36,4.67,6.27,5.11,2.99||0.00,0.00,0.00,0.04,0.04,0.04||3.08,7.76,0.83,22.04,17.82,10.54||4.86,0.83,0.74,0.19,0.41||13.54,3.98,2.62,8.53,2.55||0.00,0.01,0.50,0.60,0.00||13.70,0.69,1.52,34.32,0.65||7.28,2.51,5.66||0.99,2.74,9.61,5.49,7.56,1.24||
2.96,18.85,12.36,4.67,6.27,5.11,2.99||0.00,0.00,0.00,0.04,0.04,0.04||3.08,7.76,0.83,22.04,17.82,10.54||4.86,0.83,0.74,0.19,0.41||13.31,3.96,2.52,8.45,2.54||0.00,0.01,0.50,0.60,0.00||28.34,12.85,46.89,46.16,3.62||9.25,3.08,6.86||0.19,0.60,1.44,1.38,2.28,0.24||
2.96,18.85,12.36,4.67,6.27,5.11,2.99||0.00,0.00,0.00,0.04,0.04,0.04||3.08,7.76,0.83,22.04,17.82,10.54||4.86,0.83,0.74,0.19,0.41||13.61,3.99,2.64,8.56,2.56||0.00,0.01,0.50,0.60,0.00||18.67,2.40,6.54,38.93,1.35||5.87,2.09,4.76||2.71,7.06,31.13,12.88,15.88,3.44||
2.96,18.85,12.36,4.67,6.27,5.11,2.99||0.00,0.00,0.00,0.04,0.04,0.04||3.08,7.76,0.83,22.04,17.82,10.54||4.86,0.83,0.74,0.19,0.41||13.78,4.01,2.72,8.63,2.57||0.00,0.01,0.50,0.60,0.00||12.57,0.49,1.01,33.13,0.53||6.37,2.24,5.08||0.78,2.20,7.28,4.49,6.35,0.97||
2.96,18.85,12.36,4.67,6.27,5.11,2.99||0.00,0.00,0.00,0.04,0.04,0.04||3.08,7.76,0.83,22.04,17.82,10.54||4.83,0.83,0.73,0.19,0.41||13.82,4.02,2.73,8.64,2.57||0.00,0.01,0.50,0.60,0.00||13.80,0.71,1.57,34.42,0.66||7.25,2.50,5.64||0.87,2.44,8.32,4.94,6.90,1.09||
2.96,18.85,12.36,4.67,6.27,5.11,2.99||0.00,0.00,0.00,0.04,0.04,0.04||3.08,7.76,0.83,22.04,17.82,10.54||4.81,0.82,0.73,0.19,0.41||13.71,4.01,2.69,8.60,2.56||0.00,0.01,0.50,0.60,0.00||19.08,2.61,7.24,39.28,1.42||8.06,2.74,6.14||0.46,1.33,3.91,2.86,4.29,0.57||
2.95,18.81,12.33,4.66,6.26,5.10,2.99||0.00,0.00,0.00,0.04,0.04,0.04||3.08,7.76,0.83,22.04,17.82,10.54||4.78,0.82,0.72,0.19,0.41||13.57,3.99,2.63,8.55,2.55||0.00,0.01,0.50,0.60,0.00||16.30,1.39,3.44,36.83,0.98||7.11,2.46,5.55||0.73,2.07,6.77,4.26,6.07,0.91||
2.96,18.84,12.35,4.67,6.27,5.10,2.99||0.00,0.00,0.00,0.04,0.04,0.04||3.08,7.76,0.83,22.04,17.82,10.54||4.77,0.82,0.72,0.19,0.41||13.43,3.97,2.57,8.49,2.54||0.00,0.01,0.50,0.60,0.00||14.07,0.77,1.72,34.69,0.69||5.98,2.12,4.83||0.14,0.43,0.97,1.04,1.78,0.17||
2.95,18.77,12.31,4.65,6.25,5.09,2.98||0.00,0.00,0.00,0.04,0.04,0.04||3.08,7.76,0.83,22.04,17.82,10.54||4.77,0.82,0.72,0.19,0.41||13.40,3.97,2.56,8.48,2.54||0.00,0.01,0.50,0.60,0.00||19.41,2.80,7.86,39.56,1.48||10.04,3.30,7.33||0.54,1.56,4.75,3.29,4.85,0.67||
2.94,18.71,12.28,4.64,6.23,5.08,2.98||0.00,0.00,0.00,0.04,0.04,0.04||3.08,7.76,0.83,22.04,17.82,10.54||4.77,0.82,0.72,0.19,0.41||13.40,3.97,2.56,8.48,2.54||0.00,0.00,0.50,0.59,0.00||12.86,0.54,1.13,33.44,0.56||6.71,2.34,5.30||13.84,32.37,206.65,50.87,52.43,17.83||
2.93,18.61,12.23,4.61,6.20,5.06,2.97||0.00,0.00,0.00,0.04,0.04,0.04||3.08,7.76,0.83,22.04,17.82,10.54||4.77,0.82,0.72,0.19,0.41||13.51,3.98,2.61,8.52,2.55||0.00,0.00,0.50,0.59,0.00||12.65,0.50,1.04,33.22,0.54||6.07,2.15,4.89||0.62,1.76,5.54,3.68,5.34,0.77||
2.93,18.63,12.24,4.62,6.21,5.06,2.97||0.00,0.00,0.00,0.04,0.04,0.04||3.08,7.76,0.83,22.04,17.82,10.54||4.77,0.82,0.72,0.19,0.41||13.76,4.01,2.71,8.62,2.57||0.00,0.00,0.50,0.59,0.00||13.01,0.56,1.19,33.60,0.57||5.86,2.09,4.75||0.26,0.78,2.01,1.76,2.82,0.32||
2.93,18.60,12.23,4.61,6.20,5.06,2.96||0.00,0.00,0.00,0.04,0.04,0.04||3.08,7.76,0.83,22.04,17.82,10.54||4.77,0.82,0.72,0.19,0.41||13.70,4.00,2.68,8.60,2.56||0.00,0.00,0.50,0.59,0.00||17.67,1.92,5.04,38.07,1.18||5.87,2.09,4.76||0.38,1.12,3.17,2.45,3.75,0.47||
2.93,18.59,12.22,4.61,6.20,5.06,2.96||0.00,0.00,0.00,0.04,0.04,0.04||3.08,7.76,0.83,22.04,17.82,10.54||4.74,0.82,0.71,0.19,0.41||13.57,3.99,2.63,8.55,2.55||0.00,0.01,0.50,0.60,0.00||23.75,6.31,20.36,42.95,2.38||7.08,2.45,5.53||0.19,0.58,1.38,1.35,2.23,0.23||
2.93,18.59,12.22,4.61,6.20,5.06,2.96||0.00,0.00,0.00,0.04,0.04,0.04||3.08,7.76,0.83,22.04,17.82,10.54||4.71,0.81,0.70,0.19,0.41||13.55,3.99,2.62,8.54,2.55||0.00,0.01,0.50,0.60,0.00||16.79,1.56,3.96,37.28,1.05||8.02,2.73,6.12||0.29,0.88,2.35,1.98,3.11,0.36||
2.93,18.59,12.22,4.61,6.20,5.06,2.96||0.00,0.00,0.00,0.04,0.04,0.04||3.08,7.76,0.83,22.04,17.82,10.54||4.69,0.81,0.70,0.19,0.40||13.54,3.98,2.62,8.54,2.55||0.00,0.01,0.50,0.60,0.00||21.18,3.98,11.85,40.98,1.81||8.68,2.92,6.52||2.34,6.15,26.22,11.37,14.25,2.96||
2.93,18.59,12.22,4.61,6.20,5.06,2.96||0.00,0.00,0.00,0.04,0.04,0.04||3.08,7.76,0.83,22.04,17.82,10.54||4.70,0.81,0.70,0.19,0.41||13.77,4.01,2.71,8.62,2.57||0.00,0.01,0.50,0.60,0.00||19.82,3.05,8.67,39.89,1.55||9.21,3.07,6.84||0.69,1.95,6.30,4.04,5.79,0.86||
2.93,18.59,12.22,4.61,6.20,5.06,2.96||0.00,0.00,0.00,0.04,0.04,0.04||3.08,7.76,0.83,22.04,17.82,10.54||4.68,0.81,0.70,0.19,0.40||13.70,4.00,2.68,8.60,2.56||0.00,0.01,0.50,0.60,0.00||13.79,0.71,1.57,34.41,0.66||5.83,2.08,4.73||26.35,59.11,436.96,87.57,84.10,34.20||
2.93,18.59,12.22,4.61,6.20,5.06,2.96||0.00,0.00,0.00,0.03,0.04,0.04||3.08,7.76,0.83,22.04,17.82,10.54||4.68,0.81,0.70,0.19,0.40||13.80,4.02,2.73,8.64,2.57||0.00,0.01,0.50,0.60,0.00||17.10,1.68,4.32,37.56,1.09||7.49,2.57,5.79||3.05,7.89,35.70,14.23,17.31,3.87||
2.93,18.59,12.22,4.61,6.20,5.06,2.96||0.00,0.00,0.00,0.03,0.04,0.04||3.08,7.76,0.83,22.04,17.82,10.54||4.68,0.81,0.70,0.19,0.40||13.82,4.02,2.73,8.64,2.57||0.00,0.01,0.50,0.60,0.00||18.39,2.25,6.09,38.69,1.30||6.18,2.19,4.96||0.16,0.50,1.14,1.17,1.98,0.19||
2.93,18.59,12.22,4.61,6.20,5.06,2.96||0.00,0.00,0.00,0.03,0.04,0.04||3.08,7.76,0.83,22.04,17.82,10.54||4.68,0.81,0.70,0.19,0.40||13.60,3.99,2.64,8.56,2.56||0.00,0.01,0.51,0.60,0.00||19.90,3.10,8.84,39.96,1.57||5.58,2.00,4.57||0.49,1.42,4.23,3.03,4.51,0.61||
2.93,18.59,12.22,4.61,6.20,5.06,2.96||0.00,0.00,0.00,0.03,0.04,0.04||3.08,7.76,0.83,22.04,17.82,10.54||4.68,0.81,0.70,0.19,0.40||13.55,3.99,2.62,8.54,2.55||0.00,0.01,0.51,0.60,0.00||11.31,0.32,0.61,31.74,0.41||7.22,2.50,5.62||0.27,0.83,2.17,1.87,2.96,0.34||
2.93,18.59,12.22,4.61,6.20,5.06,2.96||0.00,0.00,0.00,0.03,0.04,0.04||3.08,7.76,0.83,22.04,17.82,10.54||4.68,0.81,0.70,0.19,0.40||13.54,3.98,2.62,8.54,2.55||0.00,0.01,0.51,0.60,0.00||20.22,3.31,9.54,40.22,1.63||7.63,2.62,5.88||0.66,1.88,6.02,3.91,5.63,0.82||
2.93,18.59,12.22,4.61,6.20,5.06,2.96||0.00,0.00,0.00,0.03,0.04,0.04||3.08,7.76,0.83,22.04,17.82,10.54||4.68,0.81,0.70,0.19,0.40||13.54,3.98,2.62,8.54,2.55||0.00,0.01,0.51,0.60,0.00||23.20,5.74,18.23,42.54,2.25||4.94,1.81,4.14||5.98,14.77,77.88,25.06,28.32,7.63||
2.92,18.55,12.20,4.60,6.18,5.05,2.96||0.00,0.00,0.00,0.03,0.04,0.04||3.08,7.76,0.83,22.04,17.82,10.54||4.67,0.81,0.69,0.19,0.40||13.54,3.98,2.62,8.54,2.55||0.00,0.01,0.51,0.60,0.00||15.11,1.02,2.41,35.71,0.82||6.09,2.16,4.90||11.70,27.67,170.02,44.15,46.35,15.05||
2.92,18.54,12.19,4.60,6.18,5.05,2.96||0.00,0.00,0.00,0.03,0.04,0.04||3.08,7.76,0.83,22.04,17.82,10.54||4.66,0.81,0.69,0.19,0.40||13.77,4.01,2.71,8.62,2.57||0.00,0.01,0.51,0.60,0.00||16.11,1.32,3.26,36.66,0.95||7.06,2.45,5.52||0.32,0.95,2.58,2.11,3.30,0.39||
2.93,18.58,12.22,4.61,6.19,5.05,2.96||0.00,0.00,0.00,0.03,0.04,0.04||3.08,7.76,0.83,22.04,17.82,10.54||4.66,0.81,0.69,0.19,0.40||13.82,4.02,2.73,8.64,2.57||0.00,0.01,0.51,0.60,0.00||13.40,0.63,1.37,34.00,0.61||8.22,2.79,6.24||0.25,0.76,1.94,1.72,2.76,0.31||
2.92,18.50,12.18,4.59,6.17,5.04,2.95||0.00,0.00,0.00,0.03,0.04,0.04||3.08,7.76,0.83,22.04,17.82,10.54||4.62,0.81,0.68,0.19,0.40||13.94,4.03,2.78,8.69,2.58||0.00,0.01,0.51,0.60,0.00||20.20,3.29,9.49,40.21,1.62||7.01,2.43,5.49||2.84,7.38,32.84,13.39,16.42,3.60||
2.92,18.49,12.17,4.59,6.17,5.04,2.95||0.00,0.00,0.00,0.03,0.04,0.04||3.08,7.76,0.83,22.04,17.82,10.54||4.60,0.80,0.68,0.19,0.40||13.73,4.01,2.70,8.61,2.57||0.00,0.01,0.51,0.60,0.00||16.01,1.29,3.16,36.56,0.94||5.90,2.10,4.78||0.64,1.84,5.85,3.83,5.53,0.80||
2.91,18.44,12.15,4.58,6.15,5.03,2.95||0.00,0.00,0.00,0.03,0.04,0.04||3.08,7.76,0.83,22.04,17.82,10.54||4.59,0.80,0.68,0.18,0.40||13.35,3.96,2.54,8.46,2.54||0.00,0.01,0.51,0.60,0.00||17.80,1.98,5.22,38.18,1.20||5.40,1.95,4.45||5.45,13.54,69.90,23.17,26.45,6.95||
2.91,18.43,12.14,4.57,6.15,5.03,2.95||0.00,0.00,0.00,0.03,0.04,0.04||3.02,7.73,0.81,21.87,17.74,10.41||4.59,0.80,0.68,0.18,0.40||13.62,3.99,2.65,8.56,2.56||0.00,0.01,0.51,0.60,0.00||29.34,14.77,55.22,46.82,3.93||6.38,2.25,5.09||1.36,3.71,13.96,7.20,9.57,1.71||
2.90,18.35,12.10,4.56,6.13,5.01,2.94||0.00,0.00,0.00,0.03,0.04,0.04||3.07,7.75,0.82,22.01,17.80,10.52||4.59,0.80,0.68,0.18,0.40||13.44,3.97,2.58,8.50,2.54||0.00,0.01,0.51,0.60,0.00||20.55,3.53,10.29,40.49,1.69||7.09,2.46,5.54||0.37,1.10,3.09,2.41,3.70,0.46||
2.90,18.33,12.09,4.55,6.12,5.01,2.93||0.00,0.00,0.00,0.03,0.04,0.04||3.08,7.75,0.83,22.04,17.82,10.54||4.59,0.80,0.68,0.18,0.40||13.52,3.98,2.61,8.53,2.55||0.00,0.01,0.51,0.60,0.00||13.39,0.63,1.36,33.99,0.61||5.48,1.97,4.50||0.16,0.51,1.18,1.20,2.01,0.20||
2.90,18.33,12.09,4.55,6.12,5.00,2.93||0.00,0.00,0.00,0.03,0.04,0.04||3.05,7.74,0.82,21.95,17.78,10.47||4.59,0.80,0.68,0.18,0.40||13.65,4.00,2.66,8.58,2.56||0.00,0.01,0.51,0.60,0.00||20.73,3.65,10.71,40.63,1.72||6.29,2.22,5.03||0.50,1.44,4.31,3.07,4.56,0.62||
2.90,18.33,12.09,4.55,6.12,5.00,2.93||0.00,0.00,0.00,0.03,0.04,0.04||3.05,7.74,0.82,21.94,17.77,10.46||4.59,0.80,0.68,0.18,0.40||13.56,3.99,2.63,8.54,2.55||0.00,0.01,0.51,0.60,0.00||15.44,1.12,2.67,36.03,0.86||6.35,2.24,5.07||0.16,0.50,1.15,1.18,1.98,0.20||
2.90,18.33,12.09,4.55,6.12,5.00,2.93||0.00,0.00,0.00,0.03,0.04,0.04||3.05,7.74,0.81,21.93,17.77,10.46||4.59,0.80,0.68,0.18,0.40||13.55,3.99,2.62,8.54,2.55||0.00,0.01,0.51,0.60,0.00||12.10,0.42,0.85,32.62,0.48||7.72,2.64,5.93||1.63,4.37,17.15,8.36,10.90,2.05||
2.90,18.33,12.09,4.55,6.12,5.00,2.93||0.00,0.00,0.00,0.03,0.04,0.04||2.99,7.71,0.79,21.76,17.69,10.33||4.59,0.80,0.68,0.18,0.40||13.43,3.97,2.57,8.49,2.54||0.00,0.01,0.51,0.60,0.00||17.45,1.83,4.76,37.88,1.15||5.57,2.00,4.56||3.05,7.88,35.68,14.22,17.31,3.87||
2.90,18.33,12.09,4.55,6.12,5.00,2.93||0.00,0.00,0.00,0.03,0.04,0.04||3.01,7.72,0.80,21.81,17.72,10.37||4.59,0.80,0.68,0.18,0.40||13.52,3.98,2.61,8.53,2.55||0.00,0.01,0.51,0.60,0.00||24.77,7.47,24.82,43.69,2.63||7.84,2.68,6.01||0.28,0.84,2.22,1.89,3.00,0.35||
2.90,18.33,12.09,4.55,6.12,5.00,2.93||0.00,0.00,0.00,0.03,0.04,0.04||2.98,7.70,0.79,21.74,17.68,10.31||4.59,0.80,0.68,0.18,0.40||13.54,3.98,2.62,8.53,2.55||0.00,0.01,0.51,0.60,0.00||11.39,0.33,0.63,31.82,0.42||8.17,2.77,6.21||0.76,2.14,7.07,4.39,6.23,0.95||
2.90,18.33,12.09,4.55,6.12,5.00,2.93||0.00,0.00,0.00,0.03,0.04,0.04||3.00,7.71,0.80,21.81,17.72,10.36||4.59,0.80,0.68,0.18,0.40||13.54,3.98,2.62,8.53,2.55||0.00,0.01,0.51,0.60,0.00||21.96,4.60,14.07,41.60,1.98||10.78,3.51,7.76||0.75,2.12,6.99,4.36,6.19,0.94||
2.90,18.33,12.09,4.55,6.12,5.00,2.93||0.00,0.00,0.00,0.03,0.04,0.04||2.98,7.70,0.79,21.73,17.68,10.31||4.58,0.80,0.67,0.18,0.40||13.54,3.98,2.62,8.54,2.55||0.00,0.01,0.51,0.60,0.00||30.58,17.45,67.14,47.61,4.33||11.73,3.77,8.31||0.22,0.68,1.68,1.55,2.52,0.27||
2.90,18.33,12.09,4.55,6.12,5.00,2.93||0.00,0.00,0.00,0.03,0.04,0.04||2.95,7.68,0.78,21.63,17.64,10.23||4.56,0.80,0.67,0.18,0.40||13.66,4.00,2.66,8.58,2.56||0.00,0.01,0.51,0.60,0.00||15.97,1.28,3.13,36.53,0.93||8.32,2.81,6.30||0.34,1.01,2.78,2.23,3.46,0.42||
2.90,18.33,12.09,4.55,6.12,5.00,2.93||0.00,0.00,0.00,0.03,0.04,0.04||2.97,7.70,0.78,21.70,17.67,10.28||4.56,0.80,0.67,0.18,0.40||13.56,3.99,2.63,8.54,2.55||0.00,0.01,0.51,0.60,0.00||10.88,0.27,0.51,31.24,0.38||7.55,2.59,5.83||2.76,7.16,31.66,13.04,16.05,3.49||
2.90,18.33,12.09,4.55,6.12,5.00,2.93||0.00,0.00,0.00,0.03,0.04,0.04||2.95,7.68,0.78,21.63,17.63,10.23||4.52,0.80,0.66,0.18,0.40||13.66,4.00,2.67,8.58,2.56||0.00,0.01,0.51,0.60,0.00||11.96,0.40,0.80,32.46,0.47||8.42,2.84,6.36||0.17,0.53,1.24,1.24,2.08,0.21||
2.90,18.33,12.09,4.55,6.12,5.00,2.93||0.00,0.00,0.00,0.03,0.04,0.04||2.94,7.68,0.77,21.61,17.63,10.21||4.51,0.80,0.66,0.18,0.40||13.68,4.00,2.67,8.59,2.56||0.00,0.01,0.51,0.60,0.00||17.41,1.81,4.70,37.84,1.14||6.98,2.42,5.47||0.24,0.73,1.86,1.67,2.69,0.30||
2.90,18.33,12.09,4.55,6.12,5.00,2.93||0.00,0.00,0.00,0.03,0.04,0.04||2.97,7.69,0.78,21.70,17.67,10.28||4.51,0.80,0.66,0.18,0.40||13.57,3.99,2.63,8.55,2.55||0.00,0.01,0.51,0.60,0.00||13.75,0.70,1.55,34.37,0.65||6.74,2.35,5.32||0.28,0.85,2.25,1.91,3.03,0.35||
2.90,18.33,12.09,4.55,6.12,5.00,2.93||0.00,0.00,0.00,0.03,0.04,0.04||2.92,7.67,0.76,21.54,17.60,10.16||4.51,0.80,0.66,0.18,0.40||13.55,3.99,2.62,8.54,2.55||0.00,0.01,0.51,0.60,0.00||12.81,0.53,1.10,33.38,0.55||6.13,2.17,4.93||0.47,1.36,4.00,2.91,4.35,0.58||
2.90,18.33,12.09,4.55,6.12,5.00,2.93||0.00,0.00,0.00,0.03,0.04,0.04||2.91,7.66,0.76,21.51,17.58,10.14||4.51,0.80,0.66,0.18,0.40||13.66,4.00,2.66,8.58,2.56||0.00,0.01,0.51,0.60,0.00||10.74,0.26,0.48,31.07,0.36||6.54,2.29,5.19||1.86,4.96,20.03,9.35,12.02,2.34||
2.90,18.33,12.09,4.55,6.12,5.00,2.93||0.00,0.00,0.00,0.03,0.04,0.04||2.91,7.66,0.76,21.50,17.58,10.13||4.51,0.80,0.66,0.18,0.40||13.56,3.99,2.63,8.54,2.55||0.00,0.01,0.51,0.60,0.00||12.55,0.48,1.00,33.11,0.53||7.06,2.45,5.52||0.40,1.19,3.40,2.58,3.92,0.50||
2.90,18.33,12.09,4.55,6.12,5.00,2.93||0.00,0.00,0.00,0.03,0.04,0.04||2.91,7.66,0.76,21.50,17.58,10.13||4.51,0.80,0.66,0.18,0.40||13.54,3.98,2.62,8.54,2.55||0.00,0.01,0.50,0.60,0.00||12.07,0.42,0.84,32.59,0.48||5.21,1.89,4.32||41.21,89.78,734.68,127.68,116.73,53.75||

