4.59,34.78,19.99,8.11,10.82,7.90,4.68||0.00,0.00,0.00,0.08,0.07,0.08||61.60,14.59,70.65,78.50,35.66,80.91||13.10,1.44,3.45,0.48,0.71||54.43,7.09,49.64,20.15,4.41||0.02,0.05,0.70,0.81,0.01||88.30,1242.20,9998.04,73.37,53.21||8.83,2.96,6.61||0.25,0.75,1.91,1.70,2.73,0.30||
3.10,20.14,13.01,4.95,6.65,5.35,3.14||0.00,0.00,0.00,0.04,0.04,0.04||5.33,8.71,1.87,27.81,20.23,15.31||5.58,0.90,0.92,0.22,0.44||17.78,4.46,4.65,10.10,2.84||0.00,0.01,0.53,0.63,0.00||50.63,132.62,724.70,58.48,14.27||10.31,3.38,7.49||0.65,1.85,5.89,3.85,5.55,0.81||
2.90,18.30,12.07,4.54,6.11,5.00,2.93||0.00,0.00,0.00,0.04,0.04,0.04||3.43,7.93,0.97,23.07,18.27,11.35||4.79,0.82,0.72,0.19,0.41||14.90,4.15,3.20,9.05,2.65||0.00,0.01,0.50,0.60,0.00||57.49,221.09,1319.90,61.59,19.28||10.71,3.49,7.72||0.76,2.16,7.12,4.42,6.26,0.95||
2.85,17.91,11.87,4.46,6.00,4.92,2.88||0.00,0.00,0.00,0.03,0.04,0.04||3.15,7.79,0.86,22.25,17.91,10.70||4.63,0.81,0.69,0.19,0.40||14.27,4.07,2.93,8.82,2.61||0.00,0.00,0.50,0.60,0.00||66.66,400.95,2653.46,65.42,27.36||10.20,3.35,7.43||0.31,0.92,2.47,2.05,3.21,0.38||
2.85,17.88,11.85,4.45,5.99,4.92,2.88||0.00,0.00,0.00,0.03,0.04,0.04||3.09,7.76,0.83,22.08,17.84,10.57||4.60,0.80,0.68,0.19,0.40||14.15,4.06,2.87,8.77,2.60||0.00,0.00,0.50,0.59,0.00||60.85,277.81,1725.43,63.03,22.05||9.33,3.10,6.91||0.21,0.64,1.56,1.47,2.41,0.26||
2.85,17.87,11.85,4.45,5.98,4.92,2.88||0.00,0.00,0.00,0.03,0.04,0.04||3.08,7.76,0.83,22.05,17.82,10.55||4.60,0.80,0.68,0.18,0.40||14.02,4.04,2.82,8.72,2.59||0.00,0.00,0.50,0.59,0.00||76.00,679.29,4924.99,69.01,37.31||8.52,2.87,6.42||0.55,1.58,4.83,3.33,4.90,0.68||
2.85,17.87,11.85,4.45,5.98,4.92,2.88||0.00,0.00,0.00,0.03,0.04,0.04||3.08,7.76,0.83,22.05,17.82,10.54||4.59,0.80,0.68,0.18,0.40||13.99,4.04,2.80,8.71,2.59||0.00,0.00,0.50,0.59,0.00||92.06,1469.04,12172.08,74.63,58.72||9.69,3.20,7.13||0.19,0.59,1.43,1.38,2.27,0.24||
2.84,17.83,11.83,4.44,5.97,4.91,2.87||0.00,0.00,0.00,0.03,0.04,0.04||3.08,7.76,0.83,22.04,17.82,10.54||4.59,0.80,0.68,0.18,0.40||14.10,4.05,2.85,8.75,2.59||0.00,0.00,0.50,0.59,0.00||47.88,105.87,556.45,57.16,12.50||7.28,2.51,5.66||0.41,1.20,3.43,2.60,3.95,0.50||
2.85,17.86,11.85,4.45,5.98,4.91,2.88||0.00,0.00,0.00,0.03,0.04,0.04||3.08,7.76,0.83,22.04,17.82,10.54||4.59,0.80,0.68,0.18,0.40||13.89,4.03,2.76,8.67,2.58||0.00,0.00,0.50,0.59,0.00||45.47,86.02,436.16,55.97,11.06||6.54,2.29,5.19||0.36,1.07,2.98,2.35,3.62,0.45||
2.85,17.87,11.85,4.45,5.98,4.92,2.88||0.00,0.00,0.00,0.03,0.04,0.04||3.08,7.76,0.83,22.04,17.82,10.54||4.59,0.80,0.68,0.18,0.40||13.85,4.02,2.75,8.66,2.58||0.00,0.00,0.50,0.59,0.00||44.14,76.35,379.21,55.30,10.31||6.10,2.16,4.90||0.23,0.71,1.80,1.63,2.63,0.29||
2.85,17.87,11.85,4.45,5.98,4.92,2.88||0.00,0.00,0.00,0.03,0.04,0.04||3.08,7.76,0.83,22.04,17.82,10.54||4.59,0.80,0.68,0.18,0.40||14.07,4.05,2.84,8.74,2.59||0.00,0.00,0.50,0.59,0.00||54.71,181.01,1043.86,60.35,17.14||6.92,2.41,5.43||0.79,2.23,7.44,4.56,6.43,0.99||
2.84,17.83,11.83,4.44,5.97,4.91,2.87||0.00,0.00,0.00,0.03,0.04,0.04||3.08,7.76,0.83,22.04,17.82,10.54||4.59,0.80,0.68,0.18,0.40||14.00,4.04,2.81,8.71,2.59||0.00,0.00,0.50,0.59,0.00||72.00,546.52,3816.06,67.51,32.83||8.33,2.82,6.30||0.22,0.69,1.72,1.58,2.55,0.28||
2.84,17.82,11.82,4.44,5.97,4.91,2.87||0.00,0.00,0.00,0.03,0.04,0.04||3.08,7.76,0.83,22.04,17.82,10.54||4.59,0.80,0.68,0.18,0.40||13.65,4.00,2.66,8.58,2.56||0.00,0.00,0.50,0.59,0.00||59.51,253.88,1552.42,62.46,20.91||8.22,2.78,6.24||0.46,1.35,3.98,2.89,4.33,0.57||
2.85,17.86,11.84,4.45,5.98,4.91,2.88||0.00,0.00,0.00,0.03,0.04,0.04||3.05,7.74,0.82,21.96,17.78,10.48||4.58,0.80,0.67,0.18,0.40||13.69,4.00,2.68,8.59,2.56||0.00,0.00,0.50,0.59,0.00||94.91,1660.54,14053.67,75.56,63.11||10.17,3.34,7.41||3.05,7.87,35.61,14.20,17.29,3.86||
2.84,17.83,11.83,4.44,5.97,4.91,2.87||0.00,0.00,0.00,0.03,0.04,0.04||3.08,7.75,0.83,22.03,17.81,10.53||4.59,0.80,0.68,0.18,0.40||13.81,4.02,2.73,8.64,2.57||0.00,0.00,0.50,0.59,0.00||83.10,972.93,7506.56,71.57,46.08||8.35,2.82,6.32||0.32,0.95,2.58,2.11,3.30,0.39||
2.84,17.82,11.82,4.44,5.97,4.91,2.87||0.00,0.00,0.00,0.03,0.04,0.04||3.05,7.74,0.82,21.96,17.78,10.48||4.59,0.80,0.68,0.18,0.40||13.84,4.02,2.74,8.65,2.57||0.00,0.00,0.50,0.59,0.00||68.61,450.17,3039.49,66.20,29.29||7.48,2.57,5.78||0.65,1.85,5.89,3.85,5.55,0.81||
2.84,17.82,11.82,4.44,5.97,4.91,2.87||0.00,0.00,0.00,0.03,0.04,0.04||3.08,7.75,0.83,22.03,17.81,10.53||4.59,0.80,0.68,0.18,0.40||13.62,3.99,2.65,8.57,2.56||0.00,0.00,0.50,0.59,0.00||85.78,1105.59,8720.91,72.51,49.68||7.63,2.61,5.87||0.33,0.99,2.70,2.18,3.39,0.41||
2.84,17.82,11.82,4.44,5.97,4.91,2.87||0.00,0.00,0.00,0.03,0.04,0.04||3.05,7.74,0.82,21.96,17.78,10.48||4.59,0.80,0.68,0.18,0.40||13.58,3.99,2.63,8.55,2.56||0.00,0.00,0.50,0.59,0.00||73.48,593.04,4199.78,68.07,34.44||8.28,2.80,6.28||0.30,0.90,2.40,2.01,3.16,0.37||
2.84,17.82,11.82,4.44,5.97,4.91,2.87||0.00,0.00,0.00,0.03,0.04,0.04||3.08,7.75,0.83,22.03,17.81,10.53||4.59,0.80,0.68,0.18,0.40||13.57,3.99,2.63,8.55,2.55||0.00,0.00,0.50,0.59,0.00||36.10,34.02,146.90,50.95,6.41||10.78,3.51,7.76||3.45,8.83,41.07,15.75,18.91,4.37||
2.84,17.82,11.82,4.44,5.97,4.91,2.87||0.00,0.00,0.00,0.03,0.04,0.04||3.02,7.73,0.81,21.87,17.74,10.41||4.59,0.80,0.68,0.18,0.40||13.57,3.99,2.63,8.55,2.55||0.00,0.00,0.50,0.59,0.00||63.68,333.47,2137.60,64.21,24.55||7.78,2.66,5.97||0.12,0.39,0.85,0.94,1.63,0.15||
2.84,17.82,11.82,4.44,5.97,4.91,2.87||0.00,0.00,0.00,0.03,0.04,0.04||3.07,7.75,0.82,22.01,17.80,10.52||4.59,0.80,0.68,0.18,0.40||13.57,3.99,2.63,8.55,2.55||0.00,0.00,0.50,0.59,0.00||36.58,35.84,156.17,51.22,6.61||7.14,2.47,5.57||0.21,0.63,1.56,1.47,2.40,0.25||
2.84,17.82,11.82,4.44,5.97,4.91,2.87||0.00,0.00,0.00,0.03,0.04,0.04||3.05,7.74,0.82,21.95,17.78,10.47||4.59,0.80,0.68,0.18,0.40||13.46,3.97,2.58,8.50,2.55||0.00,0.00,0.50,0.59,0.00||30.06,16.29,61.90,47.28,4.16||5.08,1.85,4.24||0.44,1.29,3.74,2.77,4.17,0.54||
2.84,17.82,11.82,4.44,5.97,4.91,2.87||0.00,0.00,0.00,0.03,0.04,0.04||3.08,7.75,0.83,22.03,17.81,10.53||4.59,0.80,0.68,0.18,0.40||13.65,4.00,2.66,8.58,2.56||0.00,0.00,0.50,0.59,0.00||35.58,32.09,137.16,50.65,6.19||7.44,2.56,5.76||0.52,1.51,4.58,3.21,4.74,0.65||
2.84,17.82,11.82,4.44,5.97,4.91,2.87||0.00,0.00,0.00,0.03,0.04,0.04||2.97,7.70,0.78,21.70,17.67,10.28||4.59,0.80,0.68,0.18,0.40||13.69,4.00,2.68,8.59,2.56||0.00,0.00,0.49,0.59,0.00||38.48,43.95,198.36,52.29,7.45||9.50,3.15,7.01||3.21,8.26,37.79,14.83,17.95,4.07||
2.85,17.86,11.84,4.45,5.98,4.91,2.88||0.00,0.00,0.00,0.03,0.04,0.04||3.03,7.73,0.81,21.89,17.75,10.43||4.55,0.80,0.67,0.18,0.40||13.59,3.99,2.64,8.55,2.56||0.00,0.00,0.49,0.59,0.00||52.96,158.88,895.83,59.56,15.87||11.73,3.77,8.31||3.42,8.77,40.76,15.66,18.82,4.35||
2.84,17.83,11.83,4.44,5.97,4.91,2.87||0.00,0.00,0.00,0.03,0.04,0.04||3.02,7.72,0.80,21.84,17.73,10.39||4.57,0.80,0.67,0.18,0.40||13.57,3.99,2.63,8.55,2.55||0.00,0.00,0.49,0.59,0.00||88.82,1271.62,10276.39,73.54,53.94||8.97,3.00,6.69||0.40,1.18,3.36,2.56,3.90,0.50||
2.84,17.82,11.82,4.44,5.97,4.91,2.87||0.00,0.00,0.00,0.03,0.04,0.04||3.07,7.75,0.82,22.00,17.80,10.51||4.58,0.80,0.67,0.18,0.40||13.57,3.99,2.63,8.55,2.55||0.00,0.00,0.49,0.59,0.00||23.88,6.45,20.89,43.04,2.41||6.31,2.22,5.04||1.37,3.71,14.00,7.21,9.59,1.72||
2.84,17.82,11.82,4.44,5.97,4.91,2.87||0.00,0.00,0.00,0.03,0.04,0.04||3.05,7.74,0.82,21.95,17.78,10.47||4.59,0.80,0.68,0.18,0.40||14.24,4.07,2.91,8.80,2.60||0.00,0.00,0.49,0.59,0.00||54.71,181.08,1044.36,60.36,17.14||8.89,2.98,6.65||0.19,0.58,1.40,1.36,2.24,0.23||
2.87,18.03,11.93,4.48,6.03,4.95,2.90||0.00,0.00,0.00,0.03,0.04,0.04||3.08,7.75,0.83,22.03,17.81,10.53||4.59,0.80,0.68,0.18,0.40||14.60,4.11,3.07,8.94,2.63||0.00,0.00,0.49,0.59,0.00||38.90,45.94,208.95,52.52,7.65||5.44,1.96,4.48||0.26,0.79,2.05,1.79,2.85,0.32||
2.87,18.07,11.95,4.49,6.04,4.95,2.90||0.00,0.00,0.00,0.03,0.04,0.04||3.08,7.76,0.83,22.04,17.82,10.54||4.59,0.80,0.68,0.18,0.40||14.33,4.08,2.95,8.84,2.61||0.00,0.00,0.49,0.59,0.00||29.88,15.89,60.14,47.16,4.10||5.66,2.03,4.62||0.09,0.29,0.60,0.73,1.31,0.11||
2.87,18.08,11.96,4.49,6.04,4.96,2.90||0.00,0.00,0.00,0.03,0.04,0.04||3.08,7.76,0.83,22.04,17.82,10.54||4.66,0.81,0.69,0.19,0.40||14.74,4.13,3.13,9.00,2.64||0.00,0.00,0.49,0.59,0.00||60.78,276.51,1715.96,63.00,21.99||6.57,2.30,5.21||0.20,0.62,1.50,1.43,2.34,0.25||
2.87,18.08,11.96,4.49,6.05,4.96,2.90||0.00,0.00,0.00,0.03,0.04,0.04||3.08,7.76,0.83,22.04,17.82,10.54||4.67,0.81,0.70,0.19,0.40||14.71,4.12,3.12,8.98,2.64||0.00,0.00,0.49,0.59,0.00||47.29,100.77,525.14,56.88,12.14||7.74,2.65,5.94||0.13,0.40,0.87,0.96,1.66,0.15||
2.87,18.08,11.96,4.49,6.05,4.96,2.90||0.00,0.00,0.00,0.04,0.04,0.04||3.08,7.76,0.83,22.04,17.82,10.54||4.69,0.81,0.70,0.19,0.40||14.70,4.12,3.11,8.98,2.64||0.00,0.00,0.49,0.59,0.00||44.99,82.43,414.87,55.73,10.79||6.54,2.29,5.19||0.39,1.16,3.30,2.53,3.85,0.49||
2.87,18.08,11.96,4.49,6.05,4.96,2.90||0.00,0.00,0.00,0.04,0.04,0.04||3.08,7.76,0.83,22.04,17.82,10.54||4.75,0.82,0.71,0.19,0.41||14.12,4.05,2.86,8.76,2.59||0.00,0.00,0.49,0.59,0.00||43.28,70.51,345.43,54.85,9.84||11.75,3.77,8.32||1.56,4.22,16.38,8.09,10.59,1.97||
2.87,18.08,11.96,4.49,6.05,4.96,2.90||0.00,0.00,0.00,0.04,0.04,0.04||3.11,7.77,0.84,22.13,17.86,10.61||4.76,0.82,0.72,0.19,0.41||14.58,4.11,3.06,8.93,2.63||0.00,0.00,0.49,0.59,0.00||48.51,111.64,592.16,57.47,12.90||8.48,2.86,6.40||1.14,3.15,11.41,6.22,8.43,1.44||
2.87,18.08,11.96,4.49,6.05,4.96,2.90||0.00,0.00,0.00,0.04,0.04,0.04||3.12,7.77,0.84,22.15,17.86,10.62||4.76,0.82,0.72,0.19,0.41||14.67,4.12,3.10,8.97,2.63||0.00,0.00,0.49,0.59,0.00||84.79,1055.14,8255.89,72.17,48.34||11.44,3.69,8.14||0.59,1.69,5.26,3.54,5.17,0.73||
2.88,18.12,11.98,4.50,6.06,4.96,2.91||0.00,0.00,0.00,0.04,0.04,0.04||3.12,7.77,0.84,22.15,17.87,10.62||4.76,0.82,0.72,0.19,0.41||14.69,4.12,3.11,8.98,2.64||0.00,0.00,0.49,0.59,0.00||55.53,192.27,1120.47,60.73,17.76||8.43,2.85,6.37||0.09,0.29,0.58,0.72,1.29,0.11||
2.87,18.09,11.96,4.50,6.05,4.96,2.91||0.00,0.00,0.00,0.04,0.04,0.04||3.15,7.79,0.85,22.24,17.90,10.69||4.76,0.82,0.72,0.19,0.41||14.82,4.14,3.17,9.02,2.64||0.00,0.00,0.49,0.59,0.00||42.37,64.75,312.52,54.38,9.36||8.15,2.77,6.20||0.12,0.39,0.86,0.95,1.65,0.15||
2.87,18.08,11.96,4.50,6.05,4.96,2.90||0.00,0.00,0.00,0.04,0.04,0.04||3.15,7.79,0.86,22.25,17.91,10.70||4.79,0.82,0.72,0.19,0.41||14.60,4.11,3.07,8.94,2.63||0.00,0.00,0.49,0.59,0.00||86.70,1154.09,9171.36,72.82,50.95||12.60,4.01,8.80||0.19,0.59,1.41,1.36,2.25,0.23||
2.87,18.08,11.96,4.49,6.05,4.96,2.90||0.00,0.00,0.00,0.04,0.04,0.04||3.18,7.81,0.87,22.34,17.95,10.77||4.81,0.82,0.73,0.19,0.41||14.56,4.11,3.05,8.93,2.63||0.00,0.00,0.49,0.59,0.00||58.04,229.62,1379.89,61.83,19.71||8.99,3.01,6.71||0.30,0.91,2.42,2.02,3.17,0.37||
2.87,18.08,11.96,4.49,6.05,4.96,2.90||0.00,0.00,0.00,0.04,0.04,0.04||3.16,7.80,0.86,22.27,17.92,10.72||4.84,0.83,0.74,0.19,0.41||14.67,4.12,3.10,8.97,2.63||0.00,0.00,0.49,0.59,0.00||89.92,1335.99,10889.24,73.91,55.53||14.38,4.48,9.79||0.83,2.34,7.89,4.76,6.68,1.04||
2.87,18.08,11.96,4.49,6.05,4.96,2.90||0.00,0.00,0.00,0.04,0.04,0.04||3.18,7.81,0.87,22.35,17.95,10.78||4.84,0.83,0.73,0.19,0.41||14.46,4.09,3.01,8.89,2.62||0.00,0.00,0.49,0.59,0.00||54.39,176.85,1015.82,60.21,16.90||13.00,4.11,9.03||0.51,1.49,4.48,3.16,4.67,0.64||
2.87,18.08,11.96,4.49,6.05,4.96,2.90||0.00,0.00,0.00,0.04,0.04,0.04||3.19,7.81,0.87,22.36,17.96,10.79||4.83,0.83,0.73,0.19,0.41||14.65,4.12,3.09,8.96,2.63||0.00,0.00,0.49,0.59,0.00||46.64,95.31,491.90,56.56,11.75||13.52,4.25,9.31||0.62,1.77,5.57,3.70,5.36,0.77||
2.87,18.08,11.96,4.49,6.05,4.96,2.90||0.00,0.00,0.00,0.04,0.04,0.04||3.16,7.80,0.86,22.28,17.92,10.72||4.83,0.83,0.73,0.19,0.41||14.57,4.11,3.06,8.93,2.63||0.00,0.00,0.49,0.59,0.00||53.59,166.58,946.95,59.85,16.32||10.15,3.33,7.40||0.39,1.16,3.30,2.53,3.86,0.49||
2.87,18.08,11.96,4.49,6.05,4.96,2.90||0.00,0.00,0.00,0.04,0.04,0.04||3.18,7.81,0.87,22.35,17.95,10.78||4.85,0.83,0.74,0.19,0.41||14.56,4.11,3.05,8.93,2.63||0.00,0.00,0.49,0.59,0.00||37.95,41.58,185.88,51.99,7.21||9.08,3.03,6.76||0.61,1.76,5.51,3.67,5.33,0.76||
2.87,18.08,11.96,4.49,6.05,4.96,2.90||0.00,0.00,0.00,0.04,0.04,0.04||3.19,7.81,0.87,22.36,17.96,10.79||4.85,0.83,0.74,0.19,0.41||14.32,4.08,2.95,8.84,2.61||0.00,0.00,0.49,0.59,0.00||38.26,42.95,193.13,52.17,7.35||8.81,2.96,6.60||3.83,9.74,46.39,17.21,20.42,4.86||
2.87,18.08,11.96,4.49,6.05,4.96,2.90||0.00,0.00,0.00,0.04,0.04,0.04||3.19,7.81,0.87,22.36,17.96,10.79||4.85,0.83,0.74,0.19,0.41||14.39,4.09,2.98,8.86,2.61||0.00,0.00,0.49,0.59,0.00||35.65,32.33,138.38,50.68,6.22||8.72,2.93,6.54||0.29,0.88,2.33,1.97,3.10,0.36||
2.87,18.08,11.96,4.49,6.05,4.96,2.90||0.00,0.00,0.00,0.04,0.04,0.04||3.19,7.81,0.87,22.36,17.96,10.79||4.85,0.83,0.74,0.19,0.41||14.75,4.13,3.14,9.00,2.64||0.00,0.00,0.49,0.59,0.00||49.29,119.00,638.20,57.84,13.39||8.61,2.90,6.48||0.32,0.95,2.58,2.11,3.30,0.39||
2.87,18.08,11.96,4.49,6.05,4.96,2.90||0.00,0.00,0.00,0.04,0.04,0.04||3.22,7.83,0.88,22.45,18.00,10.86||4.85,0.83,0.74,0.19,0.41||14.47,4.10,3.01,8.89,2.62||0.00,0.00,0.49,0.59,0.00||95.10,1674.11,14188.57,75.62,63.41||10.55,3.44,7.63||2.30,6.04,25.63,11.19,14.05,2.90||
2.87,18.08,11.96,4.49,6.05,4.96,2.90||0.00,0.00,0.00,0.04,0.04,0.04||3.22,7.83,0.89,22.47,18.01,10.87||4.85,0.83,0.74,0.19,0.41||14.42,4.09,2.99,8.87,2.62||0.00,0.00,0.49,0.59,0.00||87.01,1170.67,9326.06,72.93,51.38||12.48,3.97,8.74||0.71,2.01,6.50,4.14,5.91,0.88||
2.87,18.08,11.96,4.49,6.05,4.96,2.90||0.00,0.00,0.00,0.04,0.04,0.04||3.20,7.82,0.87,22.39,17.97,10.81||4.85,0.83,0.74,0.19,0.41||14.64,4.12,3.09,8.96,2.63||0.00,0.00,0.49,0.59,0.00||66.73,402.43,2664.97,65.45,27.42||9.00,3.01,6.71||2.04,5.41,22.32,10.12,12.87,2.57||
2.87,18.08,11.96,4.49,6.05,4.96,2.90||0.00,0.00,0.00,0.04,0.04,0.04||3.22,7.83,0.88,22.46,18.00,10.86||4.85,0.83,0.74,0.19,0.41||14.57,4.11,3.06,8.93,2.63||0.00,0.00,0.49,0.59,0.00||59.65,256.43,1570.72,62.52,21.03||11.32,3.66,8.07||1.75,4.69,18.72,8.91,11.52,2.21||
2.87,18.08,11.96,4.49,6.05,4.96,2.90||0.00,0.00,0.00,0.04,0.04,0.04||3.25,7.84,0.90,22.56,18.05,10.94||4.85,0.83,0.74,0.19,0.41||14.56,4.11,3.05,8.92,2.63||0.00,0.00,0.49,0.59,0.00||65.10,364.47,2372.57,64.79,25.87||8.08,2.75,6.15||2.51,6.57,28.45,12.07,15.00,3.18||
2.87,18.08,11.96,4.49,6.05,4.96,2.90||0.00,0.00,0.00,0.04,0.04,0.04||3.26,7.85,0.90,22.58,18.05,10.96||4.85,0.83,0.74,0.19,0.41||14.44,4.09,3.00,8.88,2.62||0.00,0.00,0.49,0.59,0.00||81.67,907.29,6915.96,71.07,44.23||7.99,2.72,6.10||6.26,15.43,82.24,26.07,29.31,8.00||
2.87,18.08,11.96,4.49,6.05,4.96,2.90||0.00,0.00,0.00,0.04,0.04,0.04||3.26,7.85,0.90,22.58,18.06,10.96||4.89,0.83,0.75,0.20,0.41||14.65,4.12,3.09,8.96,2.63||0.00,0.00,0.49,0.59,0.00||64.42,349.27,2256.92,64.51,25.23||6.71,2.34,5.30||1.96,5.20,21.28,9.77,12.49,2.47||
2.87,18.08,11.96,4.49,6.05,4.96,2.90||0.00,0.00,0.00,0.04,0.04,0.04||3.26,7.85,0.90,22.58,18.06,10.96||4.93,0.84,0.76,0.20,0.42||14.69,4.12,3.11,8.97,2.64||0.00,0.00,0.49,0.58,0.00||93.06,1533.82,12804.05,74.95,60.23||7.52,2.58,5.81||0.19,0.60,1.46,1.40,2.30,0.24||
2.87,18.08,11.96,4.49,6.05,4.96,2.90||0.00,0.00,0.00,0.04,0.04,0.04||3.26,7.85,0.90,22.58,18.06,10.96||4.94,0.84,0.76,0.20,0.42||14.58,4.11,3.06,8.93,2.63||0.00,0.00,0.49,0.58,0.00||33.56,25.37,104.12,49.45,5.39||7.24,2.50,5.64||0.33,0.99,2.69,2.18,3.39,0.41||
2.87,18.08,11.96,4.49,6.05,4.96,2.90||0.00,0.00,0.00,0.04,0.04,0.04||3.26,7.85,0.90,22.58,18.06,10.96||4.94,0.84,0.76,0.20,0.42||14.56,4.11,3.05,8.92,2.63||0.00,0.00,0.49,0.59,0.00||34.47,28.24,118.06,49.99,5.75||7.94,2.71,6.07||0.34,1.00,2.74,2.21,3.42,0.41||
2.87,18.08,11.96,4.49,6.05,4.96,2.90||0.00,0.00,0.00,0.04,0.04,0.04||3.26,7.85,0.90,22.58,18.06,10.96||4.96,0.84,0.76,0.20,0.42||14.55,4.11,3.05,8.92,2.63||0.00,0.00,0.49,0.58,0.00||67.48,421.12,2810.73,65.75,28.16||8.85,2.96,6.62||0.13,0.43,0.95,1.02,1.76,0.17||
2.87,18.08,11.96,4.49,6.05,4.96,2.90||0.00,0.00,0.00,0.04,0.04,0.04||3.26,7.85,0.90,22.58,18.06,10.96||4.97,0.84,0.77,0.20,0.42||14.79,4.13,3.15,9.01,2.64||0.00,0.00,0.49,0.58,0.00||36.68,36.24,158.23,51.27,6.65||8.33,2.82,6.31||1.28,3.49,12.96,6.82,9.13,1.60||
2.87,18.08,11.96,4.49,6.05,4.96,2.90||0.00,0.00,0.00,0.04,0.04,0.04||3.26,7.85,0.90,22.58,18.06,10.96||5.02,0.84,0.78,0.20,0.42||14.72,4.12,3.12,8.99,2.64||0.00,0.00,0.49,0.58,0.00||76.50,697.40,5079.43,69.20,37.89||11.10,3.60,7.95||1.22,3.34,12.28,6.56,8.83,1.53||
2.88,18.12,11.98,4.50,6.06,4.96,2.91||0.00,0.00,0.00,0.04,0.04,0.04||3.26,7.85,0.90,22.58,18.06,10.96||5.03,0.85,0.78,0.20,0.42||14.58,4.11,3.06,8.94,2.63||0.00,0.00,0.49,0.59,0.00||99.82,2034.29,17832.46,77.13,71.11||8.71,2.93,6.54||0.42,1.24,3.56,2.67,4.04,0.52||
2.89,18.21,12.03,4.52,6.09,4.98,2.92||0.00,0.00,0.00,0.04,0.04,0.04||3.26,7.85,0.90,22.58,18.06,10.96||5.03,0.85,0.78,0.20,0.42||14.79,4.13,3.16,9.01,2.64||0.00,0.00,0.49,0.58,0.00||128.64,5642.16,59009.73,85.54,129.58||10.31,3.38,7.49||0.42,1.25,3.60,2.69,4.07,0.53||
2.90,18.32,12.08,4.55,6.12,5.00,2.93||0.00,0.00,0.00,0.04,0.04,0.05||3.26,7.85,0.90,22.58,18.06,10.96||5.03,0.85,0.78,0.20,0.42||14.95,4.15,3.23,9.07,2.65||0.00,0.00,0.49,0.58,0.00||64.04,341.04,2194.65,64.36,24.87||9.93,3.27,7.26||0.79,2.21,7.36,4.52,6.39,0.98||
2.90,18.30,12.07,4.54,6.11,5.00,2.93||0.00,0.00,0.00,0.04,0.04,0.04||3.26,7.85,0.90,22.58,18.06,10.96||5.03,0.85,0.78,0.20,0.42||14.87,4.14,3.19,9.04,2.65||0.00,0.00,0.49,0.58,0.00||53.59,166.62,947.22,59.85,16.32||8.28,2.80,6.28||0.58,1.67,5.17,3.50,5.12,0.72||
2.90,18.33,12.09,4.55,6.12,5.01,2.93||0.00,0.00,0.00,0.04,0.04,0.04||3.26,7.85,0.90,22.58,18.06,10.96||5.03,0.85,0.78,0.20,0.42||14.73,4.13,3.13,8.99,2.64||0.00,0.00,0.49,0.58,0.00||59.72,257.66,1579.54,62.55,21.09||8.54,2.88,6.44||1.02,2.84,10.02,5.66,7.77,1.28||
2.90,18.34,12.09,4.55,6.12,5.01,2.93||0.00,0.00,0.00,0.04,0.04,0.04||3.26,7.85,0.90,22.58,18.06,10.96||5.03,0.85,0.78,0.20,0.42||14.59,4.11,3.06,8.94,2.63||0.00,0.00,0.49,0.58,0.00||63.60,331.71,2124.38,64.18,24.47||10.63,3.47,7.67||0.45,1.31,3.83,2.81,4.23,0.56||
2.90,18.34,12.09,4.55,6.12,5.01,2.93||0.00,0.00,0.00,0.04,0.04,0.04||3.26,7.85,0.90,22.58,18.06,10.96||5.03,0.85,0.78,0.20,0.42||14.68,4.12,3.10,8.97,2.63||0.00,0.00,0.49,0.58,0.00||91.42,1428.04,11774.56,74.41,57.75||14.76,4.58,10.00||0.23,0.71,1.80,1.63,2.63,0.29||
2.90,18.34,12.09,4.55,6.12,5.01,2.93||0.00,0.00,0.00,0.04,0.04,0.04||3.26,7.85,0.90,22.58,18.06,10.96||5.03,0.85,0.78,0.20,0.42||14.81,4.14,3.16,9.02,2.64||0.00,0.00,0.49,0.58,0.00||67.15,412.90,2746.50,65.62,27.84||10.02,3.30,7.32||10.54,25.10,150.61,40.43,42.94,13.54||
2.90,18.34,12.09,4.55,6.12,5.01,2.93||0.00,0.00,0.00,0.04,0.04,0.04||3.26,7.85,0.90,22.58,18.06,10.96||5.03,0.85,0.78,0.20,0.42||14.84,4.14,3.18,9.03,2.65||0.00,0.00,0.49,0.58,0.00||38.64,44.70,202.37,52.38,7.53||8.52,2.87,6.42||0.56,1.62,5.00,3.42,5.01,0.70||
2.90,18.34,12.09,4.55,6.12,5.01,2.93||0.00,0.00,0.00,0.04,0.04,0.04||3.26,7.85,0.90,22.58,18.06,10.96||5.03,0.85,0.78,0.20,0.42||14.73,4.13,3.13,8.99,2.64||0.00,0.00,0.49,0.58,0.00||69.25,467.33,3175.86,66.45,29.94||7.01,2.43,5.49||2.07,5.49,22.74,10.26,13.02,2.62||
2.90,18.34,12.09,4.55,6.12,5.01,2.93||0.00,0.00,0.00,0.04,0.04,0.04||3.26,7.85,0.90,22.58,18.06,10.96||5.02,0.84,0.78,0.20,0.42||14.82,4.14,3.17,9.03,2.64||0.00,0.00,0.49,0.59,0.00||57.43,220.08,1312.88,61.56,19.23||8.41,2.84,6.35||4.58,11.51,57.15,20.02,23.30,5.83||
2.90,18.34,12.09,4.55,6.12,5.01,2.93||0.00,0.00,0.00,0.04,0.04,0.04||3.26,7.85,0.90,22.58,18.06,10.96||5.03,0.85,0.78,0.20,0.42||14.84,4.14,3.18,9.03,2.65||0.00,0.00,0.49,0.59,0.00||42.76,67.21,326.50,54.59,9.57||9.06,3.03,6.75||0.49,1.41,4.21,3.02,4.49,0.60||
2.90,18.34,12.09,4.55,6.12,5.01,2.93||0.00,0.00,0.00,0.04,0.04,0.04||3.26,7.85,0.90,22.58,18.06,10.96||5.02,0.84,0.78,0.20,0.42||14.84,4.14,3.18,9.03,2.65||0.00,0.00,0.50,0.59,0.00||63.30,325.50,2077.81,64.05,24.20||8.80,2.95,6.59||0.94,2.63,9.11,5.28,7.31,1.18||
2.90,18.34,12.09,4.55,6.12,5.01,2.93||0.00,0.00,0.00,0.04,0.04,0.04||3.26,7.85,0.90,22.58,18.06,10.96||5.01,0.84,0.78,0.20,0.42||14.84,4.14,3.18,9.03,2.65||0.00,0.00,0.50,0.60,0.00||108.67,2862.57,26621.46,79.85,86.94||8.43,2.85,6.37||0.14,0.43,0.96,1.03,1.77,0.17||
2.90,18.34,12.09,4.55,6.12,5.01,2.93||0.00,0.00,0.00,0.04,0.04,0.04||3.26,7.85,0.90,22.58,18.06,10.96||5.03,0.85,0.78,0.20,0.42||14.85,4.14,3.18,9.03,2.65||0.00,0.01,0.50,0.60,0.00||110.95,3111.29,29354.80,80.53,91.31||7.53,2.59,5.82||0.34,1.00,2.75,2.21,3.43,0.42||
2.90,18.34,12.09,4.55,6.12,5.01,2.93||0.00,0.00,0.00,0.04,0.04,0.05||3.26,7.85,0.90,22.58,18.06,10.96||5.03,0.85,0.78,0.20,0.42||14.85,4.14,3.18,9.03,2.65||0.00,0.01,0.50,0.60,0.00||81.90,917.82,7010.25,71.15,44.53||10.30,3.37,7.48||0.56,1.62,4.99,3.41,5.00,0.70||
2.90,18.34,12.09,4.55,6.12,5.01,2.93||0.00,0.00,0.00,0.04,0.04,0.05||3.26,7.85,0.90,22.58,18.06,10.96||5.03,0.85,0.78,0.20,0.42||14.84,4.14,3.18,9.03,2.65||0.00,0.01,0.50,0.60,0.00||137.97,7477.52,82111.81,88.01,152.93||8.78,2.95,6.58||0.86,2.41,8.16,4.88,6.82,1.07||
2.90,18.34,12.09,4.55,6.12,5.01,2.93||0.00,0.00,0.00,0.04,0.04,0.05||3.26,7.85,0.90,22.58,18.06,10.96||5.03,0.85,0.78,0.20,0.42||14.73,4.13,3.13,8.99,2.64||0.00,0.01,0.50,0.60,0.00||66.32,392.77,2590.05,65.29,27.03||7.80,2.66,5.98||0.36,1.07,2.98,2.35,3.61,0.45||
2.90,18.34,12.09,4.55,6.12,5.01,2.93||0.00,0.00,0.00,0.04,0.04,0.05||3.26,7.85,0.90,22.58,18.06,10.96||5.05,0.85,0.78,0.20,0.42||14.59,4.11,3.06,8.94,2.63||0.00,0.01,0.51,0.60,0.00||60.31,267.92,1653.55,62.80,21.58||9.31,3.10,6.90||0.19,0.57,1.37,1.34,2.22,0.23||
2.90,18.34,12.09,4.55,6.12,5.01,2.93||0.00,0.00,0.00,0.04,0.04,0.04||3.26,7.85,0.90,22.58,18.06,10.96||5.04,0.85,0.78,0.20,0.42||14.79,4.13,3.16,9.01,2.64||0.00,0.01,0.51,0.60,0.00||34.24,27.48,114.37,49.86,5.65||7.98,2.72,6.09||1.04,2.87,10.16,5.72,7.83,1.30||
2.90,18.34,12.09,4.55,6.12,5.01,2.93||0.00,0.00,0.00,0.04,0.04,0.04||3.26,7.85,0.90,22.58,18.06,10.96||4.97,0.84,0.77,0.20,0.42||14.60,4.11,3.07,8.94,2.63||0.00,0.01,0.51,0.60,0.00||34.43,28.09,117.34,49.97,5.73||5.89,2.10,4.77||0.27,0.81,2.12,1.83,2.91,0.33||
2.90,18.34,12.09,4.55,6.12,5.01,2.93||0.00,0.00,0.00,0.04,0.04,0.04||3.26,7.85,0.90,22.58,18.06,10.96||4.95,0.84,0.76,0.20,0.42||14.68,4.12,3.10,8.97,2.63||0.00,0.01,0.51,0.60,0.00||49.73,123.37,665.81,58.05,13.68||7.32,2.52,5.68||0.21,0.64,1.57,1.48,2.41,0.26||
2.90,18.34,12.09,4.55,6.12,5.01,2.93||0.00,0.00,0.00,0.04,0.04,0.04||3.26,7.85,0.90,22.58,18.06,10.96||4.87,0.83,0.74,0.19,0.41||14.69,4.12,3.11,8.98,2.64||0.00,0.01,0.51,0.60,0.00||58.98,245.00,1488.92,62.24,20.48||7.64,2.62,5.88||0.16,0.50,1.14,1.17,1.97,0.19||
2.90,18.34,12.09,4.55,6.12,5.01,2.93||0.00,0.00,0.00,0.04,0.04,0.04||3.20,7.82,0.88,22.41,17.98,10.82||4.86,0.83,0.74,0.19,0.41||14.70,4.12,3.11,8.98,2.64||0.00,0.01,0.51,0.60,0.00||74.87,639.68,4589.90,68.60,36.01||7.83,2.67,6.00||0.35,1.05,2.91,2.31,3.56,0.44||
2.90,18.34,12.09,4.55,6.12,5.01,2.93||0.00,0.00,0.00,0.04,0.04,0.04||3.11,7.77,0.84,22.12,17.85,10.60||4.78,0.82,0.72,0.19,0.41||14.58,4.11,3.06,8.93,2.63||0.00,0.01,0.51,0.60,0.00||80.23,844.65,6359.24,70.56,42.41||8.78,2.94,6.58||0.66,1.89,6.03,3.91,5.64,0.82||
2.90,18.34,12.09,4.55,6.12,5.01,2.93||0.00,0.00,0.00,0.04,0.04,0.04||3.09,7.76,0.83,22.06,17.83,10.55||4.77,0.82,0.72,0.19,0.41||14.67,4.12,3.10,8.97,2.63||0.00,0.01,0.51,0.60,0.00||102.40,2253.45,20106.56,77.94,75.53||12.97,4.10,9.01||0.34,1.02,2.80,2.24,3.47,0.42||
2.90,18.34,12.09,4.55,6.12,5.01,2.93||0.00,0.00,0.00,0.04,0.04,0.04||3.08,7.76,0.83,22.05,17.82,10.55||4.77,0.82,0.72,0.19,0.41||14.81,4.14,3.16,9.02,2.64||0.00,0.01,0.51,0.60,0.00||65.84,381.33,2501.77,65.09,26.56||7.05,2.44,5.51||0.17,0.53,1.23,1.23,2.07,0.21||
2.90,18.34,12.09,4.55,6.12,5.01,2.93||0.00,0.00,0.00,0.04,0.04,0.04||3.08,7.76,0.83,22.04,17.82,10.54||4.70,0.81,0.70,0.19,0.41||14.37,4.08,2.97,8.86,2.61||0.00,0.01,0.50,0.60,0.00||43.64,72.92,359.28,55.04,10.04||7.47,2.57,5.78||0.11,0.35,0.74,0.86,1.50,0.13||
2.90,18.34,12.09,4.55,6.12,5.01,2.93||0.00,0.00,0.00,0.04,0.04,0.04||3.08,7.76,0.83,22.04,17.82,10.54||4.68,0.81,0.70,0.19,0.40||14.75,4.13,3.14,9.00,2.64||0.00,0.01,0.50,0.60,0.00||68.26,440.91,2966.32,66.06,28.93||11.11,3.60,7.96||0.58,1.67,5.17,3.50,5.11,0.72||
2.90,18.30,12.07,4.54,6.11,5.00,2.93||0.00,0.00,0.00,0.04,0.04,0.04||3.08,7.76,0.83,22.04,17.82,10.54||4.68,0.81,0.70,0.19,0.40||14.59,4.11,3.07,8.94,2.63||0.00,0.01,0.50,0.60,0.00||57.21,216.67,1289.06,61.47,19.05||10.67,3.48,7.70||1.55,4.18,16.19,8.02,10.51,1.95||
2.90,18.33,12.09,4.55,6.12,5.01,2.93||0.00,0.00,0.00,0.04,0.04,0.04||3.08,7.76,0.83,22.04,17.82,10.54||4.68,0.81,0.70,0.19,0.40||14.44,4.09,3.00,8.88,2.62||0.00,0.01,0.50,0.60,0.00||41.67,60.57,289.03,54.02,9.00||8.12,2.76,6.18||4.34,10.95,53.68,19.13,22.39,5.52||
2.90,18.30,12.07,4.54,6.11,5.00,2.93||0.00,0.00,0.00,0.04,0.04,0.04||3.08,7.76,0.83,22.04,17.82,10.54||4.64,0.81,0.69,0.19,0.40||14.42,4.09,2.99,8.87,2.62||0.00,0.01,0.50,0.60,0.00||72.61,565.44,3971.48,67.74,33.49||10.62,3.46,7.67||1.65,4.43,17.41,8.45,11.00,2.07||
2.89,18.25,12.05,4.53,6.10,4.99,2.92||0.00,0.00,0.00,0.04,0.04,0.04||3.08,7.76,0.83,22.04,17.82,10.54||4.62,0.81,0.68,0.19,0.40||14.41,4.09,2.98,8.87,2.62||0.00,0.01,0.50,0.60,0.00||57.16,215.93,1283.85,61.44,19.01||10.07,3.31,7.35||1.16,3.19,11.58,6.29,8.51,1.45||
2.89,18.24,12.04,4.53,6.09,4.99,2.92||0.00,0.00,0.00,0.04,0.04,0.04||3.08,7.76,0.83,22.04,17.82,10.54||4.60,0.80,0.68,0.18,0.40||14.64,4.12,3.09,8.96,2.63||0.00,0.01,0.51,0.60,0.00||60.68,274.60,1702.06,62.96,21.90||9.75,3.22,7.16||25.78,57.91,425.93,85.96,82.75,33.45||
2.88,18.15,12.00,4.51,6.07,4.97,2.91||0.00,0.00,0.00,0.04,0.04,0.04||3.08,7.76,0.83,22.04,17.82,10.54||4.59,0.80,0.68,0.18,0.40||14.57,4.11,3.06,8.93,2.63||0.00,0.01,0.51,0.60,0.00||91.14,1410.61,11606.09,74.32,57.34||7.47,2.57,5.78||0.18,0.57,1.36,1.33,2.20,0.23||
2.88,18.14,11.99,4.51,6.06,4.97,2.91||0.00,0.00,0.00,0.04,0.04,0.04||3.08,7.76,0.83,22.04,17.82,10.54||4.59,0.80,0.68,0.18,0.40||14.56,4.11,3.05,8.92,2.63||0.00,0.01,0.51,0.60,0.00||82.91,964.18,7427.40,71.51,45.84||5.00,1.82,4.18||0.39,1.14,3.24,2.49,3.80,0.48||
2.89,18.26,12.05,4.54,6.10,4.99,2.93||0.00,0.00,0.00,0.04,0.04,0.04||3.08,7.76,0.83,22.04,17.82,10.54||4.55,0.80,0.67,0.18,0.40||14.79,4.13,3.15,9.01,2.64||0.00,0.01,0.50,0.60,0.00||70.01,488.15,3342.50,66.74,30.72||7.68,2.63,5.91||1.64,4.41,17.33,8.42,10.97,2.07||
2.89,18.20,12.02,4.52,6.08,4.98,2.92||0.00,0.00,0.00,0.04,0.04,0.04||3.08,7.76,0.83,22.04,17.82,10.54||4.53,0.80,0.66,0.18,0.40||14.37,4.08,2.97,8.85,2.61||0.00,0.01,0.50,0.60,0.00||116.41,3774.55,36823.79,82.12,102.30||6.81,2.37,5.36||1.31,3.57,13.31,6.95,9.29,1.64||
2.87,18.10,11.97,4.50,6.05,4.96,2.91||0.00,0.00,0.00,0.04,0.04,0.04||3.08,7.76,0.83,22.04,17.82,10.54||4.51,0.80,0.66,0.18,0.40||14.40,4.09,2.98,8.87,2.61||0.00,0.01,0.50,0.60,0.00||95.60,1709.70,14542.99,75.78,64.20||9.34,3.10,6.92||0.64,1.82,5.78,3.80,5.49,0.79||
2.87,18.08,11.96,4.50,6.05,4.96,2.90||0.00,0.00,0.00,0.04,0.04,0.04||3.00,7.71,0.80,21.79,17.71,10.35||4.51,0.80,0.66,0.18,0.40||14.52,4.10,3.03,8.91,2.62||0.00,0.01,0.50,0.60,0.00||94.09,1603.24,13486.50,75.29,61.82||10.30,3.38,7.48||0.63,1.81,5.71,3.76,5.45,0.79||
2.87,18.08,11.96,4.50,6.05,4.96,2.90||0.00,0.00,0.00,0.04,0.04,0.04||2.93,7.67,0.77,21.57,17.61,10.18||4.51,0.80,0.66,0.18,0.40||14.32,4.08,2.94,8.83,2.61||0.00,0.01,0.50,0.60,0.00||52.69,155.62,874.25,59.44,15.68||10.29,3.37,7.48||1.10,3.04,10.92,6.02,8.20,1.38||
2.88,18.12,11.98,4.50,6.06,4.96,2.91||0.00,0.00,0.00,0.04,0.04,0.04||2.91,7.67,0.76,21.53,17.59,10.15||4.45,0.79,0.64,0.18,0.39||14.16,4.06,2.88,8.78,2.60||0.00,0.01,0.50,0.60,0.00||46.27,92.28,473.61,56.37,11.53||9.24,3.08,6.86||1.08,2.99,10.67,5.92,8.08,1.35||
2.87,18.09,11.96,4.50,6.05,4.96,2.91||0.00,0.00,0.00,0.04,0.04,0.04||2.91,7.66,0.76,21.52,17.59,10.14||4.43,0.79,0.64,0.18,0.39||14.02,4.04,2.82,8.72,2.59||0.00,0.00,0.50,0.60,0.00||58.75,241.12,1461.24,62.14,20.29||9.51,3.15,7.02||1.11,3.05,10.97,6.04,8.22,1.39||
2.89,18.21,12.02,4.52,6.08,4.98,2.92||0.00,0.00,0.00,0.03,0.04,0.04||2.86,7.63,0.74,21.35,17.51,10.02||4.39,0.78,0.63,0.18,0.39||13.54,3.99,2.62,8.54,2.55||0.00,0.00,0.50,0.60,0.00||57.15,215.74,1282.56,61.44,19.00||6.73,2.35,5.31||1.09,3.00,10.75,5.95,8.12,1.36||
2.87,18.10,11.97,4.50,6.05,4.96,2.91||0.00,0.00,0.00,0.04,0.04,0.04||2.90,7.66,0.76,21.48,17.57,10.12||4.40,0.78,0.63,0.18,0.39||13.89,4.03,2.76,8.67,2.58||0.00,0.00,0.50,0.59,0.00||47.20,99.94,520.01,56.83,12.08||6.94,2.41,5.44||11.60,27.46,168.43,43.85,46.08,14.93||
2.87,18.08,11.96,4.50,6.05,4.96,2.90||0.00,0.00,0.00,0.04,0.04,0.04||2.91,7.66,0.76,21.51,17.58,10.14||4.42,0.79,0.64,0.18,0.39||13.96,4.04,2.79,8.70,2.58||0.00,0.00,0.50,0.59,0.00||40.46,53.78,251.37,53.37,8.39||9.46,3.14,6.99||0.55,1.57,4.82,3.33,4.89,0.68||
2.87,18.08,11.96,4.50,6.05,4.96,2.90||0.00,0.00,0.00,0.04,0.04,0.04||2.91,7.66,0.76,21.52,17.59,10.14||4.43,0.79,0.64,0.18,0.39||13.98,4.04,2.80,8.70,2.58||0.00,0.00,0.50,0.59,0.00||80.17,842.00,6335.89,70.53,42.33||8.50,2.87,6.41||1.47,3.97,15.23,7.67,10.11,1.85||
2.87,18.08,11.96,4.49,6.05,4.96,2.90||0.00,0.00,0.00,0.04,0.04,0.04||2.91,7.66,0.76,21.52,17.59,10.14||4.43,0.79,0.64,0.18,0.39||14.09,4.05,2.85,8.75,2.59||0.00,0.00,0.50,0.59,0.00||63.99,340.10,2187.57,64.34,24.83||9.96,3.28,7.28||0.10,0.34,0.71,0.83,1.46,0.13||
2.87,18.08,11.96,4.49,6.05,4.96,2.90||0.00,0.00,0.00,0.03,0.04,0.04||2.91,7.66,0.76,21.52,17.59,10.14||4.43,0.79,0.64,0.18,0.39||14.23,4.07,2.91,8.80,2.60||0.00,0.00,0.50,0.59,0.00||63.94,339.06,2179.69,64.32,24.79||7.00,2.43,5.48||0.17,0.53,1.25,1.25,2.08,0.21||
2.87,18.08,11.96,4.49,6.05,4.96,2.90||0.00,0.00,0.00,0.03,0.04,0.04||2.91,7.66,0.76,21.52,17.59,10.14||4.39,0.78,0.63,0.18,0.39||14.15,4.06,2.87,8.77,2.60||0.00,0.00,0.50,0.59,0.00||62.70,313.26,1986.42,63.81,23.66||8.54,2.88,6.44||0.25,0.77,1.96,1.73,2.78,0.31||
2.87,18.08,11.96,4.49,6.05,4.96,2.90||0.00,0.00,0.00,0.03,0.04,0.04||2.91,7.66,0.76,21.52,17.59,10.14||4.38,0.78,0.63,0.18,0.39||14.13,4.06,2.86,8.76,2.60||0.00,0.00,0.50,0.59,0.00||37.82,41.00,182.86,51.92,7.16||7.70,2.63,5.92||0.18,0.57,1.36,1.33,2.20,0.23||
2.87,18.08,11.96,4.49,6.05,4.96,2.90||0.00,0.00,0.00,0.03,0.04,0.04||2.91,7.66,0.76,21.52,17.59,10.14||4.37,0.78,0.63,0.18,0.39||14.12,4.05,2.86,8.76,2.60||0.00,0.00,0.50,0.59,0.00||84.75,1053.20,8238.09,72.15,48.28||8.53,2.87,6.43||1.52,4.10,15.80,7.88,10.35,1.91||
2.87,18.08,11.96,4.49,6.05,4.96,2.90||0.00,0.00,0.00,0.04,0.04,0.04||2.91,7.66,0.76,21.52,17.59,10.14||4.35,0.78,0.62,0.18,0.39||14.01,4.04,2.81,8.72,2.59||0.00,0.00,0.50,0.59,0.00||52.28,150.88,843.14,59.25,15.40||9.78,3.23,7.18||1.43,3.88,14.77,7.50,9.92,1.80||
2.87,18.08,11.96,4.49,6.05,4.96,2.90||0.00,0.00,0.00,0.03,0.04,0.04||2.91,7.66,0.76,21.52,17.59,10.14||4.35,0.78,0.62,0.18,0.39||13.76,4.01,2.71,8.62,2.57||0.00,0.00,0.50,0.59,0.00||53.70,168.00,956.42,59.90,16.40||8.88,2.97,6.64||0.67,1.91,6.12,3.96,5.69,0.84||
2.87,18.08,11.96,4.49,6.05,4.96,2.90||0.00,0.00,0.00,0.03,0.04,0.04||2.91,7.66,0.76,21.52,17.59,10.14||4.35,0.78,0.62,0.18,0.39||13.72,4.01,2.69,8.60,2.57||0.00,0.00,0.50,0.59,0.00||67.24,415.11,2763.72,65.65,27.92||10.39,3.40,7.53||1.69,4.54,17.97,8.65,11.23,2.13||
2.87,18.08,11.96,4.49,6.05,4.96,2.90||0.00,0.00,0.00,0.03,0.04,0.04||2.86,7.63,0.74,21.35,17.51,10.02||4.35,0.78,0.62,0.18,0.39||13.93,4.03,2.78,8.69,2.58||0.00,0.00,0.50,0.59,0.00||78.96,791.98,5896.65,70.10,40.83||8.59,2.89,6.47||1.41,3.84,14.59,7.43,9.84,1.78||
2.87,18.08,11.96,4.49,6.05,4.96,2.90||0.00,0.00,0.00,0.03,0.04,0.04||2.82,7.61,0.73,21.24,17.46,9.93||4.35,0.78,0.62,0.18,0.39||14.08,4.05,2.84,8.75,2.59||0.00,0.00,0.50,0.59,0.00||64.92,360.43,2341.71,64.72,25.70||11.16,3.61,7.98||1.03,2.86,10.11,5.70,7.81,1.29||
2.87,18.08,11.96,4.49,6.05,4.96,2.90||0.00,0.00,0.00,0.03,0.04,0.04||2.79,7.59,0.72,21.13,17.41,9.85||4.35,0.78,0.62,0.18,0.39||13.89,4.03,2.76,8.67,2.58||0.00,0.00,0.50,0.59,0.00||73.47,592.90,4198.63,68.07,34.44||11.73,3.77,8.31||0.64,1.82,5.76,3.79,5.47,0.79||
2.87,18.08,11.96,4.49,6.05,4.96,2.90||0.00,0.00,0.00,0.03,0.04,0.04||2.78,7.59,0.71,21.11,17.40,9.84||4.34,0.78,0.62,0.18,0.39||13.85,4.02,2.75,8.66,2.58||0.00,0.00,0.50,0.59,0.00||53.24,162.33,918.64,59.69,16.07||7.48,2.57,5.79||0.67,1.92,6.16,3.98,5.72,0.84||
2.87,18.08,11.96,4.49,6.05,4.96,2.90||0.00,0.00,0.00,0.03,0.04,0.04||2.78,7.59,0.71,21.11,17.40,9.83||4.31,0.78,0.61,0.17,0.39||13.84,4.02,2.74,8.65,2.57||0.00,0.00,0.50,0.59,0.00||45.15,83.62,421.91,55.81,10.88||6.79,2.37,5.35||0.30,0.90,2.39,2.00,3.14,0.37||
2.87,18.08,11.96,4.49,6.05,4.96,2.90||0.00,0.00,0.00,0.03,0.04,0.04||2.81,7.60,0.72,21.19,17.44,9.89||4.34,0.78,0.62,0.18,0.39||13.95,4.03,2.79,8.70,2.58||0.00,0.00,0.50,0.59,0.00||46.22,91.86,471.07,56.34,11.50||7.48,2.57,5.79||0.06,0.20,0.37,0.52,0.97,0.07||
2.87,18.08,11.96,4.49,6.05,4.96,2.90||0.00,0.00,0.00,0.03,0.04,0.04||2.76,7.58,0.70,21.04,17.37,9.78||4.35,0.78,0.62,0.18,0.39||13.98,4.04,2.80,8.70,2.58||0.00,0.00,0.50,0.59,0.00||103.80,2380.31,21440.77,78.37,78.00||9.40,3.12,6.95||0.14,0.45,1.00,1.06,1.81,0.17||
2.87,18.08,11.96,4.49,6.05,4.96,2.90||0.00,0.00,0.00,0.03,0.04,0.04||2.78,7.59,0.71,21.09,17.40,9.82||4.31,0.78,0.61,0.17,0.39||13.87,4.02,2.75,8.66,2.58||0.00,0.00,0.50,0.59,0.00||57.31,218.18,1299.59,61.51,19.13||8.31,2.81,6.30||0.54,1.57,4.81,3.32,4.89,0.68||
2.87,18.08,11.96,4.49,6.05,4.96,2.90||0.00,0.00,0.00,0.03,0.04,0.04||2.76,7.57,0.70,21.02,17.36,9.77||4.33,0.78,0.62,0.18,0.39||14.07,4.05,2.84,8.74,2.59||0.00,0.00,0.50,0.59,0.00||51.84,145.73,809.49,59.04,15.09||7.84,2.68,6.01||0.44,1.29,3.77,2.78,4.19,0.55||
2.87,18.08,11.96,4.49,6.05,4.96,2.90||0.00,0.00,0.00,0.03,0.04,0.04||2.75,7.57,0.70,21.01,17.36,9.76||4.31,0.78,0.61,0.17,0.39||14.23,4.07,2.91,8.80,2.60||0.00,0.00,0.50,0.59,0.00||37.31,38.83,171.54,51.63,6.93||8.60,2.89,6.47||0.70,1.98,6.42,4.10,5.86,0.87||
2.87,18.08,11.96,4.49,6.05,4.96,2.90||0.00,0.00,0.00,0.03,0.04,0.04||2.75,7.57,0.70,21.00,17.36,9.76||4.29,0.77,0.61,0.17,0.39||14.26,4.07,2.92,8.81,2.60||0.00,0.00,0.50,0.59,0.00||69.18,465.42,3160.62,66.42,29.87||7.76,2.65,5.96||0.50,1.47,4.40,3.12,4.62,0.63||
2.87,18.08,11.96,4.49,6.05,4.96,2.90||0.00,0.00,0.00,0.03,0.04,0.04||2.78,7.59,0.71,21.09,17.39,9.82||4.29,0.77,0.61,0.17,0.39||14.04,4.04,2.82,8.73,2.59||0.00,0.00,0.50,0.59,0.00||79.27,804.53,6006.41,70.21,41.21||7.51,2.58,5.80||4.75,11.93,59.70,20.66,23.95,6.06||
2.87,18.08,11.96,4.49,6.05,4.96,2.90||0.00,0.00,0.00,0.03,0.04,0.04||2.78,7.59,0.71,21.10,17.40,9.83||4.27,0.77,0.61,0.17,0.38||13.77,4.01,2.71,8.62,2.57||0.00,0.00,0.50,0.59,0.00||84.13,1022.32,7955.49,71.93,47.45||10.30,3.37,7.48||2.92,7.55,33.81,13.68,16.73,3.69||
2.85,17.91,11.87,4.46,6.00,4.92,2.88||0.00,0.00,0.00,0.03,0.04,0.04||2.76,7.58,0.70,21.02,17.36,9.77||4.27,0.77,0.60,0.17,0.38||14.05,4.05,2.83,8.73,2.59||0.00,0.00,0.50,0.59,0.00||33.09,23.97,97.41,49.17,5.22||7.73,2.64,5.94||1.17,3.22,11.73,6.35,8.58,1.47||
2.85,17.88,11.85,4.45,5.99,4.92,2.88||0.00,0.00,0.00,0.03,0.04,0.04||2.78,7.59,0.71,21.09,17.39,9.82||4.27,0.77,0.60,0.17,0.38||13.88,4.03,2.76,8.67,2.58||0.00,0.00,0.50,0.59,0.00||39.70,49.84,229.91,52.96,8.03||8.43,2.85,6.37||0.19,0.59,1.42,1.37,2.26,0.23||
2.84,17.83,11.83,4.44,5.97,4.91,2.88||0.00,0.00,0.00,0.03,0.04,0.04||2.76,7.57,0.70,21.02,17.36,9.77||4.27,0.77,0.60,0.17,0.38||13.96,4.04,2.79,8.70,2.58||0.00,0.00,0.50,0.59,0.00||44.66,80.01,400.59,55.56,10.60||6.63,2.32,5.25||0.05,0.17,0.30,0.44,0.85,0.06||
2.84,17.82,11.82,4.44,5.97,4.91,2.87||0.00,0.00,0.00,0.03,0.04,0.04||2.75,7.57,0.70,21.01,17.36,9.76||4.28,0.77,0.61,0.17,0.39||13.87,4.02,2.75,8.66,2.58||0.00,0.00,0.50,0.59,0.00||74.78,636.38,4562.12,68.56,35.90||7.79,2.66,5.98||0.24,0.74,1.90,1.69,2.72,0.30||
2.84,17.82,11.82,4.44,5.97,4.91,2.87||0.00,0.00,0.00,0.03,0.04,0.04||2.75,7.57,0.70,21.00,17.36,9.76||4.27,0.77,0.60,0.17,0.38||14.07,4.05,2.84,8.74,2.59||0.00,0.01,0.50,0.60,0.00||102.85,2293.95,20531.16,78.08,76.32||10.00,3.29,7.31||1.53,4.14,16.01,7.95,10.44,1.93||
2.84,17.82,11.82,4.44,5.97,4.91,2.87||0.00,0.00,0.00,0.03,0.04,0.04||2.75,7.57,0.70,21.00,17.36,9.76||4.27,0.77,0.60,0.17,0.38||14.11,4.05,2.86,8.76,2.59||0.00,0.01,0.50,0.60,0.00||56.91,212.13,1257.41,61.33,18.81||10.28,3.37,7.47||0.56,1.63,5.01,3.42,5.02,0.70||
2.84,17.82,11.82,4.44,5.97,4.91,2.87||0.00,0.00,0.00,0.03,0.04,0.04||2.75,7.57,0.70,21.00,17.36,9.76||4.28,0.77,0.61,0.17,0.39||13.79,4.01,2.72,8.63,2.57||0.00,0.01,0.50,0.60,0.00||48.28,109.48,578.75,57.36,12.75||10.15,3.33,7.39||0.16,0.51,1.18,1.20,2.01,0.20||
2.84,17.82,11.82,4.44,5.97,4.91,2.87||0.00,0.00,0.00,0.03,0.04,0.04||2.75,7.57,0.70,21.00,17.36,9.76||4.27,0.77,0.61,0.17,0.38||13.72,4.01,2.69,8.61,2.57||0.00,0.01,0.50,0.60,0.00||54.85,182.93,1056.85,60.42,17.24||9.05,3.02,6.74||0.27,0.83,2.16,1.86,2.95,0.34||
2.84,17.82,11.82,4.44,5.97,4.91,2.87||0.00,0.00,0.00,0.03,0.04,0.04||2.75,7.57,0.70,21.00,17.36,9.76||4.27,0.77,0.60,0.17,0.38||13.82,4.02,2.73,8.64,2.57||0.00,0.01,0.50,0.60,0.00||59.94,261.33,1606.00,62.64,21.27||6.58,2.31,5.22||0.68,1.95,6.28,4.03,5.78,0.85||
2.84,17.82,11.82,4.44,5.97,4.91,2.87||0.00,0.00,0.00,0.03,0.04,0.04||2.75,7.57,0.70,21.00,17.36,9.76||4.27,0.77,0.60,0.17,0.38||13.73,4.01,2.69,8.61,2.57||0.00,0.01,0.50,0.60,0.00||61.25,285.15,1779.00,63.20,22.39||10.66,3.47,7.69||0.19,0.58,1.40,1.36,2.25,0.23||
2.84,17.82,11.82,4.44,5.97,4.91,2.87||0.00,0.00,0.00,0.03,0.04,0.04||2.75,7.57,0.70,21.00,17.36,9.76||4.27,0.77,0.60,0.17,0.38||14.04,4.05,2.83,8.73,2.59||0.00,0.01,0.50,0.60,0.00||49.90,125.05,676.47,58.13,13.79||10.22,3.35,7.43||0.11,0.35,0.74,0.85,1.50,0.13||
2.84,17.82,11.82,4.44,5.97,4.91,2.87||0.00,0.00,0.00,0.03,0.04,0.04||2.75,7.57,0.70,21.00,17.36,9.76||4.27,0.77,0.60,0.17,0.38||13.88,4.03,2.76,8.67,2.58||0.00,0.01,0.50,0.60,0.00||46.30,92.52,475.02,56.38,11.55||7.70,2.64,5.92||0.30,0.90,2.42,2.02,3.17,0.37||
2.84,17.82,11.82,4.44,5.97,4.91,2.87||0.00,0.00,0.00,0.03,0.04,0.04||2.75,7.57,0.70,21.00,17.36,9.76||4.27,0.77,0.60,0.17,0.38||13.96,4.04,2.79,8.70,2.58||0.00,0.01,0.50,0.60,0.00||73.23,585.16,4134.44,67.98,34.17||11.84,3.80,8.37||0.67,1.90,6.08,3.94,5.66,0.83||
2.84,17.82,11.82,4.44,5.97,4.91,2.87||0.00,0.00,0.00,0.03,0.04,0.04||2.75,7.57,0.70,21.00,17.36,9.76||4.27,0.77,0.60,0.17,0.38||13.75,4.01,2.70,8.62,2.57||0.00,0.01,0.50,0.60,0.00||114.58,3542.05,34177.46,81.59,98.54||13.52,4.25,9.32||0.67,1.91,6.14,3.97,5.70,0.84||
2.84,17.82,11.82,4.44,5.97,4.91,2.87||0.00,0.00,0.00,0.03,0.04,0.04||2.75,7.57,0.70,21.00,17.36,9.76||4.27,0.77,0.60,0.17,0.38||13.82,4.02,2.73,8.65,2.57||0.00,0.01,0.50,0.60,0.00||37.82,41.01,182.89,51.92,7.16||8.42,2.84,6.36||0.51,1.48,4.44,3.14,4.65,0.63||
2.84,17.82,11.82,4.44,5.97,4.91,2.87||0.00,0.00,0.00,0.03,0.04,0.04||2.75,7.57,0.70,21.00,17.36,9.76||4.27,0.77,0.60,0.17,0.38||13.95,4.03,2.79,8.69,2.58||0.00,0.01,0.50,0.60,0.00||38.72,45.09,204.42,52.42,7.57||8.16,2.77,6.20||0.67,1.92,6.16,3.98,5.71,0.84||
2.84,17.82,11.82,4.44,5.97,4.91,2.87||0.00,0.00,0.00,0.03,0.04,0.04||2.75,7.57,0.70,21.00,17.36,9.76||4.27,0.77,0.60,0.17,0.38||13.98,4.04,2.80,8.70,2.58||0.00,0.01,0.50,0.60,0.00||43.66,73.06,360.08,55.05,10.05||7.89,2.69,6.03||5.60,13.90,72.21,23.72,27.00,7.15||
2.84,17.82,11.82,4.44,5.97,4.91,2.87||0.00,0.00,0.00,0.03,0.04,0.04||2.75,7.57,0.70,21.00,17.36,9.76||4.27,0.77,0.60,0.17,0.38||13.76,4.01,2.71,8.62,2.57||0.00,0.01,0.50,0.60,0.00||37.38,39.14,173.17,51.68,6.96||7.41,2.55,5.74||0.14,0.43,0.96,1.03,1.77,0.17||
2.84,17.82,11.82,4.44,5.97,4.91,2.87||0.00,0.00,0.00,0.03,0.04,0.04||2.75,7.57,0.70,21.00,17.36,9.76||4.27,0.77,0.60,0.17,0.38||13.94,4.03,2.78,8.69,2.58||0.00,0.01,0.50,0.60,0.00||53.61,166.80,948.41,59.86,16.33||9.59,3.18,7.06||0.58,1.68,5.21,3.52,5.14,0.73||
2.84,17.82,11.82,4.44,5.97,4.91,2.87||0.00,0.00,0.00,0.03,0.04,0.04||2.75,7.57,0.70,21.00,17.36,9.76||4.27,0.77,0.60,0.17,0.38||13.86,4.02,2.75,8.66,2.58||0.00,0.01,0.50,0.60,0.00||55.95,198.22,1161.22,60.91,18.08||9.44,3.13,6.97||0.20,0.60,1.46,1.40,2.30,0.24||
2.83,17.74,11.78,4.42,5.94,4.89,2.86||0.00,0.00,0.00,0.03,0.04,0.04||2.75,7.57,0.70,21.00,17.36,9.76||4.27,0.77,0.60,0.17,0.38||13.85,4.02,2.74,8.65,2.57||0.00,0.01,0.50,0.60,0.00||37.25,38.58,170.26,51.60,6.90||7.56,2.59,5.83||1.35,3.68,13.82,7.15,9.51,1.70||
2.82,17.64,11.73,4.40,5.91,4.87,2.85||0.00,0.00,0.00,0.03,0.04,0.04||2.75,7.57,0.70,21.00,17.36,9.76||4.27,0.77,0.60,0.17,0.38||13.84,4.02,2.74,8.65,2.57||0.00,0.01,0.50,0.60,0.00||52.12,148.94,830.45,59.17,15.28||6.78,2.36,5.34||9.41,22.58,132.03,36.75,39.52,12.08||
2.84,17.78,11.80,4.43,5.96,4.90,2.87||0.00,0.00,0.00,0.03,0.04,0.04||2.75,7.57,0.70,21.00,17.36,9.76||4.27,0.77,0.60,0.17,0.38||13.73,4.01,2.70,8.61,2.57||0.00,0.01,0.50,0.60,0.00||42.94,68.31,332.81,54.68,9.66||7.33,2.53,5.69||7.51,18.28,101.56,30.38,33.49,9.61||
2.82,17.65,11.73,4.40,5.92,4.87,2.85||0.00,0.00,0.00,0.03,0.04,0.04||2.75,7.57,0.70,21.00,17.36,9.76||4.27,0.77,0.60,0.17,0.38||13.82,4.02,2.73,8.64,2.57||0.00,0.01,0.50,0.60,0.00||52.60,154.53,867.11,59.40,15.61||6.90,2.40,5.42||0.27,0.81,2.11,1.83,2.91,0.33||
2.81,17.58,11.70,4.38,5.90,4.86,2.85||0.00,0.00,0.00,0.03,0.04,0.04||2.75,7.57,0.70,21.00,17.36,9.76||4.27,0.77,0.60,0.17,0.38||13.84,4.02,2.74,8.65,2.57||0.00,0.01,0.50,0.60,0.00||62.32,305.71,1930.41,63.65,23.32||12.70,4.03,8.85||0.90,2.51,8.61,5.07,7.06,1.12||
2.82,17.61,11.71,4.39,5.91,4.86,2.85||0.00,0.00,0.00,0.03,0.04,0.04||2.75,7.57,0.70,21.00,17.36,9.76||4.27,0.77,0.60,0.17,0.38||13.62,3.99,2.65,8.57,2.56||0.00,0.01,0.50,0.60,0.00||75.35,656.10,4728.35,68.77,36.55||9.88,3.26,7.24||0.42,1.22,3.52,2.65,4.01,0.52||
2.81,17.57,11.69,4.38,5.90,4.86,2.84||0.00,0.00,0.00,0.03,0.04,0.04||2.75,7.57,0.70,21.00,17.36,9.76||4.27,0.77,0.60,0.17,0.38||13.58,3.99,2.63,8.55,2.56||0.00,0.01,0.50,0.60,0.00||57.41,219.75,1310.52,61.55,19.21||10.76,3.50,7.75||0.56,1.62,4.98,3.41,5.00,0.70||
