071020;21:37:52;4.58;34.68;19.94;8.08;10.79;7.89;4.67;0.00;0.00;0.00;0.08;0.07;0.08;58.08;14.41;64.73;76.56;35.17;77.73;12.81;1.42;3.33;0.47;0.70;52.87;7.01;46.66;19.79;4.36;0.02;0.05;0.70;0.81;0.01;27.09;10.71;37.88;45.32;3.25;14.04;4.39;9.60;1.06;2.94;10.49;5.85;7.99;1.33;
071020;21:37:53;3.11;20.22;13.06;4.97;6.68;5.37;3.15;0.00;0.00;0.00;0.04;0.04;0.04;5.23;8.67;1.82;27.58;20.14;15.10;5.60;0.90;0.92;0.22;0.45;18.28;4.51;4.94;10.27;2.87;0.00;0.01;0.53;0.63;0.00;24.82;7.54;25.08;43.73;2.64;7.48;2.57;5.79;0.16;0.51;1.19;1.21;2.03;0.20;
071020;21:37:55;2.88;18.19;12.01;4.52;6.08;4.98;2.92;0.00;0.00;0.00;0.03;0.04;0.04;3.29;7.86;0.91;22.67;18.09;11.03;4.78;0.82;0.72;0.19;0.41;14.29;4.07;2.93;8.82;2.61;0.00;0.01;0.50;0.60;0.00;17.33;1.78;4.60;37.77;1.13;6.11;2.16;4.91;0.34;1.01;2.77;2.23;3.45;0.42;
071020;21:37:57;2.84;17.78;11.80;4.43;5.96;4.90;2.87;0.00;0.00;0.00;0.03;0.04;0.04;2.98;7.70;0.79;21.73;17.68;10.30;4.57;0.80;0.67;0.18;0.40;13.72;4.01;2.69;8.61;2.57;0.00;0.00;0.50;0.60;0.00;34.21;27.38;113.86;49.84;5.64;7.60;2.61;5.86;0.75;2.13;7.02;4.37;6.20;0.94;
071020;21:38:00;2.83;17.73;11.78;4.42;5.94;4.89;2.86;0.00;0.00;0.00;0.03;0.04;0.04;2.92;7.67;0.77;21.55;17.60;10.16;4.52;0.80;0.66;0.18;0.40;13.51;3.98;2.60;8.52;2.55;0.00;0.00;0.50;0.59;0.00;19.75;3.01;8.53;39.84;1.54;6.52;2.29;5.18;0.12;0.37;0.80;0.90;1.57;0.14;
071020;21:38:02;2.83;17.69;11.75;4.41;5.93;4.88;2.86;0.00;0.00;0.00;0.03;0.04;0.04;2.91;7.66;0.76;21.51;17.58;10.14;4.51;0.80;0.66;0.18;0.40;13.36;3.96;2.54;8.46;2.54;0.00;0.00;0.50;0.59;0.00;22.15;4.77;14.66;41.75;2.02;7.10;2.46;5.55;0.17;0.53;1.25;1.25;2.09;0.21;
071020;21:38:04;2.83;17.68;11.75;4.40;5.93;4.88;2.86;0.00;0.00;0.00;0.03;0.04;0.04;2.88;7.65;0.75;21.42;17.54;10.07;4.51;0.80;0.66;0.18;0.40;13.33;3.96;2.53;8.45;2.54;0.00;0.00;0.50;0.59;0.00;19.79;3.03;8.61;39.87;1.55;5.17;1.88;4.30;0.43;1.26;3.66;2.73;4.12;0.53;
071020;21:38:06;2.83;17.68;11.75;4.40;5.93;4.88;2.86;0.00;0.00;0.00;0.03;0.04;0.04;2.87;7.64;0.75;21.40;17.53;10.05;4.49;0.79;0.65;0.18;0.40;13.53;3.98;2.61;8.53;2.55;0.00;0.00;0.50;0.59;0.00;39.38;48.27;221.43;52.79;7.88;8.76;2.94;6.57;0.24;0.74;1.87;1.68;2.70;0.30;
071020;21:38:09;2.83;17.68;11.75;4.40;5.93;4.88;2.86;0.00;0.00;0.00;0.03;0.04;0.04;2.90;7.66;0.76;21.48;17.57;10.11;4.50;0.79;0.66;0.18;0.40;13.57;3.99;2.63;8.55;2.55;0.00;0.00;0.50;0.59;0.00;22.46;5.04;15.64;41.98;2.09;12.13;3.88;8.54;4.01;10.18;49.05;17.91;21.15;5.10;
071020;21:38:11;2.83;17.68;11.75;4.40;5.93;4.88;2.86;0.00;0.00;0.00;0.03;0.04;0.04;2.90;7.66;0.76;21.50;17.58;10.13;4.50;0.80;0.66;0.18;0.40;13.37;3.96;2.55;8.47;2.54;0.00;0.00;0.50;0.59;0.00;21.84;4.51;13.72;41.51;1.95;13.48;4.24;9.29;17.35;39.99;268.80;61.56;61.89;22.42;
071020;21:38:13;2.83;17.71;11.77;4.41;5.94;4.88;2.86;0.00;0.00;0.00;0.03;0.04;0.04;2.91;7.66;0.76;21.50;17.58;10.13;4.49;0.79;0.65;0.18;0.40;13.86;4.02;2.75;8.66;2.58;0.00;0.00;0.50;0.59;0.00;18.32;2.22;5.97;38.63;1.29;5.95;2.11;4.81;0.90;2.52;8.65;5.09;7.08;1.13;
071020;21:38:16;2.83;17.68;11.75;4.41;5.93;4.88;2.86;0.00;0.00;0.00;0.03;0.04;0.04;2.93;7.68;0.77;21.59;17.62;10.19;4.50;0.79;0.66;0.18;0.40;13.96;4.04;2.79;8.70;2.58;0.00;0.00;0.50;0.59;0.00;18.23;2.18;5.84;38.55;1.27;6.01;2.13;4.85;0.48;1.40;4.17;2.99;4.46;0.60;
071020;21:38:18;2.84;17.79;11.81;4.43;5.96;4.90;2.87;0.00;0.00;0.00;0.03;0.04;0.04;3.05;7.74;0.82;21.95;17.78;10.47;4.53;0.80;0.66;0.18;0.40;14.42;4.09;2.99;8.87;2.62;0.00;0.00;0.50;0.60;0.00;17.06;1.67;4.27;37.53;1.09;5.96;2.12;4.82;0.44;1.30;3.80;2.80;4.21;0.55;
071020;21:38:20;2.83;17.74;11.78;4.42;5.94;4.89;2.86;0.00;0.00;0.00;0.03;0.04;0.04;2.99;7.71;0.79;21.76;17.70;10.33;4.51;0.80;0.66;0.18;0.40;14.40;4.09;2.98;8.87;2.62;0.00;0.00;0.50;0.60;0.00;20.41;3.43;9.96;40.37;1.66;7.25;2.50;5.64;0.55;1.58;4.82;3.33;4.90;0.68;
071020;21:38:23;2.83;17.73;11.77;4.42;5.94;4.89;2.86;0.00;0.00;0.00;0.03;0.04;0.04;3.06;7.75;0.82;21.99;17.79;10.50;4.56;0.80;0.67;0.18;0.40;14.63;4.11;3.08;8.95;2.63;0.00;0.01;0.50;0.60;0.00;18.09;2.11;5.63;38.43;1.25;7.38;2.54;5.72;0.24;0.72;1.83;1.65;2.66;0.29;
071020;21:38:25;2.83;17.72;11.77;4.42;5.94;4.89;2.86;0.00;0.00;0.00;0.03;0.04;0.04;3.08;7.75;0.83;22.03;17.81;10.53;4.56;0.80;0.67;0.18;0.40;14.56;4.11;3.05;8.93;2.63;0.00;0.00;0.50;0.60;0.00;28.34;12.85;46.89;46.16;3.62;9.37;3.11;6.93;0.42;1.23;3.53;2.66;4.02;0.52;
071020;21:38:27;2.82;17.65;11.73;4.40;5.92;4.87;2.85;0.00;0.00;0.00;0.03;0.04;0.04;2.86;7.63;0.74;21.35;17.51;10.01;4.42;0.79;0.64;0.18;0.39;13.45;3.97;2.58;8.50;2.55;0.00;0.00;0.50;0.59;0.00;32.68;22.78;91.76;48.92;5.06;8.60;2.89;6.47;0.39;1.14;3.23;2.49;3.80;0.48;
071020;21:38:30;2.82;17.63;11.72;4.39;5.91;4.87;2.85;0.00;0.00;0.00;0.03;0.04;0.04;2.76;7.58;0.70;21.04;17.37;9.79;4.40;0.79;0.63;0.18;0.39;13.35;3.96;2.54;8.46;2.54;0.00;0.00;0.49;0.59;0.00;28.61;13.35;49.02;46.34;3.70;9.39;3.12;6.95;0.24;0.74;1.89;1.69;2.71;0.30;
071020;21:38:32;2.81;17.55;11.68;4.38;5.89;4.85;2.84;0.00;0.00;0.00;0.03;0.04;0.04;2.74;7.57;0.70;20.98;17.35;9.74;4.36;0.78;0.62;0.18;0.39;13.43;3.97;2.57;8.49;2.54;0.00;0.00;0.49;0.59;0.00;35.19;30.68;130.14;50.42;6.03;5.99;2.13;4.84;0.63;1.81;5.71;3.76;5.44;0.79;
071020;21:38:34;2.81;17.54;11.67;4.37;5.88;4.85;2.84;0.00;0.00;0.00;0.03;0.04;0.04;2.74;7.57;0.70;20.97;17.34;9.73;4.35;0.78;0.62;0.18;0.39;13.03;3.92;2.41;8.34;2.51;0.00;0.00;0.49;0.59;0.00;34.80;29.34;123.50;50.19;5.88;9.08;3.03;6.76;0.28;0.86;2.26;1.92;3.03;0.35;
071020;21:38:37;2.81;17.53;11.67;4.37;5.88;4.85;2.84;0.00;0.00;0.00;0.03;0.04;0.04;2.74;7.57;0.70;20.97;17.34;9.73;4.36;0.78;0.63;0.18;0.39;13.16;3.94;2.46;8.39;2.52;0.00;0.00;0.49;0.59;0.00;39.18;47.26;216.02;52.67;7.78;7.93;2.70;6.06;2.56;6.68;29.04;12.25;15.20;3.24;
071020;21:38:39;2.81;17.53;11.67;4.37;5.88;4.85;2.84;0.00;0.00;0.00;0.03;0.04;0.04;2.74;7.57;0.70;20.97;17.34;9.73;4.34;0.78;0.62;0.18;0.39;13.29;3.95;2.52;8.44;2.53;0.00;0.00;0.49;0.59;0.00;16.69;1.53;3.85;37.19;1.03;6.26;2.21;5.01;0.62;1.78;5.59;3.71;5.37;0.77;
071020;21:38:41;2.80;17.49;11.65;4.36;5.87;4.84;2.84;0.00;0.00;0.00;0.03;0.04;0.04;2.74;7.57;0.70;20.97;17.34;9.73;4.33;0.78;0.62;0.18;0.39;13.21;3.94;2.48;8.41;2.53;0.00;0.00;0.49;0.59;0.00;22.07;4.70;14.40;41.68;2.00;5.39;1.95;4.44;0.17;0.52;1.20;1.22;2.04;0.20;
071020;21:38:43;2.81;17.52;11.67;4.37;5.88;4.85;2.84;0.00;0.00;0.00;0.03;0.04;0.04;2.74;7.57;0.70;20.97;17.34;9.73;4.33;0.78;0.62;0.18;0.39;13.09;3.93;2.44;8.36;2.52;0.00;0.00;0.49;0.59;0.00;21.33;4.10;12.27;41.11;1.85;6.56;2.30;5.21;0.34;1.02;2.80;2.25;3.48;0.42;
071020;21:38:46;2.81;17.53;11.67;4.37;5.88;4.85;2.84;0.00;0.00;0.00;0.03;0.04;0.04;2.74;7.57;0.70;20.97;17.34;9.73;4.35;0.78;0.62;0.18;0.39;13.17;3.94;2.47;8.39;2.52;0.00;0.00;0.49;0.59;0.00;21.21;4.01;11.95;41.01;1.82;6.01;2.13;4.85;0.40;1.17;3.34;2.55;3.88;0.49;
071020;21:38:48;2.81;17.53;11.67;4.37;5.88;4.85;2.84;0.00;0.00;0.00;0.03;0.04;0.04;2.74;7.57;0.70;20.97;17.34;9.73;4.35;0.78;0.62;0.18;0.39;13.29;3.95;2.52;8.44;2.53;0.00;0.00;0.49;0.59;0.00;17.41;1.81;4.70;37.84;1.14;5.76;2.06;4.69;0.36;1.06;2.95;2.33;3.59;0.44;
071020;21:38:50;2.80;17.46;11.63;4.36;5.86;4.83;2.83;0.00;0.00;0.00;0.03;0.04;0.04;2.74;7.57;0.70;20.97;17.34;9.73;4.34;0.78;0.62;0.18;0.39;13.42;3.97;2.57;8.49;2.54;0.00;0.00;0.49;0.59;0.00;18.65;2.39;6.51;38.92;1.34;7.21;2.49;5.62;0.14;0.43;0.97;1.04;1.78;0.17;
071020;21:38:53;2.82;17.63;11.72;4.39;5.91;4.87;2.85;0.00;0.00;0.00;0.03;0.04;0.04;2.74;7.57;0.70;20.97;17.34;9.73;4.46;0.79;0.65;0.18;0.39;13.45;3.97;2.58;8.50;2.55;0.00;0.00;0.50;0.59;0.00;22.97;5.51;17.38;42.36;2.20;7.45;2.56;5.76;0.36;1.06;2.94;2.32;3.58;0.44;
071020;21:38:55;2.87;18.05;11.94;4.49;6.04;4.95;2.90;0.00;0.00;0.00;0.03;0.04;0.04;2.82;7.61;0.73;21.22;17.45;9.92;4.83;0.83;0.73;0.19;0.41;13.88;4.03;2.76;8.67;2.58;0.00;0.00;0.50;0.59;0.00;15.73;1.20;2.91;36.31;0.90;5.85;2.08;4.74;0.49;1.43;4.27;3.05;4.53;0.61;
071020;21:38:57;2.90;18.34;12.09;4.55;6.12;5.01;2.93;0.00;0.00;0.00;0.04;0.04;0.04;2.89;7.65;0.75;21.44;17.55;10.09;5.33;0.87;0.85;0.21;0.43;14.29;4.07;2.93;8.83;2.61;0.00;0.00;0.50;0.59;0.00;18.10;2.12;5.65;38.45;1.25;5.60;2.01;4.58;0.24;0.74;1.90;1.69;2.72;0.30;
071020;21:39:00;2.94;18.64;12.25;4.62;6.21;5.07;2.97;0.00;0.00;0.00;0.04;0.04;0.04;2.96;7.69;0.78;21.66;17.65;10.25;5.77;0.91;0.97;0.23;0.45;14.38;4.08;2.97;8.86;2.61;0.00;0.00;0.50;0.59;0.00;20.00;3.16;9.06;40.04;1.59;6.27;2.21;5.02;0.13;0.42;0.93;1.01;1.73;0.16;
071020;21:39:02;2.96;18.87;12.36;4.67;6.28;5.11;3.00;0.00;0.00;0.00;0.04;0.04;0.04;3.06;7.74;0.82;21.97;17.79;10.48;6.16;0.95;1.07;0.24;0.47;14.85;4.14;3.18;9.03;2.65;0.00;0.00;0.50;0.59;0.00;24.02;6.60;21.47;43.15;2.44;6.90;2.40;5.42;0.40;1.19;3.39;2.58;3.92;0.50;
071020;21:39:04;2.99;19.12;12.49;4.73;6.35;5.16;3.02;0.00;0.00;0.00;0.04;0.04;0.04;3.19;7.81;0.87;22.38;17.97;10.80;6.61;0.98;1.19;0.26;0.49;15.41;4.20;3.44;9.24;2.69;0.00;0.00;0.50;0.59;0.00;22.47;5.05;15.66;41.99;2.09;6.49;2.28;5.16;0.42;1.24;3.59;2.69;4.06;0.53;
071020;21:39:07;3.02;19.38;12.63;4.79;6.43;5.21;3.06;0.00;0.00;0.00;0.04;0.04;0.04;3.28;7.86;0.91;22.65;18.08;11.01;7.04;1.02;1.32;0.27;0.50;15.89;4.26;3.67;9.42;2.72;0.00;0.00;0.50;0.59;0.00;21.98;4.62;14.13;41.61;1.98;5.67;2.03;4.63;0.51;1.48;4.46;3.15;4.66;0.63;
071020;21:39:09;3.03;19.52;12.70;4.82;6.47;5.23;3.07;0.00;0.00;0.00;0.04;0.04;0.05;3.37;7.90;0.94;22.88;18.19;11.19;7.38;1.05;1.41;0.28;0.52;16.23;4.30;3.84;9.55;2.74;0.00;0.00;0.50;0.60;0.00;16.66;1.52;3.82;37.17;1.03;7.00;2.43;5.48;1.47;3.99;15.28;7.68;10.13;1.85;
071020;21:39:11;3.06;19.72;12.80;4.86;6.53;5.27;3.09;0.00;0.00;0.00;0.04;0.04;0.05;3.45;7.94;0.98;23.11;18.29;11.38;7.68;1.07;1.50;0.29;0.53;16.67;4.34;4.06;9.71;2.77;0.00;0.01;0.50;0.60;0.00;20.09;3.22;9.24;40.11;1.60;7.01;2.43;5.49;0.52;1.51;4.58;3.21;4.74;0.65;
071020;21:39:14;3.06;19.72;12.80;4.86;6.53;5.27;3.09;0.00;0.00;0.00;0.04;0.04;0.05;3.53;7.98;1.01;23.34;18.39;11.56;7.90;1.09;1.57;0.30;0.54;16.90;4.37;4.18;9.79;2.78;0.00;0.01;0.50;0.60;0.00;23.29;5.84;18.58;42.61;2.27;6.23;2.20;4.99;0.41;1.21;3.46;2.62;3.97;0.51;
071020;21:39:16;3.06;19.76;12.82;4.87;6.54;5.28;3.10;0.00;0.00;0.00;0.04;0.05;0.05;3.54;7.99;1.02;23.39;18.41;11.60;8.12;1.10;1.64;0.31;0.55;16.81;4.36;4.14;9.75;2.78;0.00;0.01;0.50;0.60;0.00;18.71;2.42;6.61;38.97;1.35;7.17;2.48;5.59;0.38;1.12;3.15;2.44;3.74;0.47;
071020;21:39:18;3.08;19.94;12.92;4.91;6.60;5.32;3.12;0.00;0.00;0.00;0.05;0.05;0.05;3.72;8.07;1.10;23.87;18.61;11.98;8.39;1.12;1.73;0.32;0.55;17.44;4.43;4.47;9.98;2.82;0.00;0.01;0.50;0.60;0.00;25.74;8.72;29.75;44.38;2.88;4.25;1.59;3.67;0.25;0.77;1.97;1.74;2.79;0.31;
071020;21:39:21;3.07;19.85;12.87;4.89;6.57;5.30;3.11;0.00;0.00;0.00;0.04;0.05;0.05;3.52;7.97;1.01;23.31;18.37;11.53;8.34;1.12;1.71;0.32;0.55;15.91;4.26;3.68;9.43;2.72;0.00;0.00;0.50;0.59;0.00;23.94;6.52;21.16;43.09;2.43;7.07;2.45;5.53;0.13;0.41;0.91;0.99;1.71;0.16;
071020;21:39:23;3.07;19.83;12.86;4.89;6.56;5.29;3.11;0.00;0.00;0.00;0.04;0.05;0.05;3.32;7.88;0.92;22.74;18.13;11.08;8.46;1.13;1.75;0.32;0.56;15.27;4.19;3.37;9.19;2.68;0.00;0.00;0.50;0.59;0.00;17.83;1.99;5.26;38.21;1.21;5.71;2.04;4.65;0.14;0.44;0.98;1.04;1.79;0.17;
071020;21:39:25;3.08;19.91;12.90;4.90;6.59;5.31;3.12;0.00;0.00;0.00;0.04;0.04;0.05;3.34;7.89;0.93;22.81;18.16;11.14;8.62;1.14;1.80;0.33;0.56;14.80;4.13;3.16;9.02;2.64;0.00;0.00;0.50;0.59;0.00;19.11;2.63;7.30;39.31;1.42;7.00;2.43;5.48;0.43;1.25;3.61;2.70;4.08;0.53;
071020;21:39:27;3.08;19.98;12.93;4.92;6.61;5.32;3.12;0.00;0.00;0.00;0.05;0.05;0.05;3.38;7.91;0.95;22.91;18.20;11.22;8.75;1.15;1.84;0.33;0.57;14.71;4.12;3.12;8.98;2.64;0.00;0.00;0.50;0.59;0.00;16.44;1.44;3.58;36.96;1.00;6.56;2.30;5.20;0.82;2.31;7.74;4.69;6.60;1.03;
071020;21:39:30;3.10;20.12;13.00;4.95;6.65;5.35;3.14;0.00;0.00;0.00;0.05;0.05;0.05;3.45;7.94;0.98;23.12;18.29;11.38;8.94;1.16;1.90;0.34;0.57;14.69;4.12;3.11;8.97;2.64;0.00;0.00;0.50;0.59;0.00;21.36;4.12;12.33;41.13;1.85;7.17;2.48;5.59;0.50;1.45;4.33;3.08;4.57;0.62;
071020;21:39:32;3.11;20.19;13.04;4.97;6.67;5.36;3.15;0.00;0.00;0.00;0.05;0.05;0.05;3.50;7.96;1.00;23.25;18.35;11.49;9.09;1.18;1.95;0.34;0.58;14.91;4.15;3.21;9.06;2.65;0.00;0.00;0.50;0.59;0.00;15.65;1.18;2.84;36.23;0.89;7.55;2.59;5.83;0.42;1.23;3.55;2.67;4.04;0.52;
071020;21:39:34;3.12;20.25;13.07;4.98;6.69;5.37;3.15;0.00;0.00;0.00;0.05;0.05;0.05;3.54;7.98;1.02;23.37;18.40;11.58;9.20;1.18;1.99;0.35;0.58;14.61;4.11;3.08;8.95;2.63;0.00;0.00;0.50;0.59;0.00;19.12;2.64;7.32;39.31;1.43;6.99;2.43;5.47;0.61;1.75;5.49;3.66;5.31;0.76;
071020;21:39:37;3.13;20.35;13.12;5.00;6.72;5.39;3.17;0.00;0.00;0.00;0.05;0.05;0.05;3.61;8.02;1.05;23.58;18.49;11.75;9.22;1.19;2.00;0.35;0.58;15.01;4.16;3.25;9.10;2.66;0.00;0.00;0.50;0.59;0.00;26.61;9.97;34.81;44.99;3.11;8.24;2.79;6.25;1.03;2.85;10.05;5.67;7.78;1.29;
071020;21:39:39;3.12;20.29;13.09;4.99;6.70;5.38;3.16;0.00;0.00;0.00;0.05;0.05;0.05;3.66;8.04;1.07;23.72;18.55;11.86;9.31;1.19;2.03;0.35;0.59;15.21;4.18;3.35;9.17;2.67;0.00;0.00;0.50;0.59;0.00;43.17;69.82;341.43;54.80;9.79;8.52;2.87;6.42;0.91;2.53;8.69;5.10;7.10;1.13;
071020;21:39:41;3.13;20.36;13.13;5.00;6.72;5.39;3.17;0.00;0.00;0.00;0.05;0.05;0.05;3.71;8.06;1.09;23.84;18.60;11.96;9.44;1.20;2.07;0.35;0.59;15.25;4.19;3.36;9.18;2.67;0.00;0.00;0.50;0.59;0.00;31.22;18.96;74.01;48.02;4.55;6.55;2.30;5.20;2.36;6.20;26.48;11.46;14.34;2.99;
071020;21:39:44;3.14;20.51;13.20;5.04;6.76;5.42;3.18;0.00;0.00;0.00;0.05;0.05;0.05;3.79;8.10;1.13;24.06;18.69;12.13;9.61;1.21;2.13;0.36;0.60;15.14;4.17;3.31;9.14;2.67;0.00;0.00;0.50;0.59;0.00;48.45;111.05;588.47;57.44;12.86;6.64;2.32;5.26;0.63;1.81;5.74;3.78;5.46;0.79;
071020;21:39:46;3.15;20.54;13.22;5.04;6.77;5.43;3.19;0.00;0.00;0.00;0.05;0.05;0.05;3.88;8.14;1.16;24.29;18.79;12.32;9.67;1.22;2.15;0.36;0.60;15.35;4.20;3.41;9.22;2.68;0.00;0.00;0.50;0.59;0.00;30.05;16.26;61.78;47.27;4.15;5.81;2.07;4.72;1.60;4.30;16.77;8.23;10.75;2.01;
071020;21:39:48;3.15;20.55;13.22;5.04;6.77;5.43;3.19;0.00;0.00;0.00;0.05;0.05;0.05;3.89;8.15;1.17;24.34;18.81;12.36;9.83;1.23;2.21;0.37;0.60;15.63;4.23;3.55;9.33;2.70;0.00;0.00;0.50;0.59;0.00;26.03;9.12;31.35;44.58;2.96;6.34;2.23;5.06;0.60;1.72;5.36;3.59;5.23;0.74;
071020;21:39:51;3.15;20.55;13.22;5.04;6.78;5.43;3.19;0.00;0.00;0.00;0.05;0.05;0.05;4.05;8.21;1.24;24.74;18.98;12.69;9.99;1.24;2.26;0.37;0.61;15.81;4.25;3.63;9.39;2.71;0.00;0.00;0.50;0.59;0.00;25.99;9.06;31.14;44.55;2.95;7.51;2.58;5.80;0.42;1.24;3.57;2.68;4.05;0.52;
071020;21:39:53;3.17;20.73;13.31;5.09;6.83;5.46;3.21;0.00;0.00;0.00;0.05;0.05;0.05;4.19;8.28;1.31;25.12;19.14;13.00;10.20;1.25;2.34;0.38;0.62;16.21;4.29;3.83;9.54;2.74;0.00;0.00;0.50;0.60;0.00;16.47;1.45;3.61;36.99;1.00;6.82;2.38;5.37;0.43;1.25;3.62;2.70;4.08;0.53;
071020;21:39:55;3.18;20.82;13.36;5.10;6.85;5.48;3.22;0.00;0.00;0.00;0.05;0.05;0.06;4.34;8.34;1.38;25.49;19.29;13.31;10.24;1.26;2.35;0.38;0.62;16.30;4.30;3.87;9.57;2.75;0.00;0.01;0.50;0.60;0.00;19.96;3.14;8.96;40.01;1.58;6.35;2.24;5.07;0.11;0.36;0.77;0.88;1.54;0.14;
071020;21:39:58;3.18;20.88;13.39;5.12;6.87;5.49;3.23;0.00;0.00;0.00;0.05;0.05;0.06;4.33;8.33;1.37;25.47;19.28;13.29;10.41;1.27;2.41;0.39;0.62;16.31;4.30;3.88;9.57;2.75;0.00;0.01;0.50;0.60;0.00;18.89;2.51;6.91;39.12;1.38;7.29;2.51;5.66;0.30;0.91;2.45;2.03;3.19;0.38;
071020;21:40:00;3.19;20.94;13.42;5.13;6.89;5.50;3.23;0.00;0.00;0.00;0.05;0.05;0.06;4.58;8.43;1.49;26.08;19.53;13.80;10.60;1.28;2.48;0.39;0.63;16.82;4.36;4.14;9.76;2.78;0.00;0.01;0.50;0.60;0.00;22.43;5.01;15.53;41.95;2.08;6.46;2.27;5.14;0.17;0.53;1.26;1.25;2.09;0.21;
071020;21:40:02;3.21;21.09;13.49;5.16;6.93;5.53;3.25;0.00;0.00;0.00;0.05;0.05;0.06;4.63;8.45;1.52;26.20;19.58;13.91;10.80;1.29;2.55;0.40;0.64;17.18;4.40;4.33;9.89;2.80;0.00;0.01;0.50;0.60;0.00;19.27;2.72;7.60;39.44;1.45;5.99;2.13;4.83;0.24;0.72;1.82;1.64;2.65;0.29;
071020;21:40:04;3.24;21.36;13.63;5.22;7.01;5.58;3.28;0.00;0.00;0.00;0.06;0.05;0.06;5.09;8.62;1.75;27.28;20.02;14.84;11.13;1.32;2.68;0.41;0.65;18.33;4.52;4.96;10.29;2.88;0.00;0.01;0.51;0.60;0.00;21.69;4.38;13.27;41.39;1.92;6.78;2.36;5.34;0.09;0.29;0.59;0.73;1.30;0.11;
071020;21:40:07;3.22;21.17;13.54;5.18;6.96;5.55;3.26;0.00;0.00;0.00;0.06;0.05;0.06;4.96;8.57;1.68;26.96;19.89;14.57;11.10;1.31;2.67;0.41;0.65;18.02;4.49;4.79;10.18;2.86;0.00;0.01;0.50;0.60;0.00;24.20;6.81;22.25;43.28;2.49;5.96;2.12;4.81;0.27;0.83;2.17;1.87;2.96;0.34;
071020;21:40:09;3.23;21.33;13.61;5.22;7.00;5.58;3.28;0.00;0.00;0.00;0.06;0.05;0.06;5.12;8.63;1.76;27.33;20.04;14.88;11.36;1.33;2.76;0.42;0.65;18.78;4.56;5.23;10.45;2.90;0.00;0.01;0.51;0.60;0.00;16.46;1.44;3.61;36.99;1.00;6.94;2.41;5.45;0.38;1.13;3.19;2.47;3.77;0.47;
071020;21:40:11;3.26;21.55;13.72;5.27;7.07;5.62;3.30;0.00;0.00;0.00;0.06;0.06;0.06;5.65;8.81;2.04;28.50;20.51;15.92;11.66;1.35;2.88;0.43;0.66;20.11;4.69;6.04;10.89;2.98;0.00;0.01;0.51;0.61;0.00;20.63;3.58;10.46;40.55;1.70;6.27;2.21;5.02;0.32;0.95;2.57;2.11;3.29;0.39;
071020;21:40:14;3.29;21.83;13.87;5.33;7.15;5.67;3.33;0.00;0.00;0.00;0.06;0.06;0.07;6.32;9.03;2.41;29.90;21.05;17.19;12.11;1.38;3.05;0.44;0.68;22.60;4.93;7.73;11.71;3.12;0.00;0.01;0.51;0.61;0.00;21.84;4.50;13.71;41.50;1.95;7.17;2.48;5.59;0.36;1.08;3.01;2.37;3.64;0.45;
071020;21:40:16;3.30;21.94;13.92;5.35;7.18;5.69;3.34;0.00;0.00;0.00;0.07;0.06;0.07;6.71;9.14;2.63;30.66;21.34;17.90;12.31;1.39;3.13;0.45;0.68;23.48;5.01;8.38;11.99;3.17;0.00;0.01;0.52;0.61;0.00;13.58;0.67;1.46;34.20;0.63;6.64;2.32;5.25;0.43;1.27;3.70;2.75;4.14;0.54;
071020;21:40:18;3.31;22.01;13.96;5.37;7.20;5.70;3.35;0.00;0.00;0.00;0.07;0.06;0.07;6.85;9.18;2.72;30.94;21.44;18.16;12.46;1.40;3.19;0.45;0.69;23.49;5.01;8.39;11.99;3.17;0.00;0.01;0.52;0.61;0.00;16.78;1.56;3.95;37.27;1.05;7.16;2.48;5.58;0.34;1.03;2.83;2.26;3.49;0.43;
071020;21:40:21;3.32;22.17;14.04;5.40;7.25;5.73;3.37;0.00;0.00;0.00;0.07;0.06;0.07;7.34;9.31;3.01;31.85;21.79;19.03;12.75;1.42;3.31;0.46;0.70;25.44;5.17;9.93;12.60;3.27;0.00;0.01;0.52;0.62;0.00;25.24;8.06;27.14;44.03;2.75;4.90;1.79;4.12;0.28;0.84;2.19;1.88;2.97;0.34;
071020;21:40:23;3.31;22.06;13.98;5.38;7.22;5.71;3.36;0.00;0.00;0.00;0.07;0.06;0.07;7.24;9.29;2.95;31.67;21.72;18.85;12.81;1.42;3.33;0.47;0.70;25.11;5.15;9.66;12.50;3.25;0.00;0.01;0.52;0.62;0.00;25.94;9.00;30.86;44.52;2.93;6.05;2.15;4.88;0.20;0.61;1.49;1.42;2.33;0.24;
071020;21:40:25;3.32;22.08;13.99;5.38;7.22;5.72;3.36;0.00;0.00;0.00;0.07;0.06;0.07;7.22;9.28;2.93;31.63;21.70;18.82;12.86;1.43;3.35;0.47;0.70;24.51;5.09;9.18;12.31;3.22;0.00;0.01;0.52;0.62;0.00;21.57;4.29;12.93;41.30;1.90;6.46;2.27;5.14;0.37;1.10;3.09;2.41;3.70;0.46;
071020;21:40:28;3.29;21.89;13.90;5.34;7.17;5.68;3.34;0.00;0.00;0.00;0.07;0.06;0.07;6.76;9.15;2.66;30.76;21.38;18.00;12.65;1.41;3.26;0.46;0.69;22.83;4.95;7.90;11.78;3.13;0.00;0.01;0.52;0.61;0.00;15.37;1.10;2.61;35.97;0.85;6.31;2.22;5.04;0.52;1.51;4.57;3.20;4.73;0.65;
071020;21:40:30;3.25;21.52;13.71;5.26;7.06;5.61;3.30;0.00;0.00;0.00;0.06;0.06;0.06;5.54;8.78;1.98;28.28;20.42;15.72;12.05;1.38;3.03;0.44;0.68;18.39;4.52;5.00;10.31;2.88;0.00;0.01;0.51;0.60;0.00;25.53;8.44;28.62;44.23;2.82;5.82;2.08;4.72;0.21;0.65;1.61;1.50;2.45;0.26;
071020;21:40:32;3.25;21.44;13.67;5.24;7.04;5.60;3.29;0.00;0.00;0.00;0.06;0.06;0.06;5.28;8.69;1.84;27.70;20.19;15.21;12.04;1.38;3.03;0.44;0.67;17.23;4.40;4.36;9.90;2.81;0.00;0.01;0.50;0.60;0.00;24.10;6.69;21.82;43.21;2.46;5.97;2.12;4.82;0.14;0.44;0.98;1.05;1.79;0.17;
071020;21:40:35;3.25;21.47;13.69;5.25;7.05;5.60;3.29;0.00;0.00;0.00;0.06;0.06;0.06;5.23;8.67;1.82;27.59;20.14;15.11;12.11;1.38;3.05;0.44;0.68;17.01;4.38;4.24;9.82;2.79;0.00;0.01;0.50;0.60;0.00;21.27;4.05;12.11;41.06;1.83;5.82;2.07;4.72;0.27;0.82;2.13;1.84;2.93;0.33;
071020;21:40:37;3.24;21.43;13.67;5.24;7.03;5.60;3.29;0.00;0.00;0.00;0.06;0.06;0.06;5.22;8.67;1.81;27.56;20.13;15.09;12.13;1.38;3.06;0.44;0.68;16.96;4.37;4.21;9.81;2.79;0.00;0.01;0.50;0.60;0.00;21.40;4.15;12.45;41.16;1.86;9.54;3.16;7.03;0.81;2.29;7.65;4.65;6.55;1.01;
071020;21:40:39;3.26;21.62;13.76;5.28;7.09;5.63;3.31;0.00;0.00;0.00;0.06;0.06;0.06;5.27;8.68;1.84;27.67;20.17;15.18;12.24;1.39;3.10;0.45;0.68;16.70;4.35;4.08;9.71;2.77;0.00;0.01;0.50;0.60;0.00;23.66;6.21;19.98;42.88;2.36;5.65;2.02;4.61;0.21;0.65;1.61;1.50;2.45;0.26;
071020;21:40:41;3.26;21.61;13.75;5.28;7.08;5.63;3.31;0.00;0.00;0.00;0.06;0.05;0.06;5.28;8.69;1.84;27.69;20.18;15.20;12.34;1.39;3.14;0.45;0.68;16.39;4.31;3.92;9.60;2.75;0.00;0.01;0.50;0.60;0.00;21.86;4.52;13.76;41.52;1.96;7.06;2.45;5.52;0.21;0.63;1.55;1.46;2.39;0.25;
071020;21:40:44;3.27;21.65;13.78;5.29;7.10;5.64;3.31;0.00;0.00;0.00;0.06;0.05;0.06;5.33;8.70;1.87;27.80;20.23;15.30;12.50;1.40;3.21;0.46;0.69;16.46;4.32;3.95;9.63;2.76;0.00;0.01;0.50;0.60;0.00;16.26;1.38;3.41;36.80;0.97;7.30;2.52;5.67;0.23;0.70;1.76;1.60;2.60;0.28;
071020;21:40:46;3.26;21.56;13.73;5.27;7.07;5.62;3.30;0.00;0.00;0.00;0.06;0.06;0.06;5.44;8.74;1.93;28.04;20.32;15.51;12.57;1.41;3.24;0.46;0.69;16.47;4.32;3.96;9.63;2.76;0.00;0.01;0.50;0.60;0.00;35.35;31.24;132.93;50.51;6.10;10.35;3.39;7.51;1.40;3.81;14.45;7.38;9.79;1.76;
071020;21:40:48;3.27;21.69;13.80;5.30;7.11;5.64;3.32;0.00;0.00;0.00;0.06;0.06;0.06;5.51;8.77;1.96;28.20;20.39;15.66;12.63;1.41;3.26;0.46;0.69;16.47;4.32;3.96;9.63;2.76;0.00;0.01;0.50;0.60;0.00;26.49;9.79;34.06;44.90;3.08;10.16;3.34;7.40;2.64;6.89;30.16;12.59;15.57;3.34;
071020;21:40:51;3.28;21.72;13.81;5.30;7.12;5.65;3.32;0.00;0.00;0.00;0.06;0.06;0.06;5.53;8.77;1.97;28.24;20.40;15.69;12.75;1.42;3.31;0.46;0.70;16.60;4.34;4.03;9.68;2.77;0.00;0.01;0.50;0.60;0.00;70.51;502.36;3456.92;66.94;31.24;10.77;3.51;7.76;0.20;0.62;1.53;1.44;2.37;0.25;
071020;21:40:53;3.28;21.72;13.81;5.30;7.12;5.65;3.32;0.00;0.00;0.00;0.06;0.06;0.06;5.53;8.77;1.97;28.24;20.40;15.69;12.81;1.42;3.33;0.47;0.70;16.50;4.32;3.97;9.64;2.76;0.00;0.01;0.50;0.60;0.00;33.52;25.24;103.50;49.43;5.38;7.44;2.56;5.76;0.28;0.85;2.22;1.90;3.00;0.35;
071020;21:40:55;3.28;21.77;13.84;5.31;7.13;5.66;3.33;0.00;0.00;0.00;0.06;0.06;0.06;5.69;8.83;2.06;28.58;20.54;15.99;12.75;1.42;3.31;0.46;0.70;16.48;4.32;3.96;9.63;2.76;0.00;0.01;0.50;0.60;0.00;55.59;193.01;1125.53;60.75;17.80;6.17;2.18;4.95;0.37;1.08;3.02;2.37;3.64;0.45;
071020;21:40:58;3.27;21.69;13.79;5.30;7.11;5.64;3.32;0.00;0.00;0.00;0.06;0.05;0.06;5.66;8.82;2.05;28.53;20.52;15.95;12.59;1.41;3.24;0.46;0.69;15.98;4.27;3.71;9.45;2.72;0.00;0.01;0.50;0.60;0.00;50.40;130.11;708.69;58.37;14.11;10.79;3.51;7.77;0.15;0.46;1.05;1.10;1.87;0.18;
071020;21:41:00;3.26;21.62;13.76;5.28;7.09;5.63;3.31;0.00;0.00;0.00;0.06;0.05;0.06;5.66;8.82;2.04;28.53;20.51;15.94;12.33;1.39;3.14;0.45;0.68;16.25;4.30;3.85;9.55;2.74;0.00;0.01;0.50;0.60;0.00;14.51;0.87;1.99;35.13;0.74;5.30;1.92;4.38;0.23;0.71;1.78;1.61;2.61;0.28;
071020;21:41:02;3.25;21.51;13.71;5.26;7.06;5.61;3.30;0.00;0.00;0.00;0.06;0.05;0.06;5.66;8.82;2.04;28.52;20.51;15.94;11.99;1.37;3.01;0.44;0.67;16.18;4.29;3.81;9.53;2.74;0.00;0.01;0.50;0.60;0.00;21.39;4.14;12.43;41.16;1.86;8.60;2.90;6.47;1.21;3.31;12.15;6.51;8.77;1.52;
071020;21:41:05;3.24;21.39;13.65;5.23;7.02;5.59;3.28;0.00;0.00;0.00;0.06;0.05;0.06;5.66;8.82;2.04;28.52;20.51;15.94;11.75;1.36;2.91;0.43;0.67;16.17;4.29;3.81;9.52;2.74;0.00;0.01;0.50;0.60;0.00;23.31;5.85;18.64;42.62;2.28;7.26;2.51;5.64;0.36;1.07;2.96;2.34;3.60;0.44;
071020;21:41:07;3.22;21.23;13.56;5.19;6.97;5.56;3.26;0.00;0.00;0.00;0.05;0.05;0.06;5.77;8.85;2.10;28.75;20.60;16.15;11.49;1.34;2.81;0.42;0.66;16.16;4.29;3.81;9.52;2.74;0.00;0.01;0.50;0.60;0.00;17.98;2.06;5.47;38.34;1.23;5.17;1.88;4.29;0.31;0.94;2.53;2.08;3.26;0.39;
071020;21:41:09;3.22;21.24;13.57;5.20;6.98;5.56;3.27;0.00;0.00;0.00;0.05;0.05;0.06;5.84;8.88;2.14;28.91;20.66;16.29;11.20;1.32;2.70;0.41;0.65;16.16;4.29;3.81;9.52;2.74;0.00;0.01;0.51;0.60;0.00;14.89;0.96;2.25;35.50;0.79;7.72;2.64;5.93;0.11;0.36;0.77;0.88;1.53;0.14;
071020;21:41:12;3.21;21.15;13.53;5.18;6.95;5.54;3.26;0.00;0.00;0.00;0.05;0.05;0.06;5.80;8.86;2.12;28.83;20.63;16.21;10.98;1.31;2.62;0.41;0.64;16.04;4.27;3.74;9.48;2.73;0.00;0.01;0.51;0.60;0.00;17.68;1.93;5.06;38.08;1.18;6.43;2.26;5.12;0.23;0.70;1.75;1.59;2.58;0.28;
071020;21:41:14;3.21;21.13;13.52;5.17;6.95;5.54;3.25;0.00;0.00;0.00;0.05;0.05;0.06;5.85;8.88;2.15;28.92;20.67;16.30;10.78;1.29;2.55;0.40;0.64;16.26;4.30;3.85;9.56;2.74;0.00;0.01;0.51;0.60;0.00;21.38;4.13;12.39;41.14;1.86;7.71;2.64;5.93;0.45;1.32;3.86;2.83;4.25;0.56;
071020;21:41:16;3.21;21.13;13.51;5.17;6.94;5.54;3.25;0.00;0.00;0.00;0.05;0.05;0.05;5.86;8.88;2.15;28.94;20.68;16.32;10.61;1.28;2.48;0.39;0.63;16.18;4.29;3.82;9.53;2.74;0.00;0.01;0.51;0.60;0.00;15.18;1.04;2.46;35.78;0.83;6.74;2.35;5.32;0.42;1.23;3.55;2.67;4.04;0.52;
071020;21:41:19;3.21;21.08;13.49;5.16;6.93;5.53;3.25;0.00;0.00;0.00;0.05;0.05;0.05;5.86;8.88;2.15;28.95;20.68;16.32;10.48;1.27;2.44;0.39;0.63;16.29;4.30;3.87;9.57;2.74;0.00;0.01;0.51;0.60;0.00;18.82;2.47;6.79;39.06;1.37;6.07;2.15;4.89;0.18;0.56;1.33;1.31;2.18;0.22;
071020;21:41:21;3.21;21.12;13.51;5.17;6.94;5.54;3.25;0.00;0.00;0.00;0.05;0.05;0.05;5.97;8.92;2.21;29.18;20.77;16.53;10.36;1.26;2.39;0.38;0.62;16.56;4.33;4.01;9.67;2.76;0.00;0.01;0.51;0.60;0.00;20.46;3.47;10.08;40.42;1.67;7.07;2.45;5.53;0.44;1.30;3.79;2.79;4.20;0.55;
071020;21:41:23;3.21;21.13;13.51;5.17;6.94;5.54;3.25;0.00;0.00;0.00;0.05;0.05;0.05;6.16;8.98;2.32;29.57;20.92;16.89;10.27;1.26;2.36;0.38;0.62;16.74;4.35;4.10;9.73;2.77;0.00;0.01;0.51;0.61;0.00;21.69;4.38;13.26;41.38;1.92;7.05;2.45;5.52;0.30;0.90;2.40;2.01;3.15;0.37;
071020;21:41:25;3.21;21.13;13.51;5.17;6.94;5.54;3.25;0.00;0.00;0.00;0.05;0.05;0.05;6.37;9.04;2.44;30.00;21.09;17.29;10.16;1.25;2.32;0.38;0.62;17.30;4.41;4.39;9.93;2.81;0.00;0.01;0.51;0.61;0.00;18.84;2.49;6.83;39.08;1.38;5.89;2.10;4.77;0.19;0.58;1.39;1.35;2.23;0.23;
071020;21:41:28;3.21;21.13;13.51;5.17;6.94;5.54;3.25;0.00;0.00;0.00;0.05;0.05;0.06;6.66;9.12;2.60;30.56;21.30;17.81;10.14;1.25;2.32;0.38;0.61;18.35;4.52;4.98;10.30;2.88;0.00;0.01;0.51;0.61;0.00;24.89;7.62;25.41;43.78;2.66;4.62;1.71;3.93;0.30;0.91;2.44;2.03;3.18;0.37;
071020;21:41:30;3.22;21.22;13.56;5.19;6.97;5.56;3.26;0.00;0.00;0.00;0.05;0.05;0.06;6.97;9.21;2.78;31.16;21.53;18.37;10.14;1.25;2.32;0.38;0.61;19.00;4.58;5.36;10.52;2.92;0.00;0.01;0.51;0.61;0.00;17.55;1.87;4.88;37.96;1.16;6.77;2.36;5.34;1.85;4.94;19.95;9.33;11.99;2.33;
071020;21:41:32;3.29;21.86;13.88;5.33;7.16;5.68;3.34;0.00;0.00;0.00;0.06;0.06;0.06;9.18;9.76;4.19;35.02;22.95;22.16;10.99;1.31;2.62;0.41;0.64;25.42;5.17;9.91;12.59;3.27;0.00;0.01;0.53;0.63;0.00;24.21;6.82;22.29;43.29;2.49;6.81;2.37;5.36;0.16;0.51;1.19;1.20;2.02;0.20;
071020;21:41:35;3.25;21.46;13.68;5.25;7.04;5.60;3.29;0.00;0.00;0.00;0.06;0.05;0.06;8.38;9.58;3.66;33.69;22.47;20.82;10.43;1.27;2.42;0.39;0.62;23.00;4.96;8.02;11.84;3.14;0.00;0.01;0.52;0.62;0.00;23.39;5.93;18.94;42.68;2.30;6.06;2.15;4.88;0.14;0.44;0.98;1.05;1.79;0.17;
071020;21:41:37;3.26;21.57;13.74;5.27;7.07;5.62;3.30;0.00;0.00;0.00;0.06;0.05;0.06;8.54;9.62;3.76;33.96;22.56;21.09;10.44;1.27;2.42;0.39;0.62;23.73;5.03;8.58;12.07;3.18;0.00;0.01;0.52;0.62;0.00;24.73;7.42;24.63;43.66;2.62;5.22;1.89;4.33;0.12;0.39;0.86;0.95;1.64;0.15;
071020;21:41:39;3.25;21.50;13.70;5.25;7.05;5.61;3.30;0.00;0.00;0.00;0.06;0.05;0.06;8.49;9.60;3.73;33.88;22.53;21.01;10.26;1.26;2.36;0.38;0.62;23.71;5.03;8.56;12.06;3.18;0.00;0.01;0.52;0.62;0.00;21.28;4.06;12.13;41.07;1.84;6.85;2.38;5.39;0.12;0.39;0.86;0.95;1.65;0.15;
071020;21:41:42;3.23;21.30;13.60;5.21;6.99;5.57;3.27;0.00;0.00;0.00;0.06;0.05;0.06;7.95;9.47;3.39;32.95;22.19;20.09;10.01;1.24;2.27;0.37;0.61;21.86;4.86;7.21;11.47;3.08;0.00;0.01;0.52;0.62;0.00;21.92;4.57;13.96;41.57;1.97;8.22;2.79;6.24;0.26;0.80;2.08;1.81;2.88;0.33;
071020;21:41:44;3.21;21.11;13.51;5.17;6.94;5.54;3.25;0.00;0.00;0.00;0.05;0.05;0.06;7.43;9.34;3.06;32.01;21.85;19.18;9.75;1.22;2.18;0.36;0.60;20.73;4.75;6.44;11.10;3.02;0.00;0.01;0.52;0.62;0.00;18.56;2.34;6.36;38.84;1.33;7.03;2.44;5.50;0.38;1.13;3.19;2.47;3.77;0.47;
071020;21:41:46;3.19;20.89;13.40;5.12;6.88;5.49;3.23;0.00;0.00;0.00;0.05;0.05;0.05;6.93;9.20;2.76;31.08;21.50;18.30;9.42;1.20;2.06;0.35;0.59;19.17;4.60;5.46;10.58;2.93;0.00;0.01;0.51;0.61;0.00;16.89;1.60;4.07;37.37;1.06;6.57;2.30;5.21;0.35;1.03;2.85;2.27;3.51;0.43;
071020;21:41:49;3.16;20.62;13.26;5.06;6.80;5.44;3.20;0.00;0.00;0.00;0.05;0.05;0.05;6.17;8.98;2.32;29.59;20.93;16.91;9.04;1.17;1.94;0.34;0.58;17.11;4.39;4.29;9.86;2.80;0.00;0.01;0.51;0.61;0.00;20.04;3.18;9.13;40.07;1.59;5.66;2.03;4.62;0.34;1.02;2.81;2.25;3.48;0.42;
071020;21:41:51;3.12;20.34;13.12;5.00;6.71;5.39;3.16;0.00;0.00;0.00;0.05;0.05;0.05;5.92;8.90;2.19;29.08;20.73;16.44;8.78;1.15;1.85;0.33;0.57;15.85;4.25;3.65;9.41;2.72;0.00;0.01;0.51;0.60;0.00;17.54;1.86;4.86;37.95;1.16;6.50;2.28;5.16;0.44;1.28;3.73;2.76;4.16;0.54;
071020;21:41:53;3.12;20.33;13.11;5.00;6.71;5.39;3.16;0.00;0.00;0.00;0.05;0.05;0.05;5.61;8.80;2.01;28.41;20.47;15.84;8.68;1.15;1.82;0.33;0.57;15.49;4.21;3.48;9.28;2.69;0.00;0.01;0.51;0.60;0.00;14.49;0.87;1.98;35.11;0.74;6.89;2.40;5.42;0.48;1.39;4.12;2.97;4.43;0.59;
071020;21:41:56;3.12;20.28;13.09;4.99;6.70;5.38;3.16;0.00;0.00;0.00;0.05;0.05;0.05;5.54;8.78;1.98;28.28;20.42;15.72;8.56;1.14;1.78;0.32;0.56;15.07;4.17;3.28;9.12;2.66;0.00;0.01;0.51;0.60;0.00;20.27;3.33;9.63;40.26;1.64;5.70;2.04;4.65;0.16;0.51;1.17;1.19;2.01;0.20;
071020;21:41:58;3.12;20.27;13.08;4.98;6.69;5.38;3.16;0.00;0.00;0.00;0.04;0.05;0.05;5.53;8.77;1.98;28.25;20.41;15.70;8.50;1.13;1.76;0.32;0.56;14.76;4.13;3.14;9.00;2.64;0.00;0.01;0.51;0.60;0.00;20.78;3.69;10.84;40.67;1.74;7.01;2.43;5.49;0.44;1.29;3.76;2.78;4.18;0.55;
071020;21:42:00;3.12;20.27;13.08;4.98;6.69;5.38;3.16;0.00;0.00;0.00;0.04;0.05;0.05;5.53;8.77;1.97;28.25;20.40;15.69;8.44;1.13;1.74;0.32;0.56;14.81;4.14;3.16;9.02;2.64;0.00;0.01;0.51;0.60;0.00;26.17;9.32;32.16;44.68;2.99;5.74;2.05;4.67;0.16;0.49;1.13;1.16;1.95;0.19;
071020;21:42:02;3.11;20.22;13.06;4.97;6.68;5.37;3.15;0.00;0.00;0.00;0.05;0.05;0.05;5.53;8.77;1.97;28.25;20.40;15.69;8.35;1.12;1.71;0.32;0.55;14.82;4.14;3.17;9.03;2.64;0.00;0.01;0.51;0.60;0.00;23.47;6.02;19.27;42.74;2.32;5.52;1.98;4.53;0.33;0.99;2.71;2.19;3.40;0.41;
071020;21:42:05;3.12;20.26;13.08;4.98;6.69;5.38;3.16;0.00;0.00;0.00;0.04;0.04;0.05;5.43;8.74;1.92;28.02;20.32;15.50;8.31;1.12;1.70;0.32;0.55;14.71;4.12;3.12;8.98;2.64;0.00;0.01;0.51;0.60;0.00;22.60;5.17;16.11;42.09;2.12;5.08;1.85;4.24;0.13;0.40;0.87;0.96;1.67;0.15;
071020;21:42:07;3.10;20.13;13.01;4.95;6.65;5.35;3.14;0.00;0.00;0.00;0.04;0.04;0.05;5.36;8.72;1.88;27.87;20.25;15.36;8.20;1.11;1.67;0.31;0.55;14.57;4.11;3.06;8.93;2.63;0.00;0.01;0.51;0.60;0.00;14.80;0.94;2.18;35.41;0.78;4.73;1.74;4.00;0.39;1.16;3.31;2.53;3.86;0.49;
071020;21:42:09;3.09;20.02;12.95;4.93;6.62;5.33;3.13;0.00;0.00;0.00;0.04;0.04;0.05;5.25;8.68;1.83;27.62;20.16;15.14;8.08;1.10;1.63;0.31;0.54;14.55;4.10;3.05;8.92;2.63;0.00;0.01;0.50;0.60;0.00;19.63;2.93;8.29;39.74;1.52;6.05;2.15;4.87;0.16;0.50;1.17;1.19;2.00;0.20;
071020;21:42:12;3.09;20.00;12.94;4.92;6.61;5.33;3.13;0.00;0.00;0.00;0.04;0.04;0.05;5.27;8.69;1.84;27.68;20.18;15.19;8.04;1.10;1.61;0.31;0.54;14.66;4.12;3.09;8.96;2.63;0.00;0.01;0.50;0.60;0.00;20.74;3.66;10.74;40.64;1.73;4.19;1.57;3.63;0.17;0.54;1.26;1.26;2.10;0.21;
071020;21:42:14;3.09;19.99;12.94;4.92;6.61;5.32;3.12;0.00;0.00;0.00;0.04;0.04;0.05;5.38;8.72;1.89;27.91;20.27;15.40;7.90;1.09;1.57;0.30;0.54;14.45;4.09;3.00;8.88;2.62;0.00;0.01;0.50;0.60;0.00;17.71;1.94;5.10;38.11;1.19;5.22;1.89;4.33;0.58;1.66;5.15;3.49;5.10;0.72;
071020;21:42:16;3.09;19.99;12.94;4.92;6.61;5.32;3.12;0.00;0.00;0.00;0.04;0.04;0.05;5.25;8.68;1.83;27.63;20.16;15.15;7.81;1.08;1.54;0.30;0.53;14.30;4.08;2.94;8.83;2.61;0.00;0.01;0.50;0.60;0.00;21.97;4.61;14.08;41.60;1.98;6.82;2.38;5.37;0.24;0.72;1.82;1.64;2.64;0.29;
071020;21:42:19;3.07;19.82;12.85;4.88;6.56;5.29;3.10;0.00;0.00;0.00;0.04;0.04;0.05;5.22;8.67;1.81;27.57;20.14;15.10;7.74;1.08;1.52;0.30;0.53;14.38;4.09;2.97;8.86;2.61;0.00;0.01;0.50;0.60;0.00;20.57;3.54;10.34;40.51;1.69;6.25;2.21;5.01;0.13;0.41;0.91;0.99;1.71;0.16;
071020;21:42:21;3.07;19.87;12.88;4.89;6.57;5.30;3.11;0.00;0.00;0.00;0.04;0.04;0.05;5.22;8.67;1.81;27.56;20.13;15.09;7.73;1.07;1.52;0.30;0.53;14.28;4.07;2.93;8.82;2.61;0.00;0.01;0.50;0.60;0.00;20.29;3.35;9.69;40.28;1.64;7.05;2.44;5.51;0.17;0.53;1.24;1.24;2.08;0.21;
071020;21:42:23;3.06;19.75;12.82;4.87;6.54;5.28;3.10;0.00;0.00;0.00;0.04;0.04;0.05;5.22;8.67;1.81;27.56;20.13;15.09;7.61;1.06;1.48;0.29;0.53;14.27;4.07;2.92;8.81;2.61;0.00;0.01;0.50;0.60;0.00;24.51;7.16;23.62;43.50;2.56;8.05;2.73;6.13;0.90;2.51;8.61;5.07;7.06;1.12;
071020;21:42:26;3.06;19.77;12.83;4.87;6.54;5.28;3.10;0.00;0.00;0.00;0.04;0.04;0.05;5.22;8.67;1.81;27.56;20.13;15.08;7.58;1.06;1.48;0.29;0.53;14.26;4.07;2.92;8.81;2.60;0.00;0.01;0.50;0.60;0.00;14.68;0.91;2.10;35.30;0.76;7.53;2.59;5.82;0.63;1.81;5.74;3.78;5.46;0.79;
071020;21:42:28;3.06;19.73;12.80;4.86;6.53;5.27;3.09;0.00;0.00;0.00;0.04;0.04;0.05;5.17;8.65;1.79;27.45;20.09;14.99;7.51;1.06;1.45;0.29;0.52;14.04;4.05;2.83;8.73;2.59;0.00;0.01;0.50;0.60;0.00;18.55;2.33;6.34;38.83;1.33;6.22;2.20;4.99;0.26;0.80;2.07;1.80;2.87;0.33;
071020;21:42:30;3.05;19.68;12.78;4.85;6.52;5.26;3.09;0.00;0.00;0.00;0.04;0.04;0.05;5.16;8.65;1.78;27.43;20.08;14.97;7.45;1.05;1.44;0.29;0.52;14.33;4.08;2.95;8.84;2.61;0.00;0.01;0.50;0.60;0.00;21.19;3.99;11.88;41.00;1.82;7.20;2.49;5.61;0.33;0.99;2.71;2.19;3.41;0.41;
071020;21:42:33;3.04;19.54;12.71;4.82;6.48;5.24;3.07;0.00;0.00;0.00;0.04;0.04;0.05;5.06;8.61;1.73;27.21;19.99;14.78;7.37;1.05;1.41;0.28;0.52;14.16;4.06;2.88;8.78;2.60;0.00;0.01;0.50;0.60;0.00;18.88;2.51;6.89;39.11;1.38;7.25;2.50;5.64;0.24;0.74;1.87;1.67;2.69;0.30;
071020;21:42:35;3.00;19.25;12.56;4.76;6.39;5.18;3.04;0.00;0.00;0.00;0.04;0.04;0.05;4.90;8.55;1.65;26.84;19.84;14.46;7.22;1.03;1.37;0.28;0.51;13.81;4.02;2.73;8.64;2.57;0.00;0.01;0.50;0.60;0.00;22.79;5.35;16.77;42.23;2.16;5.63;2.02;4.60;0.23;0.69;1.73;1.58;2.56;0.28;
071020;21:42:37;2.96;18.82;12.34;4.66;6.27;5.10;2.99;0.00;0.00;0.00;0.04;0.04;0.04;4.56;8.43;1.49;26.04;19.52;13.77;7.04;1.02;1.31;0.27;0.50;13.52;3.98;2.61;8.53;2.55;0.00;0.00;0.50;0.59;0.00;37.86;41.18;183.82;51.94;7.17;8.50;2.87;6.41;0.52;1.50;4.52;3.18;4.70;0.64;
071020;21:42:39;2.93;18.61;12.23;4.61;6.20;5.06;2.97;0.00;0.00;0.00;0.04;0.04;0.04;4.50;8.40;1.45;25.88;19.45;13.64;6.92;1.01;1.28;0.27;0.50;13.47;3.98;2.59;8.51;2.55;0.00;0.00;0.50;0.59;0.00;17.94;2.04;5.42;38.30;1.23;6.66;2.33;5.27;0.42;1.22;3.51;2.64;4.01;0.51;
071020;21:42:42;2.91;18.45;12.15;4.58;6.16;5.03;2.95;0.00;0.00;0.00;0.04;0.04;0.04;4.40;8.36;1.41;25.65;19.36;13.44;6.79;1.00;1.24;0.26;0.49;13.46;3.97;2.58;8.50;2.55;0.00;0.00;0.49;0.59;0.00;32.28;21.69;86.62;48.67;4.92;6.54;2.29;5.19;0.19;0.60;1.44;1.38;2.28;0.24;
071020;21:42:44;2.91;18.38;12.11;4.56;6.13;5.01;2.94;0.00;0.00;0.00;0.04;0.04;0.04;4.39;8.35;1.40;25.60;19.34;13.40;6.77;1.00;1.24;0.26;0.49;13.35;3.96;2.54;8.46;2.54;0.00;0.00;0.49;0.59;0.00;20.06;3.20;9.17;40.09;1.60;5.75;2.05;4.68;0.16;0.51;1.19;1.20;2.02;0.20;
071020;21:42:46;2.89;18.25;12.04;4.53;6.09;4.99;2.92;0.00;0.00;0.00;0.04;0.04;0.04;4.38;8.35;1.40;25.59;19.33;13.40;6.66;0.99;1.21;0.26;0.49;13.33;3.96;2.53;8.45;2.54;0.00;0.00;0.49;0.59;0.00;13.26;0.60;1.30;33.86;0.60;6.10;2.16;4.91;0.78;2.21;7.35;4.52;6.39;0.98;
071020;21:42:49;2.89;18.26;12.05;4.53;6.10;4.99;2.93;0.00;0.00;0.00;0.04;0.04;0.04;4.30;8.32;1.36;25.39;19.25;13.22;6.60;0.98;1.19;0.26;0.49;13.32;3.96;2.53;8.45;2.54;0.00;0.00;0.49;0.59;0.00;18.75;2.44;6.67;39.00;1.36;6.74;2.35;5.32;0.24;0.74;1.89;1.69;2.71;0.30;
071020;21:42:51;2.89;18.22;12.03;4.53;6.09;4.98;2.92;0.00;0.00;0.00;0.04;0.04;0.04;4.20;8.28;1.31;25.15;19.15;13.02;6.54;0.98;1.17;0.25;0.48;13.22;3.95;2.49;8.41;2.53;0.00;0.00;0.49;0.59;0.00;17.51;1.85;4.83;37.93;1.16;5.24;1.90;4.34;0.40;1.18;3.36;2.56;3.90;0.50;
071020;21:42:53;2.88;18.17;12.01;4.52;6.07;4.97;2.92;0.00;0.00;0.00;0.04;0.04;0.04;4.26;8.31;1.34;25.30;19.21;13.15;6.51;0.98;1.16;0.25;0.48;13.30;3.96;2.52;8.44;2.53;0.00;0.00;0.49;0.59;0.00;16.48;1.45;3.63;37.00;1.00;7.15;2.47;5.58;0.47;1.37;4.06;2.94;4.39;0.58;
071020;21:42:56;2.87;18.09;11.96;4.50;6.05;4.96;2.90;0.00;0.00;0.00;0.04;0.04;0.04;4.20;8.28;1.31;25.13;19.14;13.01;6.49;0.97;1.16;0.25;0.48;13.32;3.96;2.53;8.45;2.54;0.00;0.00;0.49;0.59;0.00;14.84;0.95;2.21;35.45;0.78;6.99;2.43;5.48;1.02;2.84;10.02;5.66;7.77;1.28;
071020;21:42:58;2.86;17.99;11.91;4.47;6.02;4.94;2.89;0.00;0.00;0.00;0.04;0.04;0.04;4.18;8.27;1.31;25.10;19.13;12.98;6.40;0.97;1.13;0.25;0.48;13.32;3.96;2.53;8.45;2.54;0.00;0.00;0.49;0.59;0.00;20.64;3.59;10.49;40.56;1.71;5.86;2.09;4.75;0.57;1.64;5.08;3.46;5.06;0.71;
071020;21:43:00;2.85;17.93;11.88;4.46;6.00;4.93;2.89;0.00;0.00;0.00;0.04;0.04;0.04;4.14;8.26;1.29;24.99;19.08;12.89;6.35;0.96;1.12;0.25;0.48;13.22;3.95;2.49;8.41;2.53;0.00;0.00;0.49;0.59;0.00;14.15;0.79;1.77;34.77;0.70;6.97;2.42;5.46;0.50;1.46;4.38;3.11;4.61;0.62;
071020;21:43:03;2.85;17.92;11.87;4.46;6.00;4.92;2.89;0.00;0.00;0.00;0.04;0.04;0.04;4.13;8.25;1.28;24.97;19.07;12.88;6.28;0.96;1.10;0.24;0.47;12.99;3.92;2.40;8.32;2.51;0.00;0.00;0.49;0.59;0.00;16.55;1.48;3.70;37.06;1.01;6.35;2.24;5.07;0.29;0.87;2.32;1.96;3.08;0.36;
071020;21:43:05;2.85;17.88;11.85;4.45;5.99;4.92;2.88;0.00;0.00;0.00;0.04;0.04;0.04;4.13;8.25;1.28;24.96;19.07;12.87;6.25;0.95;1.09;0.24;0.47;12.95;3.91;2.38;8.30;2.51;0.00;0.00;0.49;0.59;0.00;23.29;5.84;18.57;42.61;2.27;5.59;2.01;4.57;0.43;1.27;3.69;2.74;4.13;0.54;
071020;21:43:07;2.83;17.75;11.79;4.42;5.95;4.89;2.87;0.00;0.00;0.00;0.04;0.04;0.04;4.06;8.22;1.25;24.77;18.99;12.71;6.24;0.95;1.09;0.24;0.47;13.04;3.92;2.42;8.34;2.51;0.00;0.00;0.49;0.59;0.00;20.14;3.25;9.35;40.16;1.61;6.12;2.17;4.92;0.39;1.15;3.26;2.51;3.83;0.48;
071020;21:43:10;2.84;17.81;11.82;4.43;5.96;4.90;2.87;0.00;0.00;0.00;0.04;0.04;0.04;4.12;8.24;1.27;24.92;19.06;12.84;6.16;0.95;1.07;0.24;0.47;12.86;3.90;2.35;8.27;2.50;0.00;0.00;0.49;0.59;0.00;11.79;0.38;0.75;32.28;0.45;6.55;2.30;5.20;50.22;108.01;924.57;150.85;134.95;65.64;
071020;21:43:12;2.84;17.78;11.80;4.43;5.96;4.90;2.87;0.00;0.00;0.00;0.04;0.04;0.04;4.09;8.23;1.26;24.86;19.03;12.78;6.15;0.95;1.06;0.24;0.47;12.92;3.91;2.37;8.29;2.51;0.00;0.00;0.49;0.59;0.00;19.59;2.91;8.21;39.70;1.51;10.24;3.36;7.45;2.10;5.55;23.06;10.36;13.14;2.65;
071020;21:43:14;2.83;17.73;11.78;4.42;5.94;4.89;2.86;0.00;0.00;0.00;0.04;0.04;0.04;4.09;8.23;1.26;24.84;19.02;12.77;6.12;0.94;1.06;0.24;0.47;12.93;3.91;2.37;8.30;2.51;0.00;0.00;0.49;0.59;0.00;12.35;0.45;0.93;32.90;0.51;7.24;2.50;5.63;1.30;3.56;13.27;6.94;9.27;1.64;
071020;21:43:16;2.83;17.73;11.77;4.42;5.94;4.89;2.86;0.00;0.00;0.00;0.04;0.04;0.04;4.01;8.20;1.22;24.64;18.94;12.61;6.10;0.94;1.05;0.24;0.47;12.83;3.90;2.34;8.26;2.50;0.00;0.00;0.49;0.59;0.00;35.88;33.19;142.72;50.82;6.32;9.38;3.12;6.94;2.03;5.39;22.25;10.10;12.85;2.57;
071020;21:43:19;2.83;17.69;11.75;4.41;5.93;4.88;2.86;0.00;0.00;0.00;0.04;0.04;0.04;4.03;8.21;1.24;24.70;18.96;12.66;6.06;0.94;1.04;0.24;0.47;12.92;3.91;2.37;8.29;2.51;0.00;0.00;0.49;0.59;0.00;13.91;0.73;1.63;34.53;0.67;5.71;2.04;4.65;0.64;1.84;5.84;3.83;5.52;0.80;
071020;21:43:21;2.83;17.68;11.75;4.40;5.93;4.88;2.86;0.00;0.00;0.00;0.04;0.04;0.04;3.96;8.18;1.20;24.52;18.89;12.51;6.03;0.94;1.03;0.24;0.46;12.83;3.90;2.34;8.26;2.50;0.00;0.00;0.49;0.59;0.00;18.91;2.52;6.94;39.14;1.39;4.53;1.68;3.86;0.17;0.53;1.25;1.25;2.09;0.21;
071020;21:43:23;2.83;17.71;11.77;4.41;5.94;4.88;2.86;0.00;0.00;0.00;0.04;0.04;0.04;3.98;8.19;1.21;24.58;18.91;12.56;6.03;0.94;1.03;0.24;0.46;12.71;3.88;2.29;8.21;2.49;0.00;0.00;0.49;0.59;0.00;15.16;1.04;2.44;35.76;0.82;6.61;2.32;5.24;0.48;1.40;4.16;2.99;4.46;0.60;
071020;21:43:26;2.83;17.68;11.75;4.41;5.93;4.88;2.86;0.00;0.00;0.00;0.04;0.04;0.04;3.95;8.17;1.20;24.49;18.88;12.49;5.97;0.93;1.02;0.23;0.46;12.69;3.88;2.28;8.20;2.49;0.00;0.00;0.49;0.59;0.00;13.63;0.68;1.48;34.24;0.64;6.14;2.17;4.93;0.27;0.82;2.15;1.86;2.94;0.34;
071020;21:43:28;2.83;17.68;11.75;4.40;5.93;4.88;2.86;0.00;0.00;0.00;0.04;0.04;0.04;4.02;8.20;1.23;24.67;18.95;12.63;5.92;0.93;1.00;0.23;0.46;12.89;3.90;2.36;8.28;2.50;0.00;0.00;0.49;0.59;0.00;16.13;1.33;3.28;36.68;0.95;5.81;2.07;4.72;0.11;0.35;0.75;0.87;1.52;0.14;
071020;21:43:30;2.82;17.64;11.73;4.40;5.91;4.87;2.85;0.00;0.00;0.00;0.04;0.04;0.04;3.92;8.16;1.19;24.42;18.84;12.42;5.91;0.93;1.00;0.23;0.46;12.73;3.88;2.30;8.21;2.49;0.00;0.00;0.49;0.59;0.00;17.95;2.05;5.43;38.31;1.23;6.01;2.13;4.85;0.37;1.08;3.02;2.37;3.65;0.45;
071020;21:43:33;2.82;17.67;11.74;4.40;5.92;4.88;2.86;0.00;0.00;0.00;0.04;0.04;0.04;3.90;8.15;1.18;24.36;18.82;12.38;5.89;0.92;1.00;0.23;0.46;12.89;3.90;2.36;8.28;2.50;0.00;0.00;0.49;0.59;0.00;19.05;2.60;7.18;39.25;1.41;5.56;2.00;4.55;0.47;1.38;4.10;2.96;4.42;0.59;
071020;21:43:35;2.83;17.67;11.75;4.40;5.92;4.88;2.86;0.00;0.00;0.00;0.04;0.04;0.04;3.93;8.17;1.19;24.45;18.86;12.45;5.91;0.92;1.00;0.23;0.46;12.93;3.91;2.37;8.29;2.51;0.00;0.00;0.49;0.59;0.00;22.09;4.71;14.46;41.70;2.00;4.83;1.77;4.06;0.27;0.83;2.17;1.86;2.96;0.34;
071020;21:43:37;2.83;17.68;11.75;4.40;5.93;4.88;2.86;0.00;0.00;0.00;0.04;0.04;0.04;3.90;8.15;1.18;24.37;18.82;12.39;5.85;0.92;0.99;0.23;0.46;12.83;3.90;2.34;8.26;2.50;0.00;0.00;0.49;0.59;0.00;16.47;1.45;3.62;36.99;1.00;5.58;2.00;4.57;0.48;1.41;4.18;3.00;4.47;0.60;
071020;21:43:40;2.82;17.64;11.73;4.40;5.91;4.87;2.85;0.00;0.00;0.00;0.04;0.04;0.04;3.90;8.15;1.18;24.36;18.82;12.37;5.81;0.92;0.97;0.23;0.45;12.82;3.89;2.33;8.25;2.50;0.00;0.00;0.49;0.59;0.00;28.49;13.13;48.06;46.26;3.66;7.28;2.51;5.66;0.24;0.72;1.82;1.64;2.65;0.29;
071020;21:43:42;2.80;17.48;11.64;4.36;5.87;4.84;2.83;0.00;0.00;0.00;0.04;0.04;0.04;3.90;8.15;1.17;24.35;18.82;12.37;5.80;0.92;0.97;0.23;0.45;12.81;3.89;2.33;8.25;2.50;0.00;0.00;0.49;0.59;0.00;30.19;16.57;63.19;47.36;4.20;6.10;2.16;4.90;0.16;0.49;1.13;1.16;1.96;0.19;
071020;21:43:44;2.82;17.60;11.71;4.39;5.90;4.86;2.85;0.00;0.00;0.00;0.04;0.04;0.04;3.90;8.15;1.17;24.35;18.82;12.37;5.76;0.91;0.96;0.23;0.45;13.12;3.93;2.45;8.37;2.52;0.00;0.00;0.49;0.59;0.00;25.56;8.48;28.78;44.25;2.83;5.35;1.93;4.41;0.15;0.47;1.08;1.12;1.90;0.18;
071020;21:43:47;2.82;17.58;11.70;4.38;5.90;4.86;2.85;0.00;0.00;0.00;0.04;0.04;0.04;3.93;8.17;1.19;24.45;18.86;12.45;5.77;0.91;0.97;0.23;0.45;12.77;3.89;2.31;8.23;2.49;0.00;0.00;0.49;0.59;0.00;20.72;3.65;10.69;40.62;1.72;6.69;2.34;5.28;0.22;0.68;1.70;1.56;2.53;0.27;
071020;21:43:49;2.80;17.47;11.64;4.36;5.86;4.84;2.83;0.00;0.00;0.00;0.04;0.04;0.04;3.90;8.15;1.18;24.37;18.82;12.39;5.76;0.91;0.96;0.23;0.45;12.70;3.88;2.29;8.21;2.49;0.00;0.00;0.49;0.59;0.00;21.03;3.87;11.48;40.87;1.79;7.03;2.44;5.50;0.14;0.44;0.99;1.06;1.81;0.17;
071020;21:43:51;2.80;17.48;11.65;4.36;5.87;4.84;2.83;0.00;0.00;0.00;0.04;0.04;0.04;3.90;8.15;1.18;24.36;18.82;12.37;5.70;0.91;0.95;0.22;0.45;12.69;3.88;2.28;8.20;2.49;0.00;0.00;0.49;0.59;0.00;16.54;1.47;3.69;37.05;1.01;4.88;1.79;4.10;0.32;0.97;2.63;2.15;3.34;0.40;
