071020;17:10:28;4.58;34.68;19.94;8.08;10.79;7.89;4.67;0.00;0.00;0.00;0.09;0.07;0.08;64.55;14.73;75.73;80.07;36.05;83.52;13.16;1.45;3.47;0.48;0.71;57.62;7.26;55.99;20.87;4.51;0.02;0.06;0.70;0.81;0.01;74.30;620.04;4424.98;68.38;35.36;17.10;5.19;11.26;0.41;1.20;3.43;2.60;3.95;0.50;
071020;17:10:28;3.11;20.22;13.06;4.97;6.68;5.37;3.15;0.00;0.00;0.00;0.04;0.04;0.05;5.75;8.85;2.09;28.72;20.59;16.12;5.67;0.90;0.94;0.22;0.45;19.75;4.66;5.81;10.77;2.96;0.00;0.01;0.53;0.63;0.00;62.37;306.66;1937.44;63.67;23.37;5.16;1.87;4.29;0.46;1.35;3.99;2.90;4.34;0.58;
071020;17:10:30;2.91;18.43;12.14;4.57;6.15;5.03;2.95;0.00;0.00;0.00;0.04;0.04;0.04;3.65;8.04;1.07;23.69;18.53;11.83;4.88;0.83;0.74;0.20;0.41;16.16;4.29;3.80;9.52;2.74;0.00;0.01;0.51;0.60;0.00;42.51;65.65;317.63;54.46;9.44;4.48;1.66;3.82;0.09;0.30;0.62;0.76;1.35;0.11;
071020;17:10:33;2.86;17.94;11.89;4.46;6.00;4.93;2.89;0.00;0.00;0.00;0.03;0.04;0.04;3.22;7.83;0.88;22.45;18.00;10.86;4.65;0.81;0.69;0.19;0.40;14.73;4.13;3.13;8.99;2.64;0.00;0.01;0.50;0.60;0.00;34.04;26.83;111.21;49.74;5.58;4.24;1.59;3.66;0.09;0.29;0.58;0.71;1.28;0.11;
071020;17:10:35;2.84;17.84;11.84;4.44;5.98;4.91;2.88;0.00;0.00;0.00;0.03;0.04;0.04;3.17;7.80;0.86;22.30;17.93;10.74;4.66;0.81;0.69;0.19;0.40;14.57;4.11;3.06;8.93;2.63;0.00;0.01;0.50;0.60;0.00;31.52;19.71;77.43;48.20;4.65;5.38;1.94;4.44;0.19;0.57;1.37;1.34;2.22;0.23;
071020;17:10:37;2.86;17.99;11.91;4.47;6.02;4.94;2.89;0.00;0.00;0.00;0.04;0.04;0.04;3.34;7.89;0.93;22.81;18.15;11.13;4.69;0.81;0.70;0.19;0.40;15.68;4.23;3.57;9.34;2.70;0.00;0.01;0.50;0.60;0.00;26.43;9.70;33.71;44.86;3.06;7.36;2.53;5.71;0.79;2.22;7.37;4.53;6.40;0.98;
071020;17:10:40;2.86;17.97;11.90;4.47;6.01;4.94;2.89;0.00;0.00;0.00;0.04;0.04;0.04;3.34;7.89;0.94;22.82;18.16;11.14;4.68;0.81;0.70;0.19;0.40;15.79;4.25;3.62;9.39;2.71;0.00;0.01;0.50;0.60;0.00;39.28;47.74;218.60;52.73;7.83;5.51;1.98;4.52;3.51;8.99;41.99;16.01;19.18;4.46;
071020;17:10:42;2.86;17.97;11.90;4.47;6.01;4.93;2.89;0.00;0.00;0.00;0.04;0.04;0.04;3.34;7.89;0.94;22.82;18.16;11.15;4.69;0.81;0.70;0.19;0.41;15.81;4.25;3.63;9.39;2.71;0.00;0.01;0.50;0.60;0.00;35.52;31.84;135.95;50.61;6.17;5.45;1.96;4.48;0.48;1.39;4.13;2.98;4.44;0.59;
071020;17:10:44;2.86;17.97;11.90;4.47;6.01;4.93;2.89;0.00;0.00;0.00;0.04;0.04;0.04;3.41;7.92;0.96;23.00;18.24;11.29;4.71;0.82;0.70;0.19;0.41;15.94;4.26;3.70;9.44;2.72;0.00;0.01;0.50;0.60;0.00;33.46;25.06;102.63;49.39;5.36;5.91;2.10;4.78;0.75;2.13;7.01;4.37;6.20;0.94;
071020;17:10:47;2.85;17.89;11.86;4.45;5.99;4.92;2.88;0.00;0.00;0.00;0.04;0.04;0.04;3.36;7.90;0.94;22.86;18.18;11.17;4.71;0.82;0.70;0.19;0.41;15.84;4.25;3.65;9.40;2.71;0.00;0.01;0.50;0.60;0.00;34.11;27.05;112.28;49.78;5.60;6.26;2.21;5.01;1.62;4.35;17.05;8.32;10.86;2.04;
071020;17:10:49;2.86;17.95;11.89;4.47;6.01;4.93;2.89;0.00;0.00;0.00;0.04;0.04;0.04;3.41;7.92;0.96;23.01;18.24;11.29;4.72;0.82;0.71;0.19;0.41;16.31;4.30;3.88;9.57;2.75;0.00;0.01;0.50;0.60;0.00;38.57;44.35;200.52;52.34;7.49;7.65;2.62;5.89;1.32;3.60;13.46;7.01;9.36;1.66;
071020;17:10:51;2.83;17.69;11.75;4.41;5.93;4.88;2.86;0.00;0.00;0.00;0.03;0.04;0.04;3.06;7.74;0.82;21.97;17.79;10.49;4.55;0.80;0.67;0.18;0.40;14.76;4.13;3.14;9.00;2.64;0.00;0.00;0.50;0.59;0.00;49.81;124.18;670.90;58.09;13.73;6.90;2.40;5.42;0.32;0.96;2.61;2.13;3.32;0.40;
071020;17:10:54;2.83;17.71;11.77;4.41;5.94;4.88;2.86;0.00;0.00;0.00;0.03;0.04;0.04;2.99;7.71;0.79;21.77;17.70;10.33;4.53;0.80;0.66;0.18;0.40;14.25;4.07;2.91;8.81;2.60;0.00;0.00;0.50;0.59;0.00;29.97;16.08;60.98;47.22;4.13;4.54;1.68;3.87;0.50;1.46;4.37;3.10;4.60;0.62;
071020;17:10:56;2.83;17.72;11.77;4.41;5.94;4.89;2.86;0.00;0.00;0.00;0.03;0.04;0.04;2.98;7.70;0.79;21.73;17.68;10.30;4.53;0.80;0.66;0.18;0.40;13.83;4.02;2.74;8.65;2.57;0.00;0.00;0.50;0.59;0.00;37.20;38.38;169.20;51.57;6.88;5.70;2.04;4.65;2.16;5.72;23.92;10.64;13.45;2.73;
071020;17:10:58;2.83;17.72;11.77;4.41;5.94;4.89;2.86;0.00;0.00;0.00;0.03;0.04;0.04;2.92;7.67;0.77;21.55;17.60;10.17;4.53;0.80;0.66;0.18;0.40;13.85;4.02;2.75;8.66;2.58;0.00;0.00;0.50;0.59;0.00;67.76;428.07;2865.25;65.86;28.43;8.84;2.96;6.62;0.18;0.57;1.37;1.33;2.21;0.23;
071020;17:11:00;2.83;17.68;11.75;4.41;5.93;4.88;2.86;0.00;0.00;0.00;0.03;0.04;0.04;2.96;7.69;0.78;21.68;17.66;10.27;4.53;0.80;0.66;0.18;0.40;13.75;4.01;2.70;8.62;2.57;0.00;0.00;0.50;0.59;0.00;38.99;46.36;211.22;52.57;7.69;8.81;2.96;6.60;25.62;57.58;422.90;85.52;82.38;33.25;
071020;17:11:03;2.83;17.67;11.75;4.40;5.92;4.88;2.86;0.00;0.00;0.00;0.03;0.04;0.04;2.95;7.68;0.78;21.63;17.63;10.22;4.53;0.80;0.66;0.18;0.40;13.73;4.01;2.70;8.61;2.57;0.00;0.00;0.50;0.59;0.00;64.87;359.23;2332.62;64.70;25.65;9.39;3.12;6.95;0.29;0.88;2.32;1.96;3.09;0.36;
071020;17:11:05;2.83;17.71;11.77;4.41;5.94;4.88;2.86;0.00;0.00;0.00;0.03;0.04;0.04;2.97;7.70;0.78;21.70;17.67;10.28;4.54;0.80;0.66;0.18;0.40;13.94;4.03;2.78;8.69;2.58;0.00;0.00;0.50;0.59;0.00;38.02;41.89;187.54;52.03;7.25;6.46;2.27;5.14;0.93;2.60;8.99;5.23;7.25;1.17;
071020;17:11:07;2.84;17.76;11.79;4.42;5.95;4.89;2.87;0.00;0.00;0.00;0.03;0.04;0.04;2.97;7.70;0.79;21.71;17.67;10.29;4.53;0.80;0.66;0.18;0.40;14.09;4.05;2.85;8.75;2.59;0.00;0.00;0.50;0.59;0.00;40.74;55.33;259.89;53.52;8.53;6.80;2.37;5.36;0.34;1.03;2.83;2.26;3.50;0.43;
071020;17:11:10;2.83;17.73;11.77;4.42;5.94;4.89;2.86;0.00;0.00;0.00;0.03;0.04;0.04;2.98;7.70;0.79;21.72;17.68;10.29;4.53;0.80;0.66;0.18;0.40;14.22;4.07;2.90;8.80;2.60;0.00;0.00;0.50;0.59;0.00;41.17;57.71;273.09;53.75;8.75;7.20;2.49;5.61;0.81;2.29;7.67;4.66;6.56;1.02;
071020;17:11:12;2.84;17.76;11.79;4.42;5.95;4.89;2.87;0.00;0.00;0.00;0.03;0.04;0.04;3.12;7.77;0.84;22.15;17.87;10.63;4.61;0.81;0.68;0.19;0.40;15.37;4.20;3.42;9.23;2.68;0.00;0.00;0.50;0.60;0.00;62.05;300.42;1891.27;63.54;23.09;4.53;1.68;3.86;0.13;0.43;0.95;1.02;1.75;0.16;
071020;17:11:14;2.84;17.77;11.80;4.43;5.95;4.90;2.87;0.00;0.00;0.00;0.03;0.04;0.04;3.21;7.82;0.88;22.42;17.98;10.83;4.65;0.81;0.69;0.19;0.40;15.73;4.24;3.59;9.36;2.71;0.00;0.01;0.50;0.60;0.00;31.16;18.81;73.29;47.98;4.52;5.54;1.99;4.54;0.35;1.05;2.90;2.30;3.55;0.44;
071020;17:11:17;2.84;17.81;11.82;4.43;5.97;4.90;2.87;0.00;0.00;0.00;0.04;0.04;0.04;3.29;7.86;0.91;22.65;18.09;11.01;4.67;0.81;0.70;0.19;0.40;16.04;4.27;3.75;9.48;2.73;0.00;0.01;0.50;0.60;0.00;63.20;323.43;2062.34;64.01;24.11;7.04;2.44;5.51;0.26;0.77;1.99;1.75;2.80;0.31;
071020;17:11:19;2.85;17.86;11.84;4.45;5.98;4.91;2.88;0.00;0.00;0.00;0.04;0.04;0.04;3.33;7.88;0.93;22.79;18.15;11.12;4.69;0.81;0.70;0.19;0.40;16.23;4.29;3.84;9.54;2.74;0.00;0.01;0.50;0.60;0.00;28.54;13.21;48.42;46.29;3.67;7.59;2.60;5.85;44.88;97.24;811.35;137.21;124.27;58.59;
071020;17:11:21;2.86;17.99;11.91;4.47;6.02;4.94;2.89;0.00;0.00;0.00;0.04;0.04;0.04;3.47;7.95;0.99;23.18;18.32;11.43;4.74;0.82;0.71;0.19;0.41;16.63;4.34;4.04;9.69;2.77;0.00;0.01;0.50;0.60;0.00;49.16;117.73;630.26;57.78;13.31;7.12;2.47;5.56;2.04;5.41;22.36;10.13;12.89;2.58;
071020;17:11:24;2.86;18.01;11.92;4.48;6.03;4.94;2.90;0.00;0.00;0.00;0.04;0.04;0.04;3.50;7.97;1.00;23.26;18.35;11.49;4.73;0.82;0.71;0.19;0.41;17.22;4.40;4.35;9.90;2.81;0.00;0.01;0.51;0.60;0.00;51.54;142.43;788.01;58.91;14.88;7.96;2.71;6.08;0.20;0.61;1.49;1.42;2.34;0.24;
071020;17:11:26;2.86;17.94;11.88;4.46;6.00;4.93;2.89;0.00;0.00;0.00;0.04;0.04;0.04;3.41;7.92;0.96;23.00;18.24;11.29;4.73;0.82;0.71;0.19;0.41;17.34;4.41;4.42;9.94;2.81;0.00;0.01;0.51;0.60;0.00;45.74;88.11;448.62;56.11;11.22;6.16;2.18;4.95;0.29;0.88;2.32;1.96;3.08;0.36;
071020;17:11:28;2.86;17.96;11.90;4.47;6.01;4.93;2.89;0.00;0.00;0.00;0.04;0.04;0.04;3.52;7.97;1.01;23.31;18.37;11.53;4.76;0.82;0.72;0.19;0.41;17.76;4.46;4.64;10.09;2.84;0.00;0.01;0.51;0.60;0.00;49.27;118.86;637.33;57.84;13.38;7.55;2.59;5.83;0.41;1.19;3.41;2.59;3.93;0.50;
071020;17:11:31;2.84;17.81;11.82;4.43;5.97;4.90;2.87;0.00;0.00;0.00;0.04;0.04;0.04;3.16;7.80;0.86;22.29;17.93;10.73;4.64;0.81;0.69;0.19;0.40;15.82;4.25;3.64;9.40;2.71;0.00;0.01;0.50;0.60;0.00;51.47;141.69;783.22;58.88;14.84;6.53;2.29;5.19;1.52;4.11;15.88;7.90;10.38;1.91;
071020;17:11:33;2.86;18.02;11.93;4.48;6.03;4.94;2.90;0.00;0.00;0.00;0.04;0.04;0.04;3.37;7.90;0.95;22.89;18.19;11.20;4.80;0.82;0.72;0.19;0.41;17.05;4.38;4.26;9.84;2.79;0.00;0.01;0.51;0.60;0.00;61.77;295.11;1852.14;63.42;22.85;7.10;2.46;5.54;0.66;1.89;6.05;3.93;5.65;0.83;
071020;17:11:35;2.89;18.22;12.03;4.53;6.09;4.98;2.92;0.00;0.00;0.00;0.04;0.04;0.04;3.64;8.03;1.06;23.66;18.52;11.81;4.92;0.84;0.75;0.20;0.42;18.22;4.51;4.91;10.25;2.87;0.00;0.01;0.51;0.60;0.00;69.45;472.82;3219.70;66.53;30.14;8.00;2.72;6.11;0.58;1.68;5.21;3.52;5.14;0.73;
071020;17:11:37;2.86;17.94;11.88;4.46;6.00;4.93;2.89;0.00;0.00;0.00;0.04;0.04;0.04;3.19;7.81;0.87;22.36;17.96;10.78;4.78;0.82;0.72;0.19;0.41;15.91;4.26;3.68;9.43;2.72;0.00;0.01;0.50;0.60;0.00;42.80;67.41;327.68;54.60;9.59;7.29;2.51;5.66;0.93;2.60;9.00;5.23;7.26;1.17;
071020;17:11:40;2.84;17.80;11.81;4.43;5.96;4.90;2.87;0.00;0.00;0.00;0.04;0.04;0.04;2.93;7.68;0.77;21.58;17.62;10.19;4.76;0.82;0.71;0.19;0.41;14.79;4.13;3.16;9.01;2.64;0.00;0.00;0.50;0.59;0.00;41.34;58.68;278.46;53.84;8.83;8.23;2.79;6.24;0.25;0.76;1.94;1.72;2.75;0.31;
071020;17:11:42;2.84;17.78;11.80;4.43;5.96;4.90;2.87;0.00;0.00;0.00;0.04;0.04;0.04;2.91;7.66;0.76;21.52;17.59;10.14;4.77;0.82;0.72;0.19;0.41;14.47;4.10;3.01;8.89;2.62;0.00;0.00;0.50;0.59;0.00;61.66;292.97;1836.36;63.37;22.75;7.31;2.52;5.67;0.26;0.79;2.05;1.79;2.85;0.32;
071020;17:11:44;2.84;17.81;11.82;4.43;5.97;4.90;2.87;0.00;0.00;0.00;0.04;0.04;0.04;2.91;7.66;0.76;21.51;17.58;10.13;4.81;0.82;0.73;0.19;0.41;14.52;4.10;3.03;8.91;2.62;0.00;0.00;0.50;0.59;0.00;48.01;107.02;563.53;57.22;12.58;5.98;2.12;4.83;0.22;0.66;1.64;1.52;2.48;0.27;
071020;17:11:47;2.86;17.94;11.88;4.46;6.00;4.93;2.89;0.00;0.00;0.00;0.04;0.04;0.04;2.96;7.69;0.78;21.68;17.66;10.26;4.85;0.83;0.74;0.19;0.41;14.64;4.12;3.09;8.96;2.63;0.00;0.00;0.50;0.59;0.00;52.89;158.01;890.06;59.53;15.82;5.97;2.12;4.83;0.12;0.39;0.85;0.95;1.64;0.15;
071020;17:11:49;2.86;18.00;11.92;4.48;6.02;4.94;2.90;0.00;0.00;0.00;0.04;0.04;0.04;3.00;7.71;0.80;21.80;17.71;10.35;4.91;0.83;0.75;0.20;0.42;14.66;4.12;3.10;8.97;2.63;0.00;0.00;0.50;0.59;0.00;55.57;192.80;1124.07;60.74;17.79;6.35;2.24;5.07;2.62;6.84;29.88;12.50;15.47;3.32;
071020;17:11:51;2.86;18.02;11.93;4.48;6.03;4.94;2.90;0.00;0.00;0.00;0.04;0.04;0.04;2.98;7.70;0.79;21.73;17.68;10.31;4.97;0.84;0.77;0.20;0.42;14.78;4.13;3.15;9.01;2.64;0.00;0.00;0.50;0.59;0.00;54.63;179.96;1036.77;60.32;17.08;5.56;2.00;4.55;0.34;1.00;2.75;2.22;3.43;0.42;
071020;17:11:54;2.87;18.06;11.95;4.49;6.04;4.95;2.90;0.00;0.00;0.00;0.04;0.04;0.04;3.09;7.76;0.83;22.07;17.83;10.56;5.03;0.85;0.78;0.20;0.42;15.14;4.17;3.32;9.15;2.67;0.00;0.00;0.50;0.59;0.00;38.95;46.14;210.05;52.55;7.67;4.53;1.68;3.86;0.86;2.42;8.21;4.90;6.85;1.08;
071020;17:11:56;2.88;18.19;12.02;4.52;6.08;4.98;2.92;0.00;0.00;0.00;0.04;0.04;0.04;3.14;7.79;0.85;22.22;17.90;10.68;5.10;0.85;0.80;0.20;0.42;15.33;4.20;3.40;9.22;2.68;0.00;0.00;0.50;0.60;0.00;24.32;6.94;22.76;43.36;2.52;6.29;2.22;5.03;152.22;304.52;3355.22;384.33;304.38;201.41;
071020;17:11:58;2.90;18.30;12.07;4.54;6.11;5.00;2.93;0.00;0.00;0.00;0.04;0.04;0.04;3.30;7.87;0.92;22.70;18.11;11.05;5.19;0.86;0.82;0.21;0.43;16.44;4.32;3.95;9.62;2.75;0.00;0.01;0.50;0.60;0.00;39.35;48.07;220.40;52.76;7.86;6.96;2.42;5.46;3.83;9.73;46.38;17.20;20.42;4.86;
071020;17:12:01;2.92;18.49;12.17;4.59;6.17;5.04;2.95;0.00;0.00;0.00;0.04;0.04;0.05;3.66;8.04;1.07;23.72;18.55;11.86;5.35;0.88;0.86;0.21;0.43;17.83;4.47;4.68;10.11;2.84;0.00;0.01;0.51;0.60;0.00;42.44;65.21;315.17;54.42;9.40;5.32;1.92;4.40;1.35;3.67;13.78;7.13;9.50;1.69;
071020;17:12:03;2.93;18.61;12.23;4.61;6.20;5.06;2.97;0.00;0.00;0.00;0.04;0.04;0.05;3.92;8.16;1.18;24.40;18.84;12.41;5.50;0.89;0.89;0.22;0.44;19.50;4.63;5.66;10.69;2.95;0.00;0.01;0.51;0.61;0.00;40.38;53.38;249.20;53.33;8.36;5.09;1.85;4.24;2.22;5.85;24.63;10.87;13.70;2.80;
071020;17:12:05;2.95;18.76;12.31;4.65;6.25;5.09;2.98;0.00;0.00;0.00;0.05;0.05;0.05;4.16;8.26;1.29;25.03;19.10;12.93;5.61;0.90;0.92;0.22;0.45;20.89;4.77;6.55;11.16;3.03;0.00;0.01;0.51;0.61;0.00;36.64;36.09;157.44;51.25;6.64;7.39;2.54;5.73;0.35;1.04;2.88;2.29;3.54;0.43;
071020;17:12:08;2.97;18.92;12.39;4.68;6.29;5.12;3.00;0.00;0.00;0.00;0.05;0.05;0.05;4.45;8.38;1.43;25.76;19.40;13.54;5.68;0.90;0.94;0.22;0.45;21.81;4.85;7.17;11.46;3.08;0.00;0.01;0.51;0.61;0.00;33.34;24.70;100.89;49.32;5.31;5.25;1.90;4.35;2.40;6.30;26.98;11.61;14.51;3.04;
071020;17:12:10;2.96;18.86;12.36;4.67;6.28;5.11;3.00;0.00;0.00;0.00;0.05;0.05;0.05;4.43;8.37;1.42;25.70;19.38;13.49;5.71;0.91;0.95;0.22;0.45;21.52;4.83;6.97;11.36;3.06;0.00;0.01;0.51;0.61;0.00;43.72;73.48;362.53;55.08;10.08;6.38;2.24;5.09;0.69;1.97;6.37;4.07;5.83;0.86;
071020;17:12:12;2.96;18.89;12.38;4.68;6.29;5.11;3.00;0.00;0.00;0.00;0.05;0.05;0.05;4.46;8.39;1.44;25.79;19.41;13.56;5.77;0.91;0.96;0.23;0.45;22.36;4.90;7.56;11.63;3.11;0.00;0.01;0.52;0.61;0.00;58.10;230.68;1387.31;61.86;19.76;6.26;2.21;5.01;0.89;2.49;8.51;5.03;7.00;1.11;
071020;17:12:15;2.91;18.40;12.12;4.57;6.14;5.02;2.94;0.00;0.00;0.00;0.04;0.04;0.05;3.64;8.03;1.06;23.66;18.52;11.81;5.43;0.88;0.88;0.21;0.44;17.85;4.47;4.69;10.12;2.85;0.00;0.01;0.51;0.60;0.00;39.52;48.96;225.17;52.86;7.94;5.31;1.92;4.39;0.61;1.74;5.44;3.63;5.28;0.75;
071020;17:12:17;2.95;18.76;12.31;4.65;6.25;5.09;2.98;0.00;0.00;0.00;0.05;0.05;0.05;4.25;8.30;1.34;25.27;19.20;13.13;5.73;0.91;0.95;0.23;0.45;20.82;4.76;6.50;11.13;3.02;0.00;0.01;0.51;0.61;0.00;41.59;60.10;286.36;53.97;8.96;6.35;2.24;5.07;0.46;1.36;4.00;2.91;4.35;0.58;
071020;17:12:19;3.00;19.17;12.52;4.74;6.37;5.17;3.03;0.00;0.00;0.00;0.05;0.05;0.05;4.99;8.59;1.70;27.05;19.93;14.64;6.00;0.93;1.03;0.24;0.46;24.26;5.07;8.98;12.23;3.21;0.00;0.01;0.52;0.62;0.00;37.40;39.21;173.53;51.69;6.97;5.17;1.88;4.30;0.52;1.52;4.60;3.22;4.75;0.65;
071020;17:12:21;2.98;19.00;12.43;4.70;6.32;5.13;3.01;0.00;0.00;0.00;0.05;0.05;0.05;4.62;8.45;1.51;26.16;19.57;13.88;5.88;0.92;0.99;0.23;0.46;22.63;4.93;7.76;11.72;3.12;0.00;0.01;0.52;0.61;0.00;38.56;44.32;200.33;52.33;7.49;5.49;1.98;4.51;1.94;5.15;21.03;9.69;12.40;2.44;
071020;17:12:24;2.98;19.05;12.46;4.71;6.33;5.14;3.02;0.00;0.00;0.00;0.05;0.05;0.05;4.72;8.48;1.56;26.40;19.66;14.08;5.91;0.92;1.00;0.23;0.46;22.98;4.96;8.01;11.83;3.14;0.00;0.01;0.52;0.61;0.00;44.50;78.87;393.95;55.48;10.51;5.45;1.96;4.48;0.49;1.44;4.30;3.07;4.56;0.61;
071020;17:12:26;2.97;18.97;12.42;4.69;6.31;5.13;3.01;0.00;0.00;0.00;0.05;0.05;0.05;4.65;8.46;1.53;26.24;19.60;13.95;5.90;0.92;1.00;0.23;0.46;22.55;4.92;7.70;11.69;3.12;0.00;0.01;0.52;0.61;0.00;45.58;86.85;441.09;56.02;11.13;4.66;1.72;3.95;0.68;1.93;6.20;3.99;5.73;0.84;
071020;17:12:28;2.98;19.04;12.46;4.71;6.33;5.14;3.02;0.00;0.00;0.00;0.05;0.05;0.05;4.72;8.49;1.56;26.42;19.67;14.09;5.96;0.93;1.02;0.23;0.46;23.63;5.02;8.50;12.04;3.18;0.00;0.01;0.52;0.61;0.00;42.02;62.66;300.74;54.20;9.18;6.36;2.24;5.07;0.47;1.38;4.08;2.95;4.41;0.59;
071020;17:12:31;2.97;18.97;12.42;4.69;6.31;5.13;3.01;0.00;0.00;0.00;0.05;0.05;0.05;4.61;8.44;1.51;26.14;19.56;13.86;5.96;0.93;1.01;0.23;0.46;22.84;4.95;7.91;11.79;3.14;0.00;0.01;0.52;0.61;0.00;41.78;61.22;292.64;54.07;9.06;5.99;2.13;4.84;0.41;1.21;3.48;2.63;3.98;0.51;
071020;17:12:33;2.96;18.83;12.35;4.66;6.27;5.10;2.99;0.00;0.00;0.00;0.05;0.05;0.05;4.34;8.33;1.38;25.48;19.29;13.30;5.87;0.92;0.99;0.23;0.46;21.57;4.83;7.00;11.38;3.07;0.00;0.01;0.51;0.61;0.00;43.11;69.43;339.20;54.77;9.75;5.68;2.03;4.64;17.68;40.70;274.74;62.54;62.75;22.85;
071020;17:12:35;2.93;18.59;12.22;4.61;6.20;5.06;2.96;0.00;0.00;0.00;0.05;0.05;0.05;4.05;8.22;1.24;24.75;18.99;12.70;5.75;0.91;0.96;0.23;0.45;19.67;4.65;5.77;10.75;2.96;0.00;0.01;0.51;0.61;0.00;41.82;61.46;293.98;54.09;9.08;8.32;2.81;6.30;0.36;1.06;2.96;2.34;3.60;0.44;
071020;17:12:38;2.98;19.05;12.46;4.71;6.33;5.14;3.02;0.00;0.00;0.00;0.05;0.05;0.05;4.72;8.49;1.56;26.42;19.67;14.10;6.06;0.94;1.04;0.24;0.47;22.98;4.96;8.01;11.83;3.14;0.00;0.01;0.52;0.61;0.00;46.13;91.16;466.87;56.30;11.45;8.05;2.74;6.13;0.38;1.11;3.12;2.43;3.72;0.46;
071020;17:12:40;2.98;19.06;12.46;4.71;6.34;5.15;3.02;0.00;0.00;0.00;0.05;0.05;0.05;4.74;8.49;1.57;26.45;19.69;14.13;6.07;0.94;1.04;0.24;0.47;23.05;4.97;8.06;11.85;3.15;0.00;0.01;0.52;0.61;0.00;51.05;137.00;752.91;58.67;14.55;8.34;2.82;6.32;0.88;2.46;8.39;4.98;6.94;1.10;
071020;17:12:42;2.97;18.98;12.42;4.70;6.31;5.13;3.01;0.00;0.00;0.00;0.05;0.05;0.05;4.48;8.39;1.45;25.84;19.44;13.61;6.00;0.93;1.02;0.24;0.46;21.60;4.84;7.03;11.39;3.07;0.00;0.01;0.51;0.61;0.00;49.64;122.46;660.02;58.01;13.62;6.52;2.29;5.18;0.84;2.35;7.92;4.77;6.69;1.04;
071020;17:12:45;2.93;18.62;12.24;4.62;6.21;5.06;2.97;0.00;0.00;0.00;0.05;0.05;0.05;3.75;8.08;1.11;23.96;18.65;12.05;5.72;0.91;0.95;0.23;0.45;18.13;4.50;4.85;10.22;2.86;0.00;0.01;0.51;0.60;0.00;48.47;111.23;589.59;57.45;12.87;7.26;2.51;5.65;0.60;1.73;5.41;3.62;5.26;0.75;
071020;17:12:47;2.91;18.43;12.14;4.57;6.15;5.02;2.94;0.00;0.00;0.00;0.04;0.04;0.05;3.49;7.96;1.00;23.23;18.34;11.47;5.65;0.90;0.93;0.22;0.45;16.63;4.34;4.04;9.69;2.77;0.00;0.01;0.50;0.60;0.00;29.27;14.62;54.57;46.77;3.90;6.12;2.17;4.92;8.33;20.15;114.57;33.16;36.13;10.68;
071020;17:12:49;2.91;18.43;12.14;4.57;6.15;5.02;2.94;0.00;0.00;0.00;0.04;0.04;0.05;3.47;7.95;0.99;23.18;18.31;11.43;5.64;0.90;0.93;0.22;0.45;16.34;4.31;3.90;9.59;2.75;0.00;0.01;0.50;0.60;0.00;34.47;28.25;118.14;50.00;5.75;6.26;2.21;5.01;0.89;2.49;8.53;5.03;7.01;1.11;
071020;17:12:52;2.92;18.51;12.18;4.59;6.17;5.04;2.95;0.00;0.00;0.00;0.04;0.04;0.05;3.56;8.00;1.03;23.44;18.43;11.64;5.72;0.91;0.95;0.23;0.45;16.78;4.36;4.12;9.74;2.78;0.00;0.01;0.50;0.60;0.00;49.61;122.11;657.85;57.99;13.60;7.15;2.47;5.58;0.54;1.56;4.75;3.29;4.85;0.67;
071020;17:12:54;2.92;18.53;12.19;4.60;6.18;5.04;2.96;0.00;0.00;0.00;0.04;0.04;0.05;3.62;8.02;1.05;23.59;18.49;11.75;5.75;0.91;0.96;0.23;0.45;16.75;4.35;4.10;9.73;2.77;0.00;0.01;0.50;0.60;0.00;43.44;71.57;351.48;54.94;9.93;5.79;2.07;4.71;1.10;3.03;10.86;6.00;8.17;1.38;
071020;17:12:56;2.92;18.53;12.19;4.60;6.18;5.04;2.96;0.00;0.00;0.00;0.04;0.04;0.05;3.56;8.00;1.03;23.43;18.42;11.63;5.76;0.91;0.96;0.23;0.45;16.74;4.35;4.10;9.73;2.77;0.00;0.01;0.50;0.60;0.00;47.66;103.99;544.84;57.06;12.37;8.03;2.73;6.12;9.42;22.60;132.20;36.78;39.55;12.09;
071020;17:12:58;2.93;18.57;12.21;4.61;6.19;5.05;2.96;0.00;0.00;0.00;0.04;0.04;0.05;3.68;8.05;1.08;23.77;18.57;11.90;5.81;0.92;0.98;0.23;0.45;16.99;4.38;4.23;9.82;2.79;0.00;0.01;0.50;0.60;0.00;47.56;103.11;539.42;57.01;12.31;8.41;2.84;6.36;0.58;1.67;5.18;3.51;5.12;0.72;
071020;17:13:01;2.92;18.54;12.20;4.60;6.18;5.05;2.96;0.00;0.00;0.00;0.04;0.04;0.05;3.67;8.05;1.08;23.75;18.56;11.88;5.84;0.92;0.98;0.23;0.46;17.17;4.40;4.32;9.88;2.80;0.00;0.01;0.50;0.60;0.00;54.97;184.58;1068.05;60.47;17.34;5.26;1.91;4.36;0.29;0.88;2.32;1.96;3.09;0.36;
071020;17:13:03;2.94;18.66;12.26;4.62;6.22;5.07;2.97;0.00;0.00;0.00;0.04;0.05;0.05;3.74;8.08;1.11;23.93;18.64;12.03;5.85;0.92;0.99;0.23;0.46;17.20;4.40;4.34;9.89;2.80;0.00;0.01;0.50;0.60;0.00;41.38;58.90;279.70;53.86;8.85;6.33;2.23;5.06;0.30;0.91;2.44;2.03;3.18;0.38;
071020;17:13:05;2.93;18.60;12.23;4.61;6.20;5.06;2.96;0.00;0.00;0.00;0.04;0.04;0.05;3.75;8.09;1.11;23.97;18.65;12.06;5.87;0.92;0.99;0.23;0.46;17.34;4.41;4.41;9.94;2.81;0.00;0.01;0.50;0.60;0.00;50.99;136.44;749.29;58.65;14.51;4.66;1.72;3.95;0.43;1.25;3.62;2.71;4.09;0.53;
071020;17:13:08;2.92;18.55;12.20;4.60;6.18;5.05;2.96;0.00;0.00;0.00;0.04;0.04;0.05;3.59;8.01;1.04;23.51;18.46;11.69;5.77;0.91;0.96;0.23;0.45;16.11;4.28;3.78;9.50;2.73;0.00;0.01;0.50;0.60;0.00;44.55;79.23;396.02;55.51;10.54;6.21;2.20;4.98;1.83;4.89;19.70;9.24;11.90;2.31;
071020;17:13:10;2.92;18.54;12.19;4.60;6.18;5.04;2.96;0.00;0.00;0.00;0.04;0.04;0.05;3.55;7.99;1.02;23.42;18.42;11.62;5.76;0.91;0.96;0.23;0.45;16.24;4.30;3.84;9.55;2.74;0.00;0.01;0.50;0.60;0.00;82.77;957.36;7365.85;71.46;45.65;7.88;2.69;6.03;0.05;0.18;0.32;0.46;0.88;0.06;
071020;17:13:12;2.93;18.58;12.21;4.61;6.19;5.05;2.96;0.00;0.00;0.00;0.04;0.04;0.05;3.61;8.02;1.05;23.58;18.49;11.75;5.83;0.92;0.98;0.23;0.46;17.01;4.38;4.24;9.83;2.79;0.00;0.01;0.50;0.60;0.00;30.75;17.83;68.83;47.72;4.38;5.11;1.86;4.26;0.77;2.17;7.16;4.44;6.28;0.96;
071020;17:13:15;2.94;18.71;12.28;4.64;6.23;5.08;2.98;0.00;0.00;0.00;0.05;0.05;0.05;3.76;8.09;1.12;23.99;18.66;12.08;5.93;0.93;1.01;0.23;0.46;17.30;4.41;4.39;9.93;2.81;0.00;0.01;0.50;0.60;0.00;49.81;124.16;670.82;58.09;13.73;8.22;2.78;6.24;0.82;2.29;7.69;4.67;6.57;1.02;
071020;17:13:17;2.95;18.78;12.32;4.65;6.25;5.09;2.99;0.00;0.00;0.00;0.05;0.05;0.05;3.94;8.17;1.19;24.46;18.86;12.46;5.99;0.93;1.02;0.23;0.46;18.14;4.50;4.86;10.23;2.86;0.00;0.01;0.51;0.60;0.00;94.21;1611.65;13569.50;75.33;62.01;9.34;3.11;6.92;0.04;0.13;0.21;0.35;0.68;0.05;
071020;17:13:19;2.95;18.79;12.33;4.65;6.26;5.09;2.99;0.00;0.00;0.00;0.05;0.05;0.05;4.09;8.23;1.26;24.85;19.02;12.77;6.05;0.94;1.04;0.24;0.46;18.32;4.52;4.96;10.29;2.87;0.00;0.01;0.51;0.60;0.00;44.29;77.41;385.37;55.37;10.40;6.63;2.32;5.25;0.31;0.93;2.51;2.07;3.24;0.38;
071020;17:13:22;2.96;18.84;12.35;4.66;6.27;5.10;2.99;0.00;0.00;0.00;0.05;0.05;0.05;4.19;8.28;1.31;25.12;19.14;13.00;6.08;0.94;1.05;0.24;0.47;19.47;4.63;5.64;10.68;2.94;0.00;0.01;0.51;0.61;0.00;54.49;178.20;1024.90;60.26;16.98;5.21;1.89;4.32;0.13;0.41;0.90;0.99;1.70;0.16;
071020;17:13:24;2.96;18.85;12.35;4.67;6.27;5.11;2.99;0.00;0.00;0.00;0.05;0.05;0.05;4.22;8.29;1.32;25.18;19.16;13.05;6.15;0.95;1.06;0.24;0.47;19.27;4.61;5.52;10.61;2.93;0.00;0.01;0.51;0.61;0.00;57.01;213.76;1268.73;61.38;18.90;7.50;2.58;5.79;0.51;1.47;4.42;3.12;4.63;0.63;
071020;17:13:26;2.95;18.81;12.33;4.66;6.26;5.10;2.99;0.00;0.00;0.00;0.05;0.05;0.05;4.22;8.29;1.32;25.19;19.17;13.06;6.16;0.95;1.07;0.24;0.47;19.09;4.59;5.41;10.55;2.92;0.00;0.01;0.51;0.61;0.00;31.85;20.53;81.24;48.40;4.76;6.63;2.32;5.25;1.83;4.90;19.74;9.26;11.91;2.31;
071020;17:13:29;2.99;19.10;12.48;4.72;6.35;5.15;3.02;0.00;0.00;0.00;0.05;0.05;0.05;4.63;8.45;1.52;26.20;19.58;13.91;6.33;0.96;1.11;0.25;0.48;20.96;4.78;6.59;11.18;3.03;0.00;0.01;0.51;0.61;0.00;45.83;88.81;452.80;56.15;11.27;8.20;2.78;6.22;1.05;2.91;10.32;5.78;7.91;1.32;
071020;17:13:31;3.01;19.29;12.58;4.76;6.40;5.19;3.04;0.00;0.00;0.00;0.05;0.05;0.05;5.08;8.62;1.74;27.25;20.01;14.81;6.47;0.97;1.15;0.25;0.48;23.11;4.97;8.11;11.87;3.15;0.00;0.01;0.52;0.61;0.00;48.40;110.56;585.42;57.41;12.82;8.62;2.90;6.48;0.68;1.94;6.25;4.02;5.77;0.85;
071020;17:13:33;3.01;19.32;12.60;4.77;6.41;5.20;3.05;0.00;0.00;0.00;0.05;0.05;0.05;5.22;8.67;1.81;27.57;20.14;15.10;6.48;0.97;1.16;0.25;0.48;23.75;5.03;8.59;12.07;3.18;0.00;0.01;0.52;0.61;0.00;26.67;10.06;35.19;45.03;3.13;7.30;2.52;5.67;159.75;318.57;3548.83;400.29;315.34;211.48;
071020;17:13:36;3.00;19.24;12.56;4.75;6.39;5.18;3.04;0.00;0.00;0.00;0.05;0.05;0.05;5.06;8.61;1.73;27.21;19.99;14.78;6.41;0.97;1.14;0.25;0.48;23.19;4.98;8.17;11.90;3.15;0.00;0.01;0.52;0.61;0.00;28.40;12.95;47.30;46.19;3.63;5.60;2.01;4.58;4.39;11.07;54.43;19.32;22.59;5.59;
071020;17:13:38;2.99;19.14;12.51;4.73;6.36;5.16;3.03;0.00;0.00;0.00;0.05;0.05;0.05;4.98;8.58;1.69;27.03;19.92;14.62;6.36;0.96;1.12;0.25;0.48;23.26;4.99;8.21;11.92;3.16;0.00;0.01;0.52;0.61;0.00;27.13;10.78;38.17;45.35;3.26;4.65;1.71;3.94;0.98;2.73;9.56;5.47;7.54;1.23;
071020;17:13:40;2.97;18.99;12.43;4.70;6.32;5.13;3.01;0.00;0.00;0.00;0.05;0.05;0.05;4.79;8.51;1.59;26.57;19.73;14.23;6.25;0.95;1.09;0.24;0.47;22.11;4.88;7.39;11.55;3.10;0.00;0.01;0.51;0.61;0.00;35.75;32.70;140.25;50.74;6.26;4.49;1.67;3.84;2.09;5.54;23.03;10.35;13.13;2.64;
071020;17:13:42;2.96;18.88;12.37;4.67;6.28;5.11;3.00;0.00;0.00;0.00;0.05;0.05;0.05;4.58;8.43;1.49;26.07;19.53;13.80;6.14;0.95;1.06;0.24;0.47;21.27;4.80;6.80;11.28;3.05;0.00;0.01;0.51;0.61;0.00;44.87;81.57;409.77;55.67;10.72;5.58;2.00;4.57;6.70;16.44;89.00;27.61;30.81;8.57;
071020;17:13:45;2.95;18.77;12.31;4.65;6.25;5.09;2.98;0.00;0.00;0.00;0.05;0.05;0.05;4.45;8.38;1.43;25.77;19.41;13.54;5.99;0.93;1.02;0.23;0.46;20.20;4.70;6.10;10.93;2.99;0.00;0.01;0.51;0.61;0.00;41.46;59.35;282.22;53.90;8.89;9.99;3.29;7.30;0.33;0.99;2.70;2.19;3.39;0.41;
071020;17:13:47;2.91;18.37;12.11;4.56;6.13;5.01;2.94;0.00;0.00;0.00;0.04;0.04;0.05;3.89;8.15;1.17;24.32;18.80;12.35;5.72;0.91;0.95;0.23;0.45;17.24;4.40;4.36;9.91;2.81;0.00;0.01;0.50;0.60;0.00;48.61;112.59;598.07;57.52;12.96;6.38;2.25;5.09;0.81;2.27;7.60;4.63;6.52;1.01;
071020;17:13:49;2.90;18.29;12.07;4.54;6.11;5.00;2.93;0.00;0.00;0.00;0.04;0.04;0.04;3.54;7.99;1.02;23.39;18.41;11.60;5.62;0.90;0.93;0.22;0.45;15.61;4.23;3.54;9.32;2.70;0.00;0.01;0.50;0.60;0.00;46.32;92.69;476.09;56.40;11.56;7.37;2.54;5.72;0.79;2.23;7.44;4.56;6.44;0.99;
071020;17:13:52;2.89;18.24;12.04;4.53;6.09;4.99;2.92;0.00;0.00;0.00;0.04;0.04;0.04;3.42;7.93;0.97;23.03;18.25;11.31;5.58;0.90;0.92;0.22;0.44;15.20;4.18;3.34;9.16;2.67;0.00;0.01;0.50;0.60;0.00;54.51;178.36;1025.97;60.26;16.99;7.43;2.56;5.75;0.57;1.64;5.07;3.45;5.05;0.71;
071020;17:13:54;2.89;18.23;12.03;4.53;6.09;4.98;2.92;0.00;0.00;0.00;0.04;0.04;0.04;3.36;7.90;0.94;22.86;18.18;11.18;5.56;0.89;0.91;0.22;0.44;15.00;4.16;3.25;9.09;2.66;0.00;0.00;0.50;0.60;0.00;71.16;521.23;3609.70;67.19;31.92;9.35;3.11;6.92;0.03;0.10;0.16;0.29;0.58;0.04;
071020;17:13:56;2.89;18.27;12.05;4.54;6.10;4.99;2.93;0.00;0.00;0.00;0.04;0.04;0.04;3.35;7.89;0.94;22.83;18.16;11.15;5.54;0.89;0.91;0.22;0.44;15.08;4.17;3.28;9.12;2.66;0.00;0.00;0.50;0.60;0.00;38.13;42.37;190.03;52.09;7.29;5.83;2.08;4.73;0.47;1.36;4.02;2.92;4.36;0.58;
071020;17:13:59;2.88;18.19;12.02;4.52;6.08;4.98;2.92;0.00;0.00;0.00;0.04;0.04;0.04;3.35;7.89;0.94;22.82;18.16;11.15;5.53;0.89;0.90;0.22;0.44;14.86;4.14;3.19;9.04;2.65;0.00;0.01;0.50;0.60;0.00;48.98;116.03;619.58;57.69;13.19;6.49;2.28;5.16;0.36;1.07;2.97;2.34;3.60;0.45;
071020;17:14:01;2.89;18.22;12.03;4.53;6.09;4.98;2.92;0.00;0.00;0.00;0.04;0.04;0.04;3.38;7.91;0.95;22.91;18.20;11.22;5.53;0.89;0.90;0.22;0.44;14.93;4.15;3.22;9.07;2.65;0.00;0.00;0.50;0.60;0.00;26.85;10.34;36.32;45.15;3.18;5.77;2.06;4.69;84.13;174.95;1684.28;233.10;197.03;110.60;
071020;17:14:03;2.89;18.22;12.03;4.53;6.09;4.98;2.92;0.00;0.00;0.00;0.04;0.04;0.04;3.38;7.91;0.95;22.93;18.21;11.23;5.53;0.89;0.90;0.22;0.44;15.06;4.16;3.28;9.11;2.66;0.00;0.01;0.50;0.60;0.00;33.45;25.01;102.41;49.38;5.35;8.00;2.72;6.10;0.85;2.40;8.12;4.86;6.80;1.07;
071020;17:14:06;2.88;18.14;11.99;4.51;6.06;4.97;2.91;0.00;0.00;0.00;0.04;0.04;0.04;3.35;7.89;0.94;22.84;18.17;11.16;5.45;0.88;0.88;0.22;0.44;14.75;4.13;3.14;9.00;2.64;0.00;0.00;0.50;0.59;0.00;68.98;459.97;3117.30;66.34;29.66;8.59;2.89;6.46;0.21;0.66;1.62;1.51;2.46;0.26;
071020;17:14:08;2.87;18.09;11.96;4.50;6.05;4.96;2.90;0.00;0.00;0.00;0.04;0.04;0.04;3.31;7.88;0.92;22.74;18.12;11.08;5.44;0.88;0.88;0.22;0.44;14.69;4.12;3.11;8.97;2.64;0.00;0.00;0.50;0.59;0.00;70.33;497.19;3415.19;66.87;31.05;7.39;2.54;5.73;0.15;0.48;1.10;1.14;1.92;0.19;
071020;17:14:10;2.87;18.07;11.95;4.49;6.04;4.95;2.90;0.00;0.00;0.00;0.04;0.04;0.04;3.31;7.87;0.92;22.71;18.11;11.06;5.43;0.88;0.88;0.21;0.44;14.90;4.15;3.20;9.05;2.65;0.00;0.00;0.50;0.59;0.00;42.53;65.73;318.10;54.46;9.44;4.43;1.65;3.79;2.10;5.57;23.14;10.39;13.17;2.66;
071020;17:14:13;2.87;18.03;11.93;4.48;6.03;4.95;2.90;0.00;0.00;0.00;0.04;0.04;0.04;3.31;7.87;0.92;22.71;18.11;11.06;5.43;0.88;0.88;0.21;0.44;14.94;4.15;3.22;9.07;2.65;0.00;0.00;0.50;0.60;0.00;77.95;752.08;5549.66;69.73;39.61;5.37;1.94;4.43;0.10;0.31;0.64;0.77;1.37;0.12;
071020;17:14:15;2.87;18.02;11.93;4.48;6.03;4.94;2.90;0.00;0.00;0.00;0.04;0.04;0.04;3.34;7.89;0.93;22.80;18.15;11.13;5.38;0.88;0.87;0.21;0.44;15.06;4.16;3.28;9.12;2.66;0.00;0.01;0.50;0.60;0.00;56.80;210.47;1245.90;61.28;18.73;6.90;2.40;5.42;0.27;0.82;2.13;1.84;2.92;0.33;
071020;17:14:17;2.87;18.02;11.93;4.48;6.03;4.94;2.90;0.00;0.00;0.00;0.04;0.04;0.04;3.34;7.89;0.94;22.82;18.16;11.14;5.41;0.88;0.87;0.21;0.44;15.32;4.19;3.40;9.21;2.68;0.00;0.01;0.50;0.60;0.00;56.46;205.51;1211.50;61.14;18.47;5.86;2.09;4.75;0.10;0.34;0.71;0.83;1.46;0.13;
071020;17:14:19;2.87;18.02;11.93;4.48;6.03;4.94;2.90;0.00;0.00;0.00;0.04;0.04;0.04;3.34;7.89;0.94;22.82;18.16;11.15;5.35;0.87;0.86;0.21;0.43;14.91;4.15;3.21;9.06;2.65;0.00;0.01;0.50;0.60;0.00;43.10;69.39;338.99;54.76;9.75;7.44;2.56;5.76;2.19;5.78;24.24;10.74;13.56;2.77;
071020;17:14:22;2.87;18.10;11.97;4.50;6.05;4.96;2.91;0.00;0.00;0.00;0.04;0.04;0.04;3.44;7.94;0.98;23.09;18.28;11.36;5.38;0.88;0.87;0.21;0.44;15.75;4.24;3.60;9.37;2.71;0.00;0.01;0.50;0.60;0.00;62.70;313.31;1986.83;63.81;23.66;5.16;1.88;4.29;0.09;0.29;0.58;0.72;1.28;0.11;
071020;17:14:24;2.88;18.12;11.98;4.50;6.06;4.96;2.91;0.00;0.00;0.00;0.04;0.04;0.04;3.43;7.93;0.97;23.06;18.26;11.33;5.36;0.88;0.86;0.21;0.44;15.69;4.24;3.57;9.35;2.70;0.00;0.01;0.50;0.60;0.00;60.33;268.27;1656.09;62.81;21.60;5.57;2.00;4.56;0.16;0.51;1.17;1.19;2.01;0.20;
071020;17:14:26;2.85;17.92;11.87;4.46;6.00;4.92;2.89;0.00;0.00;0.00;0.04;0.04;0.04;3.21;7.82;0.88;22.42;17.99;10.83;5.26;0.87;0.84;0.21;0.43;14.87;4.14;3.19;9.04;2.65;0.00;0.00;0.50;0.59;0.00;43.55;72.34;355.96;55.00;9.99;5.13;1.86;4.27;0.24;0.72;1.82;1.64;2.65;0.29;
071020;17:14:29;2.85;17.92;11.87;4.46;6.00;4.92;2.89;0.00;0.00;0.00;0.04;0.04;0.04;3.22;7.83;0.89;22.47;18.01;10.87;5.24;0.86;0.83;0.21;0.43;14.38;4.08;2.97;8.86;2.61;0.00;0.00;0.50;0.59;0.00;48.19;108.69;573.85;57.31;12.70;7.43;2.55;5.75;1.06;2.94;10.47;5.84;7.98;1.33;
071020;17:14:31;2.85;17.88;11.85;4.45;5.99;4.92;2.88;0.00;0.00;0.00;0.04;0.04;0.04;3.17;7.80;0.86;22.31;17.94;10.74;5.23;0.86;0.83;0.21;0.43;14.50;4.10;3.03;8.90;2.62;0.00;0.00;0.50;0.59;0.00;47.24;100.34;522.50;56.85;12.11;5.56;2.00;4.56;1.37;3.72;14.00;7.22;9.59;1.72;
071020;17:14:33;2.84;17.83;11.83;4.44;5.97;4.91;2.88;0.00;0.00;0.00;0.04;0.04;0.04;3.16;7.80;0.86;22.27;17.92;10.72;5.23;0.86;0.83;0.21;0.43;14.31;4.08;2.94;8.83;2.61;0.00;0.00;0.50;0.59;0.00;56.76;209.96;1242.33;61.27;18.70;6.06;2.15;4.88;0.20;0.63;1.53;1.45;2.37;0.25;
071020;17:14:36;2.84;17.82;11.82;4.44;5.97;4.91;2.87;0.00;0.00;0.00;0.04;0.04;0.04;3.18;7.81;0.87;22.35;17.96;10.78;5.22;0.86;0.83;0.21;0.43;14.49;4.10;3.02;8.90;2.62;0.00;0.00;0.50;0.59;0.00;89.64;1319.76;10734.24;73.82;55.13;7.28;2.51;5.66;0.11;0.34;0.71;0.83;1.47;0.13;
071020;17:14:38;2.84;17.78;11.80;4.43;5.96;4.90;2.87;0.00;0.00;0.00;0.04;0.04;0.04;3.13;7.78;0.85;22.19;17.89;10.66;5.20;0.86;0.82;0.21;0.43;14.30;4.08;2.94;8.83;2.61;0.00;0.00;0.50;0.59;0.00;96.38;1766.29;15109.25;76.03;65.44;7.96;2.71;6.08;0.10;0.32;0.68;0.80;1.42;0.12;
071020;17:14:40;2.84;17.77;11.80;4.43;5.95;4.90;2.87;0.00;0.00;0.00;0.04;0.04;0.04;3.09;7.76;0.83;22.07;17.83;10.57;5.15;0.86;0.81;0.20;0.43;14.27;4.07;2.92;8.82;2.61;0.00;0.00;0.50;0.59;0.00;70.42;499.83;3436.47;66.90;31.15;7.61;2.61;5.87;0.34;1.01;2.77;2.23;3.45;0.42;
071020;17:14:43;2.84;17.77;11.80;4.43;5.95;4.90;2.87;0.00;0.00;0.00;0.04;0.04;0.04;3.11;7.77;0.84;22.14;17.86;10.62;5.14;0.86;0.81;0.20;0.43;14.59;4.11;3.06;8.94;2.63;0.00;0.00;0.50;0.59;0.00;52.45;152.81;855.81;59.33;15.51;6.71;2.34;5.30;0.41;1.20;3.44;2.61;3.96;0.51;
071020;17:14:45;2.84;17.77;11.80;4.43;5.95;4.90;2.87;0.00;0.00;0.00;0.04;0.04;0.04;3.12;7.77;0.84;22.15;17.87;10.62;5.14;0.86;0.81;0.20;0.43;14.65;4.12;3.09;8.96;2.63;0.00;0.00;0.50;0.59;0.00;43.89;74.61;369.07;55.17;10.18;6.59;2.31;5.22;0.32;0.95;2.57;2.11;3.29;0.39;
071020;17:14:47;2.84;17.77;11.80;4.43;5.95;4.90;2.87;0.00;0.00;0.00;0.04;0.04;0.04;3.12;7.77;0.84;22.15;17.87;10.63;5.12;0.85;0.80;0.20;0.42;14.67;4.12;3.10;8.97;2.63;0.00;0.00;0.50;0.59;0.00;52.07;148.40;826.90;59.15;15.25;8.32;2.81;6.30;0.34;1.01;2.77;2.22;3.45;0.42;
071020;17:14:50;2.84;17.77;11.80;4.43;5.95;4.90;2.87;0.00;0.00;0.00;0.04;0.04;0.04;3.15;7.79;0.86;22.24;17.91;10.70;5.10;0.85;0.80;0.20;0.42;14.78;4.13;3.15;9.01;2.64;0.00;0.00;0.50;0.59;0.00;37.91;41.42;185.05;51.97;7.20;7.17;2.48;5.59;0.58;1.68;5.23;3.53;5.15;0.73;
071020;17:14:52;2.83;17.73;11.78;4.42;5.94;4.89;2.86;0.00;0.00;0.00;0.04;0.04;0.04;3.12;7.78;0.85;22.17;17.88;10.64;5.08;0.85;0.79;0.20;0.42;14.58;4.11;3.06;8.93;2.63;0.00;0.00;0.50;0.59;0.00;36.18;34.32;148.43;50.99;6.44;5.59;2.01;4.58;2.93;7.59;34.01;13.74;16.79;3.71;
071020;17:14:54;2.83;17.72;11.77;4.41;5.94;4.89;2.86;0.00;0.00;0.00;0.04;0.04;0.04;3.12;7.78;0.84;22.16;17.87;10.63;5.07;0.85;0.79;0.20;0.42;14.76;4.13;3.14;9.00;2.64;0.00;0.00;0.50;0.59;0.00;39.72;49.93;230.43;52.97;8.03;7.08;2.45;5.53;2.95;7.63;34.23;13.80;16.86;3.73;
071020;17:14:56;2.83;17.72;11.77;4.41;5.94;4.89;2.86;0.00;0.00;0.00;0.04;0.04;0.04;3.12;7.78;0.84;22.15;17.87;10.63;5.11;0.85;0.80;0.20;0.42;14.69;4.12;3.11;8.98;2.64;0.00;0.00;0.50;0.59;0.00;46.67;95.57;493.48;56.57;11.77;7.92;2.70;6.06;0.31;0.92;2.45;2.04;3.20;0.38;
071020;17:14:59;2.83;17.68;11.75;4.41;5.93;4.88;2.86;0.00;0.00;0.00;0.04;0.04;0.04;3.15;7.79;0.86;22.24;17.91;10.70;5.07;0.85;0.79;0.20;0.42;14.78;4.13;3.15;9.01;2.64;0.00;0.00;0.50;0.59;0.00;42.51;65.64;317.57;54.46;9.44;6.23;2.20;4.99;1.95;5.17;21.13;9.73;12.43;2.45;
071020;17:15:01;2.82;17.59;11.71;4.39;5.90;4.86;2.85;0.00;0.00;0.00;0.04;0.04;0.04;3.09;7.76;0.83;22.08;17.84;10.57;5.08;0.85;0.79;0.20;0.42;14.47;4.10;3.01;8.89;2.62;0.00;0.00;0.50;0.59;0.00;41.79;61.29;293.03;54.08;9.06;7.80;2.66;5.98;0.27;0.83;2.17;1.87;2.96;0.34;
071020;17:15:03;2.81;17.54;11.68;4.37;5.88;4.85;2.84;0.00;0.00;0.00;0.04;0.04;0.04;3.06;7.74;0.82;21.96;17.78;10.48;5.05;0.85;0.78;0.20;0.42;14.41;4.09;2.99;8.87;2.62;0.00;0.00;0.50;0.59;0.00;55.79;195.85;1145.00;60.84;17.95;8.10;2.75;6.16;0.38;1.13;3.20;2.47;3.78;0.48;
071020;17:15:06;2.82;17.61;11.71;4.39;5.90;4.86;2.85;0.00;0.00;0.00;0.04;0.04;0.04;3.11;7.77;0.84;22.12;17.85;10.60;5.06;0.85;0.79;0.20;0.42;14.84;4.14;3.18;9.03;2.65;0.00;0.00;0.50;0.59;0.00;63.83;336.72;2162.06;64.27;24.69;6.24;2.20;5.00;0.09;0.29;0.60;0.73;1.31;0.11;
071020;17:15:08;2.82;17.62;11.72;4.39;5.91;4.87;2.85;0.00;0.00;0.00;0.04;0.04;0.04;3.06;7.74;0.82;21.97;17.79;10.49;5.05;0.85;0.78;0.20;0.42;14.82;4.14;3.17;9.02;2.64;0.00;0.00;0.50;0.59;0.00;60.53;271.85;1682.05;62.90;21.77;7.72;2.64;5.93;0.09;0.30;0.62;0.75;1.34;0.11;
071020;17:15:10;2.82;17.66;11.74;4.40;5.92;4.87;2.86;0.00;0.00;0.00;0.04;0.04;0.04;3.14;7.78;0.85;22.20;17.89;10.67;5.07;0.85;0.79;0.20;0.42;15.27;4.19;3.37;9.19;2.68;0.00;0.00;0.50;0.59;0.00;39.43;48.51;222.76;52.81;7.90;6.73;2.35;5.31;0.14;0.44;1.00;1.06;1.81;0.17;
071020;17:15:13;2.81;17.55;11.68;4.38;5.89;4.85;2.84;0.00;0.00;0.00;0.04;0.04;0.04;3.12;7.78;0.85;22.16;17.87;10.64;5.05;0.85;0.78;0.20;0.42;15.24;4.18;3.36;9.18;2.67;0.00;0.00;0.50;0.59;0.00;60.96;279.69;1739.12;63.08;22.14;7.28;2.51;5.66;0.17;0.54;1.28;1.27;2.11;0.21;
071020;17:15:15;2.81;17.53;11.67;4.37;5.88;4.85;2.84;0.00;0.00;0.00;0.04;0.04;0.04;3.12;7.78;0.84;22.16;17.87;10.63;5.00;0.84;0.77;0.20;0.42;14.78;4.13;3.15;9.01;2.64;0.00;0.00;0.50;0.59;0.00;39.05;46.63;212.65;52.60;7.72;6.77;2.36;5.34;1.54;4.17;16.15;8.00;10.49;1.94;
071020;17:15:17;2.83;17.72;11.77;4.41;5.94;4.89;2.86;0.00;0.00;0.00;0.04;0.04;0.04;3.30;7.87;0.92;22.69;18.10;11.04;5.05;0.85;0.78;0.20;0.42;15.49;4.21;3.48;9.27;2.69;0.00;0.00;0.50;0.59;0.00;43.68;73.23;361.07;55.06;10.06;5.15;1.87;4.28;2.53;6.61;28.64;12.12;15.06;3.20;
071020;17:15:20;2.84;17.76;11.79;4.42;5.95;4.89;2.87;0.00;0.00;0.00;0.04;0.04;0.04;3.30;7.87;0.92;22.70;18.11;11.06;5.12;0.85;0.80;0.20;0.42;15.99;4.27;3.72;9.46;2.72;0.00;0.00;0.50;0.60;0.00;40.09;51.83;240.72;53.17;8.21;5.63;2.02;4.60;0.83;2.32;7.81;4.72;6.64;1.03;
071020;17:15:22;2.83;17.69;11.75;4.41;5.93;4.88;2.86;0.00;0.00;0.00;0.04;0.04;0.04;3.21;7.82;0.88;22.44;17.99;10.85;5.04;0.85;0.78;0.20;0.42;15.62;4.23;3.54;9.32;2.70;0.00;0.00;0.50;0.59;0.00;47.24;100.34;522.46;56.85;12.11;6.36;2.24;5.08;0.20;0.60;1.46;1.40;2.30;0.24;
071020;17:15:24;2.81;17.52;11.67;4.37;5.88;4.85;2.84;0.00;0.00;0.00;0.04;0.04;0.04;3.02;7.72;0.81;21.86;17.74;10.40;4.97;0.84;0.76;0.20;0.42;14.74;4.13;3.13;9.00;2.64;0.00;0.00;0.50;0.59;0.00;45.55;86.63;439.79;56.01;11.11;5.55;2.00;4.55;0.40;1.18;3.37;2.56;3.90;0.50;
071020;17:15:27;2.79;17.37;11.59;4.34;5.83;4.82;2.82;0.00;0.00;0.00;0.04;0.04;0.04;2.98;7.70;0.79;21.75;17.69;10.32;4.92;0.84;0.75;0.20;0.42;14.57;4.11;3.06;8.93;2.63;0.00;0.00;0.49;0.59;0.00;68.78;454.52;3073.99;66.26;29.45;7.09;2.45;5.54;0.07;0.23;0.45;0.59;1.09;0.09;
071020;17:15:29;2.79;17.34;11.57;4.33;5.82;4.81;2.82;0.00;0.00;0.00;0.04;0.04;0.04;2.95;7.68;0.78;21.64;17.64;10.23;4.91;0.83;0.75;0.20;0.42;14.21;4.07;2.90;8.79;2.60;0.00;0.00;0.50;0.59;0.00;54.21;174.50;999.97;60.13;16.77;7.59;2.60;5.85;0.28;0.84;2.20;1.88;2.98;0.34;
071020;17:15:31;2.80;17.45;11.63;4.35;5.86;4.83;2.83;0.00;0.00;0.00;0.03;0.04;0.04;2.97;7.70;0.79;21.70;17.67;10.28;4.94;0.84;0.76;0.20;0.42;14.47;4.10;3.01;8.89;2.62;0.00;0.00;0.50;0.59;0.00;70.72;508.52;3506.71;67.02;31.46;4.93;1.80;4.13;0.07;0.23;0.43;0.57;1.06;0.08;
071020;17:15:34;2.80;17.47;11.64;4.36;5.86;4.84;2.83;0.00;0.00;0.00;0.04;0.04;0.04;2.97;7.70;0.79;21.72;17.67;10.29;4.93;0.84;0.76;0.20;0.42;14.30;4.08;2.94;8.83;2.61;0.00;0.00;0.50;0.59;0.00;70.63;505.78;3484.50;66.98;31.36;7.84;2.67;6.00;0.77;2.18;7.23;4.46;6.32;0.96;
071020;17:15:36;2.81;17.51;11.66;4.37;5.88;4.84;2.84;0.00;0.00;0.00;0.04;0.04;0.04;2.98;7.70;0.79;21.72;17.68;10.29;4.96;0.84;0.76;0.20;0.42;14.71;4.12;3.12;8.98;2.64;0.00;0.00;0.50;0.59;0.00;46.80;96.58;499.61;56.63;11.84;5.91;2.10;4.78;2.22;5.85;24.61;10.86;13.69;2.80;
071020;17:15:38;2.81;17.52;11.67;4.37;5.88;4.85;2.84;0.00;0.00;0.00;0.04;0.04;0.04;3.12;7.77;0.84;22.15;17.87;10.63;4.98;0.84;0.77;0.20;0.42;15.71;4.24;3.58;9.35;2.71;0.00;0.00;0.50;0.59;0.00;33.39;24.85;101.61;49.35;5.33;5.65;2.02;4.61;0.35;1.03;2.85;2.27;3.51;0.43;
071020;17:15:40;2.81;17.52;11.67;4.37;5.88;4.85;2.84;0.00;0.00;0.00;0.04;0.04;0.04;3.21;7.82;0.88;22.42;17.98;10.83;5.03;0.85;0.78;0.20;0.42;16.16;4.29;3.80;9.52;2.74;0.00;0.00;0.50;0.60;0.00;77.15;721.51;5286.01;69.44;38.65;6.85;2.39;5.39;0.10;0.34;0.71;0.83;1.46;0.13;
071020;17:15:43;2.79;17.41;11.61;4.34;5.85;4.82;2.83;0.00;0.00;0.00;0.04;0.04;0.04;3.11;7.77;0.84;22.12;17.85;10.60;4.97;0.84;0.76;0.20;0.42;15.53;4.22;3.50;9.29;2.69;0.00;0.00;0.50;0.59;0.00;25.18;7.99;26.84;43.99;2.73;6.46;2.27;5.14;17.73;40.81;275.65;62.69;62.88;22.91;
071020;17:15:45;2.81;17.50;11.66;4.37;5.87;4.84;2.84;0.00;0.00;0.00;0.04;0.04;0.04;3.20;7.82;0.88;22.41;17.98;10.83;5.03;0.85;0.78;0.20;0.42;16.37;4.31;3.91;9.59;2.75;0.00;0.00;0.50;0.59;0.00;27.22;10.91;38.71;45.40;3.28;5.92;2.11;4.79;1.25;3.43;12.66;6.71;9.00;1.57;
071020;17:15:47;2.80;17.44;11.63;4.35;5.86;4.83;2.83;0.00;0.00;0.00;0.04;0.04;0.04;3.11;7.77;0.84;22.12;17.85;10.60;4.98;0.84;0.77;0.20;0.42;15.81;4.25;3.63;9.39;2.71;0.00;0.00;0.50;0.59;0.00;19.14;2.65;7.35;39.33;1.43;5.15;1.87;4.28;0.62;1.79;5.63;3.73;5.40;0.78;
071020;17:15:50;2.81;17.51;11.66;4.37;5.88;4.84;2.84;0.00;0.00;0.00;0.04;0.04;0.04;3.26;7.85;0.90;22.59;18.06;10.96;5.03;0.85;0.78;0.20;0.42;16.55;4.33;4.00;9.66;2.76;0.00;0.00;0.50;0.60;0.00;21.10;3.92;11.64;40.92;1.80;5.31;1.92;4.39;0.40;1.18;3.38;2.57;3.91;0.50;
071020;17:15:52;2.80;17.48;11.65;4.36;5.87;4.84;2.83;0.00;0.00;0.00;0.04;0.04;0.04;3.27;7.85;0.90;22.59;18.06;10.97;5.04;0.85;0.78;0.20;0.42;16.57;4.33;4.01;9.67;2.76;0.00;0.00;0.50;0.60;0.00;28.76;13.63;50.25;46.44;3.74;5.86;2.09;4.75;0.17;0.53;1.24;1.25;2.08;0.21;
071020;17:15:54;2.78;17.28;11.54;4.32;5.81;4.80;2.81;0.00;0.00;0.00;0.04;0.04;0.04;2.89;7.65;0.75;21.46;17.56;10.10;4.86;0.83;0.74;0.19;0.41;14.92;4.15;3.21;9.06;2.65;0.00;0.00;0.50;0.59;0.00;26.37;9.61;33.33;44.82;3.05;6.29;2.22;5.03;0.08;0.27;0.54;0.68;1.22;0.10;
071020;17:15:57;2.78;17.24;11.52;4.31;5.80;4.79;2.81;0.00;0.00;0.00;0.03;0.04;0.04;2.85;7.63;0.74;21.32;17.50;10.00;4.84;0.83;0.74;0.19;0.41;14.50;4.10;3.02;8.90;2.62;0.00;0.00;0.49;0.59;0.00;29.51;15.12;56.75;46.93;3.98;6.79;2.37;5.35;0.82;2.31;7.74;4.69;6.60;1.02;
071020;17:15:59;2.75;17.05;11.42;4.26;5.74;4.75;2.78;0.00;0.00;0.00;0.03;0.04;0.04;2.69;7.53;0.68;20.80;17.26;9.60;4.78;0.82;0.72;0.19;0.41;13.77;4.01;2.71;8.62;2.57;0.00;0.00;0.49;0.59;0.00;37.67;40.37;179.56;51.84;7.09;6.74;2.35;5.32;0.45;1.33;3.89;2.85;4.27;0.56;
071020;17:16:01;2.75;17.01;11.40;4.25;5.73;4.74;2.78;0.00;0.00;0.00;0.03;0.04;0.04;2.65;7.52;0.66;20.69;17.21;9.52;4.76;0.82;0.71;0.19;0.41;13.53;3.98;2.61;8.53;2.55;0.00;0.00;0.49;0.59;0.00;31.76;20.32;80.28;48.35;4.74;7.33;2.53;5.69;17.09;39.43;264.08;60.77;61.20;22.07;
071020;17:16:04;2.73;16.85;11.31;4.22;5.68;4.71;2.76;0.00;0.00;0.00;0.03;0.04;0.04;2.60;7.48;0.64;20.51;17.13;9.39;4.71;0.82;0.70;0.19;0.41;13.48;3.98;2.59;8.51;2.55;0.00;0.00;0.49;0.58;0.00;42.57;66.00;319.62;54.49;9.47;8.24;2.79;6.25;0.59;1.71;5.32;3.57;5.20;0.74;
071020;17:16:06;2.71;16.67;11.22;4.18;5.62;4.68;2.74;0.00;0.00;0.00;0.03;0.04;0.04;2.56;7.46;0.63;20.39;17.08;9.30;4.69;0.81;0.70;0.19;0.40;13.26;3.95;2.50;8.43;2.53;0.00;0.00;0.49;0.58;0.00;26.55;9.87;34.42;44.94;3.10;7.07;2.45;5.53;7.86;19.09;107.16;31.59;34.64;10.07;
071020;17:16:08;2.70;16.60;11.18;4.16;5.60;4.66;2.73;0.00;0.00;0.00;0.03;0.04;0.04;2.51;7.43;0.61;20.20;16.99;9.17;4.64;0.81;0.69;0.19;0.40;13.32;3.96;2.53;8.45;2.54;0.00;0.00;0.49;0.58;0.00;24.08;6.67;21.74;43.19;2.46;6.67;2.33;5.27;191.33;377.10;4376.90;466.08;359.97;253.80;
071020;17:16:11;2.70;16.58;11.17;4.16;5.60;4.66;2.73;0.00;0.00;0.00;0.03;0.04;0.04;2.52;7.43;0.62;20.25;17.01;9.20;4.62;0.81;0.68;0.19;0.40;13.44;3.97;2.57;8.49;2.54;0.00;0.00;0.49;0.58;0.00;27.57;11.51;41.18;45.64;3.39;7.28;2.51;5.66;2.57;6.72;29.25;12.31;15.27;3.26;
071020;17:16:13;2.67;16.36;11.05;4.11;5.53;4.62;2.70;0.00;0.00;0.00;0.03;0.04;0.04;2.43;7.38;0.58;19.93;16.87;8.97;4.60;0.80;0.68;0.18;0.40;13.46;3.97;2.58;8.50;2.55;0.00;0.00;0.49;0.58;0.00;53.14;161.10;910.51;59.65;16.00;7.78;2.66;5.97;0.39;1.14;3.24;2.49;3.81;0.48;
071020;17:16:15;2.67;16.32;11.03;4.10;5.52;4.61;2.69;0.00;0.00;0.00;0.03;0.04;0.04;2.41;7.37;0.58;19.87;16.84;8.93;4.59;0.80;0.68;0.18;0.40;13.36;3.96;2.54;8.47;2.54;0.00;0.00;0.49;0.58;0.00;42.27;64.16;309.22;54.33;9.31;9.19;3.06;6.82;0.93;2.58;8.91;5.20;7.21;1.16;
071020;17:16:17;2.67;16.34;11.05;4.10;5.53;4.61;2.70;0.00;0.00;0.00;0.03;0.04;0.04;2.48;7.41;0.60;20.10;16.94;9.09;4.59;0.80;0.68;0.18;0.40;13.55;3.99;2.62;8.54;2.55;0.00;0.00;0.49;0.58;0.00;20.44;3.45;10.02;40.40;1.67;6.83;2.38;5.38;0.34;1.02;2.80;2.25;3.47;0.42;
071020;17:16:20;2.64;16.06;10.90;4.04;5.44;4.56;2.66;0.00;0.00;0.00;0.03;0.04;0.04;2.38;7.34;0.56;19.75;16.78;8.84;4.53;0.80;0.66;0.18;0.40;13.48;3.98;2.59;8.51;2.55;0.00;0.00;0.48;0.58;0.00;27.18;10.87;38.51;45.38;3.28;6.35;2.24;5.07;0.28;0.85;2.25;1.91;3.02;0.35;
071020;17:16:22;2.63;16.01;10.87;4.03;5.43;4.54;2.66;0.00;0.00;0.00;0.03;0.04;0.04;2.36;7.33;0.56;19.68;16.75;8.79;4.51;0.80;0.66;0.18;0.40;13.26;3.95;2.51;8.43;2.53;0.00;0.00;0.48;0.58;0.00;25.74;8.72;29.74;44.38;2.88;4.67;1.72;3.96;0.11;0.35;0.75;0.86;1.51;0.13;
071020;17:16:24;2.66;16.28;11.01;4.09;5.51;4.60;2.69;0.00;0.00;0.00;0.03;0.04;0.04;2.44;7.39;0.59;19.98;16.89;9.00;4.58;0.80;0.67;0.18;0.40;13.84;4.02;2.74;8.65;2.57;0.00;0.00;0.48;0.58;0.00;31.96;20.83;82.62;48.47;4.80;5.02;1.83;4.20;0.13;0.42;0.92;1.00;1.72;0.16;
071020;17:16:27;2.66;16.23;10.99;4.08;5.49;4.59;2.68;0.00;0.00;0.00;0.03;0.04;0.04;2.37;7.34;0.56;19.72;16.77;8.82;4.59;0.80;0.68;0.18;0.40;13.23;3.95;2.49;8.41;2.53;0.00;0.00;0.48;0.58;0.00;26.57;9.90;34.54;44.96;3.10;5.26;1.91;4.36;0.24;0.74;1.88;1.68;2.70;0.30;
