4.45,33.32,19.33,7.80,10.42,7.67,4.54||0.00,0.00,0.00,0.08,0.07,0.08||55.69,14.28,60.83,75.21,34.83,75.54||9.38,1.20,2.05,0.35,0.59||47.23,6.69,36.76,18.46,4.17||0.02,0.05,0.70,0.81,0.01||30.89,18.16,70.33,47.80,4.43||10.22,3.35,7.44||0.89,2.48,8.46,5.01,6.98,1.11||
3.00,19.25,12.56,4.76,6.39,5.18,3.04||0.00,0.00,0.00,0.04,0.04,0.04||4.82,8.52,1.61,26.64,19.76,14.29||3.95,0.74,0.54,0.16,0.37||15.59,4.22,3.53,9.31,2.70||0.00,0.01,0.53,0.63,0.00||7.60,0.06,0.09,26.98,0.16||3.31,1.29,3.00||0.01,0.05,0.06,0.14,0.32,0.02||
2.80,17.44,11.62,4.35,5.85,4.83,2.83||0.00,0.00,0.00,0.03,0.04,0.04||2.99,7.71,0.79,21.77,17.70,10.33||3.34,0.67,0.41,0.14,0.34||12.48,3.85,2.20,8.12,2.47||0.00,0.01,0.50,0.60,0.00||14.47,0.86,1.96,35.09,0.74||5.10,1.86,4.25||0.04,0.13,0.21,0.34,0.67,0.04||
2.76,17.10,11.45,4.28,5.75,4.76,2.79||0.00,0.00,0.00,0.03,0.04,0.04||2.70,7.54,0.68,20.85,17.28,9.64||3.20,0.66,0.39,0.13,0.33||11.95,3.78,2.01,7.90,2.43||0.00,0.00,0.50,0.60,0.00||23.01,5.55,17.52,42.39,2.21||4.97,1.82,4.16||0.25,0.75,1.91,1.70,2.73,0.30||
2.75,17.04,11.41,4.26,5.73,4.75,2.78||0.00,0.00,0.00,0.03,0.04,0.04||2.65,7.51,0.66,20.67,17.20,9.51||3.13,0.65,0.37,0.13,0.33||11.92,3.78,2.00,7.89,2.43||0.00,0.00,0.50,0.59,0.00||23.51,6.05,19.39,42.77,2.32||5.52,1.98,4.52||0.10,0.33,0.68,0.80,1.42,0.12||
2.75,17.02,11.41,4.26,5.73,4.75,2.78||0.00,0.00,0.00,0.03,0.04,0.04||2.64,7.50,0.66,20.63,17.19,9.48||3.09,0.64,0.37,0.13,0.32||11.84,3.77,1.97,7.86,2.42||0.00,0.00,0.50,0.59,0.00||24.64,7.31,24.20,43.60,2.60||5.80,2.07,4.71||0.11,0.36,0.78,0.89,1.55,0.14||
2.75,17.02,11.40,4.26,5.73,4.75,2.78||0.00,0.00,0.00,0.03,0.04,0.04||2.63,7.50,0.66,20.63,17.18,9.48||3.03,0.64,0.35,0.13,0.32||11.83,3.77,1.97,7.85,2.42||0.00,0.00,0.50,0.59,0.00||17.77,1.96,5.18,38.15,1.20||6.11,2.16,4.92||0.14,0.44,1.00,1.06,1.81,0.17||
2.75,17.02,11.40,4.26,5.73,4.75,2.78||0.00,0.00,0.00,0.03,0.04,0.04||2.56,7.46,0.63,20.39,17.08,9.30||2.97,0.63,0.34,0.12,0.32||11.82,3.77,1.96,7.85,2.42||0.00,0.00,0.50,0.59,0.00||22.09,4.72,14.47,41.70,2.01||6.24,2.20,5.00||0.17,0.53,1.26,1.25,2.09,0.21||
2.75,17.02,11.40,4.26,5.73,4.75,2.78||0.00,0.00,0.00,0.03,0.04,0.04||2.50,7.42,0.61,20.19,16.98,9.16||2.92,0.62,0.33,0.12,0.31||11.76,3.76,1.94,7.82,2.41||0.00,0.00,0.50,0.59,0.00||24.14,6.74,21.97,43.23,2.47||4.94,1.81,4.14||0.07,0.22,0.41,0.56,1.03,0.08||
2.75,16.98,11.38,4.25,5.72,4.74,2.77||0.00,0.00,0.00,0.03,0.04,0.04||2.49,7.42,0.61,20.15,16.97,9.13||2.91,0.62,0.33,0.12,0.31||11.68,3.75,1.91,7.79,2.41||0.00,0.00,0.50,0.59,0.00||22.73,5.29,16.56,42.19,2.15||6.46,2.27,5.14||0.63,1.79,5.65,3.73,5.41,0.78||
2.73,16.89,11.33,4.23,5.69,4.72,2.76||0.00,0.00,0.00,0.03,0.04,0.04||2.49,7.41,0.60,20.14,16.96,9.12||2.86,0.62,0.32,0.12,0.31||11.59,3.74,1.88,7.75,2.40||0.00,0.00,0.50,0.59,0.00||19.29,2.73,7.62,39.45,1.45||5.27,1.91,4.36||0.01,0.04,0.05,0.13,0.28,0.01||
2.73,16.87,11.33,4.22,5.68,4.72,2.76||0.00,0.00,0.00,0.03,0.04,0.04||2.49,7.41,0.60,20.14,16.96,9.12||2.81,0.61,0.31,0.12,0.31||11.51,3.73,1.86,7.72,2.39||0.00,0.00,0.50,0.59,0.00||14.16,0.79,1.77,34.78,0.70||3.29,1.28,2.99||0.01,0.03,0.04,0.11,0.25,0.01||
2.72,16.79,11.28,4.20,5.66,4.70,2.75||0.00,0.00,0.00,0.03,0.04,0.04||2.42,7.37,0.58,19.91,16.86,8.95||2.79,0.61,0.31,0.12,0.31||11.43,3.71,1.83,7.69,2.39||0.00,0.00,0.50,0.59,0.00||17.49,1.84,4.81,37.91,1.15||5.83,2.08,4.73||0.09,0.28,0.56,0.70,1.25,0.10||
2.72,16.77,11.27,4.20,5.65,4.70,2.75||0.00,0.00,0.00,0.03,0.03,0.04||2.37,7.34,0.56,19.71,16.76,8.81||2.75,0.60,0.30,0.12,0.30||11.48,3.72,1.84,7.71,2.39||0.00,0.00,0.50,0.59,0.00||20.79,3.69,10.85,40.68,1.74||5.11,1.86,4.25||0.16,0.50,1.16,1.18,1.99,0.20||
2.72,16.77,11.27,4.20,5.65,4.70,2.75||0.00,0.00,0.00,0.03,0.03,0.04||2.36,7.33,0.56,19.67,16.75,8.78||2.71,0.60,0.30,0.12,0.30||11.42,3.71,1.83,7.68,2.39||0.00,0.00,0.50,0.59,0.00||10.72,0.26,0.48,31.05,0.36||4.29,1.60,3.69||0.04,0.15,0.26,0.40,0.78,0.05||
2.72,16.76,11.27,4.20,5.65,4.70,2.75||0.00,0.00,0.00,0.03,0.03,0.04||2.35,7.33,0.56,19.66,16.74,8.78||2.69,0.60,0.30,0.11,0.30||11.41,3.71,1.82,7.68,2.39||0.00,0.00,0.50,0.59,0.00||7.20,0.05,0.07,26.40,0.14||3.26,1.27,2.96||0.01,0.05,0.06,0.14,0.31,0.01||
2.72,16.76,11.27,4.20,5.65,4.70,2.75||0.00,0.00,0.00,0.03,0.03,0.04||2.35,7.33,0.56,19.66,16.74,8.78||2.65,0.59,0.29,0.11,0.30||11.41,3.71,1.82,7.68,2.39||0.00,0.00,0.50,0.59,0.00||8.16,0.09,0.13,27.78,0.19||2.72,1.09,2.56||0.01,0.03,0.03,0.09,0.21,0.01||
2.72,16.76,11.27,4.20,5.65,4.70,2.75||0.00,0.00,0.00,0.03,0.03,0.04||2.35,7.33,0.56,19.66,16.74,8.78||2.64,0.59,0.29,0.11,0.30||11.41,3.71,1.82,7.68,2.39||0.00,0.00,0.50,0.59,0.00||9.26,0.14,0.24,29.25,0.26||2.73,1.09,2.57||0.01,0.03,0.04,0.10,0.22,0.01||
2.72,16.76,11.27,4.20,5.65,4.70,2.75||0.00,0.00,0.00,0.03,0.03,0.04||2.27,7.27,0.53,19.36,16.60,8.56||2.59,0.58,0.28,0.11,0.29||11.41,3.71,1.82,7.68,2.39||0.00,0.00,0.50,0.59,0.00||8.60,0.11,0.17,28.38,0.22||2.56,1.03,2.44||0.01,0.02,0.03,0.08,0.19,0.01||
2.72,16.76,11.27,4.20,5.65,4.70,2.75||0.00,0.00,0.00,0.03,0.03,0.04||2.23,7.25,0.51,19.23,16.54,8.47||2.59,0.58,0.28,0.11,0.29||11.41,3.71,1.82,7.68,2.39||0.00,0.00,0.50,0.59,0.00||7.56,0.06,0.09,26.93,0.16||2.61,1.05,2.47||0.01,0.05,0.06,0.14,0.31,0.02||
2.72,16.76,11.27,4.20,5.65,4.70,2.75||0.00,0.00,0.00,0.03,0.03,0.04||2.23,7.24,0.51,19.21,16.53,8.45||2.54,0.58,0.27,0.11,0.29||11.41,3.71,1.82,7.68,2.39||0.00,0.00,0.50,0.59,0.00||8.65,0.11,0.17,28.45,0.22||2.45,0.99,2.35||0.01,0.04,0.06,0.13,0.29,0.01||
2.72,16.76,11.27,4.20,5.65,4.70,2.75||0.00,0.00,0.00,0.03,0.03,0.04||2.22,7.24,0.51,19.20,16.53,8.45||2.54,0.58,0.27,0.11,0.29||11.34,3.70,1.80,7.65,2.38||0.00,0.00,0.50,0.59,0.00||11.22,0.31,0.59,31.64,0.40||3.58,1.37,3.19||0.01,0.04,0.06,0.13,0.30,0.01||
2.72,16.76,11.27,4.20,5.65,4.70,2.75||0.00,0.00,0.00,0.03,0.03,0.04||2.22,7.24,0.51,19.20,16.52,8.45||2.49,0.57,0.26,0.11,0.29||11.33,3.70,1.79,7.65,2.38||0.00,0.00,0.50,0.59,0.00||16.20,1.36,3.35,36.75,0.96||4.06,1.53,3.54||0.02,0.07,0.11,0.21,0.45,0.03||
2.72,16.76,11.27,4.20,5.65,4.70,2.75||0.00,0.00,0.00,0.03,0.03,0.04||2.22,7.24,0.51,19.20,16.52,8.45||2.49,0.57,0.26,0.11,0.29||11.33,3.70,1.79,7.64,2.38||0.00,0.00,0.50,0.59,0.00||16.94,1.62,4.14,37.42,1.07||5.50,1.98,4.52||0.08,0.25,0.49,0.64,1.16,0.09||
2.72,16.76,11.27,4.20,5.65,4.70,2.75||0.00,0.00,0.00,0.03,0.03,0.04||2.22,7.24,0.51,19.20,16.52,8.45||2.45,0.57,0.25,0.10,0.28||11.20,3.68,1.75,7.59,2.37||0.00,0.00,0.50,0.59,0.00||20.76,3.67,10.79,40.66,1.73||6.37,2.24,5.08||0.21,0.65,1.60,1.49,2.44,0.26||
2.72,16.76,11.27,4.20,5.65,4.70,2.75||0.00,0.00,0.00,0.03,0.03,0.04||2.20,7.23,0.50,19.13,16.49,8.39||2.44,0.56,0.25,0.10,0.28||11.04,3.66,1.70,7.53,2.36||0.00,0.00,0.50,0.59,0.00||17.93,2.04,5.41,38.30,1.22||6.52,2.29,5.18||0.05,0.17,0.31,0.46,0.87,0.06||
2.72,16.76,11.27,4.20,5.65,4.70,2.75||0.00,0.00,0.00,0.03,0.03,0.04||2.14,7.18,0.48,18.89,16.38,8.23||2.44,0.56,0.25,0.10,0.28||11.20,3.68,1.75,7.59,2.37||0.00,0.00,0.50,0.59,0.00||19.13,2.64,7.34,39.32,1.43||6.05,2.15,4.88||0.28,0.83,2.18,1.87,2.97,0.34||
2.71,16.64,11.20,4.17,5.62,4.67,2.73||0.00,0.00,0.00,0.03,0.03,0.04||2.11,7.16,0.47,18.77,16.32,8.15||2.40,0.56,0.25,0.10,0.28||11.04,3.66,1.70,7.53,2.36||0.00,0.00,0.50,0.59,0.00||11.93,0.40,0.79,32.44,0.47||3.31,1.28,3.00||0.02,0.08,0.12,0.22,0.47,0.03||
2.77,17.15,11.47,4.29,5.77,4.77,2.79||0.00,0.00,0.00,0.03,0.03,0.04||2.41,7.36,0.58,19.86,16.83,8.92||3.00,0.63,0.35,0.13,0.32||12.00,3.79,2.03,7.92,2.43||0.00,0.00,0.50,0.59,0.00||11.79,0.38,0.75,32.28,0.45||2.66,1.07,2.52||0.02,0.07,0.11,0.21,0.45,0.02||
2.83,17.68,11.75,4.41,5.93,4.88,2.86||0.00,0.00,0.00,0.03,0.04,0.04||3.09,7.76,0.83,22.08,17.84,10.57||4.59,0.80,0.68,0.18,0.40||14.13,4.06,2.86,8.76,2.60||0.00,0.00,0.50,0.59,0.00||11.79,0.38,0.75,32.28,0.45||2.73,1.09,2.57||0.04,0.12,0.20,0.33,0.66,0.04||
2.89,18.24,12.04,4.53,6.09,4.99,2.92||0.00,0.00,0.00,0.03,0.04,0.04||3.89,8.15,1.17,24.33,18.81,12.35||6.47,0.97,1.15,0.25,0.48||16.15,4.29,3.80,9.52,2.74||0.00,0.00,0.50,0.59,0.00||14.82,0.95,2.20,35.44,0.78||5.36,1.94,4.42||0.06,0.21,0.38,0.53,0.99,0.08||
2.90,18.35,12.10,4.56,6.13,5.01,2.94||0.00,0.00,0.00,0.03,0.04,0.04||4.65,8.46,1.53,26.26,19.61,13.96||8.00,1.10,1.60,0.30,0.54||17.25,4.40,4.37,9.91,2.81||0.00,0.00,0.50,0.59,0.00||20.85,3.74,11.02,40.73,1.75||5.79,2.07,4.71||0.44,1.29,3.77,2.79,4.19,0.55||
2.92,18.51,12.18,4.59,6.17,5.04,2.95||0.00,0.00,0.00,0.04,0.04,0.04||5.05,8.61,1.72,27.17,19.97,14.74||8.92,1.16,1.90,0.34,0.57||17.87,4.47,4.70,10.13,2.85||0.00,0.00,0.50,0.59,0.00||13.28,0.61,1.31,33.88,0.60||3.33,1.29,3.02||0.04,0.14,0.23,0.36,0.71,0.05||
2.93,18.63,12.24,4.62,6.21,5.06,2.97||0.00,0.00,0.00,0.04,0.04,0.04||5.36,8.72,1.89,27.87,20.26,15.36||9.39,1.20,2.06,0.35,0.59||17.99,4.48,4.77,10.17,2.85||0.00,0.00,0.50,0.59,0.00||17.99,2.06,5.49,38.35,1.23||3.53,1.36,3.16||0.08,0.27,0.55,0.68,1.24,0.10||
2.94,18.66,12.26,4.62,6.22,5.07,2.97||0.00,0.00,0.00,0.04,0.04,0.04||5.67,8.82,2.05,28.55,20.52,15.97||9.57,1.21,2.12,0.36,0.60||18.02,4.49,4.79,10.18,2.86||0.00,0.00,0.50,0.59,0.00||17.00,1.65,4.21,37.48,1.08||4.93,1.80,4.14||0.50,1.47,4.41,3.12,4.62,0.63||
2.94,18.66,12.26,4.63,6.22,5.07,2.97||0.00,0.00,0.00,0.04,0.04,0.04||5.74,8.84,2.08,28.69,20.58,16.09||9.53,1.21,2.10,0.36,0.59||17.53,4.43,4.52,10.01,2.83||0.00,0.00,0.50,0.59,0.00||17.13,1.70,4.36,37.59,1.10||2.87,1.14,2.67||0.05,0.17,0.30,0.45,0.86,0.06||
2.94,18.66,12.26,4.63,6.22,5.07,2.97||0.00,0.00,0.00,0.04,0.04,0.04||5.75,8.85,2.09,28.71,20.59,16.11||9.46,1.20,2.08,0.35,0.59||17.44,4.42,4.47,9.98,2.82||0.00,0.00,0.50,0.59,0.00||9.31,0.15,0.24,29.31,0.26||3.29,1.28,2.98||0.02,0.06,0.08,0.16,0.35,0.02||
2.94,18.66,12.26,4.63,6.22,5.07,2.97||0.00,0.00,0.00,0.04,0.04,0.04||5.75,8.85,2.09,28.72,20.59,16.12||9.34,1.19,2.04,0.35,0.59||17.32,4.41,4.41,9.94,2.81||0.00,0.00,0.50,0.59,0.00||12.73,0.51,1.07,33.31,0.54||3.30,1.28,2.99||0.02,0.06,0.08,0.16,0.36,0.02||
2.94,18.66,12.26,4.63,6.22,5.07,2.97||0.00,0.00,0.00,0.04,0.04,0.04||5.85,8.88,2.15,28.94,20.68,16.32||9.18,1.18,1.98,0.34,0.58||17.01,4.38,4.24,9.83,2.79||0.00,0.00,0.50,0.59,0.00||10.02,0.20,0.35,30.21,0.31||2.95,1.17,2.74||0.03,0.10,0.15,0.27,0.55,0.03||
2.94,18.66,12.26,4.63,6.22,5.07,2.97||0.00,0.00,0.00,0.04,0.04,0.04||5.98,8.92,2.22,29.20,20.78,16.55||9.04,1.17,1.94,0.34,0.58||16.86,4.36,4.16,9.77,2.78||0.00,0.00,0.50,0.59,0.00||17.44,1.82,4.74,37.87,1.15||5.45,1.96,4.48||0.06,0.19,0.34,0.49,0.92,0.07||
2.94,18.66,12.26,4.63,6.22,5.07,2.97||0.00,0.00,0.00,0.04,0.04,0.04||5.95,8.91,2.20,29.14,20.76,16.50||8.88,1.16,1.88,0.33,0.57||16.64,4.34,4.05,9.69,2.77||0.00,0.00,0.50,0.59,0.00||18.07,2.10,5.60,38.42,1.25||5.88,2.09,4.76||0.01,0.05,0.07,0.15,0.33,0.02||
2.93,18.62,12.24,4.62,6.21,5.06,2.97||0.00,0.00,0.00,0.04,0.04,0.04||6.00,8.93,2.23,29.24,20.79,16.59||8.72,1.15,1.83,0.33,0.57||16.51,4.33,3.98,9.65,2.76||0.00,0.00,0.50,0.59,0.00||9.48,0.16,0.27,29.53,0.27||3.42,1.32,3.08||0.02,0.06,0.08,0.18,0.38,0.02||
2.93,18.56,12.21,4.60,6.19,5.05,2.96||0.00,0.00,0.00,0.04,0.04,0.04||6.01,8.93,2.23,29.26,20.80,16.61||8.61,1.14,1.80,0.33,0.56||16.30,4.30,3.87,9.57,2.75||0.00,0.00,0.50,0.59,0.00||9.12,0.13,0.22,29.07,0.25||2.65,1.06,2.50||0.02,0.09,0.13,0.24,0.50,0.03||
2.93,18.60,12.23,4.61,6.20,5.06,2.96||0.00,0.00,0.00,0.04,0.04,0.04||6.07,8.95,2.27,29.38,20.85,16.71||8.53,1.14,1.77,0.32,0.56||16.26,4.30,3.85,9.56,2.74||0.00,0.00,0.50,0.59,0.00||15.36,1.09,2.60,35.95,0.85||4.70,1.73,3.98||0.30,0.91,2.43,2.03,3.18,0.37||
2.92,18.51,12.18,4.59,6.17,5.04,2.95||0.00,0.00,0.00,0.04,0.04,0.04||6.02,8.93,2.24,29.29,20.81,16.63||8.40,1.12,1.73,0.32,0.55||16.16,4.29,3.80,9.52,2.74||0.00,0.00,0.50,0.59,0.00||8.74,0.11,0.18,28.57,0.22||3.05,1.20,2.81||0.02,0.08,0.12,0.23,0.47,0.03||
2.93,18.63,12.24,4.62,6.21,5.06,2.97||0.00,0.00,0.00,0.04,0.04,0.04||6.07,8.95,2.27,29.38,20.85,16.72||8.37,1.12,1.72,0.32,0.55||16.05,4.28,3.75,9.48,2.73||0.00,0.00,0.50,0.59,0.00||20.97,3.82,11.31,40.82,1.77||4.18,1.57,3.62||0.22,0.67,1.67,1.55,2.51,0.27||
2.94,18.66,12.26,4.62,6.22,5.07,2.97||0.00,0.00,0.00,0.04,0.04,0.04||6.02,8.93,2.24,29.29,20.81,16.63||8.24,1.11,1.68,0.31,0.55||16.03,4.27,3.74,9.47,2.73||0.00,0.00,0.50,0.59,0.00||12.63,0.50,1.03,33.20,0.53||3.29,1.28,2.98||0.02,0.07,0.09,0.19,0.40,0.02||
2.94,18.66,12.26,4.63,6.22,5.07,2.97||0.00,0.00,0.00,0.04,0.04,0.04||6.07,8.95,2.27,29.38,20.85,16.72||8.21,1.11,1.67,0.31,0.55||15.76,4.24,3.61,9.37,2.71||0.00,0.00,0.50,0.59,0.00||18.77,2.45,6.70,39.01,1.36||5.59,2.01,4.57||0.27,0.81,2.11,1.83,2.91,0.33||
2.93,18.62,12.24,4.62,6.21,5.06,2.97||0.00,0.00,0.00,0.04,0.04,0.04||6.08,8.95,2.27,29.40,20.85,16.73||8.18,1.11,1.66,0.31,0.55||15.70,4.24,3.58,9.35,2.71||0.00,0.00,0.50,0.59,0.00||12.73,0.51,1.07,33.30,0.54||2.94,1.16,2.73||0.03,0.10,0.15,0.27,0.55,0.03||
2.94,18.65,12.25,4.62,6.22,5.07,2.97||0.00,0.00,0.00,0.04,0.04,0.04||6.08,8.95,2.27,29.40,20.86,16.74||8.08,1.10,1.63,0.31,0.54||15.69,4.24,3.58,9.35,2.70||0.00,0.00,0.50,0.59,0.00||18.21,2.17,5.81,38.54,1.27||4.41,1.64,3.78||0.10,0.32,0.68,0.80,1.42,0.12||
2.94,18.66,12.26,4.63,6.22,5.07,2.97||0.00,0.00,0.00,0.04,0.04,0.04||6.08,8.95,2.27,29.40,20.86,16.74||8.06,1.10,1.62,0.31,0.54||15.69,4.24,3.57,9.35,2.70||0.00,0.00,0.50,0.59,0.00||9.21,0.14,0.23,29.19,0.25||2.94,1.16,2.73||0.05,0.16,0.27,0.41,0.80,0.06||
2.94,18.66,12.26,4.63,6.22,5.07,2.97||0.00,0.00,0.00,0.04,0.04,0.04||6.08,8.95,2.27,29.40,20.86,16.74||8.06,1.10,1.62,0.31,0.54||15.69,4.24,3.57,9.35,2.70||0.00,0.00,0.50,0.59,0.00||12.49,0.48,0.98,33.04,0.52||3.00,1.18,2.77||0.23,0.69,1.72,1.58,2.56,0.28||
2.94,18.66,12.26,4.63,6.22,5.07,2.97||0.00,0.00,0.00,0.04,0.04,0.04||6.08,8.95,2.27,29.40,20.86,16.74||8.06,1.10,1.62,0.31,0.54||15.69,4.24,3.57,9.35,2.70||0.00,0.00,0.50,0.59,0.00||19.47,2.84,7.97,39.60,1.49||5.10,1.86,4.25||0.17,0.53,1.23,1.24,2.07,0.21||
2.94,18.66,12.26,4.63,6.22,5.07,2.97||0.00,0.00,0.00,0.04,0.04,0.04||6.08,8.95,2.27,29.40,20.86,16.74||8.06,1.10,1.62,0.31,0.54||15.60,4.23,3.53,9.32,2.70||0.00,0.00,0.50,0.59,0.00||11.15,0.30,0.58,31.56,0.40||3.23,1.26,2.94||0.05,0.17,0.30,0.45,0.86,0.06||
2.94,18.66,12.26,4.63,6.22,5.07,2.97||0.00,0.00,0.00,0.04,0.04,0.04||6.08,8.95,2.27,29.40,20.86,16.74||8.06,1.10,1.62,0.31,0.54||15.67,4.23,3.57,9.34,2.70||0.00,0.00,0.50,0.59,0.00||18.97,2.55,7.05,39.19,1.40||5.18,1.88,4.30||0.08,0.25,0.50,0.64,1.17,0.09||
2.94,18.66,12.26,4.63,6.22,5.07,2.97||0.00,0.00,0.00,0.04,0.04,0.04||6.08,8.95,2.27,29.40,20.86,16.74||8.13,1.10,1.64,0.31,0.55||15.69,4.24,3.57,9.35,2.70||0.00,0.00,0.50,0.59,0.00||10.86,0.27,0.51,31.22,0.37||3.51,1.35,3.14||0.04,0.13,0.21,0.34,0.68,0.04||
2.94,18.71,12.28,4.64,6.23,5.08,2.98||0.00,0.00,0.00,0.04,0.04,0.04||6.35,9.03,2.43,29.96,21.07,17.25||8.31,1.12,1.70,0.32,0.55||15.78,4.25,3.62,9.38,2.71||0.00,0.00,0.50,0.59,0.00||14.32,0.82,1.87,34.94,0.72||5.41,1.95,4.46||0.26,0.78,2.02,1.77,2.82,0.32||
2.95,18.76,12.31,4.65,6.25,5.09,2.98||0.00,0.00,0.00,0.04,0.04,0.04||6.41,9.05,2.46,30.07,21.11,17.36||8.48,1.13,1.75,0.32,0.56||15.97,4.27,3.71,9.45,2.72||0.00,0.00,0.50,0.59,0.00||12.35,0.45,0.93,32.89,0.51||3.08,1.21,2.83||0.02,0.06,0.08,0.17,0.37,0.02||
2.95,18.73,12.29,4.64,6.24,5.08,2.98||0.00,0.00,0.00,0.04,0.04,0.04||6.42,9.06,2.47,30.10,21.12,17.38||8.64,1.14,1.80,0.33,0.56||15.92,4.26,3.69,9.43,2.72||0.00,0.00,0.50,0.59,0.00||14.77,0.93,2.16,35.38,0.77||4.57,1.69,3.89||0.23,0.69,1.73,1.58,2.57,0.28||
2.95,18.77,12.31,4.65,6.25,5.09,2.98||0.00,0.00,0.00,0.04,0.04,0.04||6.42,9.06,2.47,30.10,21.12,17.38||8.67,1.15,1.82,0.33,0.56||16.00,4.27,3.73,9.46,2.73||0.00,0.00,0.50,0.59,0.00||9.46,0.16,0.26,29.50,0.27||3.76,1.43,3.33||0.05,0.16,0.27,0.42,0.80,0.06||
2.96,18.82,12.34,4.66,6.27,5.10,2.99||0.00,0.00,0.00,0.04,0.04,0.04||6.43,9.06,2.47,30.10,21.13,17.38||8.55,1.14,1.78,0.32,0.56||15.84,4.25,3.65,9.40,2.71||0.00,0.00,0.50,0.59,0.00||11.36,0.32,0.63,31.79,0.42||4.73,1.74,4.00||0.25,0.76,1.96,1.73,2.77,0.31||
2.96,18.83,12.35,4.66,6.27,5.10,2.99||0.00,0.00,0.00,0.04,0.04,0.04||6.43,9.06,2.47,30.10,21.13,17.38||8.52,1.13,1.77,0.32,0.56||15.81,4.25,3.63,9.39,2.71||0.00,0.00,0.50,0.59,0.00||13.97,0.75,1.66,34.59,0.68||4.73,1.74,4.00||0.02,0.06,0.08,0.17,0.38,0.02||
2.95,18.74,12.30,4.64,6.24,5.09,2.98||0.00,0.00,0.00,0.04,0.04,0.04||6.43,9.06,2.47,30.10,21.13,17.38||8.52,1.13,1.77,0.32,0.56||15.71,4.24,3.59,9.36,2.71||0.00,0.00,0.50,0.59,0.00||9.89,0.19,0.33,30.05,0.30||2.98,1.18,2.76||0.02,0.07,0.10,0.20,0.43,0.02||
2.96,18.82,12.34,4.66,6.26,5.10,2.99||0.00,0.00,0.00,0.04,0.04,0.04||6.43,9.06,2.47,30.10,21.13,17.38||8.49,1.13,1.76,0.32,0.56||15.70,4.24,3.58,9.35,2.70||0.00,0.00,0.50,0.59,0.00||16.35,1.41,3.50,36.88,0.98||5.25,1.90,4.35||0.25,0.76,1.93,1.71,2.75,0.31||
2.94,18.69,12.28,4.63,6.23,5.08,2.98||0.00,0.00,0.00,0.04,0.04,0.04||6.43,9.06,2.47,30.10,21.13,17.38||8.46,1.13,1.75,0.32,0.56||15.78,4.25,3.62,9.38,2.71||0.00,0.00,0.50,0.59,0.00||10.34,0.22,0.40,30.60,0.33||3.03,1.19,2.80||0.06,0.19,0.34,0.48,0.91,0.07||
2.96,18.90,12.38,4.68,6.29,5.12,3.00||0.00,0.00,0.00,0.04,0.04,0.04||6.43,9.06,2.47,30.10,21.13,17.38||8.51,1.13,1.76,0.32,0.56||15.71,4.24,3.58,9.35,2.71||0.00,0.00,0.50,0.59,0.00||11.49,0.34,0.66,31.94,0.43||5.14,1.87,4.27||0.10,0.33,0.69,0.81,1.44,0.13||
2.97,18.94,12.40,4.69,6.30,5.12,3.00||0.00,0.00,0.00,0.04,0.04,0.04||6.54,9.09,2.53,30.33,21.21,17.59||8.51,1.13,1.77,0.32,0.56||15.69,4.24,3.58,9.35,2.70||0.00,0.00,0.50,0.59,0.00||17.10,1.68,4.32,37.57,1.09||6.63,2.32,5.25||0.40,1.18,3.36,2.56,3.90,0.50||
2.97,18.95,12.41,4.69,6.30,5.13,3.01||0.00,0.00,0.00,0.04,0.04,0.04||6.56,9.10,2.55,30.37,21.23,17.63||8.52,1.13,1.77,0.32,0.56||15.78,4.25,3.62,9.38,2.71||0.00,0.00,0.50,0.59,0.00||14.66,0.91,2.09,35.27,0.76||2.83,1.13,2.65||0.03,0.09,0.13,0.25,0.51,0.03||
2.97,18.95,12.41,4.69,6.30,5.13,3.01||0.00,0.00,0.00,0.04,0.04,0.04||6.74,9.15,2.65,30.73,21.36,17.96||8.54,1.14,1.77,0.32,0.56||15.71,4.24,3.58,9.35,2.71||0.00,0.00,0.50,0.59,0.00||12.98,0.56,1.18,33.57,0.57||3.11,1.22,2.86||0.25,0.75,1.91,1.70,2.73,0.30||
2.97,18.95,12.41,4.69,6.31,5.13,3.01||0.00,0.00,0.00,0.04,0.04,0.04||6.78,9.16,2.67,30.80,21.39,18.03||8.52,1.13,1.77,0.32,0.56||15.78,4.25,3.62,9.38,2.71||0.00,0.00,0.50,0.59,0.00||23.78,6.34,20.47,42.97,2.39||4.67,1.72,3.96||0.21,0.65,1.59,1.49,2.43,0.26||
2.97,18.95,12.41,4.69,6.31,5.13,3.01||0.00,0.00,0.00,0.04,0.04,0.04||6.79,9.16,2.68,30.81,21.40,18.04||8.52,1.13,1.77,0.32,0.56||15.71,4.24,3.58,9.36,2.71||0.00,0.00,0.50,0.59,0.00||12.06,0.41,0.83,32.57,0.48||2.98,1.17,2.75||0.02,0.08,0.12,0.23,0.49,0.03||
2.97,18.95,12.41,4.69,6.31,5.13,3.01||0.00,0.00,0.00,0.04,0.04,0.04||6.79,9.16,2.68,30.82,21.40,18.05||8.52,1.13,1.77,0.32,0.56||15.69,4.24,3.58,9.35,2.70||0.00,0.00,0.50,0.59,0.00||9.53,0.16,0.27,29.59,0.27||2.89,1.15,2.69||0.10,0.33,0.69,0.81,1.43,0.12||
2.97,18.95,12.41,4.69,6.31,5.13,3.01||0.00,0.00,0.00,0.04,0.04,0.04||6.79,9.16,2.68,30.82,21.40,18.05||8.52,1.13,1.77,0.32,0.56||15.69,4.24,3.57,9.35,2.70||0.00,0.00,0.50,0.59,0.00||9.53,0.16,0.27,29.59,0.27||2.59,1.04,2.46||0.02,0.08,0.12,0.24,0.49,0.03||
2.97,18.95,12.41,4.69,6.31,5.13,3.01||0.00,0.00,0.00,0.04,0.04,0.05||6.79,9.16,2.68,30.82,21.40,18.05||8.52,1.13,1.77,0.32,0.56||15.69,4.24,3.57,9.35,2.70||0.00,0.00,0.50,0.59,0.00||14.10,0.77,1.74,34.72,0.69||3.96,1.50,3.47||0.28,0.85,2.23,1.90,3.01,0.35||
2.97,18.95,12.41,4.69,6.31,5.13,3.01||0.00,0.00,0.00,0.04,0.04,0.04||6.79,9.16,2.68,30.82,21.40,18.05||8.52,1.13,1.77,0.32,0.56||15.60,4.23,3.53,9.32,2.70||0.00,0.00,0.50,0.59,0.00||19.74,3.00,8.51,39.83,1.54||4.57,1.69,3.89||0.39,1.15,3.27,2.51,3.83,0.48||
2.97,18.95,12.41,4.69,6.31,5.13,3.01||0.00,0.00,0.00,0.04,0.04,0.05||6.79,9.16,2.68,30.82,21.40,18.05||8.52,1.13,1.77,0.32,0.56||15.67,4.23,3.57,9.34,2.70||0.00,0.00,0.50,0.59,0.00||11.83,0.38,0.76,32.32,0.46||3.15,1.23,2.88||0.11,0.35,0.74,0.86,1.50,0.13||
2.97,18.95,12.41,4.69,6.31,5.13,3.01||0.00,0.00,0.00,0.04,0.04,0.05||6.79,9.16,2.68,30.82,21.40,18.05||8.52,1.13,1.77,0.32,0.56||15.60,4.23,3.53,9.31,2.70||0.00,0.00,0.50,0.59,0.00||8.37,0.10,0.15,28.07,0.20||2.34,0.96,2.27||0.03,0.11,0.17,0.29,0.59,0.04||
2.97,18.95,12.41,4.69,6.31,5.13,3.01||0.00,0.00,0.00,0.04,0.04,0.05||6.79,9.16,2.68,30.82,21.40,18.05||8.52,1.13,1.77,0.32,0.56||15.67,4.23,3.57,9.34,2.70||0.00,0.00,0.50,0.59,0.00||13.37,0.63,1.35,33.98,0.61||4.53,1.68,3.86||0.34,1.00,2.75,2.22,3.44,0.42||
2.97,18.95,12.41,4.69,6.31,5.13,3.01||0.00,0.00,0.00,0.04,0.04,0.05||6.79,9.16,2.68,30.82,21.40,18.05||8.52,1.13,1.77,0.32,0.56||15.69,4.24,3.57,9.35,2.70||0.00,0.00,0.50,0.59,0.00||13.87,0.72,1.61,34.49,0.67||5.23,1.90,4.34||0.38,1.12,3.16,2.45,3.75,0.47||
2.97,18.95,12.41,4.69,6.31,5.13,3.01||0.00,0.00,0.00,0.04,0.04,0.05||6.79,9.16,2.68,30.82,21.40,18.05||8.47,1.13,1.75,0.32,0.56||15.78,4.25,3.62,9.38,2.71||0.00,0.00,0.50,0.59,0.00||11.98,0.40,0.81,32.49,0.47||2.64,1.06,2.50||0.03,0.09,0.14,0.26,0.53,0.03||
2.97,18.95,12.41,4.69,6.31,5.13,3.01||0.00,0.00,0.00,0.04,0.04,0.05||6.79,9.16,2.68,30.82,21.40,18.05||8.38,1.12,1.72,0.32,0.55||15.62,4.23,3.54,9.32,2.70||0.00,0.00,0.50,0.59,0.00||12.00,0.40,0.81,32.51,0.47||4.29,1.60,3.70||0.24,0.72,1.83,1.65,2.65,0.29||
2.97,18.95,12.41,4.69,6.31,5.13,3.01||0.00,0.00,0.00,0.04,0.04,0.05||6.79,9.16,2.68,30.82,21.40,18.05||8.36,1.12,1.72,0.32,0.55||15.59,4.22,3.53,9.31,2.70||0.00,0.00,0.50,0.59,0.00||19.04,2.60,7.18,39.25,1.41||5.52,1.98,4.53||0.01,0.05,0.07,0.15,0.33,0.02||
2.97,18.95,12.41,4.69,6.31,5.13,3.01||0.00,0.00,0.00,0.04,0.04,0.05||6.79,9.16,2.68,30.82,21.40,18.05||8.36,1.12,1.72,0.32,0.55||15.41,4.20,3.44,9.24,2.69||0.00,0.00,0.50,0.59,0.00||9.00,0.13,0.21,28.92,0.24||2.98,1.17,2.76||0.01,0.03,0.04,0.09,0.22,0.01||
2.97,18.95,12.41,4.69,6.31,5.13,3.01||0.00,0.00,0.00,0.04,0.04,0.05||6.79,9.16,2.68,30.82,21.40,18.05||8.49,1.13,1.76,0.32,0.56||15.63,4.23,3.55,9.33,2.70||0.00,0.00,0.50,0.59,0.00||11.52,0.34,0.67,31.97,0.43||2.83,1.13,2.65||0.01,0.03,0.03,0.09,0.21,0.01||
2.97,18.95,12.41,4.69,6.31,5.13,3.01||0.00,0.00,0.00,0.04,0.04,0.05||6.79,9.16,2.68,30.82,21.40,18.05||8.51,1.13,1.76,0.32,0.56||15.59,4.22,3.53,9.31,2.70||0.00,0.00,0.50,0.59,0.00||9.94,0.19,0.33,30.10,0.30||4.51,1.67,3.85||0.03,0.11,0.18,0.31,0.61,0.04||
2.97,18.95,12.41,4.69,6.31,5.13,3.01||0.00,0.00,0.00,0.04,0.04,0.05||6.79,9.16,2.68,30.82,21.40,18.05||8.39,1.12,1.73,0.32,0.55||15.24,4.18,3.36,9.18,2.67||0.00,0.00,0.50,0.59,0.00||8.66,0.11,0.17,28.47,0.22||2.86,1.13,2.67||0.05,0.16,0.28,0.42,0.81,0.06||
2.97,18.95,12.41,4.69,6.31,5.13,3.01||0.00,0.00,0.00,0.04,0.04,0.05||6.73,9.15,2.64,30.70,21.35,17.94||8.12,1.10,1.64,0.31,0.55||15.17,4.18,3.33,9.16,2.67||0.00,0.00,0.50,0.59,0.00||9.86,0.18,0.32,30.01,0.30||4.24,1.59,3.66||0.35,1.05,2.91,2.31,3.56,0.44||
2.95,18.81,12.34,4.66,6.26,5.10,2.99||0.00,0.00,0.00,0.04,0.04,0.04||6.49,9.07,2.50,30.22,21.17,17.49||7.83,1.08,1.55,0.30,0.53||14.82,4.14,3.17,9.02,2.64||0.00,0.00,0.50,0.59,0.00||15.53,1.14,2.74,36.12,0.87||5.27,1.91,4.36||0.24,0.73,1.85,1.66,2.67,0.29||
2.94,18.69,12.28,4.63,6.23,5.08,2.98||0.00,0.00,0.00,0.04,0.04,0.04||6.27,9.01,2.38,29.79,21.00,17.09||7.46,1.05,1.44,0.29,0.52||14.67,4.12,3.10,8.97,2.63||0.00,0.00,0.50,0.59,0.00||18.48,2.30,6.23,38.77,1.31||3.86,1.46,3.40||0.05,0.16,0.27,0.41,0.79,0.06||
2.94,18.67,12.26,4.63,6.22,5.07,2.97||0.00,0.00,0.00,0.04,0.04,0.04||6.12,8.96,2.29,29.48,20.89,16.81||7.15,1.03,1.35,0.28,0.51||14.47,4.10,3.01,8.89,2.62||0.00,0.00,0.50,0.59,0.00||9.05,0.13,0.21,28.98,0.24||2.75,1.10,2.58||0.01,0.03,0.03,0.09,0.21,0.01||
2.94,18.66,12.26,4.63,6.22,5.07,2.97||0.00,0.00,0.00,0.04,0.04,0.04||5.98,8.92,2.22,29.20,20.78,16.55||6.88,1.01,1.27,0.27,0.50||14.11,4.05,2.86,8.76,2.59||0.00,0.00,0.50,0.59,0.00||8.82,0.12,0.19,28.68,0.23||4.51,1.67,3.85||0.18,0.56,1.32,1.30,2.16,0.22||
2.94,18.66,12.26,4.63,6.22,5.07,2.97||0.00,0.00,0.00,0.04,0.04,0.04||5.80,8.86,2.12,28.82,20.63,16.21||6.63,0.99,1.20,0.26,0.49||14.12,4.05,2.86,8.76,2.59||0.00,0.00,0.50,0.59,0.00||9.01,0.13,0.21,28.92,0.24||2.99,1.18,2.76||0.07,0.22,0.41,0.56,1.03,0.08||
2.94,18.66,12.26,4.63,6.22,5.07,2.97||0.00,0.00,0.00,0.04,0.04,0.04||5.76,8.85,2.10,28.74,20.60,16.14||6.44,0.97,1.15,0.25,0.48||14.12,4.05,2.86,8.76,2.59||0.00,0.00,0.50,0.59,0.00||16.42,1.43,3.57,36.95,0.99||5.35,1.93,4.42||0.07,0.22,0.42,0.56,1.04,0.08||
2.92,18.53,12.19,4.59,6.18,5.04,2.96||0.00,0.00,0.00,0.04,0.04,0.04||5.50,8.77,1.96,28.19,20.38,15.64||6.26,0.95,1.09,0.24,0.47||13.89,4.03,2.76,8.67,2.58||0.00,0.00,0.50,0.59,0.00||8.63,0.11,0.17,28.42,0.22||3.36,1.30,3.03||0.01,0.04,0.05,0.12,0.28,0.01||
2.91,18.41,12.13,4.57,6.14,5.02,2.94||0.00,0.00,0.00,0.04,0.04,0.04||5.45,8.75,1.93,28.08,20.34,15.55||6.03,0.94,1.03,0.24,0.46||13.76,4.01,2.71,8.62,2.57||0.00,0.00,0.50,0.59,0.00||9.57,0.16,0.28,29.65,0.28||4.13,1.55,3.59||0.16,0.51,1.18,1.20,2.01,0.20||
2.91,18.38,12.11,4.56,6.14,5.02,2.94||0.00,0.00,0.00,0.04,0.04,0.04||5.35,8.71,1.88,27.85,20.25,15.34||5.90,0.92,1.00,0.23,0.46||13.66,4.00,2.67,8.58,2.56||0.00,0.00,0.50,0.59,0.00||7.91,0.08,0.11,27.42,0.18||4.58,1.69,3.90||0.37,1.09,3.04,2.38,3.66,0.45||
2.91,18.38,12.11,4.56,6.13,5.01,2.94||0.00,0.00,0.00,0.04,0.04,0.04||5.19,8.66,1.80,27.49,20.10,15.03||5.70,0.91,0.95,0.22,0.45||13.64,4.00,2.66,8.57,2.56||0.00,0.00,0.50,0.59,0.00||15.17,1.04,2.45,35.77,0.82||5.23,1.90,4.34||0.38,1.11,3.13,2.43,3.73,0.47||
2.91,18.38,12.11,4.56,6.13,5.01,2.94||0.00,0.00,0.00,0.04,0.04,0.04||5.16,8.65,1.78,27.42,20.08,14.96||5.58,0.90,0.92,0.22,0.44||13.56,3.99,2.62,8.54,2.55||0.00,0.00,0.50,0.59,0.00||21.94,4.59,14.00,41.58,1.97||4.52,1.68,3.86||0.04,0.14,0.25,0.39,0.75,0.05||
2.91,18.38,12.11,4.56,6.13,5.01,2.94||0.00,0.00,0.00,0.04,0.04,0.04||4.93,8.56,1.66,26.89,19.86,14.51||5.41,0.88,0.87,0.21,0.44||13.24,3.95,2.49,8.42,2.53||0.00,0.00,0.50,0.59,0.00||8.37,0.10,0.15,28.07,0.20||3.55,1.36,3.17||0.04,0.13,0.21,0.34,0.68,0.04||
2.91,18.38,12.11,4.56,6.13,5.01,2.94||0.00,0.00,0.00,0.04,0.04,0.04||4.88,8.55,1.64,26.79,19.82,14.42||5.28,0.87,0.84,0.21,0.43||13.18,3.94,2.47,8.39,2.52||0.00,0.00,0.50,0.59,0.00||13.34,0.62,1.34,33.94,0.61||5.54,1.99,4.54||0.03,0.11,0.18,0.30,0.61,0.04||
2.91,18.38,12.11,4.56,6.13,5.01,2.94||0.00,0.00,0.00,0.04,0.04,0.04||4.87,8.54,1.64,26.77,19.81,14.40||5.17,0.86,0.81,0.21,0.43||13.16,3.94,2.46,8.39,2.52||0.00,0.00,0.50,0.59,0.00||13.21,0.60,1.28,33.81,0.59||3.67,1.40,3.26||0.01,0.03,0.03,0.09,0.22,0.01||
2.89,18.20,12.02,4.52,6.08,4.98,2.92||0.00,0.00,0.00,0.04,0.04,0.04||4.83,8.53,1.61,26.66,19.77,14.31||5.07,0.85,0.79,0.20,0.42||13.16,3.94,2.46,8.39,2.52||0.00,0.00,0.50,0.59,0.00||8.78,0.12,0.19,28.62,0.23||2.74,1.09,2.58||0.01,0.05,0.07,0.15,0.33,0.02||
2.88,18.12,11.98,4.50,6.06,4.96,2.91||0.00,0.00,0.00,0.04,0.04,0.04||4.65,8.46,1.53,26.24,19.60,13.95||4.92,0.84,0.75,0.20,0.42||13.16,3.94,2.46,8.39,2.52||0.00,0.00,0.50,0.59,0.00||16.99,1.64,4.19,37.46,1.08||3.82,1.45,3.36||0.15,0.48,1.09,1.14,1.92,0.19||
2.87,18.10,11.97,4.50,6.05,4.96,2.91||0.00,0.00,0.00,0.04,0.04,0.04||4.62,8.45,1.51,26.16,19.57,13.88||4.80,0.82,0.73,0.19,0.41||13.01,3.92,2.40,8.33,2.51||0.00,0.00,0.50,0.59,0.00||14.87,0.96,2.24,35.49,0.79||5.14,1.87,4.28||0.31,0.93,2.50,2.07,3.23,0.38||
2.87,18.10,11.97,4.50,6.05,4.96,2.91||0.00,0.00,0.00,0.04,0.04,0.04||4.61,8.44,1.51,26.14,19.56,13.86||4.71,0.81,0.70,0.19,0.41||12.91,3.91,2.36,8.29,2.50||0.00,0.00,0.50,0.59,0.00||10.70,0.26,0.47,31.03,0.36||2.83,1.12,2.64||0.08,0.26,0.50,0.64,1.17,0.09||
2.87,18.10,11.97,4.50,6.05,4.96,2.91||0.00,0.00,0.00,0.03,0.04,0.04||4.41,8.36,1.41,25.65,19.36,13.45||4.62,0.81,0.68,0.19,0.40||12.81,3.89,2.33,8.25,2.50||0.00,0.00,0.50,0.59,0.00||14.15,0.79,1.77,34.77,0.70||5.16,1.88,4.29||0.15,0.46,1.05,1.10,1.87,0.18||
2.87,18.10,11.97,4.50,6.05,4.96,2.91||0.00,0.00,0.00,0.03,0.04,0.04||4.37,8.35,1.39,25.56,19.32,13.37||4.53,0.80,0.66,0.18,0.40||12.80,3.89,2.32,8.24,2.50||0.00,0.00,0.50,0.59,0.00||9.66,0.17,0.29,29.76,0.28||3.50,1.35,3.14||0.02,0.07,0.10,0.20,0.43,0.02||
2.87,18.10,11.97,4.50,6.05,4.96,2.91||0.00,0.00,0.00,0.03,0.04,0.04||4.36,8.34,1.39,25.54,19.31,13.35||4.45,0.79,0.64,0.18,0.39||12.72,3.88,2.29,8.21,2.49||0.00,0.00,0.50,0.59,0.00||14.83,0.95,2.21,35.44,0.78||4.73,1.74,4.00||0.21,0.64,1.56,1.47,2.40,0.25||
2.87,18.10,11.97,4.50,6.05,4.96,2.91||0.00,0.00,0.00,0.03,0.04,0.04||4.17,8.27,1.30,25.05,19.11,12.95||4.36,0.78,0.62,0.18,0.39||12.56,3.86,2.23,8.15,2.48||0.00,0.00,0.50,0.59,0.00||8.92,0.12,0.20,28.81,0.23||2.59,1.04,2.46||0.04,0.12,0.20,0.33,0.66,0.04||
2.87,18.05,11.94,4.49,6.04,4.95,2.90||0.00,0.00,0.00,0.03,0.04,0.04||4.13,8.25,1.28,24.96,19.07,12.87||4.28,0.77,0.61,0.17,0.39||12.67,3.88,2.27,8.19,2.49||0.00,0.00,0.50,0.59,0.00||19.63,2.93,8.28,39.74,1.52||4.38,1.63,3.76||0.24,0.74,1.87,1.68,2.70,0.30||
2.86,18.00,11.92,4.48,6.02,4.94,2.89||0.00,0.00,0.00,0.03,0.04,0.04||4.12,8.25,1.28,24.94,19.06,12.85||4.20,0.76,0.59,0.17,0.38||12.48,3.85,2.20,8.12,2.47||0.00,0.00,0.50,0.59,0.00||9.34,0.15,0.25,29.35,0.26||3.41,1.32,3.08||0.01,0.04,0.05,0.12,0.28,0.01||
2.85,17.90,11.86,4.45,5.99,4.92,2.88||0.00,0.00,0.00,0.03,0.04,0.04||4.12,8.25,1.28,24.94,19.06,12.85||4.17,0.76,0.58,0.17,0.38||12.58,3.87,2.24,8.16,2.48||0.00,0.00,0.50,0.59,0.00||7.74,0.07,0.10,27.19,0.17||2.42,0.98,2.33||0.01,0.03,0.03,0.09,0.22,0.01||
2.84,17.84,11.83,4.44,5.97,4.91,2.88||0.00,0.00,0.00,0.03,0.04,0.04||3.94,8.17,1.19,24.47,18.86,12.46||4.11,0.76,0.57,0.17,0.38||12.39,3.84,2.17,8.08,2.46||0.00,0.00,0.50,0.59,0.00||15.47,1.13,2.69,36.06,0.86||3.83,1.46,3.38||0.14,0.44,0.99,1.06,1.81,0.17||
2.84,17.82,11.82,4.44,5.97,4.91,2.87||0.00,0.00,0.00,0.03,0.04,0.04||3.91,8.15,1.18,24.38,18.83,12.39||4.04,0.75,0.55,0.16,0.37||12.28,3.83,2.13,8.04,2.46||0.00,0.00,0.50,0.59,0.00||7.32,0.06,0.08,26.58,0.15||3.16,1.24,2.89||0.02,0.06,0.08,0.17,0.36,0.02||
2.84,17.82,11.82,4.44,5.97,4.91,2.87||0.00,0.00,0.00,0.03,0.04,0.04||3.90,8.15,1.18,24.36,18.82,12.37||3.97,0.74,0.54,0.16,0.37||12.40,3.84,2.17,8.08,2.47||0.00,0.00,0.50,0.59,0.00||8.57,0.10,0.17,28.34,0.21||2.38,0.97,2.30||0.04,0.12,0.20,0.33,0.66,0.04||
2.84,17.82,11.82,4.44,5.97,4.91,2.87||0.00,0.00,0.00,0.03,0.04,0.04||3.86,8.13,1.16,24.26,18.78,12.30||3.89,0.73,0.52,0.16,0.37||12.28,3.83,2.13,8.04,2.46||0.00,0.00,0.50,0.59,0.00||15.66,1.18,2.86,36.24,0.89||4.22,1.58,3.65||0.03,0.09,0.14,0.25,0.52,0.03||
2.84,17.82,11.82,4.44,5.97,4.91,2.87||0.00,0.00,0.00,0.03,0.04,0.04||3.75,8.09,1.11,23.97,18.65,12.06||3.84,0.73,0.51,0.16,0.36||12.19,3.81,2.10,8.00,2.45||0.00,0.00,0.50,0.59,0.00||9.18,0.14,0.23,29.15,0.25||3.59,1.38,3.20||0.02,0.07,0.10,0.20,0.42,0.02||
2.84,17.82,11.82,4.44,5.97,4.91,2.87||0.00,0.00,0.00,0.03,0.04,0.04||3.70,8.06,1.09,23.82,18.59,11.94||3.81,0.72,0.51,0.16,0.36||12.10,3.80,2.06,7.96,2.44||0.00,0.00,0.50,0.59,0.00||21.09,3.91,11.61,40.91,1.80||4.40,1.64,3.77||0.29,0.87,2.30,1.94,3.07,0.36||
2.84,17.82,11.82,4.44,5.97,4.91,2.87||0.00,0.00,0.00,0.03,0.04,0.04||3.69,8.06,1.08,23.79,18.58,11.92||3.74,0.72,0.49,0.15,0.36||12.08,3.80,2.06,7.96,2.44||0.00,0.00,0.50,0.59,0.00||9.33,0.15,0.25,29.34,0.26||3.99,1.50,3.48||0.50,1.46,4.39,3.11,4.62,0.63||
2.84,17.82,11.82,4.44,5.97,4.91,2.87||0.00,0.00,0.00,0.03,0.04,0.04||3.69,8.05,1.08,23.78,18.58,11.91||3.67,0.71,0.48,0.15,0.35||12.01,3.79,2.03,7.93,2.43||0.00,0.00,0.50,0.59,0.00||16.05,1.30,3.20,36.60,0.94||4.86,1.78,4.09||0.30,0.91,2.45,2.03,3.19,0.38||
2.84,17.78,11.80,4.43,5.96,4.90,2.87||0.00,0.00,0.00,0.03,0.04,0.04||3.56,7.99,1.03,23.42,18.42,11.62||3.66,0.71,0.48,0.15,0.35||11.86,3.77,1.98,7.87,2.42||0.00,0.00,0.50,0.59,0.00||12.99,0.56,1.18,33.58,0.57||4.61,1.70,3.92||0.03,0.12,0.20,0.33,0.65,0.04||
2.83,17.72,11.77,4.42,5.94,4.89,2.86||0.00,0.00,0.00,0.03,0.04,0.04||3.50,7.97,1.00,23.27,18.35,11.50||3.60,0.70,0.46,0.15,0.35||11.83,3.77,1.97,7.85,2.42||0.00,0.00,0.50,0.59,0.00||9.56,0.16,0.28,29.63,0.28||3.27,1.27,2.97||0.02,0.07,0.10,0.20,0.43,0.02||
2.82,17.67,11.74,4.40,5.92,4.88,2.86||0.00,0.00,0.00,0.03,0.04,0.04||3.49,7.96,1.00,23.23,18.34,11.47||3.54,0.69,0.45,0.15,0.35||11.96,3.79,2.01,7.91,2.43||0.00,0.00,0.50,0.59,0.00||8.42,0.10,0.15,28.14,0.20||3.18,1.24,2.91||0.01,0.04,0.05,0.12,0.28,0.01||
2.81,17.57,11.69,4.38,5.89,4.86,2.84||0.00,0.00,0.00,0.03,0.04,0.04||3.49,7.96,1.00,23.23,18.34,11.47||3.52,0.69,0.45,0.15,0.35||11.92,3.78,2.00,7.89,2.43||0.00,0.00,0.50,0.59,0.00||16.93,1.62,4.12,37.41,1.07||4.85,1.78,4.08||0.10,0.32,0.65,0.78,1.38,0.12||
2.81,17.55,11.68,4.38,5.89,4.85,2.84||0.00,0.00,0.00,0.03,0.04,0.04||3.49,7.96,1.00,23.23,18.34,11.47||3.47,0.69,0.44,0.14,0.34||11.84,3.77,1.97,7.86,2.42||0.00,0.00,0.50,0.59,0.00||25.38,8.25,27.86,44.13,2.79||4.76,1.75,4.02||0.37,1.09,3.04,2.38,3.66,0.45||
2.81,17.55,11.68,4.38,5.89,4.85,2.84||0.00,0.00,0.00,0.03,0.04,0.04||3.33,7.89,0.93,22.79,18.15,11.12||3.40,0.68,0.42,0.14,0.34||11.83,3.77,1.97,7.85,2.42||0.00,0.00,0.50,0.59,0.00||7.41,0.06,0.08,26.70,0.15||3.54,1.36,3.16||0.02,0.07,0.10,0.20,0.43,0.02||
2.81,17.55,11.68,4.38,5.89,4.85,2.84||0.00,0.00,0.00,0.03,0.04,0.04||3.30,7.87,0.92,22.70,18.11,11.05||3.39,0.68,0.42,0.14,0.34||11.82,3.77,1.96,7.85,2.42||0.00,0.00,0.50,0.59,0.00||10.01,0.19,0.34,30.19,0.31||2.78,1.11,2.60||0.01,0.05,0.07,0.15,0.33,0.02||
2.81,17.55,11.68,4.38,5.89,4.85,2.84||0.00,0.00,0.00,0.03,0.04,0.04||3.30,7.87,0.92,22.69,18.10,11.04||3.34,0.67,0.41,0.14,0.34||11.82,3.77,1.96,7.85,2.42||0.00,0.00,0.50,0.59,0.00||18.97,2.56,7.06,39.19,1.40||3.94,1.49,3.46||0.15,0.47,1.06,1.11,1.88,0.18||
2.81,17.55,11.68,4.38,5.89,4.85,2.84||0.00,0.00,0.00,0.03,0.04,0.04||3.30,7.87,0.92,22.68,18.10,11.04||3.33,0.67,0.41,0.14,0.34||11.76,3.76,1.94,7.82,2.41||0.00,0.00,0.50,0.59,0.00||10.02,0.20,0.35,30.20,0.31||3.06,1.20,2.82||0.01,0.05,0.07,0.15,0.32,0.02||
2.81,17.55,11.68,4.38,5.89,4.85,2.84||0.00,0.00,0.00,0.03,0.04,0.04||3.30,7.87,0.92,22.68,18.10,11.04||3.27,0.67,0.40,0.14,0.33||11.74,3.76,1.94,7.82,2.41||0.00,0.00,0.50,0.59,0.00||24.79,7.50,24.94,43.71,2.64||4.46,1.65,3.81||0.24,0.73,1.84,1.66,2.67,0.29||
2.81,17.55,11.68,4.38,5.89,4.85,2.84||0.00,0.00,0.00,0.03,0.04,0.04||3.18,7.81,0.87,22.34,17.95,10.77||3.26,0.66,0.40,0.14,0.33||11.74,3.76,1.94,7.82,2.41||0.00,0.00,0.50,0.59,0.00||9.47,0.16,0.27,29.51,0.27||2.65,1.06,2.51||0.02,0.08,0.11,0.21,0.45,0.03||
2.81,17.55,11.68,4.38,5.89,4.85,2.84||0.00,0.00,0.00,0.03,0.04,0.04||3.13,7.78,0.85,22.19,17.88,10.65||3.21,0.66,0.39,0.13,0.33||11.74,3.76,1.94,7.82,2.41||0.00,0.00,0.50,0.59,0.00||9.59,0.16,0.28,29.67,0.28||2.79,1.11,2.62||0.04,0.14,0.24,0.38,0.74,0.05||
2.81,17.55,11.68,4.38,5.89,4.85,2.84||0.00,0.00,0.00,0.03,0.04,0.04||3.12,7.78,0.84,22.16,17.87,10.63||3.20,0.66,0.39,0.13,0.33||11.54,3.73,1.87,7.73,2.40||0.00,0.00,0.50,0.59,0.00||15.25,1.06,2.51,35.85,0.83||4.93,1.80,4.14||0.13,0.41,0.91,0.99,1.71,0.16||
2.81,17.55,11.68,4.38,5.89,4.85,2.84||0.00,0.00,0.00,0.03,0.04,0.04||3.12,7.77,0.84,22.15,17.87,10.63||3.15,0.65,0.38,0.13,0.33||11.43,3.71,1.83,7.69,2.39||0.00,0.00,0.50,0.59,0.00||22.92,5.47,17.20,42.33,2.19||4.88,1.79,4.10||0.28,0.85,2.24,1.91,3.02,0.35||
2.81,17.51,11.66,4.37,5.87,4.84,2.84||0.00,0.00,0.00,0.03,0.04,0.04||3.12,7.77,0.84,22.15,17.87,10.62||3.14,0.65,0.37,0.13,0.33||11.41,3.71,1.82,7.68,2.39||0.00,0.00,0.50,0.59,0.00||8.25,0.09,0.14,27.91,0.20||2.70,1.08,2.55||0.01,0.04,0.05,0.12,0.27,0.01||
2.81,17.50,11.65,4.36,5.87,4.84,2.84||0.00,0.00,0.00,0.03,0.04,0.04||3.06,7.74,0.82,21.98,17.79,10.50||3.09,0.64,0.37,0.13,0.32||11.47,3.72,1.84,7.71,2.39||0.00,0.00,0.50,0.59,0.00||6.63,0.04,0.05,25.52,0.12||4.74,1.74,4.01||0.08,0.27,0.53,0.67,1.22,0.10||
2.79,17.37,11.59,4.34,5.83,4.82,2.82||0.00,0.00,0.00,0.03,0.04,0.04||2.97,7.70,0.78,21.70,17.67,10.28||3.08,0.64,0.36,0.13,0.32||11.49,3.72,1.85,7.71,2.39||0.00,0.00,0.50,0.59,0.00||16.09,1.32,3.24,36.64,0.95||5.11,1.86,4.26||0.02,0.06,0.09,0.18,0.39,0.02||
2.79,17.34,11.57,4.33,5.83,4.81,2.82||0.00,0.00,0.00,0.03,0.04,0.04||2.95,7.69,0.78,21.64,17.64,10.24||3.04,0.64,0.36,0.13,0.32||11.42,3.71,1.83,7.68,2.39||0.00,0.00,0.50,0.59,0.00||8.43,0.10,0.15,28.16,0.21||4.47,1.66,3.82||0.05,0.16,0.27,0.42,0.80,0.06||
2.78,17.29,11.55,4.32,5.81,4.80,2.81||0.00,0.00,0.00,0.03,0.04,0.04||2.95,7.68,0.78,21.63,17.64,10.23||3.02,0.64,0.35,0.13,0.32||11.41,3.71,1.82,7.68,2.39||0.00,0.00,0.50,0.59,0.00||15.92,1.26,3.08,36.48,0.92||5.01,1.83,4.19||0.11,0.36,0.78,0.89,1.55,0.14||
2.78,17.29,11.54,4.32,5.81,4.80,2.81||0.00,0.00,0.00,0.03,0.04,0.04||2.95,7.68,0.78,21.63,17.64,10.23||2.97,0.63,0.34,0.12,0.32||11.41,3.71,1.82,7.68,2.39||0.00,0.00,0.50,0.59,0.00||8.85,0.12,0.19,28.72,0.23||3.57,1.37,3.19||0.02,0.08,0.13,0.24,0.49,0.03||
2.78,17.28,11.54,4.32,5.81,4.80,2.81||0.00,0.00,0.00,0.03,0.04,0.04||2.95,7.68,0.78,21.63,17.64,10.23||2.96,0.63,0.34,0.12,0.32||11.34,3.70,1.80,7.65,2.38||0.00,0.00,0.50,0.59,0.00||12.15,0.43,0.86,32.68,0.49||5.56,2.00,4.55||0.08,0.28,0.55,0.69,1.25,0.10||
2.78,17.28,11.54,4.32,5.81,4.80,2.81||0.00,0.00,0.00,0.03,0.04,0.04||2.92,7.67,0.77,21.55,17.60,10.16||2.93,0.63,0.34,0.12,0.31||11.46,3.72,1.84,7.70,2.39||0.00,0.00,0.50,0.59,0.00||14.83,0.95,2.21,35.45,0.78||5.25,1.90,4.35||0.42,1.22,3.52,2.65,4.01,0.52||
2.78,17.28,11.54,4.32,5.81,4.80,2.81||0.00,0.00,0.00,0.03,0.04,0.04||2.81,7.61,0.72,21.21,17.45,9.91||2.91,0.62,0.33,0.12,0.31||11.35,3.70,1.80,7.65,2.38||0.00,0.00,0.50,0.59,0.00||7.47,0.06,0.09,26.80,0.15||2.94,1.16,2.73||0.02,0.08,0.12,0.23,0.48,0.03||
2.78,17.28,11.54,4.32,5.81,4.80,2.81||0.00,0.00,0.00,0.03,0.04,0.04||2.79,7.60,0.72,21.14,17.42,9.86||2.90,0.62,0.33,0.12,0.31||11.20,3.68,1.75,7.59,2.37||0.00,0.00,0.50,0.59,0.00||6.92,0.04,0.06,25.97,0.13||3.34,1.30,3.02||0.12,0.40,0.87,0.96,1.66,0.15||
2.78,17.28,11.54,4.32,5.81,4.80,2.81||0.00,0.00,0.00,0.03,0.04,0.04||2.79,7.59,0.71,21.12,17.41,9.85||2.86,0.62,0.32,0.12,0.31||11.30,3.70,1.79,7.63,2.38||0.00,0.00,0.50,0.59,0.00||12.92,0.55,1.15,33.51,0.56||4.47,1.66,3.82||0.34,1.01,2.76,2.22,3.44,0.42||
2.78,17.28,11.54,4.32,5.81,4.80,2.81||0.00,0.00,0.00,0.03,0.04,0.04||2.79,7.59,0.71,21.12,17.41,9.84||2.85,0.62,0.32,0.12,0.31||11.25,3.69,1.77,7.61,2.37||0.00,0.00,0.50,0.59,0.00||11.70,0.37,0.72,32.18,0.45||3.82,1.45,3.36||0.02,0.07,0.10,0.20,0.43,0.02||
2.78,17.28,11.54,4.32,5.81,4.80,2.81||0.00,0.00,0.00,0.03,0.04,0.04||2.79,7.59,0.71,21.12,17.41,9.84||2.85,0.62,0.32,0.12,0.31||11.18,3.68,1.75,7.58,2.37||0.00,0.00,0.50,0.59,0.00||14.38,0.84,1.91,35.00,0.73||5.61,2.01,4.59||0.07,0.22,0.41,0.56,1.04,0.08||
2.78,17.28,11.54,4.32,5.81,4.80,2.81||0.00,0.00,0.00,0.03,0.04,0.04||2.69,7.54,0.68,20.80,17.26,9.61||2.80,0.61,0.31,0.12,0.31||11.17,3.68,1.74,7.58,2.37||0.00,0.00,0.50,0.59,0.00||15.27,1.07,2.53,35.86,0.84||3.28,1.27,2.98||0.04,0.15,0.26,0.40,0.78,0.05||
2.78,17.28,11.54,4.32,5.81,4.80,2.81||0.00,0.00,0.00,0.03,0.04,0.04||2.64,7.51,0.66,20.66,17.20,9.50||2.79,0.61,0.31,0.12,0.31||11.36,3.70,1.80,7.66,2.38||0.00,0.00,0.50,0.59,0.00||7.79,0.07,0.11,27.26,0.17||3.53,1.36,3.16||0.05,0.17,0.30,0.44,0.85,0.06||
2.78,17.28,11.54,4.32,5.81,4.80,2.81||0.00,0.00,0.00,0.03,0.04,0.04||2.64,7.50,0.66,20.63,17.19,9.48||2.75,0.60,0.31,0.12,0.30||11.14,3.67,1.73,7.57,2.36||0.00,0.00,0.50,0.59,0.00||15.13,1.03,2.42,35.73,0.82||6.17,2.18,4.95||0.14,0.45,1.02,1.08,1.83,0.18||
2.78,17.28,11.54,4.32,5.81,4.80,2.81||0.00,0.00,0.00,0.03,0.04,0.04||2.63,7.50,0.66,20.63,17.18,9.48||2.74,0.60,0.30,0.12,0.30||11.16,3.68,1.74,7.57,2.37||0.00,0.00,0.50,0.59,0.00||10.71,0.26,0.47,31.04,0.36||2.93,1.16,2.72||0.01,0.05,0.06,0.14,0.31,0.02||
2.78,17.24,11.52,4.31,5.80,4.79,2.81||0.00,0.00,0.00,0.03,0.04,0.04||2.63,7.50,0.66,20.62,17.18,9.47||2.74,0.60,0.30,0.12,0.30||11.10,3.67,1.72,7.55,2.36||0.00,0.00,0.50,0.59,0.00||19.39,2.79,7.83,39.54,1.47||4.20,1.57,3.63||0.22,0.66,1.64,1.52,2.48,0.27||
2.77,17.19,11.49,4.30,5.78,4.78,2.80||0.00,0.00,0.00,0.03,0.04,0.04||2.63,7.50,0.66,20.62,17.18,9.47||2.70,0.60,0.30,0.11,0.30||11.15,3.68,1.74,7.57,2.36||0.00,0.00,0.50,0.59,0.00||8.11,0.08,0.13,27.71,0.19||4.12,1.55,3.58||0.04,0.13,0.22,0.35,0.70,0.05||
2.78,17.26,11.53,4.31,5.80,4.80,2.81||0.00,0.00,0.00,0.03,0.04,0.04||2.63,7.50,0.66,20.62,17.18,9.47||2.69,0.60,0.29,0.11,0.30||11.10,3.67,1.72,7.55,2.36||0.00,0.00,0.50,0.59,0.00||14.50,0.87,1.99,35.12,0.74||5.09,1.85,4.24||0.26,0.80,2.07,1.80,2.87,0.33||
2.77,17.15,11.47,4.29,5.77,4.77,2.79||0.00,0.00,0.00,0.03,0.04,0.04||2.56,7.46,0.63,20.39,17.08,9.30||2.68,0.59,0.29,0.11,0.30||11.02,3.66,1.69,7.52,2.35||0.00,0.00,0.50,0.59,0.00||7.62,0.07,0.10,27.01,0.16||3.64,1.39,3.24||0.02,0.06,0.08,0.17,0.37,0.02||
2.76,17.09,11.44,4.27,5.75,4.76,2.79||0.00,0.00,0.00,0.03,0.04,0.04||2.50,7.42,0.61,20.19,16.98,9.16||2.64,0.59,0.29,0.11,0.30||11.01,3.66,1.69,7.51,2.35||0.00,0.00,0.50,0.59,0.00||9.80,0.18,0.31,29.93,0.29||3.08,1.21,2.83||0.02,0.06,0.08,0.16,0.36,0.02||
2.76,17.12,11.46,4.28,5.76,4.77,2.79||0.00,0.00,0.00,0.03,0.04,0.04||2.49,7.42,0.61,20.15,16.97,9.13||2.64,0.59,0.29,0.11,0.30||11.00,3.66,1.69,7.51,2.35||0.00,0.00,0.50,0.59,0.00||8.56,0.10,0.16,28.32,0.21||3.48,1.34,3.13||0.06,0.20,0.37,0.52,0.97,0.07||
