4.61,34.96,20.07,8.14,10.87,7.93,4.70||0.00,0.00,0.00,0.08,0.07,0.08||61.60,14.59,70.65,78.50,35.66,80.91||12.91,1.43,3.37,0.47,0.70||54.88,7.12,50.50,20.25,4.43||0.02,0.05,0.70,0.81,0.01||86.58,1147.33,9108.36,72.78,50.78||31.65,8.77,18.47||1.74,4.66,18.54,8.84,11.45,2.19||
3.11,20.25,13.07,4.98,6.69,5.37,3.15||0.00,0.00,0.00,0.04,0.04,0.04||5.28,8.69,1.84,27.70,20.19,15.21||5.55,0.89,0.91,0.22,0.44||18.23,4.51,4.91,10.25,2.87||0.00,0.01,0.53,0.63,0.00||75.89,675.50,4892.80,68.98,37.18||18.99,5.68,12.24||0.80,2.26,7.53,4.60,6.49,1.00||
2.91,18.39,12.12,4.56,6.14,5.02,2.94||0.00,0.00,0.00,0.04,0.04,0.04||3.46,7.95,0.98,23.15,18.30,11.40||4.77,0.82,0.72,0.19,0.41||14.95,4.15,3.23,9.07,2.65||0.00,0.01,0.50,0.60,0.00||67.32,416.97,2778.24,65.68,28.00||25.81,7.37,15.68||4.27,10.78,52.67,18.87,22.13,5.43||
2.85,17.93,11.88,4.46,6.00,4.93,2.89||0.00,0.00,0.00,0.03,0.04,0.04||3.18,7.81,0.87,22.35,17.95,10.78||4.63,0.81,0.68,0.19,0.40||14.57,4.11,3.05,8.93,2.63||0.00,0.00,0.50,0.60,0.00||63.19,323.28,2061.18,64.01,24.10||13.30,4.19,9.19||0.68,1.94,6.25,4.02,5.77,0.85||
2.86,17.96,11.89,4.47,6.01,4.93,2.89||0.00,0.00,0.00,0.03,0.04,0.04||3.13,7.78,0.85,22.19,17.88,10.66||4.60,0.80,0.68,0.19,0.40||14.40,4.09,2.98,8.87,2.61||0.00,0.00,0.50,0.59,0.00||57.41,219.75,1310.58,61.55,19.21||18.43,5.53,11.95||3.74,9.54,45.22,16.89,20.10,4.76||
2.85,17.92,11.88,4.46,6.00,4.93,2.89||0.00,0.00,0.00,0.03,0.04,0.04||3.12,7.78,0.84,22.16,17.87,10.63||4.61,0.81,0.68,0.19,0.40||14.46,4.09,3.01,8.89,2.62||0.00,0.00,0.50,0.59,0.00||96.64,1785.51,15302.35,76.12,65.86||26.78,7.61,16.15||3.84,9.77,46.56,17.25,20.47,4.88||
2.86,17.96,11.89,4.47,6.01,4.93,2.89||0.00,0.00,0.00,0.03,0.04,0.04||3.12,7.78,0.84,22.15,17.87,10.63||4.60,0.80,0.68,0.18,0.40||14.38,4.08,2.97,8.86,2.61||0.00,0.00,0.50,0.59,0.00||211.25,41494.47,612981.88,104.71,419.02||25.84,7.38,15.69||1.15,3.16,11.45,6.23,8.45,1.44||
2.85,17.92,11.88,4.46,6.00,4.93,2.89||0.00,0.00,0.00,0.03,0.04,0.04||3.12,7.77,0.84,22.15,17.87,10.63||4.59,0.80,0.68,0.18,0.40||14.17,4.06,2.88,8.78,2.60||0.00,0.00,0.50,0.59,0.00||117.57,3929.18,38599.61,82.45,104.74||21.42,6.29,13.49||2.16,5.71,23.91,10.64,13.44,2.73||
2.85,17.92,11.87,4.46,6.00,4.92,2.89||0.00,0.00,0.00,0.03,0.04,0.04||3.09,7.76,0.83,22.07,17.83,10.56||4.59,0.80,0.68,0.18,0.40||14.41,4.09,2.99,8.87,2.62||0.00,0.00,0.50,0.59,0.00||69.06,462.15,3134.66,66.37,29.74||18.48,5.55,11.98||2.25,5.93,25.04,11.00,13.84,2.84||
2.85,17.88,11.85,4.45,5.99,4.92,2.88||0.00,0.00,0.00,0.03,0.04,0.04||3.11,7.77,0.84,22.14,17.86,10.61||4.59,0.80,0.68,0.18,0.40||14.27,4.07,2.93,8.82,2.61||0.00,0.00,0.50,0.59,0.00||86.12,1122.90,8881.30,72.62,50.14||20.23,5.99,12.88||1.14,3.15,11.39,6.21,8.42,1.43||
2.85,17.87,11.85,4.45,5.98,4.92,2.88||0.00,0.00,0.00,0.03,0.04,0.04||3.12,7.77,0.84,22.15,17.87,10.62||4.59,0.80,0.68,0.18,0.40||14.25,4.07,2.91,8.81,2.60||0.00,0.00,0.50,0.59,0.00||139.10,7727.91,85346.50,88.31,155.92||31.52,8.74,18.41||0.90,2.52,8.63,5.08,7.07,1.13||
2.84,17.79,11.81,4.43,5.96,4.90,2.87||0.00,0.00,0.00,0.03,0.04,0.04||3.12,7.77,0.84,22.15,17.87,10.63||4.59,0.80,0.68,0.18,0.40||14.24,4.07,2.91,8.81,2.60||0.00,0.00,0.50,0.59,0.00||113.17,3369.52,32232.91,81.18,95.69||21.64,6.35,13.60||1.34,3.64,13.65,7.08,9.44,1.68||
2.85,17.85,11.84,4.44,5.98,4.91,2.88||0.00,0.00,0.00,0.03,0.04,0.04||3.12,7.77,0.84,22.15,17.87,10.63||4.59,0.80,0.68,0.18,0.40||14.24,4.07,2.91,8.80,2.60||0.00,0.00,0.50,0.59,0.00||204.33,36288.13,523775.31,103.30,387.25||18.10,5.45,11.78||0.19,0.60,1.46,1.40,2.30,0.24||
2.84,17.79,11.81,4.43,5.96,4.90,2.87||0.00,0.00,0.00,0.03,0.04,0.04||3.12,7.77,0.84,22.15,17.87,10.63||4.59,0.80,0.68,0.18,0.40||14.33,4.08,2.95,8.84,2.61||0.00,0.00,0.50,0.59,0.00||73.24,585.42,4136.60,67.98,34.18||20.84,6.14,13.20||1.08,2.99,10.69,5.93,8.09,1.36||
2.84,17.81,11.82,4.44,5.97,4.90,2.87||0.00,0.00,0.00,0.03,0.04,0.04||3.12,7.77,0.84,22.15,17.87,10.63||4.59,0.80,0.68,0.18,0.40||14.17,4.06,2.88,8.78,2.60||0.00,0.00,0.50,0.59,0.00||96.52,1776.69,15213.69,76.08,65.67||20.20,5.98,12.87||1.08,2.99,10.67,5.93,8.08,1.35||
2.84,17.82,11.82,4.44,5.97,4.91,2.87||0.00,0.00,0.00,0.03,0.04,0.04||3.12,7.77,0.84,22.15,17.87,10.63||4.59,0.80,0.68,0.18,0.40||14.23,4.07,2.90,8.80,2.60||0.00,0.00,0.50,0.59,0.00||171.95,18127.70,232035.19,96.28,257.45||28.68,8.06,17.06||1.74,4.65,18.52,8.84,11.44,2.19||
2.86,17.93,11.88,4.46,6.00,4.93,2.89||0.00,0.00,0.00,0.03,0.04,0.04||3.12,7.77,0.84,22.15,17.87,10.63||4.59,0.80,0.68,0.18,0.40||14.24,4.07,2.91,8.80,2.60||0.00,0.00,0.50,0.59,0.00||102.03,2221.07,19768.11,77.82,74.89||23.67,6.85,14.62||0.51,1.48,4.44,3.14,4.65,0.63||
2.84,17.84,11.83,4.44,5.98,4.91,2.88||0.00,0.00,0.00,0.03,0.04,0.04||3.12,7.77,0.84,22.15,17.87,10.63||4.59,0.80,0.68,0.18,0.40||14.33,4.08,2.95,8.84,2.61||0.00,0.00,0.50,0.59,0.00||65.77,379.68,2489.16,65.06,26.50||17.39,5.27,11.40||1.88,5.02,20.34,9.46,12.14,2.37||
2.84,17.79,11.81,4.43,5.96,4.90,2.87||0.00,0.00,0.00,0.03,0.04,0.04||3.12,7.77,0.84,22.15,17.87,10.63||4.59,0.80,0.68,0.18,0.40||14.45,4.09,3.00,8.88,2.62||0.00,0.00,0.50,0.59,0.00||92.54,1499.92,12472.78,74.79,59.44||11.88,3.81,8.39||1.95,5.18,21.14,9.73,12.44,2.46||
2.84,17.78,11.80,4.43,5.96,4.90,2.87||0.00,0.00,0.00,0.03,0.04,0.04||3.12,7.77,0.84,22.15,17.87,10.63||4.59,0.80,0.68,0.18,0.40||14.19,4.06,2.89,8.78,2.60||0.00,0.00,0.49,0.59,0.00||51.11,137.74,757.64,58.71,14.59||19.19,5.73,12.35||1.15,3.18,11.52,6.26,8.48,1.45||
2.84,17.77,11.80,4.43,5.95,4.90,2.87||0.00,0.00,0.00,0.03,0.04,0.04||3.12,7.77,0.84,22.15,17.87,10.63||4.59,0.80,0.68,0.18,0.40||14.23,4.07,2.91,8.80,2.60||0.00,0.00,0.50,0.59,0.00||44.39,78.09,389.33,55.42,10.45||28.57,8.04,17.01||3.17,8.16,37.22,14.66,17.77,4.02||
2.84,17.77,11.80,4.43,5.95,4.90,2.87||0.00,0.00,0.00,0.03,0.04,0.04||3.12,7.77,0.84,22.15,17.87,10.63||4.59,0.80,0.68,0.18,0.40||14.14,4.06,2.87,8.77,2.60||0.00,0.00,0.49,0.59,0.00||153.39,11449.83,135354.81,91.90,196.48||43.38,11.47,23.81||0.73,2.07,6.78,4.26,6.07,0.91||
2.84,17.81,11.82,4.43,5.97,4.90,2.87||0.00,0.00,0.00,0.03,0.04,0.04||3.12,7.77,0.84,22.15,17.87,10.63||4.59,0.80,0.68,0.18,0.40||14.22,4.07,2.90,8.80,2.60||0.00,0.00,0.50,0.59,0.00||131.51,6165.61,65482.26,86.31,136.52||23.47,6.80,14.52||1.48,4.02,15.42,7.74,10.19,1.87||
2.84,17.78,11.80,4.43,5.96,4.90,2.87||0.00,0.00,0.00,0.03,0.04,0.04||3.12,7.77,0.84,22.15,17.87,10.63||4.59,0.80,0.68,0.18,0.40||14.14,4.06,2.87,8.77,2.60||0.00,0.00,0.50,0.59,0.00||86.47,1141.67,9055.63,72.74,50.63||15.77,4.85,10.54||2.44,6.39,27.48,11.77,14.68,3.08||
2.84,17.77,11.80,4.43,5.95,4.90,2.87||0.00,0.00,0.00,0.03,0.04,0.04||3.12,7.77,0.84,22.15,17.87,10.63||4.59,0.80,0.68,0.18,0.40||14.13,4.06,2.86,8.76,2.60||0.00,0.00,0.49,0.59,0.00||118.79,4095.57,40524.03,82.80,107.33||21.50,6.31,13.53||0.38,1.11,3.12,2.43,3.72,0.46||
2.84,17.77,11.80,4.43,5.95,4.90,2.87||0.00,0.00,0.00,0.03,0.04,0.04||3.12,7.77,0.84,22.15,17.87,10.63||4.59,0.80,0.68,0.18,0.40||14.12,4.05,2.86,8.76,2.60||0.00,0.00,0.49,0.59,0.00||68.93,458.68,3107.05,66.32,29.61||27.43,7.76,16.46||3.68,9.39,44.35,16.65,19.85,4.68||
2.84,17.77,11.80,4.43,5.95,4.90,2.87||0.00,0.00,0.00,0.03,0.04,0.04||3.12,7.77,0.84,22.15,17.87,10.63||4.59,0.80,0.68,0.18,0.40||14.22,4.07,2.90,8.80,2.60||0.00,0.00,0.49,0.59,0.00||42.47,65.37,316.09,54.43,9.41||19.89,5.90,12.71||0.60,1.72,5.38,3.60,5.24,0.75||
2.84,17.77,11.80,4.43,5.95,4.90,2.87||0.00,0.00,0.00,0.03,0.04,0.04||3.12,7.77,0.84,22.15,17.87,10.63||4.59,0.80,0.68,0.18,0.40||14.14,4.06,2.87,8.77,2.60||0.00,0.00,0.49,0.59,0.00||61.74,294.48,1847.51,63.41,22.82||20.46,6.05,13.00||3.72,9.49,44.94,16.81,20.02,4.73||
2.84,17.81,11.82,4.43,5.97,4.90,2.87||0.00,0.00,0.00,0.03,0.04,0.04||3.12,7.77,0.84,22.15,17.87,10.63||4.59,0.80,0.68,0.18,0.40||14.13,4.06,2.86,8.76,2.60||0.00,0.00,0.49,0.59,0.00||102.12,2229.43,19855.41,77.85,75.05||23.55,6.82,14.56||1.34,3.64,13.67,7.09,9.45,1.68||
2.86,17.97,11.90,4.47,6.01,4.93,2.89||0.00,0.00,0.00,0.03,0.04,0.04||3.12,7.77,0.84,22.15,17.87,10.63||4.67,0.81,0.69,0.19,0.40||14.03,4.04,2.82,8.73,2.59||0.00,0.00,0.49,0.59,0.00||91.86,1455.68,12042.31,74.56,58.41||23.75,6.87,14.66||0.58,1.66,5.13,3.48,5.09,0.72||
2.86,18.00,11.92,4.48,6.02,4.94,2.90||0.00,0.00,0.00,0.04,0.04,0.04||3.12,7.77,0.84,22.15,17.87,10.63||4.75,0.82,0.71,0.19,0.41||13.92,4.03,2.78,8.68,2.58||0.00,0.00,0.49,0.59,0.00||73.35,589.06,4166.79,68.02,34.31||17.46,5.29,11.44||0.57,1.64,5.06,3.45,5.05,0.71||
2.88,18.17,12.00,4.51,6.07,4.97,2.91||0.00,0.00,0.00,0.04,0.04,0.04||3.12,7.77,0.84,22.15,17.87,10.63||4.84,0.83,0.74,0.19,0.41||14.08,4.05,2.84,8.74,2.59||0.00,0.00,0.49,0.59,0.00||64.75,356.68,2313.19,64.65,25.54||18.19,5.47,11.83||0.82,2.32,7.77,4.71,6.62,1.03||
2.89,18.24,12.04,4.53,6.09,4.99,2.92||0.00,0.00,0.00,0.04,0.04,0.04||3.27,7.85,0.90,22.59,18.06,10.97||4.94,0.84,0.76,0.20,0.42||14.21,4.06,2.90,8.79,2.60||0.00,0.00,0.49,0.59,0.00||61.79,295.45,1854.64,63.43,22.86||16.83,5.12,11.11||0.61,1.75,5.51,3.67,5.32,0.76||
2.89,18.25,12.05,4.53,6.10,4.99,2.92||0.00,0.00,0.00,0.04,0.04,0.04||3.30,7.87,0.92,22.68,18.10,11.04||5.03,0.85,0.78,0.20,0.42||14.23,4.07,2.91,8.80,2.60||0.00,0.00,0.50,0.59,0.00||121.97,4554.51,45901.17,83.70,114.25||21.59,6.33,13.58||1.41,3.84,14.57,7.43,9.83,1.78||
2.91,18.45,12.15,4.58,6.16,5.03,2.95||0.00,0.00,0.00,0.04,0.04,0.04||3.30,7.87,0.92,22.70,18.11,11.05||5.07,0.85,0.79,0.20,0.42||14.33,4.08,2.95,8.84,2.61||0.00,0.00,0.49,0.59,0.00||138.88,7679.10,84714.61,88.25,155.34||27.04,7.67,16.28||1.03,2.86,10.10,5.69,7.80,1.29||
2.92,18.49,12.17,4.59,6.17,5.04,2.95||0.00,0.00,0.00,0.04,0.04,0.04||3.30,7.87,0.92,22.70,18.11,11.05||5.14,0.86,0.81,0.20,0.43||14.44,4.09,3.00,8.88,2.62||0.00,0.00,0.50,0.59,0.00||109.28,2928.03,27336.89,80.03,88.10||25.05,7.19,15.30||2.89,7.48,33.45,13.57,16.61,3.66||
2.92,18.50,12.18,4.59,6.17,5.04,2.95||0.00,0.00,0.00,0.04,0.04,0.04||3.30,7.87,0.92,22.70,18.11,11.05||5.23,0.86,0.83,0.21,0.43||14.37,4.08,2.97,8.86,2.61||0.00,0.00,0.50,0.59,0.00||76.11,683.17,4958.07,69.05,37.43||18.97,5.67,12.23||0.74,2.10,6.88,4.31,6.13,0.93||
2.92,18.50,12.18,4.59,6.17,5.04,2.95||0.00,0.00,0.00,0.04,0.04,0.04||3.30,7.87,0.92,22.70,18.11,11.05||5.25,0.87,0.83,0.21,0.43||14.36,4.08,2.96,8.85,2.61||0.00,0.00,0.50,0.59,0.00||130.82,6036.80,63880.42,86.12,134.84||25.21,7.23,15.38||0.68,1.93,6.19,3.99,5.73,0.84||
2.92,18.50,12.18,4.59,6.17,5.04,2.95||0.00,0.00,0.00,0.04,0.04,0.04||3.30,7.87,0.92,22.70,18.11,11.05||5.34,0.87,0.85,0.21,0.43||14.26,4.07,2.92,8.81,2.61||0.00,0.00,0.50,0.59,0.00||169.50,17112.23,216862.27,95.72,248.87||26.69,7.58,16.10||2.21,5.83,24.49,10.82,13.65,2.79||
2.93,18.58,12.22,4.61,6.19,5.05,2.96||0.00,0.00,0.00,0.04,0.04,0.04||3.33,7.89,0.93,22.79,18.15,11.12||5.35,0.88,0.86,0.21,0.43||14.34,4.08,2.95,8.84,2.61||0.00,0.00,0.50,0.59,0.00||109.91,2996.35,28086.75,80.22,89.31||28.06,7.91,16.76||5.66,14.04,73.10,23.93,27.21,7.22||
2.94,18.72,12.29,4.64,6.24,5.08,2.98||0.00,0.00,0.00,0.04,0.04,0.04||3.34,7.89,0.93,22.81,18.16,11.14||5.41,0.88,0.87,0.21,0.44||14.26,4.07,2.92,8.81,2.60||0.00,0.00,0.50,0.59,0.00||164.33,15108.13,187381.05,94.52,231.29||16.30,4.99,10.83||1.14,3.13,11.30,6.18,8.38,1.42||
2.95,18.75,12.30,4.64,6.24,5.09,2.98||0.00,0.00,0.00,0.04,0.04,0.04||3.40,7.92,0.96,22.99,18.24,11.28||5.45,0.88,0.88,0.22,0.44||14.43,4.09,2.99,8.88,2.62||0.00,0.00,0.50,0.59,0.00||147.92,9894.60,114051.20,90.55,180.32||21.55,6.32,13.56||0.95,2.66,9.22,5.33,7.37,1.19||
2.95,18.75,12.30,4.64,6.24,5.09,2.98||0.00,0.00,0.00,0.04,0.04,0.04||3.48,7.96,0.99,23.21,18.33,11.45||5.46,0.89,0.89,0.22,0.44||14.37,4.08,2.97,8.86,2.61||0.00,0.00,0.49,0.59,0.00||116.37,3769.89,36770.49,82.11,102.22||23.54,6.82,14.56||0.95,2.66,9.23,5.33,7.37,1.19||
2.95,18.75,12.31,4.65,6.25,5.09,2.98||0.00,0.00,0.00,0.04,0.04,0.04||3.50,7.97,1.00,23.26,18.35,11.49||5.53,0.89,0.90,0.22,0.44||14.27,4.07,2.92,8.81,2.61||0.00,0.00,0.49,0.59,0.00||155.18,11998.14,142989.47,92.33,201.96||19.86,5.90,12.70||0.88,2.46,8.38,4.97,6.94,1.10||
2.95,18.75,12.31,4.65,6.25,5.09,2.98||0.00,0.00,0.00,0.04,0.04,0.04||3.50,7.97,1.00,23.27,18.35,11.50||5.56,0.89,0.91,0.22,0.44||14.34,4.08,2.95,8.84,2.61||0.00,0.00,0.49,0.59,0.00||55.06,185.74,1075.92,60.51,17.40||17.28,5.24,11.35||1.98,5.26,21.56,9.87,12.59,2.50||
2.95,18.79,12.33,4.65,6.26,5.09,2.99||0.00,0.00,0.00,0.04,0.04,0.04||3.50,7.97,1.00,23.27,18.35,11.50||5.57,0.89,0.91,0.22,0.44||14.35,4.08,2.96,8.85,2.61||0.00,0.00,0.49,0.59,0.00||94.56,1636.22,13812.57,75.45,62.57||16.77,5.11,11.08||0.35,1.04,2.87,2.28,3.52,0.43||
2.96,18.84,12.35,4.67,6.27,5.10,2.99||0.00,0.00,0.00,0.04,0.04,0.04||3.50,7.97,1.00,23.27,18.35,11.50||5.58,0.90,0.92,0.22,0.45||14.45,4.09,3.00,8.88,2.62||0.00,0.00,0.49,0.59,0.00||129.95,5877.71,61910.12,85.89,132.74||19.17,5.72,12.34||1.05,2.91,10.35,5.79,7.93,1.32||
2.95,18.81,12.34,4.66,6.26,5.10,2.99||0.00,0.00,0.00,0.04,0.04,0.04||3.50,7.97,1.00,23.27,18.35,11.50||5.66,0.90,0.94,0.22,0.45||14.28,4.07,2.93,8.82,2.61||0.00,0.00,0.49,0.59,0.00||127.62,5464.16,56831.99,85.26,127.16||22.68,6.60,14.12||0.73,2.08,6.81,4.28,6.09,0.92||
2.97,18.97,12.42,4.69,6.31,5.13,3.01||0.00,0.00,0.00,0.04,0.04,0.04||3.50,7.97,1.00,23.27,18.35,11.50||5.67,0.90,0.94,0.22,0.45||14.53,4.10,3.04,8.91,2.62||0.00,0.00,0.49,0.59,0.00||66.54,397.83,2629.31,65.37,27.23||20.31,6.01,12.92||0.62,1.76,5.54,3.68,5.34,0.77||
2.98,19.00,12.43,4.70,6.32,5.13,3.01||0.00,0.00,0.00,0.04,0.04,0.04||3.50,7.97,1.00,23.27,18.35,11.50||5.67,0.90,0.94,0.22,0.45||14.39,4.09,2.98,8.86,2.61||0.00,0.00,0.49,0.59,0.00||104.07,2405.44,21706.55,78.45,78.48||17.17,5.21,11.29||0.57,1.63,5.03,3.43,5.03,0.70||
2.98,19.00,12.44,4.70,6.32,5.14,3.01||0.00,0.00,0.00,0.04,0.04,0.04||3.50,7.97,1.00,23.27,18.35,11.50||5.68,0.90,0.94,0.22,0.45||14.36,4.08,2.96,8.85,2.61||0.00,0.00,0.49,0.59,0.00||83.64,998.79,7741.12,71.76,46.80||17.07,5.19,11.24||4.58,11.51,57.12,20.01,23.29,5.83||
2.98,19.01,12.44,4.70,6.32,5.14,3.01||0.00,0.00,0.00,0.04,0.04,0.04||3.50,7.97,1.00,23.27,18.35,11.50||5.76,0.91,0.96,0.23,0.45||14.26,4.07,2.92,8.81,2.61||0.00,0.00,0.49,0.59,0.00||180.43,22002.27,291231.69,98.19,288.52||23.00,6.68,14.29||2.00,5.31,21.82,9.95,12.69,2.52||
2.98,19.01,12.44,4.70,6.32,5.14,3.01||0.00,0.00,0.00,0.04,0.04,0.04||3.50,7.97,1.00,23.27,18.35,11.50||5.78,0.91,0.97,0.23,0.45||14.34,4.08,2.95,8.84,2.61||0.00,0.00,0.49,0.59,0.00||138.72,7643.60,84255.21,88.21,154.92||22.90,6.66,14.24||1.01,2.80,9.86,5.59,7.69,1.26||
2.98,19.01,12.44,4.70,6.32,5.14,3.01||0.00,0.00,0.00,0.04,0.04,0.05||3.50,7.97,1.00,23.27,18.35,11.50||5.78,0.91,0.97,0.23,0.45||14.54,4.10,3.04,8.92,2.62||0.00,0.00,0.49,0.59,0.00||73.78,603.01,4282.76,68.19,34.78||22.28,6.50,13.92||2.81,7.28,32.34,13.24,16.26,3.55||
2.98,19.01,12.44,4.70,6.32,5.14,3.01||0.00,0.00,0.00,0.04,0.04,0.05||3.50,7.97,1.00,23.27,18.35,11.50||5.78,0.91,0.97,0.23,0.45||14.39,4.09,2.98,8.86,2.61||0.00,0.00,0.49,0.59,0.00||100.28,2071.78,18218.61,77.27,71.88||24.50,7.05,15.03||1.08,2.97,10.61,5.90,8.05,1.35||
2.98,19.01,12.44,4.70,6.32,5.14,3.01||0.00,0.00,0.00,0.04,0.04,0.05||3.53,7.98,1.02,23.36,18.39,11.57||5.78,0.91,0.97,0.23,0.45||14.36,4.08,2.97,8.85,2.61||0.00,0.00,0.50,0.59,0.00||160.94,13891.37,169804.39,93.72,220.14||28.76,8.08,17.10||0.47,1.37,4.03,2.92,4.37,0.58||
2.98,19.01,12.44,4.70,6.32,5.14,3.01||0.00,0.00,0.00,0.04,0.04,0.05||3.57,8.00,1.03,23.47,18.44,11.66||5.80,0.92,0.97,0.23,0.45||14.36,4.08,2.96,8.85,2.61||0.00,0.00,0.50,0.59,0.00||89.03,1283.53,10389.39,73.61,54.24||19.34,5.77,12.43||0.34,1.02,2.80,2.24,3.47,0.42||
2.98,19.01,12.44,4.70,6.32,5.14,3.01||0.00,0.00,0.00,0.04,0.04,0.05||3.61,8.02,1.05,23.58,18.49,11.75||5.82,0.92,0.98,0.23,0.46||14.64,4.12,3.09,8.96,2.63||0.00,0.00,0.50,0.59,0.00||109.85,2989.78,28014.49,80.20,89.19||19.24,5.74,12.37||1.07,2.95,10.49,5.85,7.99,1.33||
2.99,19.09,12.48,4.72,6.34,5.15,3.02||0.00,0.00,0.00,0.04,0.04,0.05||3.66,8.04,1.07,23.70,18.54,11.84||5.88,0.92,0.99,0.23,0.46||14.51,4.10,3.03,8.91,2.62||0.00,0.00,0.50,0.59,0.00||174.20,19104.29,246766.41,96.79,265.52||20.65,6.10,13.10||3.40,8.71,40.42,15.57,18.72,4.31||
2.99,19.10,12.49,4.72,6.35,5.15,3.02||0.00,0.00,0.00,0.04,0.04,0.05||3.66,8.04,1.07,23.72,18.55,11.86||5.89,0.92,1.00,0.23,0.46||14.48,4.10,3.02,8.90,2.62||0.00,0.00,0.50,0.59,0.00||146.10,9414.56,107587.63,90.09,175.12||24.56,7.07,15.06||1.67,4.48,17.65,8.53,11.10,2.10||
2.99,19.11,12.49,4.72,6.35,5.16,3.02||0.00,0.00,0.00,0.04,0.04,0.05||3.67,8.04,1.07,23.73,18.55,11.86||5.90,0.92,1.00,0.23,0.46||14.48,4.10,3.01,8.89,2.62||0.00,0.00,0.50,0.59,0.00||151.75,10965.53,128663.54,91.50,191.55||26.85,7.62,16.18||0.43,1.26,3.64,2.72,4.10,0.53||
2.99,19.15,12.51,4.73,6.36,5.16,3.03||0.00,0.00,0.00,0.04,0.04,0.05||3.70,8.06,1.09,23.82,18.59,11.94||5.90,0.92,1.00,0.23,0.46||14.47,4.10,3.01,8.89,2.62||0.00,0.00,0.50,0.59,0.00||161.90,14228.93,174654.77,93.94,223.27||17.93,5.41,11.69||0.50,1.46,4.37,3.10,4.60,0.62||
3.00,19.20,12.54,4.75,6.38,5.17,3.03||0.00,0.00,0.00,0.04,0.04,0.05||3.71,8.06,1.09,23.84,18.60,11.96||5.90,0.92,1.00,0.23,0.46||14.57,4.11,3.06,8.93,2.63||0.00,0.00,0.50,0.59,0.00||41.71,60.79,290.24,54.03,9.02||16.48,5.03,10.92||2.37,6.21,26.53,11.47,14.35,2.99||
3.00,19.25,12.56,4.76,6.39,5.18,3.04||0.00,0.00,0.00,0.04,0.04,0.05||3.71,8.06,1.09,23.84,18.60,11.96||5.90,0.92,1.00,0.23,0.46||14.49,4.10,3.02,8.90,2.62||0.00,0.00,0.50,0.59,0.00||62.91,317.56,2018.50,63.89,23.85||32.16,8.89,18.71||2.29,6.03,25.56,11.17,14.02,2.90||
3.01,19.26,12.57,4.76,6.40,5.19,3.04||0.00,0.00,0.00,0.04,0.04,0.05||3.71,8.06,1.09,23.84,18.60,11.96||5.91,0.93,1.00,0.23,0.46||14.57,4.11,3.06,8.93,2.63||0.00,0.00,0.50,0.59,0.00||200.33,33517.84,477185.66,102.47,369.57||26.37,7.51,15.95||5.82,14.40,75.45,24.49,27.76,7.42||
3.01,19.26,12.57,4.76,6.40,5.19,3.04||0.00,0.00,0.00,0.04,0.04,0.05||3.71,8.06,1.09,23.84,18.60,11.96||5.99,0.93,1.02,0.23,0.46||14.40,4.09,2.98,8.87,2.61||0.00,0.00,0.50,0.59,0.00||181.71,22635.67,301090.72,98.47,293.38||27.19,7.71,16.35||1.63,4.39,17.25,8.39,10.94,2.06||
3.01,19.26,12.57,4.76,6.40,5.19,3.04||0.00,0.00,0.00,0.04,0.04,0.05||3.71,8.06,1.09,23.84,18.60,11.96||6.01,0.93,1.03,0.24,0.46||14.46,4.09,3.01,8.89,2.62||0.00,0.00,0.50,0.59,0.00||171.60,17983.30,229868.27,96.20,256.24||19.18,5.73,12.34||0.95,2.64,9.14,5.30,7.33,1.18||
3.01,19.26,12.57,4.76,6.40,5.19,3.04||0.00,0.00,0.00,0.04,0.04,0.05||3.71,8.06,1.09,23.84,18.60,11.96||6.01,0.93,1.03,0.24,0.46||14.47,4.10,3.01,8.89,2.62||0.00,0.00,0.50,0.59,0.00||140.64,8076.58,89881.13,88.70,160.02||18.51,5.56,12.00||0.76,2.15,7.09,4.40,6.24,0.95||
3.01,19.26,12.57,4.76,6.40,5.19,3.04||0.00,0.00,0.00,0.04,0.04,0.05||3.71,8.06,1.09,23.84,18.60,11.96||6.01,0.93,1.03,0.24,0.46||14.47,4.10,3.01,8.89,2.62||0.00,0.00,0.50,0.59,0.00||172.92,18543.97,238298.05,96.50,260.91||23.13,6.71,14.35||2.53,6.62,28.70,12.14,15.08,3.20||
3.01,19.26,12.57,4.76,6.40,5.19,3.04||0.00,0.00,0.00,0.04,0.04,0.05||3.71,8.06,1.09,23.84,18.60,11.96||6.01,0.93,1.03,0.24,0.46||14.47,4.10,3.01,8.89,2.62||0.00,0.00,0.50,0.59,0.00||61.32,286.46,1788.61,63.23,22.45||19.92,5.91,12.73||0.17,0.54,1.27,1.27,2.11,0.21||
3.01,19.26,12.57,4.76,6.40,5.19,3.04||0.00,0.00,0.00,0.04,0.04,0.05||3.71,8.06,1.09,23.84,18.60,11.96||6.01,0.93,1.03,0.24,0.46||14.47,4.10,3.01,8.89,2.62||0.00,0.00,0.50,0.59,0.00||76.55,699.35,5096.10,69.22,37.95||21.46,6.30,13.51||0.34,1.01,2.76,2.22,3.44,0.42||
3.01,19.26,12.57,4.76,6.40,5.19,3.04||0.00,0.00,0.00,0.04,0.04,0.05||3.71,8.06,1.09,23.84,18.60,11.96||6.01,0.93,1.03,0.24,0.46||14.47,4.10,3.01,8.89,2.62||0.00,0.00,0.50,0.59,0.00||222.09,50746.16,776228.63,106.87,471.68||28.78,8.09,17.11||0.71,2.02,6.58,4.17,5.95,0.89||
3.01,19.26,12.57,4.76,6.40,5.19,3.04||0.00,0.00,0.00,0.04,0.04,0.05||3.71,8.06,1.09,23.84,18.60,11.96||6.01,0.93,1.03,0.24,0.46||14.66,4.12,3.10,8.97,2.63||0.00,0.00,0.50,0.59,0.00||179.95,21769.69,287623.78,98.08,286.72||22.58,6.58,14.08||2.09,5.53,22.97,10.33,13.11,2.64||
3.01,19.26,12.57,4.76,6.40,5.19,3.04||0.00,0.00,0.00,0.04,0.04,0.05||3.71,8.06,1.09,23.84,18.60,11.96||6.01,0.93,1.03,0.24,0.46||14.51,4.10,3.03,8.91,2.62||0.00,0.00,0.50,0.59,0.00||149.38,10292.68,119452.34,90.91,184.55||21.94,6.42,13.75||1.23,3.37,12.39,6.60,8.88,1.54||
3.01,19.26,12.57,4.76,6.40,5.19,3.04||0.00,0.00,0.00,0.04,0.04,0.05||3.71,8.06,1.09,23.84,18.60,11.96||6.01,0.93,1.03,0.24,0.46||14.39,4.09,2.98,8.86,2.61||0.00,0.00,0.50,0.59,0.00||93.30,1550.06,12963.28,75.03,60.61||24.63,7.08,15.10||0.96,2.68,9.34,5.38,7.43,1.21||
3.01,19.26,12.57,4.76,6.40,5.19,3.04||0.00,0.00,0.00,0.04,0.04,0.05||3.71,8.06,1.09,23.84,18.60,11.96||6.01,0.93,1.03,0.24,0.46||14.36,4.08,2.96,8.85,2.61||0.00,0.00,0.50,0.59,0.00||155.68,12154.06,145171.81,92.46,203.50||28.85,8.10,17.15||2.25,5.94,25.07,11.01,13.85,2.85||
3.01,19.26,12.57,4.76,6.40,5.19,3.04||0.00,0.00,0.00,0.04,0.04,0.05||3.71,8.06,1.09,23.84,18.60,11.96||6.07,0.94,1.04,0.24,0.47||14.45,4.09,3.00,8.89,2.62||0.00,0.00,0.50,0.59,0.00||145.13,9165.65,104258.64,89.85,172.38||21.48,6.31,13.52||0.58,1.67,5.19,3.51,5.13,0.72||
3.01,19.26,12.57,4.76,6.40,5.19,3.04||0.00,0.00,0.00,0.04,0.04,0.05||3.71,8.06,1.09,23.84,18.60,11.96||6.08,0.94,1.05,0.24,0.47||14.56,4.11,3.05,8.93,2.63||0.00,0.00,0.50,0.59,0.00||206.83,38111.79,554785.94,103.81,398.58||36.44,9.88,20.69||7.30,17.80,98.21,29.65,32.79,9.34||
3.01,19.26,12.57,4.76,6.40,5.19,3.04||0.00,0.00,0.00,0.04,0.04,0.05||3.71,8.06,1.09,23.84,18.60,11.96||6.10,0.94,1.05,0.24,0.47||14.49,4.10,3.02,8.90,2.62||0.00,0.00,0.50,0.59,0.00||137.37,7348.19,80448.52,87.86,151.37||32.50,8.97,18.87||5.94,14.68,77.31,24.92,28.19,7.58||
3.01,19.26,12.57,4.76,6.40,5.19,3.04||0.00,0.00,0.00,0.04,0.04,0.05||3.71,8.06,1.09,23.84,18.60,11.96||6.10,0.94,1.05,0.24,0.47||14.67,4.12,3.10,8.97,2.63||0.00,0.00,0.50,0.59,0.00||75.03,645.19,4636.26,68.66,36.19||23.09,6.71,14.33||1.37,3.72,14.04,7.23,9.61,1.72||
3.01,19.26,12.57,4.76,6.40,5.19,3.04||0.00,0.00,0.00,0.04,0.04,0.05||3.71,8.06,1.09,23.84,18.60,11.96||6.12,0.94,1.06,0.24,0.47||14.51,4.10,3.03,8.91,2.62||0.00,0.00,0.50,0.59,0.00||53.34,163.52,926.56,59.74,16.14||15.98,4.90,10.66||0.61,1.74,5.44,3.63,5.28,0.75||
3.01,19.31,12.59,4.77,6.41,5.19,3.05||0.00,0.00,0.00,0.04,0.04,0.05||3.71,8.06,1.09,23.84,18.60,11.96||6.12,0.94,1.06,0.24,0.47||14.67,4.12,3.10,8.97,2.63||0.00,0.00,0.50,0.59,0.00||47.32,100.98,526.42,56.89,12.16||27.54,7.79,16.52||1.24,3.40,12.53,6.66,8.94,1.56||
3.01,19.31,12.59,4.77,6.41,5.20,3.05||0.00,0.00,0.00,0.04,0.04,0.05||3.71,8.06,1.09,23.84,18.60,11.96||6.13,0.94,1.06,0.24,0.47||14.51,4.10,3.03,8.91,2.62||0.00,0.00,0.50,0.59,0.00||92.50,1497.41,12448.24,74.77,59.39||27.63,7.81,16.56||1.05,2.90,10.27,5.76,7.89,1.31||
3.02,19.40,12.64,4.79,6.44,5.21,3.06||0.00,0.00,0.00,0.04,0.04,0.05||3.71,8.06,1.09,23.84,18.60,11.96||6.13,0.94,1.06,0.24,0.47||14.48,4.10,3.02,8.90,2.62||0.00,0.00,0.50,0.59,0.00||55.57,192.78,1123.97,60.74,17.78||21.26,6.25,13.41||0.60,1.72,5.37,3.60,5.24,0.74||
3.01,19.29,12.58,4.77,6.40,5.19,3.04||0.00,0.00,0.00,0.04,0.04,0.05||3.74,8.08,1.11,23.94,18.64,12.03||6.13,0.94,1.06,0.24,0.47||14.48,4.10,3.01,8.89,2.62||0.00,0.00,0.50,0.59,0.00||116.10,3735.20,36373.82,82.03,101.67||22.32,6.51,13.95||2.52,6.59,28.58,12.11,15.04,3.19||
3.01,19.27,12.57,4.76,6.40,5.19,3.04||0.00,0.00,0.00,0.04,0.04,0.05||3.72,8.07,1.09,23.86,18.61,11.97||6.03,0.94,1.03,0.24,0.46||14.38,4.09,2.97,8.86,2.61||0.00,0.00,0.50,0.59,0.00||57.24,217.13,1292.25,61.48,19.07||18.12,5.46,11.79||1.31,3.56,13.29,6.95,9.28,1.64||
3.01,19.31,12.59,4.77,6.41,5.19,3.05||0.00,0.00,0.00,0.04,0.04,0.05||3.71,8.07,1.09,23.85,18.60,11.96||5.94,0.93,1.01,0.23,0.46||14.36,4.08,2.96,8.85,2.61||0.00,0.00,0.50,0.59,0.00||85.54,1093.04,8604.86,72.42,49.35||23.64,6.84,14.60||1.67,4.49,17.72,8.56,11.13,2.11||
3.01,19.27,12.57,4.76,6.40,5.19,3.04||0.00,0.00,0.00,0.04,0.04,0.04||3.71,8.06,1.09,23.85,18.60,11.96||5.91,0.92,1.00,0.23,0.46||14.26,4.07,2.92,8.81,2.61||0.00,0.00,0.50,0.59,0.00||43.96,75.07,371.77,55.20,10.21||15.67,4.82,10.49||2.74,7.13,31.46,12.98,15.99,3.47||
3.01,19.27,12.57,4.76,6.40,5.19,3.04||0.00,0.00,0.00,0.04,0.04,0.04||3.71,8.06,1.09,23.85,18.60,11.96||5.81,0.92,0.97,0.23,0.45||14.34,4.08,2.95,8.84,2.61||0.00,0.00,0.50,0.59,0.00||109.28,2927.48,27330.89,80.03,88.09||23.39,6.78,14.48||2.40,6.30,26.98,11.61,14.51,3.03||
3.01,19.26,12.57,4.76,6.40,5.19,3.04||0.00,0.00,0.00,0.04,0.04,0.04||3.71,8.06,1.09,23.84,18.60,11.96||5.79,0.91,0.97,0.23,0.45||14.54,4.10,3.04,8.92,2.62||0.00,0.00,0.49,0.59,0.00||121.99,4557.04,45931.04,83.70,114.28||19.30,5.76,12.40||1.60,4.30,16.80,8.23,10.76,2.01||
3.01,19.26,12.57,4.76,6.40,5.19,3.04||0.00,0.00,0.00,0.04,0.04,0.04||3.71,8.06,1.09,23.84,18.60,11.96||5.75,0.91,0.96,0.23,0.45||14.39,4.09,2.98,8.86,2.61||0.00,0.00,0.50,0.59,0.00||128.89,5687.31,59564.12,85.60,130.19||18.37,5.52,11.92||1.84,4.91,19.80,9.28,11.93,2.32||
3.01,19.26,12.57,4.76,6.40,5.19,3.04||0.00,0.00,0.00,0.04,0.04,0.04||3.71,8.06,1.09,23.84,18.60,11.96||5.69,0.91,0.94,0.22,0.45||14.46,4.09,3.01,8.89,2.62||0.00,0.00,0.49,0.59,0.00||39.85,50.62,234.14,53.04,8.10||13.29,4.19,9.19||2.17,5.73,23.98,10.66,13.47,2.74||
3.01,19.26,12.57,4.76,6.40,5.19,3.04||0.00,0.00,0.00,0.04,0.04,0.04||3.67,8.05,1.08,23.75,18.56,11.88||5.68,0.90,0.94,0.22,0.45||14.28,4.07,2.93,8.82,2.61||0.00,0.00,0.49,0.59,0.00||92.09,1470.82,12189.41,74.64,58.76||25.88,7.39,15.71||3.74,9.53,45.18,16.88,20.09,4.75||
3.01,19.26,12.57,4.76,6.40,5.19,3.04||0.00,0.00,0.00,0.04,0.04,0.04||3.70,8.06,1.09,23.83,18.59,11.94||5.61,0.90,0.92,0.22,0.45||14.34,4.08,2.96,8.84,2.61||0.00,0.00,0.49,0.59,0.00||124.67,4974.29,50902.62,84.45,120.33||18.77,5.62,12.13||3.17,8.18,37.33,14.70,17.81,4.03||
3.01,19.26,12.57,4.76,6.40,5.19,3.04||0.00,0.00,0.00,0.04,0.04,0.04||3.64,8.03,1.06,23.65,18.52,11.81||5.58,0.90,0.91,0.22,0.44||14.26,4.07,2.92,8.81,2.60||0.00,0.00,0.49,0.59,0.00||145.94,9373.72,107040.70,90.05,174.67||29.43,8.24,17.42||2.02,5.37,22.13,10.06,12.80,2.55||
2.99,19.14,12.50,4.73,6.36,5.16,3.03||0.00,0.00,0.00,0.04,0.04,0.04||3.69,8.06,1.09,23.81,18.58,11.93||5.57,0.89,0.91,0.22,0.44||14.34,4.08,2.95,8.84,2.61||0.00,0.00,0.49,0.59,0.00||141.95,8384.28,93911.14,89.04,163.58||25.00,7.18,15.28||0.78,2.21,7.32,4.51,6.37,0.98||
2.98,19.03,12.45,4.71,6.33,5.14,3.02||0.00,0.00,0.00,0.04,0.04,0.04||3.57,8.00,1.03,23.47,18.44,11.66||5.48,0.89,0.89,0.22,0.44||14.26,4.07,2.92,8.81,2.60||0.00,0.00,0.49,0.59,0.00||67.42,419.51,2798.15,65.72,28.10||16.27,4.98,10.81||0.48,1.41,4.19,3.00,4.48,0.60||
2.98,19.01,12.44,4.70,6.32,5.14,3.01||0.00,0.00,0.00,0.04,0.04,0.04||3.55,7.99,1.02,23.40,18.41,11.60||5.47,0.89,0.89,0.22,0.44||14.15,4.06,2.87,8.77,2.60||0.00,0.00,0.49,0.59,0.00||75.08,646.68,4648.81,68.67,36.24||23.33,6.76,14.45||1.58,4.26,16.59,8.16,10.67,1.99||
2.98,19.01,12.44,4.70,6.32,5.14,3.01||0.00,0.00,0.00,0.04,0.04,0.04||3.54,7.99,1.02,23.39,18.40,11.59||5.46,0.89,0.89,0.22,0.44||14.22,4.07,2.90,8.80,2.60||0.00,0.00,0.49,0.59,0.00||109.07,2905.04,27085.29,79.97,87.69||29.84,8.34,17.62||2.64,6.89,30.19,12.60,15.57,3.35||
2.98,19.01,12.44,4.70,6.32,5.14,3.01||0.00,0.00,0.00,0.04,0.04,0.04||3.51,7.97,1.01,23.29,18.36,11.52||5.40,0.88,0.87,0.21,0.44||14.33,4.08,2.95,8.84,2.61||0.00,0.00,0.49,0.59,0.00||47.23,100.22,521.74,56.84,12.10||21.78,6.38,13.67||0.99,2.74,9.61,5.49,7.56,1.24||
2.98,19.01,12.44,4.70,6.32,5.14,3.01||0.00,0.00,0.00,0.04,0.04,0.04||3.53,7.98,1.02,23.36,18.39,11.57||5.37,0.88,0.86,0.21,0.44||14.26,4.07,2.92,8.81,2.60||0.00,0.00,0.49,0.59,0.00||99.87,2037.60,17866.60,77.14,71.18||28.96,8.13,17.20||1.52,4.10,15.82,7.88,10.36,1.91||
2.98,19.01,12.44,4.70,6.32,5.14,3.01||0.00,0.00,0.00,0.04,0.04,0.04||3.51,7.97,1.00,23.29,18.36,11.51||5.36,0.88,0.86,0.21,0.44||14.24,4.07,2.91,8.81,2.60||0.00,0.00,0.49,0.59,0.00||151.53,10902.97,127802.99,91.44,190.91||23.93,6.91,14.75||2.82,7.32,32.52,13.30,16.32,3.57||
2.98,19.01,12.44,4.70,6.32,5.14,3.01||0.00,0.00,0.00,0.04,0.04,0.04||3.50,7.97,1.00,23.27,18.36,11.50||5.36,0.88,0.86,0.21,0.44||14.24,4.07,2.91,8.80,2.60||0.00,0.00,0.49,0.59,0.00||98.96,1964.32,17115.16,76.86,69.67||22.34,6.52,13.95||0.89,2.48,8.47,5.01,6.99,1.11||
2.98,19.01,12.44,4.70,6.32,5.14,3.01||0.00,0.00,0.00,0.04,0.04,0.04||3.50,7.97,1.00,23.27,18.35,11.50||5.34,0.87,0.86,0.21,0.43||14.05,4.05,2.83,8.73,2.59||0.00,0.00,0.49,0.59,0.00||43.81,74.11,366.16,55.13,10.13||16.12,4.94,10.73||0.61,1.75,5.49,3.66,5.31,0.76||
2.98,19.01,12.44,4.70,6.32,5.14,3.01||0.00,0.00,0.00,0.04,0.04,0.04||3.50,7.97,1.00,23.27,18.35,11.50||5.27,0.87,0.84,0.21,0.43||14.02,4.04,2.82,8.72,2.59||0.00,0.00,0.49,0.59,0.00||134.66,6780.81,73211.20,87.14,144.38||31.81,8.80,18.55||0.86,2.41,8.19,4.89,6.83,1.08||
2.98,19.01,12.44,4.70,6.32,5.14,3.01||0.00,0.00,0.00,0.04,0.04,0.04||3.50,7.97,1.00,23.27,18.35,11.50||5.26,0.87,0.84,0.21,0.43||14.20,4.06,2.89,8.79,2.60||0.00,0.00,0.49,0.59,0.00||47.95,106.51,560.38,57.20,12.55||15.01,4.65,10.13||0.44,1.29,3.75,2.77,4.17,0.55||
2.97,18.97,12.42,4.69,6.31,5.13,3.01||0.00,0.00,0.00,0.04,0.04,0.04||3.50,7.97,1.00,23.27,18.35,11.50||5.26,0.87,0.84,0.21,0.43||14.14,4.06,2.87,8.77,2.60||0.00,0.00,0.49,0.59,0.00||96.82,1798.80,15435.98,76.18,66.15||17.14,5.20,11.27||5.77,14.28,74.70,24.31,27.59,7.36||
2.96,18.88,12.37,4.67,6.28,5.11,3.00||0.00,0.00,0.00,0.04,0.04,0.04||3.50,7.97,1.00,23.27,18.35,11.50||5.26,0.87,0.83,0.21,0.43||14.03,4.04,2.82,8.73,2.59||0.00,0.00,0.49,0.59,0.00||74.97,642.99,4617.74,68.63,36.12||20.61,6.09,13.08||0.80,2.27,7.57,4.62,6.51,1.00||
2.96,18.82,12.34,4.66,6.26,5.10,2.99||0.00,0.00,0.00,0.04,0.04,0.04||3.50,7.97,1.00,23.27,18.35,11.50||5.21,0.86,0.82,0.21,0.43||14.01,4.04,2.81,8.72,2.59||0.00,0.00,0.49,0.59,0.00||78.92,790.38,5882.68,70.08,40.78||21.64,6.35,13.60||2.69,7.00,30.80,12.78,15.77,3.41||
2.95,18.81,12.33,4.66,6.26,5.10,2.99||0.00,0.00,0.00,0.04,0.04,0.04||3.50,7.97,1.00,23.27,18.35,11.50||5.17,0.86,0.81,0.21,0.43||13.83,4.02,2.74,8.65,2.57||0.00,0.00,0.49,0.59,0.00||120.33,4313.57,43065.79,83.24,110.65||25.04,7.18,15.30||2.83,7.34,32.63,13.33,16.36,3.58||
2.95,18.80,12.33,4.66,6.26,5.10,2.99||0.00,0.00,0.00,0.04,0.04,0.04||3.50,7.97,1.00,23.27,18.35,11.50||5.16,0.86,0.81,0.21,0.43||14.16,4.06,2.87,8.77,2.60||0.00,0.00,0.49,0.59,0.00||189.73,26932.74,369190.31,100.22,324.96||18.78,5.62,12.13||1.99,5.28,21.65,9.90,12.63,2.51||
2.95,18.76,12.31,4.65,6.25,5.09,2.98||0.00,0.00,0.00,0.04,0.04,0.04||3.50,7.97,1.00,23.27,18.35,11.50||5.16,0.86,0.81,0.21,0.43||13.95,4.03,2.79,8.69,2.58||0.00,0.00,0.49,0.59,0.00||108.11,2803.22,25975.17,79.68,85.87||17.88,5.40,11.67||11.41,27.02,165.09,43.22,45.50,14.67||
2.95,18.75,12.31,4.65,6.25,5.09,2.98||0.00,0.00,0.00,0.04,0.04,0.04||3.50,7.97,1.00,23.27,18.35,11.50||5.16,0.86,0.81,0.21,0.43||13.90,4.03,2.77,8.68,2.58||0.00,0.00,0.49,0.59,0.00||104.09,2407.59,21729.39,78.46,78.52||26.56,7.55,16.04||11.67,27.60,169.47,44.05,46.26,15.01||
2.95,18.75,12.31,4.65,6.25,5.09,2.98||0.00,0.00,0.00,0.04,0.04,0.04||3.50,7.97,1.00,23.27,18.35,11.50||5.16,0.86,0.81,0.21,0.43||14.08,4.05,2.84,8.74,2.59||0.00,0.00,0.49,0.59,0.00||124.22,4901.78,50033.29,84.32,119.29||21.68,6.36,13.62||2.00,5.31,21.82,9.95,12.69,2.52||
2.95,18.75,12.31,4.65,6.25,5.09,2.98||0.00,0.00,0.00,0.04,0.04,0.04||3.50,7.97,1.00,23.27,18.35,11.50||5.16,0.86,0.81,0.21,0.43||13.93,4.03,2.78,8.69,2.58||0.00,0.00,0.49,0.59,0.00||58.46,236.37,1427.58,62.01,20.05||13.49,4.24,9.30||0.70,1.99,6.46,4.11,5.89,0.88||
2.95,18.75,12.31,4.65,6.25,5.09,2.98||0.00,0.00,0.00,0.04,0.04,0.04||3.50,7.97,1.00,23.27,18.35,11.50||5.14,0.86,0.81,0.20,0.43||14.09,4.05,2.84,8.75,2.59||0.00,0.00,0.49,0.59,0.00||112.45,3284.52,31281.10,80.97,94.26||24.33,7.01,14.95||1.95,5.19,21.22,9.76,12.47,2.46||
2.95,18.75,12.31,4.65,6.25,5.09,2.98||0.00,0.00,0.00,0.04,0.04,0.04||3.50,7.97,1.00,23.27,18.35,11.50||5.07,0.85,0.79,0.20,0.42||14.12,4.05,2.86,8.76,2.59||0.00,0.00,0.49,0.59,0.00||108.16,2808.97,26037.56,79.70,85.98||27.50,7.78,16.49||0.70,1.98,6.39,4.08,5.85,0.87||
2.95,18.75,12.31,4.65,6.25,5.09,2.98||0.00,0.00,0.00,0.04,0.04,0.04||3.50,7.97,1.00,23.27,18.35,11.50||5.06,0.85,0.79,0.20,0.42||13.94,4.03,2.78,8.69,2.58||0.00,0.00,0.49,0.59,0.00||123.47,4783.89,48624.64,84.12,117.60||26.00,7.42,15.77||8.07,19.55,110.39,32.27,35.30,10.34||
2.95,18.75,12.31,4.65,6.25,5.09,2.98||0.00,0.00,0.00,0.04,0.04,0.04||3.50,7.97,1.00,23.27,18.35,11.50||5.06,0.85,0.79,0.20,0.42||13.81,4.02,2.73,8.64,2.57||0.00,0.00,0.49,0.59,0.00||101.66,2188.76,19431.16,77.71,74.24||20.89,6.16,13.22||1.62,4.35,17.02,8.31,10.85,2.03||
2.95,18.75,12.31,4.65,6.25,5.09,2.98||0.00,0.00,0.00,0.04,0.04,0.04||3.50,7.97,1.00,23.27,18.35,11.50||5.06,0.85,0.79,0.20,0.42||13.70,4.00,2.68,8.60,2.56||0.00,0.00,0.49,0.59,0.00||87.97,1223.18,9818.72,73.25,52.72||16.58,5.06,10.98||5.63,13.97,72.67,23.83,27.11,7.19||
2.95,18.75,12.31,4.65,6.25,5.09,2.98||0.00,0.00,0.00,0.04,0.04,0.04||3.50,7.97,1.00,23.27,18.35,11.50||5.06,0.85,0.79,0.20,0.42||14.04,4.04,2.82,8.73,2.59||0.00,0.00,0.49,0.59,0.00||84.53,1042.03,8135.75,72.07,47.98||21.61,6.34,13.59||2.73,7.11,31.35,12.95,15.95,3.46||
2.95,18.75,12.31,4.65,6.25,5.09,2.98||0.00,0.00,0.00,0.04,0.04,0.04||3.50,7.97,1.00,23.27,18.35,11.50||5.06,0.85,0.79,0.20,0.42||13.92,4.03,2.78,8.68,2.58||0.00,0.00,0.49,0.59,0.00||72.24,554.02,3877.52,67.60,33.09||31.63,8.76,18.47||1.30,3.56,13.27,6.94,9.27,1.64||
2.94,18.71,12.28,4.64,6.23,5.08,2.98||0.00,0.00,0.00,0.04,0.04,0.04||3.50,7.97,1.00,23.27,18.35,11.50||5.06,0.85,0.79,0.20,0.42||13.81,4.02,2.73,8.64,2.57||0.00,0.00,0.49,0.59,0.00||108.31,2824.24,26203.75,79.74,86.25||21.66,6.35,13.61||2.47,6.47,27.93,11.91,14.83,3.13||
2.93,18.58,12.22,4.61,6.20,5.05,2.96||0.00,0.00,0.00,0.04,0.04,0.04||3.50,7.97,1.00,23.27,18.35,11.50||5.06,0.85,0.79,0.20,0.42||14.15,4.06,2.87,8.77,2.60||0.00,0.00,0.49,0.59,0.00||95.72,1718.18,14627.62,75.82,64.39||18.86,5.65,12.18||2.79,7.25,32.18,13.19,16.21,3.54||
2.94,18.64,12.25,4.62,6.21,5.06,2.97||0.00,0.00,0.00,0.04,0.04,0.04||3.50,7.97,1.00,23.27,18.35,11.50||5.06,0.85,0.79,0.20,0.42||14.04,4.04,2.82,8.73,2.59||0.00,0.00,0.49,0.59,0.00||127.25,5400.48,56055.73,85.16,126.29||24.11,6.96,14.84||9.57,22.93,134.56,37.26,39.99,12.28||
2.93,18.57,12.21,4.60,6.19,5.05,2.96||0.00,0.00,0.00,0.04,0.04,0.04||3.50,7.97,1.00,23.27,18.35,11.50||5.03,0.85,0.78,0.20,0.42||13.92,4.03,2.78,8.68,2.58||0.00,0.00,0.49,0.59,0.00||207.87,38886.73,568042.25,104.02,403.32||24.74,7.11,15.15||1.01,2.81,9.90,5.61,7.70,1.27||
2.93,18.55,12.20,4.60,6.19,5.05,2.96||0.00,0.00,0.00,0.04,0.04,0.04||3.50,7.97,1.00,23.27,18.35,11.50||4.98,0.84,0.77,0.20,0.42||13.99,4.04,2.80,8.71,2.59||0.00,0.00,0.49,0.59,0.00||67.72,427.17,2858.14,65.84,28.40||31.01,8.62,18.17||4.48,11.29,55.77,19.66,22.94,5.71||
2.92,18.51,12.18,4.59,6.17,5.04,2.95||0.00,0.00,0.00,0.04,0.04,0.04||3.50,7.97,1.00,23.27,18.35,11.50||4.98,0.84,0.77,0.20,0.42||13.91,4.03,2.77,8.68,2.58||0.00,0.00,0.49,0.59,0.00||154.26,11716.32,139057.63,92.11,199.16||21.58,6.33,13.57||1.54,4.17,16.14,8.00,10.49,1.94||
2.92,18.54,12.20,4.60,6.18,5.05,2.96||0.00,0.00,0.00,0.04,0.04,0.04||3.47,7.95,0.99,23.18,18.31,11.43||4.97,0.84,0.76,0.20,0.42||13.99,4.04,2.80,8.71,2.59||0.00,0.00,0.50,0.59,0.00||92.85,1520.35,12672.25,74.89,59.92||24.38,7.02,14.97||1.15,3.16,11.44,6.23,8.44,1.44||
2.93,18.55,12.20,4.60,6.19,5.05,2.96||0.00,0.00,0.00,0.04,0.04,0.04||3.46,7.95,0.99,23.16,18.31,11.41||4.96,0.84,0.76,0.20,0.42||13.91,4.03,2.77,8.68,2.58||0.00,0.00,0.50,0.59,0.00||120.85,4388.76,43947.85,83.38,111.78||29.06,8.15,17.25||1.00,2.79,9.80,5.57,7.66,1.26||
2.92,18.51,12.18,4.59,6.17,5.04,2.95||0.00,0.00,0.00,0.04,0.04,0.04||3.40,7.92,0.96,22.97,18.23,11.27||4.96,0.84,0.76,0.20,0.42||14.17,4.06,2.88,8.78,2.60||0.00,0.00,0.50,0.59,0.00||101.59,2182.63,19367.35,77.68,74.12||21.46,6.30,13.51||0.83,2.34,7.89,4.76,6.68,1.04||
2.92,18.50,12.18,4.59,6.17,5.04,2.95||0.00,0.00,0.00,0.04,0.04,0.04||3.38,7.91,0.95,22.94,18.21,11.24||4.96,0.84,0.76,0.20,0.42||13.86,4.02,2.75,8.66,2.58||0.00,0.00,0.50,0.59,0.00||168.34,16645.99,209947.67,95.45,244.86||24.36,7.02,14.96||1.49,4.04,15.55,7.78,10.25,1.88||
2.92,18.50,12.18,4.59,6.17,5.04,2.95||0.00,0.00,0.00,0.04,0.04,0.04||3.38,7.91,0.95,22.93,18.21,11.23||4.96,0.84,0.76,0.20,0.42||13.89,4.03,2.76,8.67,2.58||0.00,0.00,0.49,0.59,0.00||105.13,2505.17,22766.09,78.78,80.38||28.23,7.95,16.85||1.70,4.57,18.12,8.70,11.28,2.15||
2.92,18.50,12.18,4.59,6.17,5.04,2.95||0.00,0.00,0.00,0.04,0.04,0.04||3.38,7.91,0.95,22.93,18.21,11.23||4.96,0.84,0.76,0.20,0.42||13.80,4.02,2.73,8.64,2.57||0.00,0.00,0.49,0.59,0.00||130.10,5904.01,62235.26,85.93,133.09||20.21,5.99,12.88||0.82,2.31,7.75,4.70,6.60,1.03||
2.92,18.50,12.18,4.59,6.17,5.04,2.95||0.00,0.00,0.00,0.04,0.04,0.04||3.35,7.89,0.94,22.84,18.17,11.16||4.96,0.84,0.76,0.20,0.42||13.79,4.01,2.72,8.63,2.57||0.00,0.00,0.49,0.59,0.00||50.78,134.11,734.32,58.55,14.37||15.02,4.65,10.13||2.66,6.93,30.39,12.66,15.64,3.37||
2.92,18.50,12.18,4.59,6.17,5.04,2.95||0.00,0.00,0.00,0.04,0.04,0.04||3.41,7.92,0.96,23.00,18.24,11.29||4.95,0.84,0.76,0.20,0.42||13.78,4.01,2.72,8.63,2.57||0.00,0.00,0.49,0.59,0.00||172.76,18476.62,237282.64,96.47,260.35||26.57,7.55,16.04||1.30,3.54,13.20,6.91,9.24,1.63||
2.92,18.50,12.18,4.59,6.17,5.04,2.95||0.00,0.00,0.00,0.04,0.04,0.04||3.35,7.90,0.94,22.85,18.17,11.17||4.94,0.84,0.76,0.20,0.42||13.87,4.02,2.75,8.66,2.58||0.00,0.00,0.49,0.59,0.00||116.82,3829.25,37450.50,82.24,103.17||25.19,7.22,15.37||0.73,2.07,6.76,4.25,6.06,0.91||
2.92,18.50,12.18,4.59,6.17,5.04,2.95||0.00,0.00,0.00,0.04,0.04,0.04||3.31,7.88,0.92,22.73,18.12,11.08||4.93,0.84,0.76,0.20,0.42||13.98,4.04,2.80,8.71,2.58||0.00,0.00,0.49,0.59,0.00||159.12,13271.64,160952.58,93.28,214.31||22.83,6.64,14.20||2.72,7.07,31.14,12.89,15.88,3.44||
2.92,18.50,12.18,4.59,6.17,5.04,2.95||0.00,0.00,0.00,0.03,0.04,0.04||3.31,7.87,0.92,22.71,18.11,11.06||4.91,0.83,0.75,0.20,0.42||13.91,4.03,2.77,8.68,2.58||0.00,0.00,0.49,0.59,0.00||126.83,5329.99,55198.46,85.04,125.32||17.07,5.19,11.24||1.40,3.80,14.41,7.37,9.77,1.76||
2.92,18.50,12.18,4.59,6.17,5.04,2.95||0.00,0.00,0.00,0.04,0.04,0.04||3.30,7.87,0.92,22.70,18.11,11.06||4.91,0.83,0.75,0.20,0.41||13.90,4.03,2.77,8.67,2.58||0.00,0.00,0.49,0.59,0.00||124.42,4934.27,50422.58,84.38,119.76||26.97,7.65,16.24||1.72,4.60,18.28,8.75,11.35,2.16||
2.92,18.50,12.18,4.59,6.17,5.04,2.95||0.00,0.00,0.00,0.04,0.04,0.04||3.30,7.87,0.92,22.70,18.11,11.05||4.89,0.83,0.75,0.20,0.41||13.99,4.04,2.80,8.71,2.59||0.00,0.00,0.49,0.59,0.00||92.50,1497.37,12447.94,74.77,59.39||34.98,9.55,20.02||5.24,13.07,66.90,22.44,25.73,6.69||
2.92,18.50,12.18,4.59,6.17,5.04,2.95||0.00,0.00,0.00,0.04,0.04,0.04||3.33,7.89,0.93,22.79,18.15,11.12||4.89,0.83,0.75,0.20,0.41||14.00,4.04,2.81,8.71,2.59||0.00,0.00,0.49,0.59,0.00||97.33,1837.12,15822.44,76.34,66.98||22.46,6.55,14.02||2.32,6.11,25.98,11.30,14.17,2.94||
2.92,18.50,12.18,4.59,6.17,5.04,2.95||0.00,0.00,0.00,0.04,0.04,0.04||3.31,7.87,0.92,22.72,18.12,11.07||4.87,0.83,0.74,0.19,0.41||13.65,4.00,2.66,8.58,2.56||0.00,0.00,0.49,0.59,0.00||86.07,1120.73,8861.14,72.61,50.08||23.56,6.82,14.57||0.33,0.99,2.70,2.18,3.39,0.41||
2.92,18.50,12.18,4.59,6.17,5.04,2.95||0.00,0.00,0.00,0.04,0.04,0.04||3.30,7.87,0.92,22.71,18.11,11.06||4.87,0.83,0.74,0.19,0.41||13.84,4.02,2.74,8.65,2.57||0.00,0.00,0.49,0.59,0.00||220.49,49289.97,750163.63,106.56,463.67||32.17,8.89,18.72||1.08,2.98,10.64,5.91,8.07,1.35||
2.92,18.50,12.18,4.59,6.17,5.04,2.95||0.00,0.00,0.00,0.04,0.04,0.04||3.33,7.89,0.93,22.79,18.15,11.12||4.87,0.83,0.74,0.19,0.41||13.88,4.03,2.76,8.67,2.58||0.00,0.00,0.49,0.59,0.00||133.49,6547.48,70264.94,86.84,141.44||30.87,8.58,18.11||3.91,9.93,47.56,17.52,20.75,4.97||
2.92,18.50,12.18,4.59,6.17,5.04,2.95||0.00,0.00,0.00,0.03,0.04,0.04||3.31,7.87,0.92,22.72,18.12,11.07||4.87,0.83,0.74,0.19,0.41||13.71,4.01,2.69,8.60,2.56||0.00,0.00,0.49,0.59,0.00||163.29,14728.00,181862.72,94.27,227.85||21.86,6.40,13.72||1.68,4.50,17.77,8.58,11.15,2.11||
2.92,18.50,12.18,4.59,6.17,5.04,2.95||0.00,0.00,0.00,0.03,0.04,0.04||3.34,7.89,0.93,22.80,18.15,11.13||4.87,0.83,0.74,0.19,0.41||13.77,4.01,2.71,8.62,2.57||0.00,0.00,0.49,0.59,0.00||129.59,5811.94,61098.22,85.79,131.86||26.34,7.50,15.94||0.61,1.74,5.46,3.64,5.29,0.76||
2.92,18.50,12.18,4.59,6.17,5.04,2.95||0.00,0.00,0.00,0.03,0.04,0.04||3.31,7.87,0.92,22.72,18.12,11.07||4.87,0.83,0.74,0.19,0.41||13.78,4.01,2.72,8.63,2.57||0.00,0.00,0.49,0.59,0.00||64.85,358.80,2329.29,64.69,25.63||14.63,4.55,9.93||0.39,1.14,3.22,2.49,3.80,0.48||
2.92,18.50,12.18,4.59,6.17,5.04,2.95||0.00,0.00,0.00,0.04,0.04,0.04||3.31,7.87,0.92,22.71,18.11,11.06||4.87,0.83,0.74,0.19,0.41||13.87,4.02,2.75,8.66,2.58||0.00,0.00,0.49,0.59,0.00||90.10,1346.74,10992.14,73.97,55.80||24.69,7.10,15.13||0.42,1.23,3.54,2.66,4.03,0.52||
2.92,18.50,12.18,4.59,6.17,5.04,2.95||0.00,0.00,0.00,0.03,0.04,0.04||3.30,7.87,0.92,22.70,18.11,11.05||4.87,0.83,0.74,0.19,0.41||13.98,4.04,2.80,8.71,2.58||0.00,0.00,0.49,0.59,0.00||60.52,271.75,1681.35,62.89,21.76||24.49,7.05,15.03||2.60,6.78,29.59,12.42,15.38,3.29||
2.92,18.50,12.18,4.59,6.17,5.04,2.95||0.00,0.00,0.00,0.03,0.04,0.04||3.30,7.87,0.92,22.70,18.11,11.05||4.87,0.83,0.74,0.19,0.41||13.82,4.02,2.73,8.64,2.57||0.00,0.00,0.49,0.59,0.00||194.80,29946.39,418105.56,101.31,345.88||26.60,7.56,16.06||0.81,2.28,7.63,4.64,6.54,1.01||
2.92,18.50,12.18,4.59,6.17,5.04,2.95||0.00,0.00,0.00,0.03,0.04,0.04||3.33,7.89,0.93,22.79,18.15,11.12||4.87,0.83,0.74,0.19,0.41||13.79,4.01,2.72,8.63,2.57||0.00,0.00,0.49,0.59,0.00||86.78,1158.35,9211.05,72.85,51.06||28.82,8.10,17.13||3.03,7.84,35.43,14.15,17.23,3.85||
2.92,18.50,12.18,4.59,6.17,5.04,2.95||0.00,0.00,0.00,0.03,0.04,0.04||3.31,7.87,0.92,22.72,18.12,11.07||4.87,0.83,0.74,0.19,0.41||13.69,4.00,2.68,8.59,2.56||0.00,0.00,0.49,0.59,0.00||65.80,380.51,2495.49,65.08,26.53||29.80,8.33,17.60||4.58,11.51,57.15,20.02,23.30,5.83||
2.92,18.46,12.16,4.58,6.16,5.03,2.95||0.00,0.00,0.00,0.03,0.04,0.04||3.30,7.87,0.92,22.71,18.11,11.06||4.87,0.83,0.74,0.19,0.41||13.76,4.01,2.71,8.62,2.57||0.00,0.00,0.49,0.59,0.00||115.30,3632.12,35199.09,81.80,100.01||30.32,8.45,17.85||8.01,19.42,109.47,32.08,35.11,10.26||
2.91,18.41,12.13,4.57,6.15,5.02,2.94||0.00,0.00,0.00,0.03,0.04,0.04||3.30,7.87,0.92,22.70,18.11,11.05||4.87,0.83,0.74,0.19,0.41||13.69,4.00,2.68,8.59,2.56||0.00,0.00,0.49,0.59,0.00||111.31,3152.41,29810.34,80.63,92.01||23.23,6.74,14.40||1.72,4.61,18.33,8.77,11.37,2.17||
2.90,18.29,12.07,4.54,6.11,5.00,2.93||0.00,0.00,0.00,0.03,0.04,0.04||3.30,7.87,0.92,22.70,18.11,11.05||4.87,0.83,0.74,0.19,0.41||13.67,4.00,2.67,8.59,2.56||0.00,0.00,0.49,0.59,0.00||70.37,498.40,3424.99,66.88,31.09||18.39,5.53,11.93||0.75,2.12,6.96,4.34,6.17,0.93||
