4.59,34.77,19.98,8.10,10.82,7.90,4.68||0.00,0.00,0.00,0.08,0.07,0.08||61.60,14.59,70.65,78.50,35.66,80.91||12.91,1.43,3.37,0.47,0.70||53.99,7.07,48.79,20.05,4.40||0.02,0.05,0.70,0.81,0.01||52.96,158.92,896.09,59.56,15.87||8.01,2.72,6.11||0.01,0.04,0.06,0.13,0.30,0.01||
3.11,20.18,13.04,4.96,6.67,5.36,3.15||0.00,0.00,0.00,0.04,0.04,0.04||5.33,8.71,1.87,27.81,20.23,15.31||5.55,0.89,0.91,0.22,0.44||17.81,4.46,4.67,10.11,2.84||0.00,0.01,0.53,0.63,0.00||26.08,9.19,31.64,44.62,2.97||7.17,2.48,5.59||0.05,0.17,0.31,0.45,0.87,0.06||
2.89,18.26,12.05,4.54,6.10,4.99,2.93||0.00,0.00,0.00,0.04,0.04,0.04||3.43,7.93,0.97,23.07,18.27,11.35||4.77,0.82,0.72,0.19,0.41||14.59,4.11,3.06,8.94,2.63||0.00,0.01,0.50,0.60,0.00||24.52,7.18,23.67,43.51,2.57||7.17,2.48,5.59||0.06,0.19,0.34,0.49,0.92,0.07||
2.85,17.91,11.87,4.46,5.99,4.92,2.88||0.00,0.00,0.00,0.03,0.04,0.04||3.15,7.79,0.86,22.25,17.91,10.70||4.60,0.80,0.68,0.19,0.40||14.03,4.04,2.82,8.72,2.59||0.00,0.00,0.50,0.60,0.00||20.91,3.78,11.16,40.77,1.76||4.78,1.76,4.03||0.03,0.09,0.14,0.25,0.52,0.03||
2.84,17.80,11.81,4.43,5.96,4.90,2.87||0.00,0.00,0.00,0.03,0.04,0.04||3.09,7.76,0.83,22.08,17.84,10.57||4.54,0.80,0.66,0.18,0.40||14.01,4.04,2.81,8.72,2.59||0.00,0.00,0.50,0.59,0.00||23.87,6.44,20.83,43.03,2.41||4.67,1.72,3.96||0.01,0.05,0.07,0.16,0.34,0.02||
2.84,17.78,11.80,4.43,5.96,4.90,2.87||0.00,0.00,0.00,0.03,0.04,0.04||3.08,7.76,0.83,22.05,17.82,10.55||4.54,0.80,0.67,0.18,0.40||14.01,4.04,2.81,8.72,2.59||0.00,0.00,0.50,0.59,0.00||36.26,34.63,150.00,51.04,6.48||6.31,2.22,5.04||0.03,0.10,0.16,0.29,0.58,0.04||
2.83,17.74,11.78,4.42,5.94,4.89,2.86||0.00,0.00,0.00,0.03,0.04,0.04||3.08,7.76,0.83,22.05,17.82,10.54||4.53,0.80,0.66,0.18,0.40||13.83,4.02,2.74,8.65,2.57||0.00,0.00,0.50,0.59,0.00||8.50,0.10,0.16,28.24,0.21||3.27,1.27,2.97||0.01,0.05,0.07,0.16,0.35,0.02||
2.84,17.77,11.79,4.42,5.95,4.89,2.87||0.00,0.00,0.00,0.03,0.04,0.04||3.08,7.76,0.83,22.04,17.82,10.54||4.52,0.80,0.66,0.18,0.40||13.88,4.03,2.76,8.67,2.58||0.00,0.00,0.50,0.59,0.00||13.36,0.62,1.35,33.97,0.61||3.58,1.37,3.20||0.02,0.07,0.11,0.21,0.44,0.02||
2.84,17.81,11.82,4.43,5.97,4.90,2.87||0.00,0.00,0.00,0.03,0.04,0.04||3.08,7.76,0.83,22.04,17.82,10.54||4.54,0.80,0.66,0.18,0.40||13.89,4.03,2.76,8.67,2.58||0.00,0.00,0.50,0.59,0.00||31.27,19.09,74.59,48.05,4.56||5.41,1.95,4.46||0.03,0.10,0.16,0.28,0.58,0.04||
2.83,17.74,11.78,4.42,5.95,4.89,2.86||0.00,0.00,0.00,0.03,0.04,0.04||3.08,7.76,0.83,22.04,17.82,10.54||4.54,0.80,0.66,0.18,0.40||14.08,4.05,2.84,8.74,2.59||0.00,0.00,0.50,0.59,0.00||35.18,30.66,130.05,50.41,6.03||6.17,2.18,4.96||0.01,0.04,0.05,0.11,0.26,0.01||
2.84,17.77,11.79,4.42,5.95,4.89,2.87||0.00,0.00,0.00,0.03,0.04,0.04||3.08,7.76,0.83,22.04,17.82,10.54||4.51,0.80,0.66,0.18,0.40||14.02,4.04,2.82,8.72,2.59||0.00,0.00,0.50,0.59,0.00||10.71,0.26,0.48,31.04,0.36||3.40,1.32,3.07||0.01,0.03,0.04,0.10,0.23,0.01||
2.83,17.73,11.78,4.42,5.94,4.89,2.86||0.00,0.00,0.00,0.03,0.04,0.04||3.08,7.76,0.83,22.04,17.82,10.54||4.51,0.80,0.66,0.18,0.40||13.92,4.03,2.77,8.68,2.58||0.00,0.00,0.50,0.59,0.00||14.45,0.85,1.95,35.07,0.73||3.91,1.48,3.43||0.02,0.07,0.09,0.19,0.40,0.02||
2.83,17.73,11.77,4.42,5.94,4.89,2.86||0.00,0.00,0.00,0.03,0.04,0.04||3.08,7.76,0.83,22.04,17.82,10.54||4.51,0.80,0.66,0.18,0.40||13.90,4.03,2.77,8.67,2.58||0.00,0.00,0.50,0.59,0.00||32.64,22.68,91.32,48.90,5.05||6.59,2.31,5.22||0.09,0.30,0.62,0.75,1.34,0.11||
2.83,17.73,11.77,4.42,5.94,4.89,2.86||0.00,0.00,0.00,0.03,0.04,0.04||3.08,7.76,0.83,22.04,17.82,10.54||4.51,0.80,0.66,0.18,0.40||14.08,4.05,2.84,8.74,2.59||0.00,0.00,0.50,0.59,0.00||14.44,0.85,1.95,35.06,0.73||3.05,1.20,2.81||0.01,0.04,0.05,0.12,0.27,0.01||
2.83,17.73,11.77,4.42,5.94,4.89,2.86||0.00,0.00,0.00,0.03,0.04,0.04||3.08,7.76,0.83,22.04,17.82,10.54||4.51,0.80,0.66,0.18,0.40||13.93,4.03,2.78,8.69,2.58||0.00,0.00,0.50,0.59,0.00||20.00,3.16,9.05,40.04,1.59||4.29,1.60,3.70||0.02,0.08,0.12,0.23,0.49,0.03||
2.83,17.73,11.77,4.42,5.94,4.89,2.86||0.00,0.00,0.00,0.03,0.04,0.04||3.08,7.76,0.83,22.04,17.82,10.54||4.51,0.80,0.66,0.18,0.40||13.90,4.03,2.77,8.68,2.58||0.00,0.00,0.50,0.59,0.00||23.46,6.00,19.20,42.73,2.31||4.64,1.71,3.93||0.03,0.09,0.14,0.25,0.52,0.03||
2.84,17.76,11.79,4.42,5.95,4.89,2.87||0.00,0.00,0.00,0.03,0.04,0.04||3.08,7.76,0.83,22.04,17.82,10.54||4.51,0.80,0.66,0.18,0.40||13.99,4.04,2.80,8.71,2.59||0.00,0.00,0.50,0.59,0.00||21.47,4.21,12.65,41.22,1.87||4.82,1.77,4.06||0.10,0.33,0.69,0.81,1.43,0.13||
2.83,17.73,11.78,4.42,5.94,4.89,2.86||0.00,0.00,0.00,0.03,0.04,0.04||3.08,7.76,0.83,22.04,17.82,10.54||4.51,0.80,0.66,0.18,0.40||13.82,4.02,2.73,8.64,2.57||0.00,0.00,0.50,0.59,0.00||12.84,0.53,1.12,33.42,0.56||3.63,1.39,3.23||0.00,0.02,0.02,0.06,0.15,0.01||
2.83,17.73,11.77,4.42,5.94,4.89,2.86||0.00,0.00,0.00,0.03,0.04,0.04||3.08,7.76,0.83,22.04,17.82,10.54||4.51,0.80,0.66,0.18,0.40||13.97,4.04,2.80,8.70,2.58||0.00,0.00,0.50,0.59,0.00||15.10,1.02,2.40,35.70,0.81||3.26,1.27,2.96||0.05,0.16,0.27,0.41,0.80,0.06||
2.83,17.73,11.77,4.42,5.94,4.89,2.86||0.00,0.00,0.00,0.03,0.04,0.04||3.08,7.76,0.83,22.04,17.82,10.54||4.51,0.80,0.66,0.18,0.40||14.09,4.05,2.85,8.75,2.59||0.00,0.00,0.50,0.59,0.00||30.04,16.23,61.65,47.26,4.15||4.06,1.53,3.54||0.04,0.14,0.24,0.38,0.75,0.05||
2.83,17.73,11.77,4.42,5.94,4.89,2.86||0.00,0.00,0.00,0.03,0.04,0.04||3.08,7.76,0.83,22.04,17.82,10.54||4.51,0.80,0.66,0.18,0.40||14.03,4.04,2.82,8.72,2.59||0.00,0.00,0.50,0.59,0.00||51.30,139.75,770.61,58.79,14.72||5.65,2.03,4.61||0.05,0.16,0.28,0.42,0.81,0.06||
2.83,17.73,11.77,4.42,5.94,4.89,2.86||0.00,0.00,0.00,0.03,0.04,0.04||3.08,7.76,0.83,22.04,17.82,10.54||4.51,0.80,0.66,0.18,0.40||14.10,4.05,2.85,8.75,2.59||0.00,0.00,0.50,0.59,0.00||14.57,0.88,2.03,35.19,0.75||4.40,1.64,3.77||0.18,0.55,1.30,1.29,2.14,0.22||
2.83,17.73,11.77,4.42,5.94,4.89,2.86||0.00,0.00,0.00,0.03,0.04,0.04||3.08,7.76,0.83,22.04,17.82,10.54||4.51,0.80,0.66,0.18,0.40||14.03,4.04,2.82,8.72,2.59||0.00,0.00,0.50,0.59,0.00||22.44,5.02,15.56,41.96,2.08||3.87,1.47,3.40||0.05,0.18,0.32,0.46,0.88,0.06||
2.83,17.73,11.77,4.42,5.94,4.89,2.86||0.00,0.00,0.00,0.03,0.04,0.04||3.08,7.76,0.83,22.04,17.82,10.54||4.51,0.80,0.66,0.18,0.40||14.01,4.04,2.81,8.72,2.59||0.00,0.00,0.50,0.59,0.00||15.70,1.19,2.89,36.28,0.89||3.09,1.21,2.84||0.03,0.10,0.15,0.27,0.54,0.03||
2.83,17.73,11.77,4.42,5.94,4.89,2.86||0.00,0.00,0.00,0.03,0.04,0.04||3.08,7.76,0.83,22.04,17.82,10.54||4.51,0.80,0.66,0.18,0.40||14.01,4.04,2.81,8.72,2.59||0.00,0.00,0.50,0.59,0.00||33.48,25.13,102.96,49.41,5.36||5.04,1.84,4.21||0.01,0.04,0.05,0.12,0.28,0.01||
2.83,17.73,11.77,4.42,5.94,4.89,2.86||0.00,0.00,0.00,0.03,0.04,0.04||3.08,7.76,0.83,22.04,17.82,10.54||4.51,0.80,0.66,0.18,0.40||14.10,4.05,2.85,8.75,2.59||0.00,0.00,0.50,0.59,0.00||81.62,904.87,6894.32,71.05,44.16||7.69,2.63,5.91||0.03,0.11,0.17,0.29,0.59,0.04||
2.83,17.73,11.77,4.42,5.94,4.89,2.86||0.00,0.00,0.00,0.03,0.04,0.04||3.08,7.76,0.83,22.04,17.82,10.54||4.51,0.80,0.66,0.18,0.40||14.03,4.04,2.82,8.72,2.59||0.00,0.00,0.50,0.59,0.00||67.36,417.93,2785.75,65.70,28.03||5.03,1.84,4.20||0.06,0.20,0.36,0.51,0.96,0.07||
2.83,17.73,11.77,4.42,5.94,4.89,2.86||0.00,0.00,0.00,0.03,0.04,0.04||3.08,7.76,0.83,22.04,17.82,10.54||4.49,0.79,0.65,0.18,0.40||13.74,4.01,2.70,8.61,2.57||0.00,0.00,0.50,0.59,0.00||38.84,45.62,207.23,52.48,7.62||5.92,2.11,4.79||0.12,0.37,0.81,0.91,1.58,0.14||
2.85,17.88,11.85,4.45,5.99,4.92,2.88||0.00,0.00,0.00,0.03,0.04,0.04||3.08,7.76,0.83,22.04,17.82,10.54||4.50,0.79,0.66,0.18,0.40||14.05,4.05,2.83,8.73,2.59||0.00,0.00,0.50,0.59,0.00||24.52,7.17,23.65,43.51,2.57||3.29,1.28,2.98||0.04,0.14,0.24,0.38,0.74,0.05||
2.86,17.95,11.89,4.47,6.01,4.93,2.89||0.00,0.00,0.00,0.03,0.04,0.04||3.08,7.76,0.83,22.04,17.82,10.54||4.52,0.80,0.66,0.18,0.40||13.93,4.03,2.78,8.68,2.58||0.00,0.00,0.50,0.59,0.00||37.67,40.35,179.45,51.84,7.09||5.11,1.86,4.26||0.02,0.07,0.11,0.21,0.45,0.02||
2.86,17.96,11.90,4.47,6.01,4.93,2.89||0.00,0.00,0.00,0.03,0.04,0.04||3.08,7.76,0.83,22.04,17.82,10.54||4.58,0.80,0.67,0.18,0.40||13.99,4.04,2.81,8.71,2.59||0.00,0.00,0.50,0.59,0.00||29.52,15.14,56.82,46.93,3.98||4.62,1.71,3.93||0.14,0.43,0.96,1.03,1.77,0.17||
2.88,18.16,12.00,4.51,6.07,4.97,2.91||0.00,0.00,0.00,0.04,0.04,0.04||3.11,7.77,0.84,22.13,17.86,10.61||4.68,0.81,0.70,0.19,0.40||14.28,4.07,2.93,8.82,2.61||0.00,0.00,0.50,0.59,0.00||40.39,53.41,249.34,53.33,8.36||3.93,1.49,3.45||0.09,0.30,0.61,0.74,1.33,0.11||
2.89,18.20,12.02,4.52,6.08,4.98,2.92||0.00,0.00,0.00,0.04,0.04,0.04||3.23,7.83,0.89,22.50,18.02,10.89||4.75,0.82,0.71,0.19,0.41||13.97,4.04,2.80,8.70,2.58||0.00,0.00,0.50,0.59,0.00||27.16,10.83,38.36,45.37,3.27||3.98,1.50,3.48||0.01,0.05,0.07,0.15,0.33,0.02||
2.89,18.20,12.02,4.52,6.08,4.98,2.92||0.00,0.00,0.00,0.04,0.04,0.04||3.26,7.85,0.90,22.57,18.05,10.95||4.84,0.83,0.73,0.19,0.41||14.00,4.04,2.81,8.71,2.59||0.00,0.00,0.50,0.59,0.00||44.16,76.47,379.93,55.31,10.32||5.84,2.08,4.74||0.03,0.12,0.19,0.32,0.65,0.04||
2.90,18.28,12.06,4.54,6.11,5.00,2.93||0.00,0.00,0.00,0.04,0.04,0.04||3.26,7.85,0.90,22.59,18.06,10.96||4.93,0.84,0.76,0.20,0.42||14.19,4.06,2.89,8.79,2.60||0.00,0.00,0.50,0.59,0.00||39.63,49.47,227.94,52.92,7.99||5.58,2.00,4.57||0.06,0.19,0.35,0.50,0.94,0.07||
2.91,18.42,12.13,4.57,6.15,5.02,2.94||0.00,0.00,0.00,0.04,0.04,0.04||3.26,7.85,0.90,22.59,18.06,10.96||4.95,0.84,0.76,0.20,0.42||14.23,4.07,2.91,8.80,2.60||0.00,0.00,0.50,0.59,0.00||21.29,4.06,12.15,41.07,1.84||4.85,1.78,4.08||0.07,0.23,0.45,0.60,1.10,0.09||
2.91,18.45,12.15,4.58,6.15,5.03,2.95||0.00,0.00,0.00,0.04,0.04,0.04||3.26,7.85,0.90,22.59,18.06,10.96||5.03,0.85,0.78,0.20,0.42||14.33,4.08,2.95,8.84,2.61||0.00,0.00,0.50,0.59,0.00||23.57,6.12,19.63,42.81,2.34||5.10,1.86,4.25||0.05,0.16,0.28,0.42,0.82,0.06||
2.91,18.45,12.15,4.58,6.16,5.03,2.95||0.00,0.00,0.00,0.04,0.04,0.04||3.26,7.85,0.90,22.59,18.06,10.96||5.05,0.85,0.78,0.20,0.42||14.17,4.06,2.88,8.78,2.60||0.00,0.00,0.50,0.59,0.00||18.25,2.19,5.88,38.58,1.28||4.18,1.57,3.62||0.02,0.08,0.12,0.22,0.47,0.03||
2.91,18.45,12.15,4.58,6.16,5.03,2.95||0.00,0.00,0.00,0.04,0.04,0.04||3.26,7.85,0.90,22.59,18.06,10.96||5.13,0.85,0.80,0.20,0.42||14.22,4.07,2.90,8.80,2.60||0.00,0.00,0.50,0.59,0.00||36.16,34.25,148.07,50.98,6.44||5.47,1.97,4.49||0.04,0.15,0.25,0.39,0.76,0.05||
2.91,18.45,12.15,4.58,6.16,5.03,2.95||0.00,0.00,0.00,0.04,0.04,0.04||3.26,7.85,0.90,22.59,18.06,10.96||5.15,0.86,0.81,0.20,0.43||14.24,4.07,2.91,8.80,2.60||0.00,0.00,0.50,0.59,0.00||49.70,123.08,663.96,58.04,13.66||6.60,2.31,5.23||0.02,0.08,0.11,0.22,0.46,0.03||
2.91,18.45,12.15,4.58,6.16,5.03,2.95||0.00,0.00,0.00,0.04,0.04,0.04||3.26,7.85,0.90,22.59,18.06,10.96||5.15,0.86,0.81,0.20,0.43||14.15,4.06,2.87,8.77,2.60||0.00,0.00,0.50,0.59,0.00||36.83,36.87,161.46,51.36,6.72||5.45,1.97,4.49||0.02,0.08,0.11,0.22,0.45,0.03||
2.91,18.45,12.15,4.58,6.16,5.03,2.95||0.00,0.00,0.00,0.04,0.04,0.04||3.33,7.88,0.93,22.77,18.14,11.10||5.18,0.86,0.82,0.21,0.43||14.31,4.08,2.94,8.83,2.61||0.00,0.00,0.50,0.59,0.00||40.90,56.17,264.53,53.60,8.61||5.45,1.96,4.48||0.01,0.02,0.02,0.07,0.17,0.01||
2.91,18.45,12.15,4.58,6.16,5.03,2.95||0.00,0.00,0.00,0.04,0.04,0.04||3.31,7.87,0.92,22.71,18.11,11.06||5.23,0.86,0.83,0.21,0.43||14.35,4.08,2.96,8.85,2.61||0.00,0.00,0.50,0.59,0.00||51.88,146.25,812.86,59.06,15.12||5.06,1.84,4.22||0.02,0.08,0.11,0.22,0.46,0.03||
2.92,18.53,12.19,4.60,6.18,5.04,2.96||0.00,0.00,0.00,0.04,0.04,0.04||3.30,7.87,0.92,22.70,18.11,11.05||5.25,0.87,0.83,0.21,0.43||14.45,4.09,3.00,8.88,2.62||0.00,0.00,0.50,0.59,0.00||38.27,43.02,193.48,52.17,7.36||6.24,2.20,5.00||0.06,0.19,0.34,0.49,0.92,0.07||
2.92,18.55,12.20,4.60,6.18,5.05,2.96||0.00,0.00,0.00,0.04,0.04,0.04||3.39,7.92,0.96,22.97,18.22,11.26||5.25,0.87,0.83,0.21,0.43||14.38,4.08,2.97,8.86,2.61||0.00,0.00,0.50,0.59,0.00||60.94,279.50,1737.74,63.07,22.13||7.53,2.58,5.81||0.18,0.56,1.32,1.30,2.16,0.22||
2.93,18.63,12.24,4.62,6.21,5.06,2.97||0.00,0.00,0.00,0.04,0.04,0.04||3.38,7.91,0.95,22.93,18.21,11.23||5.25,0.87,0.83,0.21,0.43||14.08,4.05,2.84,8.74,2.59||0.00,0.00,0.50,0.59,0.00||39.74,50.02,230.89,52.98,8.04||5.88,2.09,4.76||0.09,0.29,0.60,0.73,1.31,0.11||
2.94,18.69,12.27,4.63,6.23,5.07,2.98||0.00,0.00,0.00,0.04,0.04,0.04||3.44,7.94,0.98,23.10,18.28,11.37||5.25,0.87,0.83,0.21,0.43||14.30,4.08,2.94,8.83,2.61||0.00,0.00,0.50,0.59,0.00||25.84,8.85,30.29,44.45,2.90||6.62,2.32,5.24||0.05,0.16,0.28,0.42,0.81,0.06||
2.94,18.70,12.28,4.63,6.23,5.08,2.98||0.00,0.00,0.00,0.04,0.04,0.04||3.45,7.95,0.98,23.14,18.30,11.40||5.25,0.87,0.83,0.21,0.43||14.25,4.07,2.92,8.81,2.60||0.00,0.00,0.50,0.59,0.00||31.06,18.58,72.24,47.92,4.49||5.31,1.92,4.39||0.02,0.07,0.09,0.19,0.40,0.02||
2.94,18.70,12.28,4.63,6.23,5.08,2.98||0.00,0.00,0.00,0.04,0.04,0.04||3.43,7.93,0.97,23.06,18.26,11.33||5.25,0.87,0.83,0.21,0.43||14.24,4.07,2.91,8.81,2.60||0.00,0.00,0.50,0.59,0.00||46.13,91.17,466.91,56.30,11.45||3.90,1.48,3.42||0.01,0.03,0.04,0.10,0.23,0.01||
2.94,18.70,12.28,4.63,6.23,5.08,2.98||0.00,0.00,0.00,0.04,0.04,0.04||3.45,7.94,0.98,23.13,18.29,11.39||5.25,0.87,0.83,0.21,0.43||14.15,4.06,2.87,8.77,2.60||0.00,0.00,0.50,0.59,0.00||36.15,34.19,147.78,50.97,6.43||5.02,1.83,4.20||0.01,0.05,0.06,0.14,0.31,0.02||
2.94,18.70,12.28,4.63,6.23,5.08,2.98||0.00,0.00,0.00,0.04,0.04,0.04||3.46,7.95,0.98,23.14,18.30,11.40||5.25,0.87,0.83,0.21,0.43||14.31,4.08,2.94,8.83,2.61||0.00,0.00,0.50,0.59,0.00||24.49,7.14,23.54,43.49,2.56||4.52,1.67,3.85||0.01,0.04,0.05,0.12,0.28,0.01||
2.94,18.70,12.28,4.63,6.23,5.08,2.98||0.00,0.00,0.00,0.04,0.04,0.04||3.46,7.95,0.98,23.15,18.30,11.40||5.26,0.87,0.84,0.21,0.43||14.25,4.07,2.92,8.81,2.60||0.00,0.00,0.50,0.59,0.00||31.18,18.86,73.54,47.99,4.53||5.43,1.96,4.47||0.02,0.06,0.09,0.19,0.40,0.02||
2.94,18.70,12.28,4.63,6.23,5.08,2.98||0.00,0.00,0.00,0.04,0.04,0.04||3.46,7.95,0.98,23.15,18.30,11.40||5.27,0.87,0.84,0.21,0.43||14.24,4.07,2.91,8.81,2.60||0.00,0.00,0.50,0.59,0.00||42.19,63.68,306.48,54.29,9.27||6.53,2.29,5.18||0.02,0.08,0.12,0.23,0.47,0.03||
2.94,18.70,12.28,4.63,6.23,5.08,2.98||0.00,0.00,0.00,0.04,0.04,0.04||3.46,7.95,0.98,23.15,18.30,11.40||5.28,0.87,0.84,0.21,0.43||14.24,4.07,2.91,8.80,2.60||0.00,0.00,0.50,0.59,0.00||41.37,58.85,279.42,53.86,8.85||9.04,3.02,6.73||0.04,0.13,0.22,0.35,0.69,0.05||
2.94,18.70,12.28,4.63,6.23,5.08,2.98||0.00,0.00,0.00,0.04,0.04,0.04||3.46,7.95,0.98,23.15,18.30,11.40||5.32,0.87,0.85,0.21,0.43||14.24,4.07,2.91,8.80,2.60||0.00,0.00,0.50,0.59,0.00||51.60,143.05,792.06,58.93,14.92||7.60,2.60,5.85||0.05,0.17,0.31,0.46,0.87,0.06||
2.94,18.70,12.28,4.63,6.23,5.08,2.98||0.00,0.00,0.00,0.04,0.04,0.04||3.46,7.95,0.98,23.15,18.30,11.40||5.34,0.87,0.86,0.21,0.43||14.33,4.08,2.95,8.84,2.61||0.00,0.00,0.50,0.59,0.00||21.92,4.57,13.93,41.56,1.97||5.17,1.88,4.30||0.06,0.21,0.38,0.53,0.99,0.08||
2.94,18.70,12.28,4.63,6.23,5.08,2.98||0.00,0.00,0.00,0.04,0.04,0.04||3.46,7.95,0.98,23.15,18.30,11.40||5.35,0.87,0.86,0.21,0.43||14.35,4.08,2.96,8.85,2.61||0.00,0.00,0.50,0.59,0.00||34.64,28.79,120.79,50.09,5.81||4.96,1.81,4.16||0.02,0.06,0.08,0.18,0.38,0.02||
2.94,18.70,12.28,4.63,6.23,5.08,2.98||0.00,0.00,0.00,0.04,0.04,0.04||3.46,7.95,0.98,23.15,18.30,11.40||5.35,0.87,0.86,0.21,0.43||14.08,4.05,2.84,8.74,2.59||0.00,0.00,0.50,0.59,0.00||44.78,80.92,405.96,55.62,10.67||6.19,2.19,4.97||0.01,0.03,0.03,0.09,0.22,0.01||
2.94,18.70,12.28,4.63,6.23,5.08,2.98||0.00,0.00,0.00,0.04,0.04,0.04||3.46,7.95,0.98,23.15,18.30,11.40||5.35,0.87,0.86,0.21,0.43||14.21,4.06,2.90,8.79,2.60||0.00,0.00,0.50,0.59,0.00||15.86,1.24,3.03,36.43,0.92||5.18,1.88,4.30||0.01,0.02,0.02,0.07,0.17,0.01||
2.94,18.70,12.28,4.63,6.23,5.08,2.98||0.00,0.00,0.00,0.04,0.04,0.04||3.46,7.95,0.98,23.15,18.30,11.40||5.35,0.87,0.86,0.21,0.43||14.51,4.10,3.03,8.91,2.62||0.00,0.00,0.50,0.59,0.00||12.60,0.49,1.02,33.16,0.53||4.40,1.64,3.77||0.02,0.06,0.09,0.18,0.39,0.02||
2.94,18.70,12.28,4.63,6.23,5.08,2.98||0.00,0.00,0.00,0.04,0.04,0.04||3.46,7.95,0.98,23.15,18.30,11.40||5.35,0.87,0.86,0.21,0.43||14.11,4.05,2.85,8.75,2.59||0.00,0.00,0.50,0.59,0.00||39.79,50.29,232.38,53.01,8.07||5.72,2.05,4.66||0.03,0.10,0.17,0.29,0.58,0.04||
2.94,18.70,12.28,4.63,6.23,5.08,2.98||0.00,0.00,0.00,0.04,0.04,0.04||3.46,7.95,0.98,23.15,18.30,11.40||5.35,0.87,0.86,0.21,0.43||14.21,4.07,2.90,8.79,2.60||0.00,0.00,0.50,0.59,0.00||27.51,11.39,40.72,45.60,3.37||5.62,2.02,4.60||0.09,0.30,0.61,0.75,1.33,0.11||
2.94,18.70,12.28,4.63,6.23,5.08,2.98||0.00,0.00,0.00,0.04,0.04,0.04||3.46,7.95,0.98,23.15,18.30,11.40||5.35,0.87,0.86,0.21,0.43||14.42,4.09,2.99,8.87,2.62||0.00,0.00,0.50,0.59,0.00||42.60,66.18,320.64,54.50,9.48||3.98,1.50,3.48||0.02,0.06,0.08,0.17,0.37,0.02||
2.94,18.70,12.28,4.63,6.23,5.08,2.98||0.00,0.00,0.00,0.04,0.04,0.04||3.46,7.95,0.98,23.15,18.30,11.40||5.35,0.87,0.86,0.21,0.43||14.18,4.06,2.89,8.78,2.60||0.00,0.00,0.50,0.59,0.00||23.18,5.72,18.15,42.52,2.25||4.09,1.54,3.56||0.01,0.02,0.03,0.07,0.18,0.01||
2.94,18.70,12.28,4.63,6.23,5.08,2.98||0.00,0.00,0.00,0.04,0.04,0.04||3.46,7.95,0.98,23.15,18.30,11.40||5.35,0.87,0.86,0.21,0.43||14.32,4.08,2.95,8.84,2.61||0.00,0.00,0.50,0.59,0.00||13.62,0.67,1.48,34.23,0.64||5.02,1.83,4.19||0.03,0.11,0.17,0.29,0.59,0.04||
2.94,18.70,12.28,4.63,6.23,5.08,2.98||0.00,0.00,0.00,0.04,0.04,0.04||3.46,7.95,0.98,23.15,18.30,11.40||5.35,0.87,0.86,0.21,0.43||14.16,4.06,2.88,8.78,2.60||0.00,0.00,0.50,0.59,0.00||41.11,57.37,271.17,53.72,8.72||4.56,1.69,3.88||0.05,0.18,0.32,0.46,0.88,0.06||
2.94,18.70,12.28,4.63,6.23,5.08,2.98||0.00,0.00,0.00,0.04,0.04,0.04||3.46,7.95,0.98,23.15,18.30,11.40||5.35,0.87,0.86,0.21,0.43||14.04,4.04,2.82,8.73,2.59||0.00,0.00,0.50,0.59,0.00||75.11,647.88,4658.94,68.68,36.28||6.23,2.20,4.99||0.02,0.07,0.09,0.19,0.40,0.02||
2.96,18.82,12.34,4.66,6.27,5.10,2.99||0.00,0.00,0.00,0.04,0.04,0.04||3.46,7.95,0.98,23.15,18.30,11.40||5.35,0.87,0.86,0.21,0.43||14.29,4.07,2.93,8.82,2.61||0.00,0.00,0.50,0.59,0.00||15.22,1.05,2.50,35.82,0.83||3.62,1.39,3.23||0.01,0.05,0.07,0.16,0.34,0.02||
2.95,18.73,12.29,4.64,6.24,5.08,2.98||0.00,0.00,0.00,0.04,0.04,0.04||3.46,7.95,0.98,23.15,18.30,11.40||5.35,0.87,0.86,0.21,0.43||14.34,4.08,2.96,8.84,2.61||0.00,0.00,0.50,0.59,0.00||14.63,0.90,2.07,35.24,0.76||3.17,1.24,2.90||0.02,0.08,0.11,0.22,0.45,0.03||
2.94,18.71,12.28,4.64,6.23,5.08,2.98||0.00,0.00,0.00,0.04,0.04,0.04||3.46,7.95,0.98,23.15,18.30,11.40||5.35,0.87,0.86,0.21,0.43||14.17,4.06,2.88,8.78,2.60||0.00,0.00,0.50,0.59,0.00||14.09,0.77,1.73,34.71,0.69||3.12,1.22,2.86||0.03,0.11,0.17,0.30,0.60,0.04||
2.95,18.74,12.30,4.64,6.24,5.09,2.98||0.00,0.00,0.00,0.04,0.04,0.04||3.46,7.95,0.98,23.15,18.30,11.40||5.35,0.87,0.86,0.21,0.43||14.41,4.09,2.99,8.87,2.62||0.00,0.00,0.50,0.59,0.00||27.34,11.12,39.58,45.49,3.32||3.56,1.37,3.18||0.03,0.12,0.19,0.32,0.63,0.04||
2.95,18.79,12.33,4.65,6.26,5.09,2.99||0.00,0.00,0.00,0.04,0.04,0.04||3.46,7.95,0.98,23.15,18.30,11.40||5.35,0.87,0.86,0.21,0.43||14.00,4.04,2.81,8.71,2.59||0.00,0.00,0.50,0.59,0.00||25.70,8.66,29.53,44.35,2.87||5.18,1.88,4.30||0.05,0.18,0.33,0.47,0.90,0.07||
2.95,18.80,12.33,4.66,6.26,5.10,2.99||0.00,0.00,0.00,0.04,0.04,0.04||3.46,7.95,0.98,23.15,18.30,11.40||5.35,0.87,0.86,0.21,0.43||14.10,4.05,2.85,8.75,2.59||0.00,0.00,0.50,0.59,0.00||37.11,37.98,167.18,51.52,6.84||6.29,2.22,5.03||0.01,0.05,0.06,0.14,0.31,0.02||
2.96,18.84,12.35,4.67,6.27,5.10,2.99||0.00,0.00,0.00,0.04,0.04,0.05||3.46,7.95,0.98,23.15,18.30,11.40||5.36,0.88,0.86,0.21,0.44||14.21,4.07,2.90,8.79,2.60||0.00,0.00,0.50,0.59,0.00||39.42,48.46,222.46,52.81,7.89||4.45,1.65,3.81||0.02,0.07,0.10,0.20,0.43,0.02||
2.97,18.93,12.40,4.69,6.30,5.12,3.00||0.00,0.00,0.00,0.04,0.04,0.04||3.46,7.95,0.98,23.15,18.30,11.40||5.37,0.88,0.86,0.21,0.44||14.14,4.06,2.87,8.77,2.60||0.00,0.00,0.50,0.59,0.00||40.34,53.16,247.99,53.30,8.34||4.23,1.58,3.65||0.04,0.15,0.25,0.39,0.77,0.05||
2.97,18.95,12.41,4.69,6.30,5.13,3.01||0.00,0.00,0.00,0.04,0.04,0.05||3.46,7.95,0.98,23.15,18.30,11.40||5.43,0.88,0.88,0.22,0.44||14.31,4.08,2.94,8.83,2.61||0.00,0.00,0.50,0.59,0.00||43.33,70.86,347.43,54.88,9.87||5.38,1.94,4.44||0.10,0.33,0.69,0.81,1.44,0.13||
2.97,18.95,12.41,4.69,6.31,5.13,3.01||0.00,0.00,0.00,0.04,0.04,0.05||3.46,7.95,0.98,23.15,18.30,11.40||5.45,0.88,0.88,0.22,0.44||14.25,4.07,2.92,8.81,2.60||0.00,0.00,0.50,0.59,0.00||37.58,39.99,177.58,51.79,7.05||5.77,2.06,4.69||0.09,0.30,0.61,0.74,1.33,0.11||
2.97,18.96,12.41,4.69,6.31,5.13,3.01||0.00,0.00,0.00,0.04,0.04,0.05||3.46,7.95,0.98,23.15,18.30,11.40||5.45,0.88,0.88,0.22,0.44||14.24,4.07,2.91,8.81,2.60||0.00,0.00,0.50,0.59,0.00||68.01,434.51,2915.88,65.96,28.68||7.06,2.45,5.52||0.06,0.19,0.35,0.49,0.93,0.07||
2.97,18.96,12.41,4.69,6.31,5.13,3.01||0.00,0.00,0.00,0.04,0.04,0.05||3.49,7.96,1.00,23.24,18.34,11.47||5.45,0.88,0.88,0.22,0.44||14.06,4.05,2.83,8.73,2.59||0.00,0.00,0.50,0.59,0.00||55.46,191.33,1114.03,60.70,17.71||6.27,2.21,5.02||0.07,0.23,0.44,0.58,1.08,0.08||
2.97,18.96,12.41,4.69,6.31,5.13,3.01||0.00,0.00,0.00,0.04,0.04,0.05||3.46,7.95,0.99,23.17,18.31,11.42||5.45,0.88,0.88,0.22,0.44||14.39,4.09,2.98,8.86,2.61||0.00,0.00,0.50,0.59,0.00||35.28,30.99,131.66,50.47,6.07||5.68,2.03,4.63||0.12,0.40,0.87,0.96,1.66,0.15||
2.97,18.96,12.41,4.69,6.31,5.13,3.01||0.00,0.00,0.00,0.04,0.04,0.05||3.49,7.96,1.00,23.24,18.34,11.48||5.45,0.88,0.88,0.22,0.44||14.27,4.07,2.92,8.82,2.61||0.00,0.00,0.50,0.59,0.00||39.64,49.55,228.34,52.93,8.00||4.62,1.71,3.92||0.06,0.20,0.37,0.52,0.97,0.07||
2.97,18.96,12.41,4.69,6.31,5.13,3.01||0.00,0.00,0.00,0.04,0.04,0.04||3.50,7.97,1.00,23.26,18.35,11.49||5.45,0.88,0.88,0.22,0.44||14.25,4.07,2.91,8.81,2.60||0.00,0.00,0.50,0.59,0.00||22.37,4.96,15.33,41.91,2.06||3.89,1.48,3.42||0.03,0.11,0.17,0.29,0.59,0.04||
2.97,18.96,12.41,4.69,6.31,5.13,3.01||0.00,0.00,0.00,0.04,0.04,0.05||3.47,7.95,0.99,23.17,18.31,11.42||5.45,0.88,0.88,0.22,0.44||14.33,4.08,2.95,8.84,2.61||0.00,0.00,0.50,0.59,0.00||32.84,23.24,93.93,49.02,5.12||4.90,1.79,4.11||0.02,0.06,0.09,0.18,0.39,0.02||
2.97,18.96,12.41,4.69,6.31,5.13,3.01||0.00,0.00,0.00,0.04,0.04,0.05||3.46,7.95,0.98,23.15,18.30,11.41||5.45,0.88,0.88,0.22,0.44||14.26,4.07,2.92,8.81,2.60||0.00,0.00,0.50,0.59,0.00||24.39,7.03,23.10,43.42,2.54||4.97,1.82,4.16||0.01,0.05,0.06,0.15,0.32,0.02||
2.97,18.96,12.41,4.69,6.31,5.13,3.01||0.00,0.00,0.00,0.04,0.04,0.05||3.46,7.95,0.98,23.15,18.30,11.40||5.45,0.88,0.88,0.22,0.44||14.34,4.08,2.95,8.84,2.61||0.00,0.00,0.50,0.59,0.00||45.16,83.73,422.57,55.82,10.89||5.85,2.09,4.74||0.02,0.07,0.11,0.21,0.44,0.02||
2.97,18.96,12.41,4.69,6.31,5.13,3.01||0.00,0.00,0.00,0.04,0.04,0.05||3.46,7.95,0.98,23.15,18.30,11.40||5.45,0.88,0.88,0.22,0.44||14.26,4.07,2.92,8.81,2.60||0.00,0.00,0.50,0.59,0.00||52.43,152.54,854.02,59.32,15.50||8.17,2.77,6.21||0.06,0.20,0.37,0.51,0.96,0.07||
2.97,18.96,12.41,4.69,6.31,5.13,3.01||0.00,0.00,0.00,0.04,0.04,0.05||3.46,7.95,0.98,23.15,18.30,11.40||5.45,0.88,0.88,0.22,0.44||14.15,4.06,2.87,8.77,2.60||0.00,0.00,0.50,0.59,0.00||21.58,4.29,12.94,41.30,1.90||5.28,1.91,4.37||0.12,0.38,0.82,0.92,1.60,0.15||
2.97,18.96,12.41,4.69,6.31,5.13,3.01||0.00,0.00,0.00,0.04,0.04,0.04||3.46,7.95,0.98,23.15,18.30,11.40||5.37,0.88,0.86,0.21,0.44||14.41,4.09,2.98,8.87,2.62||0.00,0.00,0.50,0.59,0.00||23.00,5.54,17.48,42.39,2.21||5.25,1.90,4.35||0.04,0.13,0.21,0.34,0.67,0.04||
2.97,18.96,12.41,4.69,6.31,5.13,3.01||0.00,0.00,0.00,0.04,0.04,0.04||3.46,7.95,0.98,23.15,18.30,11.40||5.35,0.88,0.86,0.21,0.43||14.18,4.06,2.89,8.78,2.60||0.00,0.00,0.50,0.59,0.00||25.82,8.84,30.21,44.44,2.90||5.38,1.94,4.44||0.02,0.09,0.13,0.25,0.51,0.03||
2.97,18.91,12.39,4.68,6.29,5.12,3.00||0.00,0.00,0.00,0.04,0.04,0.04||3.46,7.95,0.98,23.15,18.30,11.40||5.30,0.87,0.85,0.21,0.43||13.95,4.03,2.79,8.69,2.58||0.00,0.00,0.50,0.59,0.00||33.43,24.97,102.22,49.37,5.35||6.54,2.29,5.19||0.02,0.08,0.11,0.22,0.45,0.03||
2.97,18.95,12.41,4.69,6.30,5.12,3.01||0.00,0.00,0.00,0.04,0.04,0.04||3.46,7.95,0.98,23.15,18.30,11.40||5.26,0.87,0.84,0.21,0.43||14.09,4.05,2.85,8.75,2.59||0.00,0.00,0.50,0.59,0.00||34.62,28.73,120.46,50.08,5.80||7.35,2.53,5.70||0.07,0.22,0.42,0.57,1.06,0.08||
2.97,18.91,12.39,4.68,6.29,5.12,3.00||0.00,0.00,0.00,0.04,0.04,0.04||3.46,7.95,0.98,23.15,18.30,11.40||5.23,0.86,0.83,0.21,0.43||13.93,4.03,2.78,8.69,2.58||0.00,0.00,0.50,0.59,0.00||53.11,160.71,907.95,59.63,15.98||6.10,2.16,4.91||0.01,0.05,0.07,0.15,0.33,0.02||
2.95,18.78,12.32,4.65,6.25,5.09,2.99||0.00,0.00,0.00,0.04,0.04,0.04||3.46,7.95,0.98,23.15,18.30,11.40||5.17,0.86,0.81,0.21,0.43||13.90,4.03,2.77,8.68,2.58||0.00,0.00,0.50,0.59,0.00||28.39,12.95,47.29,46.19,3.63||5.16,1.88,4.29||0.03,0.10,0.16,0.28,0.57,0.04||
2.95,18.76,12.31,4.65,6.25,5.09,2.98||0.00,0.00,0.00,0.04,0.04,0.04||3.46,7.95,0.98,23.15,18.30,11.40||5.15,0.86,0.81,0.20,0.43||13.99,4.04,2.80,8.71,2.59||0.00,0.00,0.50,0.59,0.00||41.49,59.51,283.09,53.92,8.91||6.35,2.24,5.07||0.05,0.16,0.28,0.42,0.81,0.06||
2.94,18.71,12.29,4.64,6.23,5.08,2.98||0.00,0.00,0.00,0.04,0.04,0.04||3.46,7.95,0.98,23.15,18.30,11.40||5.10,0.85,0.80,0.20,0.42||13.82,4.02,2.73,8.64,2.57||0.00,0.00,0.50,0.59,0.00||37.49,39.57,175.39,51.73,7.01||6.55,2.30,5.20||0.03,0.11,0.17,0.29,0.59,0.04||
2.94,18.70,12.28,4.63,6.23,5.08,2.98||0.00,0.00,0.00,0.04,0.04,0.04||3.46,7.95,0.98,23.15,18.30,11.40||5.06,0.85,0.79,0.20,0.42||13.97,4.04,2.80,8.70,2.58||0.00,0.00,0.50,0.59,0.00||21.84,4.51,13.72,41.51,1.95||5.03,1.83,4.20||0.03,0.09,0.14,0.25,0.52,0.03||
2.94,18.70,12.28,4.63,6.23,5.08,2.98||0.00,0.00,0.00,0.04,0.04,0.04||3.46,7.95,0.98,23.15,18.30,11.40||5.05,0.85,0.79,0.20,0.42||13.91,4.03,2.77,8.68,2.58||0.00,0.00,0.50,0.59,0.00||43.56,72.37,356.14,55.00,9.99||5.87,2.09,4.76||0.04,0.15,0.25,0.39,0.76,0.05||
2.94,18.70,12.28,4.63,6.23,5.08,2.98||0.00,0.00,0.00,0.04,0.04,0.04||3.46,7.95,0.98,23.15,18.30,11.40||5.04,0.85,0.78,0.20,0.42||13.99,4.04,2.80,8.71,2.59||0.00,0.00,0.50,0.59,0.00||30.14,16.45,62.65,47.33,4.18||6.13,2.17,4.92||0.01,0.04,0.05,0.12,0.27,0.01||
2.94,18.70,12.28,4.63,6.23,5.08,2.98||0.00,0.00,0.00,0.04,0.04,0.04||3.43,7.93,0.97,23.06,18.26,11.33||4.97,0.84,0.77,0.20,0.42||14.01,4.04,2.81,8.71,2.59||0.00,0.00,0.50,0.59,0.00||34.50,28.33,118.54,50.01,5.76||5.05,1.84,4.22||0.01,0.03,0.03,0.09,0.22,0.01||
2.94,18.70,12.28,4.63,6.23,5.08,2.98||0.00,0.00,0.00,0.04,0.04,0.04||3.39,7.91,0.95,22.95,18.22,11.25||4.96,0.84,0.76,0.20,0.42||13.83,4.02,2.74,8.65,2.57||0.00,0.00,0.50,0.59,0.00||51.36,140.44,775.10,58.82,14.76||7.53,2.58,5.81||0.03,0.10,0.15,0.27,0.55,0.03||
2.94,18.70,12.28,4.63,6.23,5.08,2.98||0.00,0.00,0.00,0.04,0.04,0.04||3.32,7.88,0.93,22.75,18.13,11.09||4.96,0.84,0.76,0.20,0.42||13.97,4.04,2.80,8.70,2.58||0.00,0.00,0.50,0.59,0.00||63.54,330.52,2115.46,64.15,24.42||4.36,1.62,3.75||0.04,0.13,0.21,0.35,0.68,0.05||
2.94,18.66,12.26,4.63,6.22,5.07,2.97||0.00,0.00,0.00,0.04,0.04,0.04||3.37,7.90,0.95,22.89,18.19,11.20||4.96,0.84,0.76,0.20,0.42||13.91,4.03,2.77,8.68,2.58||0.00,0.00,0.50,0.59,0.00||43.09,69.31,338.50,54.76,9.74||3.62,1.39,3.22||0.04,0.13,0.21,0.34,0.67,0.04||
2.93,18.61,12.23,4.61,6.20,5.06,2.97||0.00,0.00,0.00,0.04,0.04,0.04||3.35,7.89,0.94,22.83,18.16,11.15||4.94,0.84,0.76,0.20,0.42||13.99,4.04,2.80,8.71,2.59||0.00,0.00,0.50,0.59,0.00||34.43,28.10,117.40,49.97,5.73||3.75,1.43,3.32||0.02,0.08,0.12,0.22,0.46,0.03||
2.92,18.52,12.19,4.59,6.18,5.04,2.96||0.00,0.00,0.00,0.04,0.04,0.04||3.28,7.86,0.91,22.64,18.08,11.00||4.88,0.83,0.74,0.20,0.41||13.91,4.03,2.77,8.68,2.58||0.00,0.00,0.50,0.59,0.00||61.17,283.63,1767.87,63.17,22.32||4.41,1.64,3.78||0.04,0.13,0.22,0.36,0.70,0.05||
2.92,18.55,12.20,4.60,6.18,5.05,2.96||0.00,0.00,0.00,0.04,0.04,0.04||3.27,7.85,0.90,22.60,18.06,10.97||4.87,0.83,0.74,0.19,0.41||14.08,4.05,2.84,8.74,2.59||0.00,0.00,0.50,0.59,0.00||20.90,3.77,11.13,40.76,1.76||6.67,2.33,5.27||0.02,0.06,0.08,0.17,0.37,0.02||
2.92,18.47,12.16,4.58,6.16,5.03,2.95||0.00,0.00,0.00,0.04,0.04,0.04||3.27,7.85,0.90,22.59,18.06,10.97||4.86,0.83,0.74,0.19,0.41||14.21,4.06,2.90,8.79,2.60||0.00,0.00,0.50,0.59,0.00||29.18,14.44,53.75,46.71,3.87||4.61,1.70,3.91||0.05,0.16,0.28,0.42,0.81,0.06||
2.92,18.50,12.17,4.59,6.17,5.04,2.95||0.00,0.00,0.00,0.04,0.04,0.04||3.26,7.85,0.90,22.59,18.06,10.97||4.86,0.83,0.74,0.19,0.41||13.96,4.03,2.79,8.70,2.58||0.00,0.00,0.50,0.59,0.00||17.17,1.71,4.40,37.62,1.10||4.68,1.73,3.97||0.07,0.23,0.43,0.58,1.07,0.08||
2.92,18.46,12.16,4.58,6.16,5.03,2.95||0.00,0.00,0.00,0.04,0.04,0.04||3.26,7.85,0.90,22.59,18.06,10.96||4.82,0.83,0.73,0.19,0.41||13.91,4.03,2.77,8.68,2.58||0.00,0.00,0.50,0.59,0.00||34.22,27.41,114.01,49.84,5.65||5.86,2.09,4.75||0.05,0.16,0.28,0.42,0.80,0.06||
2.91,18.45,12.15,4.58,6.16,5.03,2.95||0.00,0.00,0.00,0.04,0.04,0.04||3.26,7.85,0.90,22.59,18.06,10.96||4.78,0.82,0.72,0.19,0.41||13.99,4.04,2.80,8.71,2.59||0.00,0.00,0.50,0.59,0.00||30.76,17.86,68.99,47.73,4.39||5.66,2.03,4.62||0.11,0.36,0.78,0.89,1.55,0.14||
2.91,18.45,12.15,4.58,6.16,5.03,2.95||0.00,0.00,0.00,0.04,0.04,0.04||3.26,7.85,0.90,22.59,18.06,10.96||4.77,0.82,0.72,0.19,0.41||13.91,4.03,2.77,8.68,2.58||0.00,0.00,0.50,0.59,0.00||27.40,11.22,39.98,45.53,3.34||6.37,2.24,5.08||0.03,0.09,0.14,0.26,0.53,0.03||
2.91,18.45,12.15,4.58,6.16,5.03,2.95||0.00,0.00,0.00,0.04,0.04,0.04||3.26,7.85,0.90,22.59,18.06,10.96||4.77,0.82,0.72,0.19,0.41||13.99,4.04,2.80,8.71,2.59||0.00,0.00,0.50,0.59,0.00||44.88,81.66,410.31,55.68,10.73||5.09,1.85,4.24||0.03,0.11,0.18,0.31,0.62,0.04||
2.91,18.45,12.15,4.58,6.16,5.03,2.95||0.00,0.00,0.00,0.04,0.04,0.04||3.26,7.85,0.90,22.59,18.06,10.96||4.77,0.82,0.72,0.19,0.41||13.82,4.02,2.73,8.64,2.57||0.00,0.00,0.50,0.59,0.00||53.62,167.03,949.95,59.87,16.35||5.68,2.03,4.63||0.03,0.11,0.17,0.30,0.60,0.04||
2.91,18.45,12.15,4.58,6.16,5.03,2.95||0.00,0.00,0.00,0.04,0.04,0.04||3.26,7.85,0.90,22.59,18.06,10.96||4.76,0.82,0.72,0.19,0.41||13.88,4.03,2.76,8.67,2.58||0.00,0.00,0.50,0.59,0.00||48.05,107.38,565.77,57.24,12.61||7.16,2.48,5.58||0.08,0.26,0.51,0.65,1.18,0.10||
2.91,18.45,12.15,4.58,6.16,5.03,2.95||0.00,0.00,0.00,0.04,0.04,0.04||3.26,7.85,0.90,22.59,18.06,10.96||4.73,0.82,0.71,0.19,0.41||13.89,4.03,2.76,8.67,2.58||0.00,0.00,0.50,0.59,0.00||21.80,4.47,13.59,41.47,1.94||5.08,1.85,4.23||0.04,0.13,0.22,0.35,0.70,0.05||
2.91,18.45,12.15,4.58,6.16,5.03,2.95||0.00,0.00,0.00,0.04,0.04,0.04||3.26,7.85,0.90,22.59,18.06,10.96||4.69,0.81,0.70,0.19,0.40||13.80,4.02,2.73,8.64,2.57||0.00,0.00,0.50,0.59,0.00||22.83,5.39,16.91,42.26,2.17||7.17,2.48,5.59||0.15,0.47,1.06,1.11,1.88,0.18||
2.91,18.45,12.15,4.58,6.16,5.03,2.95||0.00,0.00,0.00,0.04,0.04,0.04||3.26,7.85,0.90,22.59,18.06,10.96||4.68,0.81,0.70,0.19,0.40||13.97,4.04,2.79,8.70,2.58||0.00,0.00,0.50,0.59,0.00||40.02,51.46,238.72,53.13,8.18||4.43,1.65,3.79||0.07,0.24,0.47,0.62,1.13,0.09||
2.91,18.45,12.15,4.58,6.16,5.03,2.95||0.00,0.00,0.00,0.04,0.04,0.04||3.26,7.85,0.90,22.59,18.06,10.96||4.68,0.81,0.70,0.19,0.40||13.82,4.02,2.73,8.64,2.57||0.00,0.00,0.50,0.59,0.00||36.33,34.89,151.31,51.08,6.51||6.70,2.34,5.29||0.03,0.11,0.18,0.31,0.61,0.04||
2.91,18.45,12.15,4.58,6.16,5.03,2.95||0.00,0.00,0.00,0.04,0.04,0.04||3.26,7.85,0.90,22.59,18.06,10.96||4.68,0.81,0.70,0.19,0.40||13.79,4.01,2.72,8.63,2.57||0.00,0.00,0.50,0.59,0.00||40.40,53.45,249.59,53.33,8.36||7.45,2.56,5.77||0.02,0.07,0.10,0.19,0.41,0.02||
2.91,18.41,12.13,4.57,6.14,5.02,2.94||0.00,0.00,0.00,0.04,0.04,0.04||3.26,7.85,0.90,22.59,18.06,10.96||4.68,0.81,0.70,0.19,0.40||13.78,4.01,2.72,8.63,2.57||0.00,0.00,0.50,0.59,0.00||69.52,474.65,3234.32,66.55,30.21||6.85,2.39,5.39||0.03,0.09,0.14,0.26,0.53,0.03||
2.91,18.40,12.13,4.57,6.14,5.02,2.94||0.00,0.00,0.00,0.04,0.04,0.04||3.26,7.85,0.90,22.59,18.06,10.96||4.68,0.81,0.70,0.19,0.40||13.69,4.00,2.68,8.59,2.56||0.00,0.00,0.50,0.59,0.00||48.03,107.19,564.59,57.23,12.59||6.60,2.31,5.23||0.02,0.07,0.10,0.20,0.43,0.02||
2.90,18.32,12.08,4.55,6.12,5.00,2.93||0.00,0.00,0.00,0.04,0.04,0.04||3.26,7.85,0.90,22.59,18.06,10.96||4.67,0.81,0.69,0.19,0.40||13.94,4.03,2.79,8.69,2.58||0.00,0.00,0.50,0.59,0.00||61.75,294.62,1848.50,63.41,22.82||6.15,2.17,4.94||0.08,0.25,0.50,0.64,1.17,0.09||
2.90,18.31,12.08,4.55,6.11,5.00,2.93||0.00,0.00,0.00,0.04,0.04,0.04||3.26,7.85,0.90,22.59,18.06,10.96||4.65,0.81,0.69,0.19,0.40||13.91,4.03,2.77,8.68,2.58||0.00,0.00,0.50,0.59,0.00||18.68,2.40,6.56,38.94,1.35||6.08,2.15,4.89||0.21,0.64,1.58,1.48,2.42,0.26||
2.89,18.27,12.05,4.54,6.10,4.99,2.93||0.00,0.00,0.00,0.04,0.04,0.04||3.26,7.85,0.90,22.59,18.06,10.96||4.61,0.80,0.68,0.19,0.40||13.63,3.99,2.65,8.57,2.56||0.00,0.00,0.50,0.59,0.00||33.97,26.64,110.26,49.70,5.55||5.75,2.06,4.68||0.08,0.25,0.48,0.63,1.15,0.09||
2.89,18.26,12.05,4.53,6.10,4.99,2.92||0.00,0.00,0.00,0.04,0.04,0.04||3.26,7.85,0.90,22.59,18.06,10.96||4.60,0.80,0.68,0.18,0.40||13.84,4.02,2.74,8.65,2.57||0.00,0.00,0.50,0.59,0.00||27.44,11.28,40.25,45.55,3.35||4.18,1.57,3.62||0.07,0.24,0.46,0.60,1.10,0.09||
2.89,18.22,12.03,4.53,6.09,4.98,2.92||0.00,0.00,0.00,0.04,0.04,0.04||3.26,7.85,0.90,22.59,18.06,10.96||4.59,0.80,0.68,0.18,0.40||13.70,4.00,2.68,8.60,2.56||0.00,0.00,0.50,0.59,0.00||32.72,22.91,92.37,48.94,5.08||4.97,1.82,4.16||0.01,0.05,0.07,0.16,0.34,0.02||
2.89,18.21,12.02,4.52,6.08,4.98,2.92||0.00,0.00,0.00,0.04,0.04,0.04||3.23,7.84,0.89,22.50,18.02,10.90||4.59,0.80,0.68,0.18,0.40||13.59,3.99,2.64,8.55,2.56||0.00,0.00,0.50,0.59,0.00||16.35,1.40,3.49,36.88,0.98||3.85,1.46,3.39||0.02,0.06,0.08,0.17,0.38,0.02||
2.89,18.21,12.02,4.52,6.08,4.98,2.92||0.00,0.00,0.00,0.04,0.04,0.04||3.26,7.85,0.90,22.57,18.05,10.95||4.59,0.80,0.68,0.18,0.40||13.83,4.02,2.74,8.65,2.57||0.00,0.00,0.50,0.59,0.00||26.17,9.33,32.20,44.68,3.00||5.02,1.83,4.20||0.02,0.08,0.12,0.23,0.47,0.03||
2.89,18.21,12.02,4.52,6.08,4.98,2.92||0.00,0.00,0.00,0.03,0.04,0.04||3.26,7.85,0.90,22.59,18.06,10.96||4.59,0.80,0.68,0.18,0.40||13.88,4.03,2.76,8.67,2.58||0.00,0.00,0.50,0.59,0.00||51.80,145.36,807.04,59.03,15.06||3.92,1.48,3.44||0.01,0.04,0.05,0.11,0.26,0.01||
2.89,18.21,12.02,4.52,6.08,4.98,2.92||0.00,0.00,0.00,0.03,0.04,0.04||3.23,7.84,0.89,22.50,18.02,10.90||4.59,0.80,0.68,0.18,0.40||13.80,4.02,2.72,8.64,2.57||0.00,0.00,0.50,0.59,0.00||31.73,20.23,79.82,48.33,4.72||5.20,1.89,4.31||0.04,0.14,0.23,0.36,0.71,0.05||
2.89,18.21,12.02,4.52,6.08,4.98,2.92||0.00,0.00,0.00,0.03,0.04,0.04||3.23,7.83,0.89,22.48,18.01,10.88||4.59,0.80,0.68,0.18,0.40||13.79,4.01,2.72,8.63,2.57||0.00,0.00,0.50,0.59,0.00||31.12,18.72,72.90,47.95,4.51||4.44,1.65,3.80||0.05,0.15,0.27,0.41,0.79,0.05||
2.89,18.21,12.02,4.52,6.08,4.98,2.92||0.00,0.00,0.00,0.03,0.04,0.04||3.26,7.85,0.90,22.57,18.05,10.95||4.59,0.80,0.68,0.18,0.40||13.87,4.02,2.75,8.66,2.58||0.00,0.00,0.50,0.59,0.00||46.14,91.25,467.38,56.31,11.45||6.07,2.15,4.89||0.06,0.21,0.40,0.55,1.02,0.08||
2.89,18.21,12.02,4.52,6.08,4.98,2.92||0.00,0.00,0.00,0.04,0.04,0.04||3.17,7.80,0.87,22.32,17.94,10.76||4.55,0.80,0.67,0.18,0.40||13.89,4.03,2.76,8.67,2.58||0.00,0.00,0.50,0.59,0.00||34.68,28.93,121.45,50.12,5.83||5.20,1.89,4.31||0.26,0.78,2.01,1.76,2.82,0.32||
2.89,18.21,12.02,4.52,6.08,4.98,2.92||0.00,0.00,0.00,0.04,0.04,0.04||3.19,7.81,0.87,22.36,17.96,10.79||4.52,0.80,0.66,0.18,0.40||13.71,4.01,2.69,8.60,2.56||0.00,0.00,0.50,0.59,0.00||23.78,6.34,20.47,42.97,2.39||4.60,1.70,3.91||0.05,0.16,0.27,0.41,0.80,0.06||
2.89,18.21,12.02,4.52,6.08,4.98,2.92||0.00,0.00,0.00,0.04,0.04,0.04||3.13,7.78,0.85,22.19,17.89,10.66||4.52,0.80,0.66,0.18,0.40||13.59,3.99,2.64,8.55,2.56||0.00,0.00,0.50,0.59,0.00||31.40,19.39,75.98,48.13,4.61||4.17,1.57,3.62||0.02,0.09,0.13,0.24,0.50,0.03||
2.89,18.21,12.02,4.52,6.08,4.98,2.92||0.00,0.00,0.00,0.03,0.04,0.04||3.15,7.79,0.86,22.25,17.91,10.70||4.51,0.80,0.66,0.18,0.40||13.56,3.99,2.63,8.54,2.55||0.00,0.00,0.50,0.59,0.00||29.78,15.67,59.17,47.10,4.06||4.77,1.75,4.02||0.03,0.11,0.17,0.29,0.59,0.04||
2.89,18.21,12.02,4.52,6.08,4.98,2.92||0.00,0.00,0.00,0.03,0.04,0.04||3.10,7.76,0.83,22.08,17.84,10.57||4.51,0.80,0.66,0.18,0.40||13.56,3.99,2.62,8.54,2.55||0.00,0.00,0.50,0.59,0.00||20.97,3.83,11.32,40.82,1.77||4.80,1.76,4.04||0.09,0.29,0.59,0.72,1.30,0.11||
2.89,18.21,12.02,4.52,6.08,4.98,2.92||0.00,0.00,0.00,0.03,0.04,0.04||3.08,7.76,0.83,22.05,17.82,10.55||4.51,0.80,0.66,0.18,0.40||13.83,4.02,2.74,8.65,2.57||0.00,0.00,0.50,0.59,0.00||29.89,15.90,60.21,47.17,4.10||5.52,1.98,4.53||0.06,0.20,0.36,0.51,0.96,0.07||
2.89,18.21,12.02,4.52,6.08,4.98,2.92||0.00,0.00,0.00,0.03,0.04,0.04||3.08,7.76,0.83,22.05,17.82,10.54||4.51,0.80,0.66,0.18,0.40||13.70,4.00,2.68,8.60,2.56||0.00,0.00,0.50,0.59,0.00||61.30,286.03,1785.48,63.22,22.43||6.12,2.17,4.92||0.02,0.08,0.12,0.23,0.48,0.03||
2.89,18.21,12.02,4.52,6.08,4.98,2.92||0.00,0.00,0.00,0.03,0.04,0.04||3.08,7.76,0.83,22.04,17.82,10.54||4.51,0.80,0.66,0.18,0.40||13.67,4.00,2.67,8.59,2.56||0.00,0.00,0.50,0.59,0.00||65.95,383.86,2521.30,65.13,26.67||5.23,1.89,4.33||0.01,0.04,0.05,0.13,0.28,0.01||
2.89,18.21,12.02,4.52,6.08,4.98,2.92||0.00,0.00,0.00,0.03,0.04,0.04||3.08,7.76,0.83,22.04,17.82,10.54||4.51,0.80,0.66,0.18,0.40||13.85,4.02,2.75,8.66,2.58||0.00,0.00,0.50,0.59,0.00||47.60,103.46,541.61,57.03,12.33||6.00,2.13,4.84||0.07,0.25,0.48,0.62,1.14,0.09||
2.89,18.21,12.02,4.52,6.08,4.98,2.92||0.00,0.00,0.00,0.03,0.04,0.04||3.08,7.76,0.83,22.04,17.82,10.54||4.51,0.80,0.66,0.18,0.40||13.62,3.99,2.65,8.56,2.56||0.00,0.00,0.50,0.59,0.00||31.90,20.69,81.96,48.44,4.78||5.39,1.94,4.44||0.03,0.12,0.19,0.32,0.64,0.04||
2.88,18.17,12.00,4.51,6.07,4.97,2.91||0.00,0.00,0.00,0.03,0.04,0.04||3.08,7.76,0.83,22.04,17.82,10.54||4.51,0.80,0.66,0.18,0.40||13.75,4.01,2.70,8.62,2.57||0.00,0.00,0.50,0.59,0.00||10.05,0.20,0.35,30.24,0.31||3.49,1.34,3.13||0.04,0.12,0.20,0.33,0.66,0.04||
2.89,18.20,12.02,4.52,6.08,4.98,2.92||0.00,0.00,0.00,0.03,0.04,0.04||3.08,7.76,0.83,22.04,17.82,10.54||4.51,0.80,0.66,0.18,0.40||13.68,4.00,2.68,8.59,2.56||0.00,0.00,0.50,0.59,0.00||13.53,0.66,1.43,34.14,0.63||4.57,1.69,3.89||0.06,0.19,0.34,0.49,0.92,0.07||
2.88,18.13,11.98,4.51,6.06,4.97,2.91||0.00,0.00,0.00,0.03,0.04,0.04||3.08,7.76,0.83,22.04,17.82,10.54||4.51,0.80,0.66,0.18,0.40||13.85,4.02,2.75,8.66,2.58||0.00,0.00,0.50,0.59,0.00||31.02,18.47,71.77,47.89,4.48||4.78,1.76,4.03||0.05,0.16,0.28,0.43,0.82,0.06||
2.88,18.11,11.97,4.50,6.06,4.96,2.91||0.00,0.00,0.00,0.03,0.04,0.04||3.08,7.76,0.83,22.04,17.82,10.54||4.51,0.80,0.66,0.18,0.40||13.70,4.00,2.68,8.60,2.56||0.00,0.00,0.50,0.59,0.00||39.32,47.97,219.85,52.75,7.85||6.30,2.22,5.03||0.04,0.15,0.26,0.40,0.78,0.05||
2.86,17.99,11.91,4.48,6.02,4.94,2.89||0.00,0.00,0.00,0.03,0.04,0.04||3.08,7.76,0.83,22.04,17.82,10.54||4.51,0.80,0.66,0.18,0.40||13.77,4.01,2.71,8.62,2.57||0.00,0.00,0.50,0.59,0.00||47.56,103.05,539.06,57.00,12.30||6.80,2.37,5.35||0.01,0.05,0.06,0.14,0.31,0.01||
2.87,18.09,11.96,4.50,6.05,4.96,2.90||0.00,0.00,0.00,0.03,0.04,0.04||3.08,7.76,0.83,22.04,17.82,10.54||4.47,0.79,0.65,0.18,0.39||13.69,4.00,2.68,8.59,2.56||0.00,0.00,0.50,0.59,0.00||14.46,0.86,1.96,35.08,0.74||3.30,1.28,3.00||0.01,0.03,0.03,0.09,0.21,0.01||
2.87,18.03,11.93,4.48,6.03,4.95,2.90||0.00,0.00,0.00,0.03,0.04,0.04||3.08,7.76,0.83,22.04,17.82,10.54||4.44,0.79,0.64,0.18,0.39||13.49,3.98,2.60,8.52,2.55||0.00,0.00,0.50,0.59,0.00||24.65,7.33,24.26,43.60,2.60||5.52,1.99,4.53||0.03,0.11,0.18,0.31,0.62,0.04||
2.86,17.98,11.90,4.47,6.01,4.94,2.89||0.00,0.00,0.00,0.03,0.04,0.04||3.08,7.76,0.83,22.04,17.82,10.54||4.43,0.79,0.64,0.18,0.39||13.63,4.00,2.66,8.57,2.56||0.00,0.00,0.50,0.59,0.00||34.64,28.80,120.84,50.09,5.81||5.84,2.08,4.74||0.14,0.44,0.99,1.05,1.80,0.17||
2.86,18.01,11.92,4.48,6.02,4.94,2.90||0.00,0.00,0.00,0.03,0.04,0.04||3.08,7.76,0.83,22.04,17.82,10.54||4.44,0.79,0.64,0.18,0.39||13.57,3.99,2.63,8.55,2.55||0.00,0.00,0.50,0.59,0.00||53.00,159.35,898.92,59.58,15.90||5.35,1.93,4.41||0.04,0.13,0.22,0.35,0.69,0.05||
2.86,17.97,11.90,4.47,6.01,4.94,2.89||0.00,0.00,0.00,0.03,0.04,0.04||3.08,7.76,0.83,22.04,17.82,10.54||4.42,0.79,0.64,0.18,0.39||13.65,4.00,2.66,8.58,2.56||0.00,0.00,0.50,0.59,0.00||27.14,10.80,38.23,45.35,3.26||6.40,2.25,5.10||0.04,0.14,0.24,0.38,0.74,0.05||
2.87,18.04,11.94,4.49,6.03,4.95,2.90||0.00,0.00,0.00,0.03,0.04,0.04||3.08,7.76,0.83,22.04,17.82,10.54||4.42,0.79,0.64,0.18,0.39||13.76,4.01,2.71,8.62,2.57||0.00,0.00,0.50,0.59,0.00||18.96,2.55,7.03,39.18,1.40||3.88,1.47,3.41||0.03,0.10,0.15,0.27,0.55,0.03||
2.86,17.98,11.91,4.47,6.02,4.94,2.89||0.00,0.00,0.00,0.03,0.04,0.04||3.08,7.76,0.83,22.04,17.82,10.54||4.42,0.79,0.64,0.18,0.39||13.69,4.00,2.68,8.59,2.56||0.00,0.00,0.50,0.59,0.00||54.98,184.71,1068.93,60.48,17.34||6.19,2.19,4.97||0.04,0.14,0.25,0.39,0.75,0.05||
2.86,18.01,11.92,4.48,6.02,4.94,2.90||0.00,0.00,0.00,0.03,0.04,0.04||3.08,7.76,0.83,22.04,17.82,10.54||4.44,0.79,0.64,0.18,0.39||13.58,3.99,2.63,8.55,2.56||0.00,0.00,0.50,0.59,0.00||43.66,73.09,360.27,55.05,10.05||3.71,1.41,3.29||0.01,0.04,0.05,0.11,0.26,0.01||
2.86,17.97,11.90,4.47,6.01,4.94,2.89||0.00,0.00,0.00,0.03,0.04,0.04||3.08,7.76,0.83,22.04,17.82,10.54||4.42,0.79,0.64,0.18,0.39||13.47,3.98,2.59,8.51,2.55||0.00,0.00,0.50,0.59,0.00||37.56,39.89,177.06,51.78,7.04||5.70,2.04,4.65||0.01,0.04,0.05,0.12,0.28,0.01||
2.86,17.97,11.90,4.47,6.01,4.93,2.89||0.00,0.00,0.00,0.03,0.04,0.04||3.08,7.76,0.83,22.04,17.82,10.54||4.44,0.79,0.64,0.18,0.39||13.36,3.96,2.54,8.47,2.54||0.00,0.00,0.50,0.59,0.00||30.90,18.20,70.52,47.82,4.44||5.87,2.09,4.76||0.01,0.05,0.06,0.14,0.32,0.02||
