4.59,34.77,19.98,8.10,10.82,7.90,4.68||0.00,0.00,0.00,0.08,0.07,0.08||61.60,14.59,70.65,78.50,35.66,80.91||12.91,1.43,3.37,0.47,0.70||53.60,7.05,48.05,19.96,4.39||0.02,0.05,0.70,0.81,0.01||35.95,33.46,144.05,50.86,6.35||5.11,1.86,4.26||0.36,1.06,2.96,2.34,3.60,0.44||
3.10,20.14,13.01,4.95,6.65,5.35,3.14||0.00,0.00,0.00,0.04,0.04,0.04||5.33,8.71,1.87,27.81,20.23,15.31||5.55,0.89,0.91,0.22,0.44||17.80,4.46,4.67,10.11,2.84||0.00,0.01,0.53,0.63,0.00||36.55,35.74,155.67,51.20,6.60||6.66,2.33,5.26||6.38,15.70,84.04,26.48,29.72,8.15||
2.89,18.25,12.05,4.53,6.10,4.99,2.92||0.00,0.00,0.00,0.03,0.04,0.04||3.43,7.93,0.97,23.07,18.27,11.35||4.77,0.82,0.72,0.19,0.41||14.42,4.09,2.99,8.87,2.62||0.00,0.01,0.50,0.60,0.00||68.42,445.05,2998.98,66.12,29.09||9.40,3.12,6.95||3.98,10.09,48.49,17.77,21.00,5.05||
2.85,17.91,11.87,4.46,5.99,4.92,2.88||0.00,0.00,0.00,0.03,0.04,0.04||3.15,7.79,0.86,22.25,17.91,10.70||4.63,0.81,0.68,0.19,0.40||14.01,4.04,2.81,8.72,2.59||0.00,0.00,0.50,0.59,0.00||50.14,127.44,691.62,58.25,13.94||6.71,2.34,5.30||11.23,26.63,162.10,42.65,44.98,14.44||
2.84,17.84,11.83,4.44,5.97,4.91,2.88||0.00,0.00,0.00,0.03,0.04,0.04||3.09,7.76,0.83,22.08,17.84,10.57||4.60,0.80,0.68,0.19,0.40||13.67,4.00,2.67,8.59,2.56||0.00,0.00,0.50,0.59,0.00||73.63,597.91,4240.33,68.13,34.61||5.81,2.07,4.72||2.12,5.61,23.36,10.46,13.25,2.68||
2.84,17.82,11.82,4.44,5.97,4.91,2.87||0.00,0.00,0.00,0.03,0.04,0.04||3.08,7.76,0.83,22.05,17.82,10.55||4.60,0.80,0.68,0.18,0.40||13.78,4.01,2.71,8.63,2.57||0.00,0.00,0.50,0.59,0.00||32.19,21.45,85.53,48.62,4.89||4.75,1.75,4.01||0.23,0.71,1.79,1.62,2.62,0.29||
2.84,17.82,11.82,4.44,5.97,4.91,2.87||0.00,0.00,0.00,0.03,0.04,0.04||3.05,7.74,0.82,21.96,17.78,10.48||4.58,0.80,0.67,0.18,0.40||13.97,4.04,2.79,8.70,2.58||0.00,0.00,0.50,0.59,0.00||35.49,31.74,135.42,50.59,6.15||4.22,1.58,3.65||3.16,8.15,37.18,14.65,17.76,4.01||
2.84,17.82,11.82,4.44,5.97,4.91,2.87||0.00,0.00,0.00,0.03,0.04,0.04||3.05,7.74,0.82,21.94,17.77,10.46||4.56,0.80,0.67,0.18,0.40||14.01,4.04,2.81,8.72,2.59||0.00,0.00,0.50,0.59,0.00||26.13,9.27,31.95,44.65,2.98||3.68,1.41,3.27||0.59,1.71,5.32,3.57,5.21,0.74||
2.84,17.82,11.82,4.44,5.97,4.91,2.87||0.00,0.00,0.00,0.03,0.04,0.04||3.05,7.74,0.82,21.94,17.77,10.46||4.59,0.80,0.68,0.18,0.40||13.76,4.01,2.71,8.62,2.57||0.00,0.00,0.50,0.59,0.00||65.02,362.72,2359.23,64.76,25.79||5.11,1.86,4.25||1.58,4.25,16.54,8.14,10.65,1.98||
2.84,17.82,11.82,4.44,5.97,4.91,2.87||0.00,0.00,0.00,0.03,0.04,0.04||3.05,7.74,0.82,21.94,17.77,10.46||4.58,0.80,0.67,0.18,0.40||13.71,4.01,2.69,8.60,2.56||0.00,0.00,0.50,0.59,0.00||36.70,36.35,158.78,51.29,6.67||5.28,1.91,4.37||0.42,1.24,3.57,2.68,4.05,0.52||
2.84,17.82,11.82,4.44,5.97,4.91,2.87||0.00,0.00,0.00,0.03,0.04,0.04||3.07,7.75,0.83,22.02,17.81,10.53||4.59,0.80,0.68,0.18,0.40||13.95,4.03,2.79,8.70,2.58||0.00,0.00,0.50,0.59,0.00||49.93,125.34,678.30,58.15,13.81||6.10,2.16,4.91||3.99,10.12,48.64,17.81,21.04,5.07||
2.84,17.82,11.82,4.44,5.97,4.91,2.87||0.00,0.00,0.00,0.03,0.04,0.04||3.00,7.71,0.80,21.78,17.70,10.34||4.58,0.80,0.67,0.18,0.40||13.92,4.03,2.77,8.68,2.58||0.00,0.00,0.50,0.59,0.00||27.82,11.93,42.95,45.81,3.46||5.08,1.85,4.24||19.20,43.96,302.35,67.04,66.66,24.83||
2.84,17.82,11.82,4.44,5.97,4.91,2.87||0.00,0.00,0.00,0.03,0.04,0.04||3.06,7.75,0.82,21.99,17.80,10.50||4.59,0.80,0.68,0.18,0.40||13.83,4.02,2.73,8.65,2.57||0.00,0.00,0.50,0.59,0.00||42.17,63.51,305.56,54.28,9.26||5.63,2.02,4.60||0.39,1.16,3.31,2.53,3.86,0.49||
2.84,17.82,11.82,4.44,5.97,4.91,2.87||0.00,0.00,0.00,0.03,0.04,0.04||3.02,7.72,0.81,21.86,17.74,10.40||4.58,0.80,0.67,0.18,0.40||13.98,4.04,2.80,8.70,2.58||0.00,0.00,0.50,0.59,0.00||57.78,225.56,1351.29,61.72,19.51||5.14,1.87,4.28||5.72,14.19,74.09,24.17,27.44,7.31||
2.84,17.82,11.82,4.44,5.97,4.91,2.87||0.00,0.00,0.00,0.03,0.04,0.04||3.01,7.72,0.80,21.83,17.73,10.38||4.56,0.80,0.67,0.18,0.40||13.67,4.00,2.67,8.58,2.56||0.00,0.00,0.50,0.59,0.00||82.16,929.36,7113.78,71.24,44.86||7.09,2.45,5.54||1.34,3.64,13.64,7.08,9.43,1.68||
2.84,17.82,11.82,4.44,5.97,4.91,2.87||0.00,0.00,0.00,0.03,0.04,0.04||3.04,7.73,0.81,21.92,17.76,10.44||4.56,0.80,0.67,0.18,0.40||13.94,4.03,2.78,8.69,2.58||0.00,0.00,0.50,0.59,0.00||74.45,625.16,4467.85,68.44,35.53||5.48,1.97,4.50||7.46,18.17,100.81,30.22,33.33,9.55||
2.84,17.82,11.82,4.44,5.97,4.91,2.87||0.00,0.00,0.00,0.03,0.04,0.04||2.93,7.68,0.77,21.59,17.62,10.20||4.56,0.80,0.67,0.18,0.40||13.92,4.03,2.77,8.68,2.58||0.00,0.00,0.50,0.59,0.00||53.48,165.19,937.71,59.80,16.24||7.03,2.44,5.50||13.72,32.12,204.65,50.51,52.11,17.68||
2.84,17.82,11.82,4.44,5.97,4.91,2.87||0.00,0.00,0.00,0.03,0.04,0.04||3.00,7.71,0.80,21.78,17.70,10.34||4.57,0.80,0.67,0.18,0.40||13.82,4.02,2.73,8.65,2.57||0.00,0.00,0.50,0.59,0.00||102.99,2306.27,20660.59,78.12,76.56||7.69,2.63,5.92||2.69,7.01,30.86,12.80,15.79,3.41||
2.84,17.82,11.82,4.44,5.97,4.91,2.87||0.00,0.00,0.00,0.03,0.04,0.04||2.95,7.69,0.78,21.65,17.64,10.24||4.58,0.80,0.67,0.18,0.40||14.06,4.05,2.83,8.74,2.59||0.00,0.00,0.50,0.59,0.00||93.10,1536.48,12830.16,74.97,60.29||6.95,2.41,5.45||4.47,11.27,55.64,19.63,22.91,5.70||
2.84,17.82,11.82,4.44,5.97,4.91,2.87||0.00,0.00,0.00,0.03,0.04,0.04||2.97,7.70,0.79,21.71,17.67,10.29||4.59,0.80,0.68,0.18,0.40||13.94,4.03,2.78,8.69,2.58||0.00,0.00,0.50,0.59,0.00||83.62,997.41,7728.60,71.75,46.76||8.51,2.87,6.42||3.63,9.28,43.69,16.47,19.67,4.62||
2.84,17.82,11.82,4.44,5.97,4.91,2.87||0.00,0.00,0.00,0.03,0.04,0.04||3.00,7.71,0.80,21.80,17.71,10.36||4.57,0.80,0.67,0.18,0.40||13.91,4.03,2.77,8.68,2.58||0.00,0.00,0.50,0.59,0.00||40.33,53.12,247.77,53.30,8.33||6.66,2.33,5.27||60.83,129.20,1155.28,177.31,155.32,79.68||
2.84,17.82,11.82,4.44,5.97,4.91,2.87||0.00,0.00,0.00,0.03,0.04,0.04||2.95,7.69,0.78,21.65,17.65,10.24||4.52,0.80,0.66,0.18,0.40||13.82,4.02,2.73,8.65,2.57||0.00,0.00,0.50,0.59,0.00||50.54,131.61,718.28,58.44,14.21||5.99,2.13,4.84||8.17,19.79,112.09,32.63,35.64,10.47||
2.84,17.82,11.82,4.44,5.97,4.91,2.87||0.00,0.00,0.00,0.03,0.04,0.04||2.92,7.67,0.76,21.54,17.60,10.16||4.52,0.80,0.66,0.18,0.40||13.89,4.03,2.76,8.67,2.58||0.00,0.00,0.49,0.59,0.00||43.90,74.71,369.65,55.18,10.18||4.03,1.52,3.52||2.06,5.46,22.60,10.21,12.97,2.60||
2.84,17.82,11.82,4.44,5.97,4.91,2.87||0.00,0.00,0.00,0.03,0.04,0.04||2.91,7.66,0.76,21.52,17.59,10.14||4.52,0.80,0.66,0.18,0.40||13.82,4.02,2.73,8.64,2.57||0.00,0.00,0.49,0.59,0.00||74.23,617.91,4407.15,68.35,35.28||4.58,1.69,3.89||1.93,5.13,20.90,9.65,12.35,2.43||
2.84,17.82,11.82,4.44,5.97,4.91,2.87||0.00,0.00,0.00,0.03,0.04,0.04||2.91,7.66,0.76,21.51,17.58,10.14||4.51,0.80,0.66,0.18,0.40||13.64,4.00,2.66,8.57,2.56||0.00,0.00,0.49,0.59,0.00||66.20,389.77,2566.92,65.24,26.91||8.11,2.75,6.17||10.05,24.01,142.48,38.84,41.46,12.91||
2.84,17.82,11.82,4.44,5.97,4.91,2.87||0.00,0.00,0.00,0.03,0.04,0.04||2.91,7.66,0.76,21.51,17.58,10.14||4.51,0.80,0.66,0.18,0.40||13.68,4.00,2.68,8.59,2.56||0.00,0.00,0.49,0.59,0.00||31.80,20.40,80.65,48.37,4.75||5.60,2.01,4.58||7.32,17.86,98.61,29.74,32.87,9.37||
2.84,17.82,11.82,4.44,5.97,4.91,2.87||0.00,0.00,0.00,0.03,0.04,0.04||2.91,7.66,0.76,21.51,17.58,10.14||4.51,0.80,0.66,0.18,0.40||13.86,4.02,2.75,8.66,2.58||0.00,0.00,0.49,0.59,0.00||25.48,8.37,28.37,44.20,2.81||4.76,1.75,4.02||0.91,2.54,8.71,5.11,7.11,1.14||
2.84,17.82,11.82,4.44,5.97,4.91,2.87||0.00,0.00,0.00,0.03,0.04,0.04||2.91,7.66,0.76,21.51,17.58,10.14||4.51,0.80,0.66,0.18,0.40||13.73,4.01,2.69,8.61,2.57||0.00,0.00,0.49,0.59,0.00||60.67,274.42,1700.75,62.96,21.89||5.06,1.84,4.22||2.97,7.68,34.53,13.89,16.95,3.76||
2.86,17.93,11.88,4.46,6.00,4.93,2.89||0.00,0.00,0.00,0.03,0.04,0.04||2.91,7.66,0.76,21.51,17.58,10.14||4.58,0.80,0.67,0.18,0.40||13.62,3.99,2.65,8.57,2.56||0.00,0.00,0.49,0.59,0.00||86.97,1168.56,9306.41,72.92,51.33||5.72,2.05,4.66||1.55,4.18,16.23,8.03,10.53,1.95||
2.87,18.03,11.93,4.48,6.03,4.95,2.90||0.00,0.00,0.00,0.03,0.04,0.04||2.94,7.68,0.77,21.59,17.62,10.20||4.73,0.82,0.71,0.19,0.41||13.77,4.01,2.71,8.62,2.57||0.00,0.00,0.49,0.59,0.00||71.58,533.82,3712.19,67.35,32.37||5.44,1.96,4.48||1.46,3.95,15.13,7.63,10.07,1.83||
2.89,18.25,12.04,4.53,6.10,4.99,2.92||0.00,0.00,0.00,0.03,0.04,0.04||3.05,7.74,0.82,21.95,17.78,10.47||4.91,0.83,0.75,0.20,0.41||13.97,4.04,2.79,8.70,2.58||0.00,0.00,0.50,0.59,0.00||88.01,1225.87,9844.06,73.27,52.79||4.62,1.71,3.92||2.43,6.37,27.38,11.74,14.64,3.07||
2.91,18.45,12.15,4.58,6.15,5.03,2.95||0.00,0.00,0.00,0.04,0.04,0.04||3.08,7.75,0.83,22.03,17.81,10.53||5.09,0.85,0.79,0.20,0.42||13.92,4.03,2.77,8.68,2.58||0.00,0.00,0.50,0.59,0.00||79.29,805.63,6016.01,70.22,41.24||5.80,2.07,4.71||3.99,10.11,48.63,17.81,21.04,5.07||
2.92,18.53,12.19,4.59,6.18,5.04,2.96||0.00,0.00,0.00,0.04,0.04,0.04||3.08,7.76,0.83,22.04,17.82,10.54||5.29,0.87,0.84,0.21,0.43||14.08,4.05,2.84,8.74,2.59||0.00,0.00,0.50,0.59,0.00||55.30,189.07,1098.63,60.62,17.58||5.68,2.03,4.63||6.38,15.70,84.04,26.48,29.72,8.15||
2.94,18.70,12.28,4.63,6.23,5.08,2.98||0.00,0.00,0.00,0.04,0.04,0.04||3.08,7.76,0.83,22.04,17.82,10.54||5.41,0.88,0.87,0.21,0.44||13.94,4.03,2.78,8.69,2.58||0.00,0.00,0.50,0.59,0.00||62.55,310.31,1964.50,63.74,23.53||6.43,2.26,5.12||10.09,24.09,143.14,38.97,41.58,12.96||
2.95,18.78,12.32,4.65,6.25,5.09,2.99||0.00,0.00,0.00,0.04,0.04,0.04||3.11,7.77,0.84,22.13,17.86,10.61||5.53,0.89,0.90,0.22,0.44||14.09,4.05,2.85,8.75,2.59||0.00,0.00,0.50,0.59,0.00||36.58,35.84,156.17,51.22,6.61||4.86,1.78,4.09||19.62,44.86,310.08,68.28,67.73,25.38||
2.95,18.79,12.33,4.65,6.26,5.09,2.99||0.00,0.00,0.00,0.04,0.04,0.04||3.12,7.77,0.84,22.15,17.87,10.62||5.62,0.90,0.93,0.22,0.45||14.20,4.06,2.90,8.79,2.60||0.00,0.00,0.50,0.59,0.00||26.49,9.80,34.10,44.91,3.08||4.47,1.66,3.82||1.15,3.16,11.43,6.23,8.44,1.44||
2.98,19.00,12.43,4.70,6.32,5.13,3.01||0.00,0.00,0.00,0.04,0.04,0.04||3.23,7.84,0.89,22.50,18.02,10.90||5.72,0.91,0.95,0.23,0.45||13.97,4.04,2.79,8.70,2.58||0.00,0.00,0.50,0.59,0.00||44.91,81.85,411.46,55.69,10.75||6.44,2.26,5.13||0.31,0.92,2.47,2.05,3.21,0.38||
2.98,19.04,12.45,4.71,6.33,5.14,3.02||0.00,0.00,0.00,0.04,0.04,0.04||3.26,7.85,0.90,22.57,18.05,10.95||5.83,0.92,0.98,0.23,0.46||14.09,4.05,2.85,8.75,2.59||0.00,0.00,0.50,0.59,0.00||94.52,1633.22,13782.80,75.43,62.50||7.43,2.55,5.75||0.27,0.82,2.15,1.85,2.94,0.34||
2.98,19.05,12.46,4.71,6.33,5.14,3.02||0.00,0.00,0.00,0.04,0.04,0.04||3.26,7.85,0.90,22.59,18.06,10.96||5.94,0.93,1.01,0.23,0.46||14.12,4.05,2.86,8.76,2.59||0.00,0.00,0.50,0.59,0.00||52.58,154.37,866.03,59.39,15.61||6.06,2.15,4.88||5.15,12.86,65.55,22.11,25.40,6.57||
3.00,19.17,12.52,4.74,6.37,5.17,3.03||0.00,0.00,0.00,0.04,0.04,0.04||3.26,7.85,0.90,22.59,18.06,10.96||5.98,0.93,1.02,0.23,0.46||14.21,4.06,2.90,8.79,2.60||0.00,0.00,0.50,0.59,0.00||36.07,33.87,146.17,50.92,6.39||2.84,1.13,2.65||0.45,1.31,3.82,2.81,4.23,0.55||
3.01,19.28,12.58,4.76,6.40,5.19,3.04||0.00,0.00,0.00,0.04,0.04,0.04||3.26,7.85,0.90,22.59,18.06,10.97||6.06,0.94,1.04,0.24,0.47||14.14,4.06,2.87,8.77,2.60||0.00,0.00,0.50,0.59,0.00||66.72,402.36,2664.43,65.45,27.42||7.05,2.44,5.51||2.11,5.59,23.27,10.43,13.22,2.67||
3.01,19.30,12.59,4.77,6.41,5.19,3.05||0.00,0.00,0.00,0.04,0.04,0.04||3.26,7.85,0.90,22.59,18.06,10.97||6.07,0.94,1.04,0.24,0.47||14.13,4.06,2.86,8.76,2.60||0.00,0.00,0.50,0.59,0.00||43.77,73.79,364.31,55.11,10.11||3.97,1.50,3.47||2.83,7.34,32.67,13.34,16.37,3.58||
3.01,19.30,12.59,4.77,6.41,5.19,3.05||0.00,0.00,0.00,0.04,0.04,0.04||3.26,7.85,0.90,22.59,18.06,10.97||6.17,0.95,1.07,0.24,0.47||14.30,4.08,2.94,8.83,2.61||0.00,0.00,0.50,0.59,0.00||52.79,156.88,882.62,59.49,15.75||4.85,1.78,4.08||3.67,9.37,44.26,16.63,19.83,4.67||
3.01,19.35,12.61,4.78,6.42,5.20,3.05||0.00,0.00,0.00,0.04,0.04,0.04||3.30,7.87,0.92,22.68,18.10,11.03||6.19,0.95,1.08,0.24,0.47||14.25,4.07,2.91,8.81,2.60||0.00,0.00,0.50,0.59,0.00||22.48,5.06,15.69,41.99,2.09||5.33,1.93,4.41||2.62,6.82,29.80,12.48,15.45,3.31||
3.02,19.36,12.62,4.78,6.42,5.20,3.05||0.00,0.00,0.00,0.04,0.04,0.04||3.33,7.88,0.93,22.78,18.14,11.12||6.19,0.95,1.08,0.24,0.47||14.15,4.06,2.87,8.77,2.60||0.00,0.00,0.50,0.59,0.00||46.43,93.60,481.54,56.45,11.63||4.03,1.52,3.52||0.24,0.73,1.85,1.66,2.68,0.30||
3.03,19.44,12.66,4.80,6.45,5.22,3.06||0.00,0.00,0.00,0.04,0.04,0.04||3.37,7.90,0.95,22.90,18.19,11.20||6.28,0.96,1.10,0.25,0.47||14.30,4.08,2.94,8.83,2.61||0.00,0.00,0.50,0.59,0.00||70.81,511.04,3527.10,67.05,31.56||6.26,2.21,5.01||2.46,6.44,27.75,11.85,14.77,3.11||
3.04,19.54,12.71,4.82,6.48,5.24,3.07||0.00,0.00,0.00,0.04,0.04,0.04||3.44,7.94,0.98,23.10,18.28,11.36||6.30,0.96,1.11,0.25,0.48||14.25,4.07,2.91,8.81,2.60||0.00,0.00,0.50,0.59,0.00||60.61,273.45,1693.68,62.93,21.84||5.56,2.00,4.56||55.35,118.28,1035.17,163.74,144.92,72.42||
3.04,19.56,12.72,4.83,6.48,5.24,3.08||0.00,0.00,0.00,0.04,0.04,0.04||3.45,7.95,0.98,23.14,18.30,11.40||6.31,0.96,1.11,0.25,0.48||14.15,4.06,2.87,8.77,2.60||0.00,0.00,0.50,0.59,0.00||69.96,486.80,3331.63,66.72,30.67||8.87,2.97,6.63||3.35,8.61,39.81,15.40,18.54,4.26||
3.04,19.57,12.72,4.83,6.49,5.24,3.08||0.00,0.00,0.00,0.04,0.04,0.04||3.46,7.95,0.98,23.15,18.30,11.40||6.31,0.96,1.11,0.25,0.48||14.30,4.08,2.94,8.83,2.61||0.00,0.00,0.50,0.59,0.00||59.97,261.90,1610.12,62.66,21.30||7.13,2.47,5.56||35.13,77.34,610.38,111.61,103.84,45.74||
3.04,19.57,12.72,4.83,6.49,5.24,3.08||0.00,0.00,0.00,0.04,0.04,0.04||3.46,7.95,0.98,23.15,18.30,11.40||6.40,0.97,1.13,0.25,0.48||14.25,4.07,2.91,8.81,2.60||0.00,0.00,0.50,0.59,0.00||74.24,618.23,4409.88,68.36,35.29||6.41,2.25,5.11||15.56,36.12,236.84,56.15,57.14,20.08||
3.04,19.57,12.72,4.83,6.49,5.24,3.08||0.00,0.00,0.00,0.04,0.04,0.04||3.46,7.95,0.98,23.15,18.30,11.40||6.42,0.97,1.14,0.25,0.48||14.23,4.07,2.91,8.80,2.60||0.00,0.00,0.50,0.59,0.00||70.88,513.06,3543.47,67.08,31.63||6.76,2.36,5.33||9.70,23.22,136.73,37.69,40.40,12.45||
3.04,19.57,12.72,4.83,6.49,5.24,3.08||0.00,0.00,0.00,0.04,0.04,0.04||3.46,7.95,0.98,23.15,18.30,11.40||6.42,0.97,1.14,0.25,0.48||14.15,4.06,2.87,8.77,2.60||0.00,0.00,0.50,0.59,0.00||97.96,1885.49,16312.32,76.54,68.01||6.17,2.18,4.95||1.83,4.89,19.72,9.25,11.90,2.31||
3.04,19.57,12.72,4.83,6.49,5.24,3.08||0.00,0.00,0.00,0.04,0.04,0.04||3.46,7.95,0.98,23.15,18.30,11.40||6.44,0.97,1.15,0.25,0.48||14.30,4.08,2.94,8.83,2.61||0.00,0.00,0.50,0.59,0.00||66.60,399.29,2640.63,65.40,27.29||6.15,2.18,4.94||6.89,16.87,91.91,28.26,31.44,8.81||
3.05,19.69,12.79,4.85,6.52,5.27,3.09||0.00,0.00,0.00,0.04,0.04,0.04||3.46,7.95,0.98,23.15,18.30,11.40||6.53,0.98,1.17,0.25,0.48||14.33,4.08,2.95,8.84,2.61||0.00,0.00,0.50,0.59,0.00||32.25,21.60,86.22,48.65,4.91||5.33,1.93,4.41||9.07,21.81,126.44,35.61,38.45,11.63||
3.06,19.76,12.82,4.87,6.54,5.28,3.10||0.00,0.00,0.00,0.04,0.04,0.04||3.46,7.95,0.98,23.15,18.30,11.40||6.54,0.98,1.17,0.25,0.48||14.08,4.05,2.84,8.74,2.59||0.00,0.00,0.50,0.59,0.00||47.53,102.81,537.63,56.99,12.29||4.67,1.72,3.96||1.00,2.77,9.71,5.53,7.61,1.25||
3.06,19.73,12.81,4.86,6.53,5.28,3.10||0.00,0.00,0.00,0.04,0.04,0.04||3.46,7.95,0.98,23.15,18.30,11.40||6.55,0.98,1.17,0.25,0.48||14.29,4.07,2.93,8.82,2.61||0.00,0.00,0.50,0.59,0.00||30.68,17.67,68.14,47.67,4.36||4.24,1.59,3.66||0.65,1.86,5.91,3.86,5.57,0.81||
3.07,19.81,12.85,4.88,6.56,5.29,3.10||0.00,0.00,0.00,0.04,0.04,0.04||3.46,7.95,0.98,23.15,18.30,11.40||6.55,0.98,1.17,0.25,0.48||14.16,4.06,2.88,8.77,2.60||0.00,0.00,0.50,0.59,0.00||26.30,9.52,32.97,44.78,3.03||4.04,1.52,3.52||0.29,0.88,2.34,1.97,3.10,0.36||
3.07,19.83,12.86,4.88,6.56,5.29,3.11||0.00,0.00,0.00,0.04,0.04,0.04||3.46,7.95,0.98,23.15,18.30,11.40||6.55,0.98,1.17,0.25,0.48||14.13,4.06,2.86,8.76,2.60||0.00,0.00,0.50,0.59,0.00||48.58,112.26,596.02,57.50,12.94||5.40,1.95,4.45||0.89,2.48,8.48,5.01,6.99,1.11||
3.07,19.83,12.86,4.89,6.56,5.29,3.11||0.00,0.00,0.00,0.04,0.04,0.04||3.46,7.95,0.98,23.15,18.30,11.40||6.55,0.98,1.17,0.25,0.48||14.13,4.05,2.86,8.76,2.60||0.00,0.00,0.50,0.59,0.00||57.12,215.37,1279.98,61.43,18.98||5.62,2.02,4.59||6.23,15.36,81.76,25.96,29.20,7.96||
3.07,19.83,12.86,4.89,6.56,5.29,3.11||0.00,0.00,0.00,0.04,0.04,0.04||3.49,7.96,1.00,23.24,18.34,11.48||6.64,0.99,1.20,0.26,0.49||14.04,4.04,2.82,8.73,2.59||0.00,0.00,0.50,0.59,0.00||62.81,315.44,2002.65,63.85,23.76||8.04,2.73,6.13||4.86,12.17,61.21,21.04,24.33,6.19||
3.07,19.83,12.86,4.89,6.56,5.29,3.11||0.00,0.00,0.00,0.04,0.04,0.04||3.46,7.95,0.99,23.17,18.31,11.42||6.66,0.99,1.21,0.26,0.49||14.28,4.07,2.93,8.82,2.61||0.00,0.00,0.50,0.59,0.00||53.84,169.81,968.49,59.97,16.51||7.07,2.45,5.53||6.77,16.58,89.95,27.82,31.02,8.65||
3.07,19.83,12.86,4.89,6.56,5.29,3.11||0.00,0.00,0.00,0.04,0.04,0.04||3.46,7.95,0.98,23.15,18.30,11.41||6.67,0.99,1.21,0.26,0.49||14.15,4.06,2.87,8.77,2.60||0.00,0.00,0.50,0.59,0.00||64.49,350.80,2268.52,64.54,25.29||5.87,2.09,4.76||20.79,47.35,331.64,71.69,70.66,26.91||
3.07,19.87,12.88,4.90,6.58,5.30,3.11||0.00,0.00,0.00,0.04,0.04,0.04||3.49,7.96,1.00,23.24,18.34,11.48||6.67,0.99,1.21,0.26,0.49||14.13,4.06,2.86,8.76,2.60||0.00,0.00,0.50,0.59,0.00||90.54,1373.81,11251.77,74.12,56.45||5.76,2.06,4.69||6.89,16.87,91.90,28.25,31.44,8.81||
3.07,19.84,12.86,4.89,6.57,5.30,3.11||0.00,0.00,0.00,0.04,0.04,0.04||3.56,8.00,1.03,23.44,18.43,11.63||6.67,0.99,1.21,0.26,0.49||14.13,4.05,2.86,8.76,2.60||0.00,0.00,0.50,0.59,0.00||89.31,1300.25,10548.28,73.71,54.65||7.27,2.51,5.65||2.27,5.96,25.22,11.06,13.90,2.86||
3.08,19.96,12.92,4.91,6.60,5.32,3.12||0.00,0.00,0.00,0.04,0.04,0.04||3.64,8.03,1.06,23.66,18.52,11.81||6.67,0.99,1.21,0.26,0.49||14.30,4.08,2.94,8.83,2.61||0.00,0.00,0.50,0.59,0.00||59.82,259.30,1591.33,62.59,21.17||4.83,1.77,4.06||4.89,12.24,61.65,21.15,24.44,6.23||
3.08,19.94,12.92,4.91,6.60,5.32,3.12||0.00,0.00,0.00,0.04,0.04,0.04||3.63,8.03,1.06,23.62,18.50,11.78||6.67,0.99,1.21,0.26,0.49||14.16,4.06,2.88,8.77,2.60||0.00,0.00,0.50,0.59,0.00||71.87,542.48,3782.95,67.46,32.68||7.11,2.46,5.55||2.79,7.24,32.10,13.17,16.19,3.53||
3.09,20.03,12.96,4.93,6.62,5.33,3.13||0.00,0.00,0.00,0.04,0.04,0.04||3.66,8.04,1.07,23.70,18.54,11.84||6.77,1.00,1.24,0.26,0.49||14.04,4.05,2.83,8.73,2.59||0.00,0.00,0.50,0.59,0.00||79.66,820.73,6148.52,70.35,41.70||6.00,2.13,4.84||4.64,11.67,58.08,20.25,23.54,5.91||
3.10,20.09,12.99,4.94,6.64,5.34,3.14||0.00,0.00,0.00,0.04,0.04,0.04||3.66,8.04,1.07,23.72,18.55,11.86||6.79,1.00,1.24,0.26,0.49||14.11,4.05,2.85,8.75,2.59||0.00,0.00,0.50,0.59,0.00||103.52,2354.96,21173.21,78.28,77.51||8.07,2.74,6.15||1.86,4.96,20.07,9.37,12.04,2.35||
3.10,20.10,12.99,4.94,6.64,5.34,3.14||0.00,0.00,0.00,0.04,0.04,0.04||3.66,8.04,1.07,23.72,18.55,11.86||6.79,1.00,1.24,0.26,0.49||14.12,4.05,2.86,8.76,2.59||0.00,0.00,0.50,0.59,0.00||52.06,148.28,826.10,59.15,15.24||7.34,2.53,5.69||10.38,24.75,148.03,39.93,42.48,13.34||
3.10,20.10,12.99,4.95,6.64,5.35,3.14||0.00,0.00,0.00,0.04,0.04,0.04||3.66,8.04,1.07,23.72,18.55,11.86||6.79,1.00,1.24,0.26,0.49||14.12,4.05,2.86,8.76,2.59||0.00,0.00,0.50,0.59,0.00||42.45,65.23,315.28,54.42,9.40||8.60,2.89,6.47||9.40,22.55,131.85,36.71,39.48,12.06||
3.10,20.10,12.99,4.95,6.64,5.35,3.14||0.00,0.00,0.00,0.04,0.04,0.04||3.66,8.04,1.07,23.72,18.55,11.86||6.79,1.00,1.24,0.26,0.49||14.04,4.04,2.82,8.73,2.59||0.00,0.00,0.50,0.59,0.00||87.81,1214.50,9737.04,73.20,52.50||7.77,2.65,5.96||3.85,9.78,46.68,17.28,20.50,4.89||
3.10,20.10,12.99,4.95,6.64,5.35,3.14||0.00,0.00,0.00,0.04,0.04,0.04||3.66,8.04,1.07,23.72,18.55,11.86||6.81,1.00,1.25,0.26,0.50||14.11,4.05,2.85,8.75,2.59||0.00,0.00,0.50,0.59,0.00||80.01,835.21,6275.94,70.48,42.13||6.53,2.29,5.19||1.96,5.22,21.34,9.80,12.51,2.48||
3.10,20.10,12.99,4.95,6.64,5.35,3.14||0.00,0.00,0.00,0.04,0.04,0.04||3.66,8.04,1.07,23.72,18.55,11.86||6.86,1.00,1.26,0.27,0.50||14.29,4.07,2.93,8.83,2.61||0.00,0.00,0.50,0.59,0.00||75.05,645.86,4641.97,68.66,36.21||6.99,2.43,5.47||20.28,46.29,322.36,70.23,69.41,26.25||
3.10,20.10,12.99,4.95,6.64,5.35,3.14||0.00,0.00,0.00,0.04,0.04,0.04||3.66,8.04,1.07,23.72,18.55,11.86||6.91,1.01,1.28,0.27,0.50||14.16,4.06,2.88,8.77,2.60||0.00,0.00,0.50,0.59,0.00||112.45,3284.39,31279.67,80.97,94.26||6.88,2.39,5.40||4.19,10.60,51.57,18.58,21.83,5.33||
3.10,20.10,12.99,4.95,6.64,5.35,3.14||0.00,0.00,0.00,0.04,0.04,0.04||3.66,8.04,1.07,23.72,18.55,11.86||6.92,1.01,1.28,0.27,0.50||14.13,4.06,2.86,8.76,2.60||0.00,0.00,0.50,0.59,0.00||54.52,178.59,1027.52,60.27,17.00||8.78,2.95,6.58||7.39,18.01,99.70,29.97,33.10,9.46||
3.10,20.10,12.99,4.95,6.64,5.35,3.14||0.00,0.00,0.00,0.04,0.04,0.04||3.66,8.04,1.07,23.72,18.55,11.86||6.92,1.01,1.28,0.27,0.50||14.21,4.07,2.90,8.79,2.60||0.00,0.00,0.50,0.59,0.00||76.35,692.11,5034.21,69.15,37.72||8.13,2.76,6.19||1.08,2.99,10.70,5.94,8.09,1.36||
3.10,20.10,12.99,4.95,6.64,5.35,3.14||0.00,0.00,0.00,0.04,0.04,0.04||3.66,8.04,1.07,23.72,18.55,11.86||6.92,1.01,1.28,0.27,0.50||14.23,4.07,2.91,8.80,2.60||0.00,0.00,0.50,0.59,0.00||83.62,997.75,7731.63,71.76,46.77||7.22,2.49,5.62||2.85,7.38,32.88,13.40,16.44,3.60||
3.10,20.10,12.99,4.95,6.64,5.35,3.14||0.00,0.00,0.00,0.04,0.04,0.04||3.66,8.04,1.07,23.72,18.55,11.86||6.92,1.01,1.28,0.27,0.50||14.32,4.08,2.95,8.83,2.61||0.00,0.00,0.50,0.59,0.00||64.04,341.23,2196.11,64.36,24.88||6.51,2.28,5.17||11.27,26.71,162.72,42.77,45.09,14.49||
3.10,20.14,13.02,4.95,6.66,5.35,3.14||0.00,0.00,0.00,0.04,0.04,0.04||3.70,8.06,1.09,23.81,18.59,11.93||6.92,1.01,1.28,0.27,0.50||14.25,4.07,2.92,8.81,2.60||0.00,0.00,0.50,0.59,0.00||90.05,1344.01,10965.95,73.96,55.73||6.91,2.40,5.43||8.61,20.78,119.10,34.10,37.03,11.04||
3.10,20.15,13.02,4.96,6.66,5.36,3.14||0.00,0.00,0.00,0.04,0.04,0.04||3.74,8.08,1.10,23.92,18.63,12.02||6.92,1.01,1.28,0.27,0.50||14.15,4.06,2.87,8.77,2.60||0.00,0.00,0.50,0.59,0.00||99.61,2016.48,17649.50,77.06,70.75||8.58,2.89,6.46||2.71,7.05,31.08,12.87,15.86,3.43||
3.10,20.11,13.00,4.95,6.65,5.35,3.14||0.00,0.00,0.00,0.04,0.04,0.04||3.75,8.08,1.11,23.95,18.64,12.04||6.92,1.01,1.28,0.27,0.50||14.30,4.08,2.94,8.83,2.61||0.00,0.00,0.50,0.59,0.00||107.63,2753.71,25437.69,79.54,84.98||5.99,2.13,4.83||2.44,6.39,27.49,11.77,14.68,3.08||
3.10,20.15,13.02,4.96,6.66,5.35,3.14||0.00,0.00,0.00,0.04,0.04,0.04||3.78,8.10,1.12,24.05,18.69,12.12||6.92,1.01,1.28,0.27,0.50||14.33,4.08,2.95,8.84,2.61||0.00,0.00,0.50,0.59,0.00||38.69,44.94,203.66,52.41,7.55||4.80,1.76,4.05||5.48,13.61,70.35,23.27,26.56,6.99||
3.12,20.33,13.11,5.00,6.71,5.39,3.16||0.00,0.00,0.00,0.04,0.04,0.04||3.83,8.12,1.14,24.16,18.73,12.21||6.92,1.01,1.28,0.27,0.50||14.25,4.07,2.92,8.81,2.60||0.00,0.00,0.50,0.59,0.00||61.60,291.80,1827.81,63.35,22.69||6.80,2.37,5.35||25.49,57.31,420.43,85.16,82.07,33.08||
3.12,20.28,13.08,4.98,6.69,5.38,3.16||0.00,0.00,0.00,0.04,0.04,0.04||3.87,8.14,1.16,24.28,18.78,12.31||7.00,1.02,1.30,0.27,0.50||14.24,4.07,2.91,8.80,2.60||0.00,0.00,0.50,0.59,0.00||86.00,1116.65,8823.32,72.58,49.97||7.26,2.51,5.64||40.19,87.70,713.67,125.02,114.61,52.41||
3.12,20.31,13.10,4.99,6.70,5.38,3.16||0.00,0.00,0.00,0.04,0.04,0.04||3.88,8.14,1.17,24.30,18.79,12.33||7.00,1.02,1.30,0.27,0.50||14.23,4.07,2.91,8.80,2.60||0.00,0.00,0.50,0.60,0.00||83.74,1003.33,7782.39,71.80,46.92||4.57,1.69,3.89||0.43,1.25,3.63,2.71,4.09,0.53||
3.11,20.23,13.06,4.97,6.68,5.37,3.15||0.00,0.00,0.00,0.04,0.04,0.04||3.88,8.14,1.17,24.31,18.80,12.33||6.94,1.01,1.28,0.27,0.50||14.32,4.08,2.95,8.84,2.61||0.00,0.00,0.50,0.59,0.00||33.28,24.50,99.97,49.28,5.29||4.53,1.68,3.86||0.32,0.96,2.59,2.12,3.31,0.40||
3.10,20.13,13.01,4.95,6.65,5.35,3.14||0.00,0.00,0.00,0.04,0.04,0.04||3.88,8.14,1.17,24.31,18.80,12.33||6.88,1.01,1.27,0.27,0.50||14.25,4.07,2.91,8.81,2.60||0.00,0.00,0.50,0.59,0.00||63.12,321.79,2050.02,63.98,24.04||7.72,2.64,5.93||2.91,7.55,33.81,13.68,16.73,3.69||
3.10,20.11,13.00,4.95,6.64,5.35,3.14||0.00,0.00,0.00,0.04,0.04,0.04||3.84,8.13,1.15,24.21,18.76,12.26||6.81,1.00,1.25,0.26,0.50||14.24,4.07,2.91,8.80,2.60||0.00,0.00,0.50,0.59,0.00||91.43,1428.63,11780.18,74.42,57.77||7.96,2.71,6.08||2.28,5.99,25.37,11.10,13.96,2.88||
3.10,20.10,13.00,4.95,6.64,5.35,3.14||0.00,0.00,0.00,0.04,0.04,0.04||3.87,8.14,1.16,24.29,18.79,12.32||6.70,0.99,1.22,0.26,0.49||14.06,4.05,2.83,8.74,2.59||0.00,0.00,0.50,0.59,0.00||85.07,1069.20,8385.11,72.26,48.71||7.83,2.67,6.00||3.72,9.49,44.94,16.81,20.02,4.73||
3.10,20.10,13.00,4.95,6.64,5.35,3.14||0.00,0.00,0.00,0.04,0.04,0.04||3.84,8.13,1.15,24.21,18.75,12.25||6.65,0.99,1.20,0.26,0.49||14.20,4.06,2.89,8.79,2.60||0.00,0.00,0.50,0.59,0.00||70.44,500.54,3442.25,66.91,31.17||7.75,2.65,5.95||4.49,11.31,55.91,19.70,22.98,5.72||
3.10,20.10,12.99,4.95,6.64,5.35,3.14||0.00,0.00,0.00,0.04,0.04,0.04||3.77,8.09,1.12,24.00,18.67,12.09||6.57,0.98,1.18,0.26,0.49||14.31,4.08,2.94,8.83,2.61||0.00,0.00,0.50,0.60,0.00||61.79,295.37,1854.06,63.43,22.86||6.48,2.28,5.15||1.60,4.31,16.84,8.25,10.77,2.01||
3.08,19.93,12.91,4.91,6.59,5.31,3.12||0.00,0.00,0.00,0.04,0.04,0.04||3.68,8.05,1.08,23.78,18.57,11.90||6.45,0.97,1.15,0.25,0.48||14.25,4.07,2.91,8.81,2.60||0.00,0.00,0.50,0.59,0.00||25.37,8.22,27.77,44.12,2.78||4.45,1.65,3.80||3.74,9.54,45.21,16.89,20.09,4.76||
3.07,19.85,12.87,4.89,6.57,5.30,3.11||0.00,0.00,0.00,0.04,0.04,0.04||3.67,8.05,1.07,23.73,18.55,11.87||6.43,0.97,1.14,0.25,0.48||14.24,4.07,2.91,8.80,2.60||0.00,0.00,0.50,0.59,0.00||20.72,3.64,10.69,40.62,1.72||4.98,1.82,4.17||0.67,1.90,6.09,3.94,5.67,0.83||
3.07,19.84,12.86,4.89,6.57,5.29,3.11||0.00,0.00,0.00,0.04,0.04,0.04||3.66,8.04,1.07,23.72,18.55,11.86||6.33,0.96,1.11,0.25,0.48||14.23,4.07,2.91,8.80,2.60||0.00,0.00,0.50,0.59,0.00||54.39,176.87,1015.94,60.21,16.91||6.32,2.23,5.05||1.52,4.10,15.82,7.88,10.36,1.91||
3.07,19.83,12.86,4.89,6.56,5.29,3.11||0.00,0.00,0.00,0.04,0.04,0.04||3.66,8.04,1.07,23.72,18.55,11.86||6.31,0.96,1.11,0.25,0.48||14.06,4.05,2.83,8.74,2.59||0.00,0.00,0.50,0.59,0.00||48.64,112.79,599.33,57.53,12.98||8.45,2.85,6.38||6.27,15.45,82.36,26.09,29.34,8.01||
3.07,19.83,12.86,4.89,6.56,5.29,3.11||0.00,0.00,0.00,0.04,0.04,0.04||3.66,8.04,1.07,23.72,18.55,11.86||6.22,0.95,1.08,0.24,0.47||14.28,4.07,2.93,8.82,2.61||0.00,0.00,0.50,0.59,0.00||47.40,101.70,530.83,56.93,12.21||4.59,1.70,3.90||5.42,13.48,69.53,23.08,26.37,6.91||
3.07,19.83,12.86,4.89,6.56,5.29,3.11||0.00,0.00,0.00,0.04,0.04,0.04||3.66,8.04,1.07,23.72,18.55,11.86||6.20,0.95,1.08,0.24,0.47||14.16,4.06,2.87,8.77,2.60||0.00,0.00,0.50,0.59,0.00||42.55,65.89,319.02,54.48,9.46||4.01,1.51,3.50||0.87,2.44,8.30,4.94,6.89,1.09||
3.07,19.83,12.86,4.89,6.56,5.29,3.11||0.00,0.00,0.00,0.04,0.04,0.04||3.66,8.04,1.07,23.72,18.55,11.86||6.10,0.94,1.05,0.24,0.47||14.04,4.05,2.83,8.73,2.59||0.00,0.00,0.50,0.59,0.00||43.98,75.22,372.65,55.21,10.22||4.83,1.77,4.06||2.77,7.20,31.86,13.10,16.11,3.51||
3.06,19.79,12.84,4.88,6.55,5.29,3.10||0.00,0.00,0.00,0.04,0.04,0.04||3.66,8.04,1.07,23.72,18.55,11.86||6.08,0.94,1.05,0.24,0.47||14.02,4.04,2.82,8.72,2.59||0.00,0.00,0.50,0.59,0.00||71.35,527.00,3656.63,67.26,32.13||6.88,2.39,5.40||3.65,9.32,43.95,16.54,19.74,4.64||
3.06,19.74,12.81,4.86,6.54,5.28,3.10||0.00,0.00,0.00,0.04,0.04,0.04||3.66,8.04,1.07,23.72,18.55,11.86||6.04,0.94,1.04,0.24,0.46||14.10,4.05,2.85,8.75,2.59||0.00,0.00,0.50,0.59,0.00||77.07,718.64,5261.38,69.41,38.56||4.89,1.79,4.11||0.36,1.07,2.98,2.35,3.61,0.45||
3.04,19.60,12.74,4.83,6.50,5.25,3.08||0.00,0.00,0.00,0.04,0.04,0.04||3.66,8.04,1.07,23.72,18.55,11.86||5.98,0.93,1.02,0.23,0.46||13.95,4.03,2.79,8.69,2.58||0.00,0.00,0.50,0.59,0.00||28.61,13.35,49.02,46.34,3.70||5.47,1.97,4.49||2.66,6.94,30.43,12.67,15.65,3.37||
3.04,19.57,12.73,4.83,6.49,5.24,3.08||0.00,0.00,0.00,0.04,0.04,0.04||3.66,8.04,1.07,23.72,18.55,11.86||5.97,0.93,1.02,0.23,0.46||14.09,4.05,2.85,8.75,2.59||0.00,0.00,0.50,0.59,0.00||30.35,16.92,64.73,47.46,4.25||4.45,1.65,3.81||0.59,1.69,5.27,3.55,5.17,0.73||
3.04,19.57,12.72,4.83,6.49,5.24,3.08||0.00,0.00,0.00,0.04,0.04,0.04||3.66,8.04,1.07,23.72,18.55,11.86||5.88,0.92,0.99,0.23,0.46||14.20,4.06,2.90,8.79,2.60||0.00,0.00,0.50,0.59,0.00||53.83,169.61,967.20,59.96,16.49||4.53,1.68,3.86||0.28,0.85,2.24,1.91,3.02,0.35||
3.04,19.57,12.72,4.83,6.49,5.24,3.08||0.00,0.00,0.00,0.04,0.04,0.04||3.66,8.04,1.07,23.72,18.55,11.86||5.86,0.92,0.99,0.23,0.46||14.23,4.07,2.91,8.80,2.60||0.00,0.00,0.50,0.59,0.00||31.13,18.74,72.97,47.96,4.51||5.70,2.04,4.65||4.48,11.29,55.77,19.67,22.94,5.71||
3.04,19.57,12.72,4.83,6.49,5.24,3.08||0.00,0.00,0.00,0.04,0.04,0.04||3.66,8.04,1.07,23.72,18.55,11.86||5.82,0.92,0.98,0.23,0.46||14.23,4.07,2.91,8.80,2.60||0.00,0.00,0.50,0.59,0.00||62.18,302.90,1909.62,63.59,23.20||4.94,1.81,4.14||4.24,10.71,52.20,18.74,22.00,5.39||
3.04,19.57,12.72,4.83,6.49,5.24,3.08||0.00,0.00,0.00,0.04,0.04,0.04||3.66,8.04,1.07,23.72,18.55,11.86||5.76,0.91,0.96,0.23,0.45||14.06,4.05,2.83,8.74,2.59||0.00,0.00,0.50,0.59,0.00||67.72,427.18,2858.23,65.84,28.40||5.87,2.09,4.76||4.43,11.17,55.00,19.47,22.74,5.64||
3.03,19.52,12.70,4.82,6.47,5.24,3.07||0.00,0.00,0.00,0.04,0.04,0.04||3.66,8.04,1.07,23.72,18.55,11.86||5.75,0.91,0.96,0.23,0.45||14.11,4.05,2.86,8.76,2.59||0.00,0.00,0.50,0.59,0.00||41.12,57.43,271.54,53.72,8.72||4.21,1.58,3.64||25.75,57.84,425.33,85.88,82.68,33.41||
3.02,19.39,12.63,4.79,6.43,5.21,3.06||0.00,0.00,0.00,0.04,0.04,0.04||3.66,8.04,1.07,23.72,18.55,11.86||5.71,0.91,0.95,0.23,0.45||14.03,4.04,2.82,8.73,2.59||0.00,0.00,0.50,0.59,0.00||62.59,311.12,1970.54,63.76,23.57||7.00,2.43,5.48||3.59,9.18,43.09,16.31,19.49,4.56||
3.02,19.36,12.62,4.78,6.43,5.20,3.05||0.00,0.00,0.00,0.04,0.04,0.04||3.66,8.04,1.07,23.72,18.55,11.86||5.66,0.90,0.94,0.22,0.45||13.93,4.03,2.78,8.69,2.58||0.00,0.00,0.50,0.59,0.00||30.00,16.14,61.25,47.24,4.13||4.75,1.75,4.01||0.66,1.88,6.02,3.91,5.63,0.82||
3.02,19.36,12.62,4.78,6.42,5.20,3.05||0.00,0.00,0.00,0.04,0.04,0.04||3.63,8.03,1.06,23.63,18.51,11.79||5.65,0.90,0.93,0.22,0.45||13.83,4.02,2.74,8.65,2.57||0.00,0.00,0.50,0.59,0.00||47.16,99.66,518.30,56.81,12.06||6.84,2.38,5.38||12.20,28.77,178.48,45.73,47.80,15.70||
3.01,19.32,12.60,4.77,6.41,5.20,3.05||0.00,0.00,0.00,0.04,0.04,0.04||3.59,8.01,1.04,23.52,18.46,11.70||5.64,0.90,0.93,0.22,0.45||13.81,4.02,2.73,8.64,2.57||0.00,0.00,0.50,0.59,0.00||32.94,23.52,95.29,49.08,5.16||5.81,2.07,4.72||1.16,3.20,11.64,6.31,8.54,1.46||
3.01,19.31,12.59,4.77,6.41,5.19,3.05||0.00,0.00,0.00,0.04,0.04,0.04||3.58,8.01,1.04,23.50,18.45,11.68||5.56,0.89,0.91,0.22,0.44||14.06,4.05,2.83,8.74,2.59||0.00,0.00,0.50,0.59,0.00||39.64,49.56,228.39,52.93,8.00||5.53,1.99,4.53||3.00,7.75,34.91,14.00,17.07,3.80||
3.01,19.31,12.59,4.77,6.41,5.19,3.05||0.00,0.00,0.00,0.04,0.04,0.04||3.52,7.97,1.01,23.31,18.37,11.53||5.54,0.89,0.91,0.22,0.44||13.94,4.03,2.78,8.69,2.58||0.00,0.00,0.50,0.59,0.00||64.39,348.71,2252.63,64.50,25.20||5.75,2.06,4.68||0.31,0.94,2.54,2.09,3.26,0.39||
3.01,19.31,12.59,4.77,6.41,5.19,3.05||0.00,0.00,0.00,0.04,0.04,0.04||3.50,7.97,1.00,23.27,18.36,11.50||5.54,0.89,0.91,0.22,0.44||14.00,4.04,2.81,8.71,2.59||0.00,0.00,0.50,0.59,0.00||93.93,1592.21,13377.71,75.24,61.57||5.95,2.12,4.81||1.05,2.90,10.27,5.76,7.89,1.31||
3.01,19.31,12.59,4.77,6.41,5.19,3.05||0.00,0.00,0.00,0.04,0.04,0.04||3.50,7.97,1.00,23.26,18.35,11.49||5.52,0.89,0.90,0.22,0.44||13.76,4.01,2.71,8.62,2.57||0.00,0.00,0.50,0.59,0.00||50.89,135.34,742.21,58.60,14.44||6.48,2.27,5.15||5.06,12.65,64.22,21.79,25.08,6.45||
3.01,19.31,12.59,4.77,6.41,5.19,3.05||0.00,0.00,0.00,0.04,0.04,0.04||3.47,7.95,0.99,23.17,18.31,11.42||5.45,0.88,0.88,0.22,0.44||13.96,4.04,2.79,8.70,2.58||0.00,0.00,0.50,0.59,0.00||24.29,6.91,22.65,43.35,2.51||3.95,1.49,3.46||10.60,25.23,151.60,40.63,43.12,13.62||
3.01,19.31,12.59,4.77,6.41,5.19,3.05||0.00,0.00,0.00,0.03,0.04,0.04||3.46,7.95,0.98,23.15,18.30,11.41||5.44,0.88,0.88,0.22,0.44||14.01,4.04,2.81,8.71,2.59||0.00,0.00,0.50,0.59,0.00||51.75,144.77,803.20,59.00,15.03||5.43,1.96,4.47||7.47,18.19,100.88,30.23,33.35,9.56||
3.00,19.18,12.53,4.74,6.37,5.17,3.03||0.00,0.00,0.00,0.04,0.04,0.04||3.46,7.95,0.98,23.15,18.30,11.40||5.44,0.88,0.88,0.22,0.44||14.01,4.04,2.81,8.72,2.59||0.00,0.00,0.50,0.59,0.00||55.75,195.34,1141.49,60.82,17.92||5.25,1.90,4.35||2.11,5.58,23.20,10.41,13.19,2.66||
3.00,19.20,12.53,4.74,6.38,5.17,3.03||0.00,0.00,0.00,0.03,0.04,0.04||3.46,7.95,0.98,23.15,18.30,11.40||5.44,0.88,0.88,0.22,0.44||13.93,4.03,2.78,8.69,2.58||0.00,0.00,0.50,0.59,0.00||37.38,39.12,173.08,51.67,6.96||4.71,1.73,3.98||0.97,2.70,9.40,5.40,7.46,1.21||
2.99,19.12,12.49,4.73,6.35,5.16,3.03||0.00,0.00,0.00,0.03,0.04,0.04||3.46,7.95,0.98,23.15,18.30,11.40||5.36,0.88,0.86,0.21,0.44||13.83,4.02,2.74,8.65,2.57||0.00,0.00,0.50,0.59,0.00||42.09,63.04,302.89,54.23,9.22||7.07,2.45,5.52||3.10,8.00,36.35,14.42,17.51,3.93||
2.99,19.10,12.49,4.72,6.35,5.15,3.02||0.00,0.00,0.00,0.03,0.04,0.04||3.46,7.95,0.98,23.15,18.30,11.40||5.34,0.87,0.86,0.21,0.43||13.72,4.01,2.69,8.61,2.57||0.00,0.00,0.50,0.59,0.00||37.53,39.77,176.44,51.76,7.03||4.85,1.78,4.08||0.49,1.43,4.27,3.05,4.54,0.61||
2.98,19.06,12.46,4.71,6.34,5.15,3.02||0.00,0.00,0.00,0.03,0.04,0.04||3.46,7.95,0.98,23.15,18.30,11.40||5.34,0.87,0.85,0.21,0.43||13.87,4.02,2.75,8.66,2.58||0.00,0.00,0.50,0.59,0.00||18.69,2.41,6.57,38.95,1.35||3.25,1.26,2.95||1.11,3.05,10.97,6.04,8.22,1.39||
2.98,19.05,12.46,4.71,6.33,5.14,3.02||0.00,0.00,0.00,0.03,0.04,0.04||3.46,7.95,0.98,23.15,18.30,11.40||5.34,0.87,0.85,0.21,0.43||13.90,4.03,2.77,8.67,2.58||0.00,0.00,0.50,0.59,0.00||43.76,73.73,363.97,55.10,10.10||7.20,2.49,5.61||15.50,35.99,235.73,55.96,56.97,20.00||
2.98,19.05,12.46,4.71,6.33,5.14,3.02||0.00,0.00,0.00,0.03,0.04,0.04||3.46,7.95,0.98,23.15,18.30,11.40||5.32,0.87,0.85,0.21,0.43||13.99,4.04,2.81,8.71,2.59||0.00,0.00,0.50,0.59,0.00||16.81,1.57,3.99,37.30,1.05||4.88,1.79,4.10||0.95,2.65,9.18,5.31,7.35,1.19||
2.98,19.05,12.46,4.71,6.33,5.14,3.02||0.00,0.00,0.00,0.03,0.04,0.04||3.46,7.95,0.98,23.15,18.30,11.40||5.27,0.87,0.84,0.21,0.43||13.84,4.02,2.74,8.65,2.57||0.00,0.00,0.50,0.59,0.00||23.85,6.42,20.77,43.02,2.40||6.95,2.42,5.45||0.92,2.58,8.89,5.19,7.20,1.16||
2.98,19.05,12.46,4.71,6.33,5.14,3.02||0.00,0.00,0.00,0.03,0.04,0.04||3.46,7.95,0.98,23.15,18.30,11.40||5.24,0.87,0.83,0.21,0.43||13.89,4.03,2.76,8.67,2.58||0.00,0.00,0.50,0.59,0.00||49.34,119.47,641.14,57.87,13.42||4.42,1.64,3.78||0.70,1.99,6.45,4.11,5.88,0.87||
2.98,19.05,12.46,4.71,6.33,5.14,3.02||0.00,0.00,0.00,0.03,0.04,0.04||3.46,7.95,0.98,23.15,18.30,11.40||5.24,0.86,0.83,0.21,0.43||13.99,4.04,2.80,8.71,2.59||0.00,0.00,0.50,0.59,0.00||27.25,10.98,38.97,45.43,3.30||3.35,1.30,3.03||0.69,1.95,6.29,4.04,5.79,0.86||
2.98,19.05,12.46,4.71,6.33,5.14,3.02||0.00,0.00,0.00,0.03,0.04,0.04||3.46,7.95,0.98,23.15,18.30,11.40||5.24,0.86,0.83,0.21,0.43||14.01,4.04,2.81,8.72,2.59||0.00,0.00,0.50,0.59,0.00||67.61,424.22,2835.02,65.80,28.28||6.19,2.19,4.97||0.88,2.46,8.41,4.98,6.95,1.10||
2.98,19.05,12.46,4.71,6.33,5.14,3.02||0.00,0.00,0.00,0.03,0.04,0.04||3.46,7.95,0.98,23.15,18.30,11.40||5.24,0.86,0.83,0.21,0.43||14.01,4.04,2.81,8.72,2.59||0.00,0.00,0.50,0.59,0.00||41.47,59.42,282.59,53.91,8.90||6.08,2.15,4.89||14.23,33.24,213.53,52.09,53.52,18.35||
2.98,19.01,12.44,4.70,6.32,5.14,3.01||0.00,0.00,0.00,0.03,0.04,0.04||3.46,7.95,0.98,23.15,18.30,11.40||5.16,0.86,0.81,0.21,0.43||14.01,4.04,2.81,8.72,2.59||0.00,0.00,0.50,0.60,0.00||37.73,40.63,180.91,51.87,7.12||4.68,1.73,3.97||5.16,12.86,65.59,22.12,25.41,6.57||
2.98,19.04,12.45,4.71,6.33,5.14,3.02||0.00,0.00,0.00,0.03,0.04,0.04||3.46,7.95,0.98,23.15,18.30,11.40||5.14,0.86,0.81,0.20,0.43||13.76,4.01,2.71,8.62,2.57||0.00,0.00,0.50,0.60,0.00||55.15,187.01,1084.57,60.55,17.47||5.57,2.00,4.56||0.42,1.23,3.54,2.66,4.03,0.52||
2.98,19.01,12.44,4.70,6.32,5.14,3.01||0.00,0.00,0.00,0.03,0.04,0.04||3.46,7.95,0.98,23.15,18.30,11.40||5.14,0.86,0.81,0.20,0.43||13.88,4.03,2.76,8.67,2.58||0.00,0.01,0.50,0.60,0.00||82.26,933.79,7153.58,71.28,44.98||6.67,2.33,5.27||10.15,24.23,144.16,39.17,41.77,13.04||
2.96,18.84,12.35,4.66,6.27,5.10,2.99||0.00,0.00,0.00,0.03,0.04,0.04||3.46,7.95,0.98,23.15,18.30,11.40||5.14,0.86,0.81,0.20,0.43||13.99,4.04,2.80,8.71,2.59||0.00,0.00,0.50,0.60,0.00||36.76,36.58,159.96,51.32,6.69||4.28,1.60,3.69||0.30,0.90,2.39,2.00,3.14,0.37||
2.95,18.80,12.33,4.66,6.26,5.10,2.99||0.00,0.00,0.00,0.03,0.04,0.04||3.46,7.95,0.98,23.15,18.30,11.40||5.14,0.86,0.81,0.20,0.43||13.75,4.01,2.70,8.62,2.57||0.00,0.01,0.50,0.60,0.00||85.87,1110.17,8763.27,72.54,49.80||7.51,2.58,5.80||0.61,1.75,5.49,3.66,5.31,0.76||
2.95,18.80,12.33,4.66,6.26,5.10,2.99||0.00,0.00,0.00,0.03,0.04,0.04||3.46,7.95,0.98,23.15,18.30,11.40||5.14,0.86,0.81,0.20,0.43||13.88,4.03,2.76,8.67,2.58||0.00,0.01,0.50,0.60,0.00||30.93,18.26,70.80,47.83,4.45||4.77,1.75,4.02||0.66,1.89,6.05,3.92,5.65,0.83||
2.95,18.80,12.33,4.66,6.26,5.10,2.99||0.00,0.00,0.00,0.03,0.04,0.04||3.46,7.95,0.98,23.15,18.30,11.40||5.08,0.85,0.79,0.20,0.42||13.73,4.01,2.70,8.61,2.57||0.00,0.01,0.50,0.60,0.00||76.88,711.65,5201.39,69.34,38.34||6.58,2.30,5.21||2.08,5.51,22.84,10.29,13.06,2.63||
2.95,18.80,12.33,4.66,6.26,5.10,2.99||0.00,0.00,0.00,0.03,0.04,0.04||3.40,7.92,0.96,22.97,18.22,11.26||5.05,0.85,0.78,0.20,0.42||13.96,4.04,2.79,8.70,2.58||0.00,0.01,0.50,0.60,0.00||30.03,16.21,61.57,47.26,4.15||4.68,1.72,3.96||1.86,4.97,20.09,9.38,12.05,2.35||
2.95,18.80,12.33,4.66,6.26,5.10,2.99||0.00,0.00,0.00,0.03,0.04,0.04||3.38,7.91,0.95,22.93,18.21,11.23||5.05,0.85,0.78,0.20,0.42||13.83,4.02,2.74,8.65,2.57||0.00,0.01,0.50,0.60,0.00||51.37,140.49,775.43,58.82,14.76||5.57,2.00,4.56||1.60,4.32,16.88,8.26,10.79,2.02||
2.95,18.80,12.33,4.66,6.26,5.10,2.99||0.00,0.00,0.00,0.03,0.04,0.04||3.41,7.92,0.96,23.02,18.24,11.30||5.04,0.85,0.78,0.20,0.42||13.89,4.03,2.76,8.67,2.58||0.00,0.01,0.50,0.60,0.00||34.75,29.17,122.63,50.16,5.86||4.44,1.65,3.80||2.59,6.75,29.40,12.36,15.32,3.27||
2.95,18.80,12.33,4.66,6.26,5.10,2.99||0.00,0.00,0.00,0.03,0.04,0.04||3.32,7.88,0.93,22.76,18.14,11.10||5.04,0.85,0.78,0.20,0.42||13.99,4.04,2.80,8.71,2.59||0.00,0.01,0.50,0.60,0.00||41.58,60.05,286.09,53.97,8.96||4.19,1.57,3.63||0.73,2.06,6.72,4.23,6.03,0.91||
2.95,18.80,12.33,4.66,6.26,5.10,2.99||0.00,0.00,0.00,0.03,0.04,0.04||3.34,7.89,0.93,22.80,18.15,11.13||5.04,0.85,0.78,0.20,0.42||13.84,4.02,2.74,8.65,2.57||0.00,0.01,0.50,0.60,0.00||46.48,94.01,484.03,56.48,11.66||4.91,1.80,4.12||1.22,3.35,12.32,6.58,8.85,1.54||
2.95,18.80,12.33,4.66,6.26,5.10,2.99||0.00,0.00,0.00,0.03,0.04,0.04||3.31,7.87,0.92,22.72,18.12,11.07||5.01,0.84,0.78,0.20,0.42||13.89,4.03,2.76,8.67,2.58||0.00,0.00,0.50,0.60,0.00||68.35,443.24,2984.71,66.09,29.02||5.76,2.06,4.69||0.28,0.85,2.23,1.90,3.01,0.35||
2.95,18.80,12.33,4.66,6.26,5.10,2.99||0.00,0.00,0.00,0.03,0.04,0.04||3.33,7.89,0.93,22.79,18.15,11.12||4.98,0.84,0.77,0.20,0.42||13.82,4.02,2.73,8.64,2.57||0.00,0.01,0.50,0.60,0.00||87.61,1203.53,9633.93,73.13,52.22||6.86,2.39,5.40||0.74,2.08,6.82,4.28,6.09,0.92||
2.95,18.80,12.33,4.66,6.26,5.10,2.99||0.00,0.00,0.00,0.03,0.04,0.04||3.28,7.86,0.91,22.63,18.08,11.00||4.96,0.84,0.76,0.20,0.42||13.72,4.01,2.69,8.61,2.57||0.00,0.01,0.50,0.60,0.00||34.68,28.95,121.54,50.12,5.83||5.08,1.85,4.24||0.67,1.91,6.12,3.96,5.69,0.84||
2.95,18.80,12.33,4.66,6.26,5.10,2.99||0.00,0.00,0.00,0.03,0.04,0.04||3.27,7.85,0.90,22.60,18.06,10.97||4.95,0.84,0.76,0.20,0.42||13.87,4.02,2.75,8.66,2.58||0.00,0.01,0.50,0.60,0.00||78.79,785.14,5836.96,70.04,40.62||4.74,1.75,4.01||1.91,5.08,20.68,9.57,12.27,2.41||
2.95,18.80,12.33,4.66,6.26,5.10,2.99||0.00,0.00,0.00,0.03,0.04,0.04||3.27,7.85,0.90,22.59,18.06,10.97||4.95,0.84,0.76,0.20,0.42||13.90,4.03,2.77,8.67,2.58||0.00,0.01,0.50,0.60,0.00||41.44,59.22,281.45,53.89,8.88||3.60,1.38,3.21||0.18,0.57,1.35,1.32,2.19,0.22||
2.95,18.80,12.33,4.66,6.26,5.10,2.99||0.00,0.00,0.00,0.03,0.04,0.04||3.30,7.87,0.92,22.68,18.10,11.03||4.95,0.84,0.76,0.20,0.42||13.91,4.03,2.77,8.68,2.58||0.00,0.01,0.50,0.60,0.00||36.69,36.30,158.54,51.28,6.66||6.31,2.23,5.05||8.00,19.41,109.37,32.06,35.09,10.25||
2.94,18.72,12.29,4.64,6.23,5.08,2.98||0.00,0.00,0.00,0.03,0.04,0.04||3.27,7.85,0.91,22.61,18.07,10.98||4.95,0.84,0.76,0.20,0.42||13.57,3.99,2.63,8.55,2.55||0.00,0.01,0.50,0.60,0.00||43.22,70.18,343.50,54.83,9.82||4.76,1.75,4.02||6.48,15.93,85.55,26.82,30.05,8.28||
2.95,18.74,12.30,4.64,6.24,5.08,2.98||0.00,0.00,0.00,0.03,0.04,0.04||3.27,7.85,0.90,22.59,18.06,10.97||4.95,0.84,0.76,0.20,0.42||13.76,4.01,2.71,8.62,2.57||0.00,0.01,0.50,0.60,0.00||98.87,1957.29,17043.36,76.83,69.52||5.32,1.92,4.39||5.36,13.34,68.60,22.85,26.14,6.83||
2.93,18.62,12.24,4.62,6.21,5.06,2.97||0.00,0.00,0.00,0.03,0.04,0.04||3.27,7.85,0.90,22.59,18.06,10.97||4.95,0.84,0.76,0.20,0.42||13.96,4.04,2.79,8.70,2.58||0.00,0.01,0.50,0.60,0.00||43.73,73.51,362.73,55.09,10.09||3.90,1.48,3.42||1.21,3.32,12.16,6.51,8.78,1.52||
2.93,18.60,12.23,4.61,6.20,5.06,2.97||0.00,0.00,0.00,0.03,0.04,0.04||3.26,7.85,0.90,22.59,18.06,10.97||4.89,0.83,0.75,0.20,0.41||13.75,4.01,2.70,8.62,2.57||0.00,0.01,0.50,0.60,0.00||80.04,836.53,6287.63,70.49,42.17||6.20,2.19,4.97||0.32,0.95,2.56,2.10,3.28,0.39||
2.93,18.56,12.21,4.60,6.19,5.05,2.96||0.00,0.00,0.00,0.03,0.04,0.04||3.26,7.85,0.90,22.59,18.06,10.97||4.87,0.83,0.74,0.19,0.41||13.62,3.99,2.65,8.57,2.56||0.00,0.01,0.50,0.60,0.00||27.32,11.09,39.43,45.47,3.32||4.04,1.52,3.52||0.56,1.61,4.96,3.40,4.98,0.70||
2.93,18.55,12.20,4.60,6.18,5.05,2.96||0.00,0.00,0.00,0.03,0.04,0.04||3.26,7.85,0.90,22.59,18.06,10.97||4.86,0.83,0.74,0.19,0.41||13.77,4.01,2.71,8.62,2.57||0.00,0.01,0.50,0.60,0.00||47.53,102.79,537.47,56.99,12.29||5.61,2.01,4.58||5.41,13.47,69.43,23.05,26.34,6.91||
2.92,18.55,12.20,4.60,6.18,5.05,2.96||0.00,0.00,0.00,0.03,0.04,0.04||3.26,7.85,0.90,22.59,18.06,10.97||4.86,0.83,0.74,0.19,0.41||13.63,3.99,2.65,8.57,2.56||0.00,0.01,0.50,0.60,0.00||73.89,606.41,4311.07,68.22,34.90||5.87,2.09,4.76||0.44,1.28,3.72,2.76,4.16,0.54||
2.92,18.55,12.20,4.60,6.18,5.05,2.96||0.00,0.00,0.00,0.03,0.04,0.04||3.26,7.85,0.90,22.59,18.06,10.97||4.86,0.83,0.74,0.19,0.41||13.85,4.02,2.75,8.66,2.58||0.00,0.01,0.50,0.60,0.00||24.73,7.43,24.66,43.67,2.62||3.55,1.36,3.18||0.35,1.04,2.86,2.28,3.52,0.43||
2.92,18.55,12.20,4.60,6.18,5.05,2.96||0.00,0.00,0.00,0.03,0.04,0.04||3.26,7.85,0.90,22.59,18.06,10.97||4.86,0.83,0.74,0.19,0.41||13.64,4.00,2.66,8.58,2.56||0.00,0.00,0.50,0.60,0.00||37.81,40.97,182.71,51.92,7.15||6.35,2.24,5.07||5.02,12.54,63.53,21.61,24.91,6.39||
