4.58,34.68,19.94,8.08,10.79,7.89,4.67||0.00,0.00,0.00,0.08,0.07,0.08||61.60,14.59,70.65,78.50,35.66,80.91||12.91,1.43,3.37,0.47,0.70||53.60,7.05,48.03,19.96,4.39||0.02,0.05,0.70,0.81,0.01||13.32,0.62,1.33,33.93,0.61||9.40,3.12,6.95||0.81,2.28,7.63,4.65,6.54,1.01||
3.10,20.13,13.01,4.95,6.65,5.35,3.14||0.00,0.00,0.00,0.04,0.04,0.04||5.28,8.69,1.84,27.70,20.19,15.21||5.55,0.89,0.91,0.22,0.44||17.68,4.45,4.60,10.06,2.83||0.00,0.01,0.53,0.63,0.00||19.85,3.06,8.72,39.91,1.56||8.91,2.98,6.66||0.10,0.31,0.65,0.78,1.38,0.12||
2.89,18.25,12.05,4.53,6.10,4.99,2.92||0.00,0.00,0.00,0.04,0.04,0.04||3.39,7.92,0.96,22.97,18.22,11.26||4.77,0.82,0.72,0.19,0.41||14.67,4.12,3.10,8.97,2.63||0.00,0.01,0.50,0.60,0.00||12.12,0.42,0.85,32.65,0.48||11.74,3.77,8.31||2.30,6.05,25.69,11.21,14.07,2.91||
2.85,17.91,11.87,4.46,5.99,4.92,2.88||0.00,0.00,0.00,0.03,0.04,0.04||3.08,7.76,0.83,22.05,17.82,10.55||4.63,0.81,0.68,0.19,0.40||14.06,4.05,2.83,8.73,2.59||0.00,0.00,0.50,0.59,0.00||15.84,1.24,3.01,36.41,0.91||6.62,2.32,5.24||0.31,0.92,2.46,2.04,3.20,0.38||
2.84,17.84,11.83,4.44,5.97,4.91,2.88||0.00,0.00,0.00,0.03,0.04,0.04||2.97,7.70,0.78,21.70,17.67,10.28||4.55,0.80,0.67,0.18,0.40||14.02,4.04,2.82,8.72,2.59||0.00,0.00,0.50,0.59,0.00||31.93,20.76,82.28,48.46,4.79||11.59,3.73,8.23||4.24,10.72,52.27,18.76,22.02,5.39||
2.84,17.82,11.82,4.44,5.97,4.91,2.87||0.00,0.00,0.00,0.03,0.04,0.04||2.92,7.67,0.77,21.55,17.60,10.17||4.52,0.80,0.66,0.18,0.40||13.93,4.03,2.78,8.69,2.58||0.00,0.00,0.50,0.59,0.00||18.87,2.50,6.88,39.10,1.38||6.47,2.27,5.15||1.32,3.60,13.48,7.02,9.36,1.66||
2.84,17.82,11.82,4.44,5.97,4.91,2.87||0.00,0.00,0.00,0.03,0.04,0.04||2.91,7.66,0.76,21.52,17.59,10.14||4.51,0.80,0.66,0.18,0.40||13.74,4.01,2.70,8.61,2.57||0.00,0.00,0.50,0.59,0.00||27.25,10.98,38.97,45.43,3.30||6.23,2.20,4.99||0.23,0.71,1.80,1.63,2.63,0.29||
2.84,17.82,11.82,4.44,5.97,4.91,2.87||0.00,0.00,0.00,0.03,0.04,0.04||2.91,7.66,0.76,21.51,17.58,10.14||4.52,0.80,0.66,0.18,0.40||13.87,4.02,2.75,8.66,2.58||0.00,0.00,0.50,0.59,0.00||21.13,3.94,11.73,40.95,1.81||10.78,3.51,7.76||2.32,6.09,25.89,11.27,14.14,2.93||
2.84,17.82,11.82,4.44,5.97,4.91,2.87||0.00,0.00,0.00,0.03,0.04,0.04||2.91,7.66,0.76,21.51,17.58,10.14||4.51,0.80,0.66,0.18,0.40||14.07,4.05,2.84,8.74,2.59||0.00,0.00,0.50,0.59,0.00||13.74,0.70,1.54,34.36,0.65||8.12,2.76,6.18||22.42,50.83,362.20,76.43,74.70,29.05||
2.84,17.82,11.82,4.44,5.97,4.91,2.87||0.00,0.00,0.00,0.03,0.04,0.04||2.91,7.66,0.76,21.51,17.58,10.14||4.51,0.80,0.66,0.18,0.40||14.20,4.06,2.90,8.79,2.60||0.00,0.00,0.50,0.59,0.00||11.49,0.34,0.66,31.94,0.43||5.26,1.91,4.36||0.61,1.75,5.47,3.65,5.30,0.76||
2.84,17.82,11.82,4.44,5.97,4.91,2.87||0.00,0.00,0.00,0.03,0.04,0.04||2.94,7.68,0.77,21.59,17.62,10.20||4.51,0.80,0.66,0.18,0.40||14.23,4.07,2.91,8.80,2.60||0.00,0.00,0.50,0.59,0.00||10.26,0.22,0.39,30.50,0.33||6.10,2.16,4.91||0.48,1.41,4.18,3.00,4.47,0.60||
2.84,17.82,11.82,4.44,5.97,4.91,2.87||0.00,0.00,0.00,0.03,0.04,0.04||2.91,7.66,0.76,21.53,17.59,10.15||4.51,0.80,0.66,0.18,0.40||14.15,4.06,2.87,8.77,2.60||0.00,0.00,0.50,0.59,0.00||16.84,1.58,4.02,37.33,1.06||9.34,3.10,6.91||0.76,2.16,7.12,4.42,6.26,0.95||
2.84,17.82,11.82,4.44,5.97,4.91,2.87||0.00,0.00,0.00,0.03,0.04,0.04||2.91,7.66,0.76,21.51,17.58,10.14||4.51,0.80,0.66,0.18,0.40||13.95,4.03,2.79,8.70,2.58||0.00,0.00,0.50,0.59,0.00||13.43,0.64,1.38,34.03,0.62||6.23,2.20,4.99||3.73,9.52,45.10,16.86,20.06,4.74||
2.84,17.82,11.82,4.44,5.97,4.91,2.87||0.00,0.00,0.00,0.03,0.04,0.04||2.91,7.66,0.76,21.51,17.58,10.14||4.51,0.80,0.66,0.18,0.40||14.09,4.05,2.85,8.75,2.59||0.00,0.00,0.50,0.59,0.00||13.90,0.73,1.62,34.52,0.67||6.83,2.38,5.37||0.22,0.68,1.70,1.56,2.53,0.27||
2.84,17.82,11.82,4.44,5.97,4.91,2.87||0.00,0.00,0.00,0.03,0.04,0.04||2.91,7.66,0.76,21.51,17.58,10.14||4.51,0.80,0.66,0.18,0.40||14.12,4.05,2.86,8.76,2.59||0.00,0.00,0.50,0.59,0.00||20.79,3.69,10.87,40.68,1.74||9.16,3.06,6.81||0.76,2.15,7.08,4.40,6.24,0.95||
2.84,17.82,11.82,4.44,5.97,4.91,2.87||0.00,0.00,0.00,0.03,0.04,0.04||2.91,7.66,0.76,21.51,17.58,10.14||4.51,0.80,0.66,0.18,0.40||13.95,4.03,2.79,8.69,2.58||0.00,0.00,0.50,0.59,0.00||17.80,1.98,5.22,38.18,1.20||6.92,2.40,5.43||0.38,1.13,3.18,2.46,3.76,0.47||
2.84,17.82,11.82,4.44,5.97,4.91,2.87||0.00,0.00,0.00,0.03,0.04,0.04||2.91,7.66,0.76,21.51,17.58,10.14||4.51,0.80,0.66,0.18,0.40||13.91,4.03,2.77,8.68,2.58||0.00,0.00,0.50,0.59,0.00||12.98,0.56,1.18,33.57,0.57||4.82,1.77,4.06||0.17,0.54,1.28,1.27,2.12,0.21||
2.84,17.82,11.82,4.44,5.97,4.91,2.87||0.00,0.00,0.00,0.03,0.04,0.04||2.91,7.66,0.76,21.51,17.58,10.14||4.51,0.80,0.66,0.18,0.40||13.99,4.04,2.81,8.71,2.59||0.00,0.00,0.50,0.59,0.00||19.72,2.99,8.46,39.81,1.53||9.16,3.05,6.81||1.53,4.12,15.94,7.93,10.41,1.92||
2.84,17.82,11.82,4.44,5.97,4.91,2.87||0.00,0.00,0.00,0.03,0.04,0.04||2.91,7.66,0.76,21.51,17.58,10.14||4.51,0.80,0.66,0.18,0.40||13.84,4.02,2.74,8.65,2.57||0.00,0.00,0.50,0.59,0.00||20.55,3.53,10.29,40.49,1.69||12.58,4.00,8.79||2.46,6.45,27.78,11.86,14.78,3.11||
2.84,17.82,11.82,4.44,5.97,4.91,2.87||0.00,0.00,0.00,0.03,0.04,0.04||2.91,7.66,0.76,21.51,17.58,10.14||4.51,0.80,0.66,0.18,0.40||13.63,4.00,2.66,8.57,2.56||0.00,0.00,0.50,0.59,0.00||14.36,0.83,1.90,34.98,0.72||7.70,2.64,5.92||0.30,0.89,2.37,1.99,3.13,0.37||
2.84,17.82,11.82,4.44,5.97,4.91,2.87||0.00,0.00,0.00,0.03,0.04,0.04||2.91,7.66,0.76,21.51,17.58,10.14||4.47,0.79,0.65,0.18,0.39||13.85,4.02,2.75,8.66,2.58||0.00,0.00,0.50,0.59,0.00||12.87,0.54,1.13,33.45,0.56||6.55,2.30,5.20||0.12,0.38,0.83,0.93,1.61,0.15||
2.84,17.82,11.82,4.44,5.97,4.91,2.87||0.00,0.00,0.00,0.03,0.04,0.04||2.91,7.66,0.76,21.51,17.58,10.14||4.46,0.79,0.65,0.18,0.39||13.72,4.01,2.69,8.61,2.57||0.00,0.00,0.50,0.59,0.00||11.57,0.35,0.68,32.03,0.43||5.85,2.08,4.74||0.16,0.51,1.18,1.20,2.01,0.20||
2.84,17.82,11.82,4.44,5.97,4.91,2.87||0.00,0.00,0.00,0.03,0.04,0.04||2.91,7.66,0.76,21.51,17.58,10.14||4.43,0.79,0.64,0.18,0.39||13.78,4.01,2.72,8.63,2.57||0.00,0.00,0.50,0.59,0.00||9.95,0.19,0.34,30.12,0.30||6.41,2.25,5.11||0.16,0.49,1.14,1.17,1.97,0.19||
2.84,17.82,11.82,4.44,5.97,4.91,2.87||0.00,0.00,0.00,0.03,0.04,0.04||2.91,7.66,0.76,21.51,17.58,10.14||4.44,0.79,0.64,0.18,0.39||13.88,4.03,2.76,8.67,2.58||0.00,0.00,0.50,0.59,0.00||21.19,3.99,11.89,41.00,1.82||10.20,3.35,7.42||1.94,5.17,21.10,9.71,12.42,2.45||
2.84,17.82,11.82,4.44,5.97,4.91,2.87||0.00,0.00,0.00,0.03,0.04,0.04||2.91,7.66,0.76,21.51,17.58,10.14||4.44,0.79,0.64,0.18,0.39||13.90,4.03,2.77,8.67,2.58||0.00,0.00,0.50,0.59,0.00||12.88,0.54,1.14,33.47,0.56||6.14,2.17,4.94||0.93,2.60,8.97,5.22,7.24,1.17||
2.84,17.78,11.80,4.43,5.96,4.90,2.87||0.00,0.00,0.00,0.03,0.04,0.04||2.91,7.66,0.76,21.51,17.58,10.14||4.43,0.79,0.64,0.18,0.39||11.42,3.71,1.83,7.68,2.39||0.00,0.00,0.50,0.59,0.00||23.61,6.16,19.79,42.84,2.35||5.70,2.04,4.64||0.40,1.19,3.39,2.58,3.92,0.50||
2.84,17.81,11.82,4.44,5.97,4.90,2.87||0.00,0.00,0.00,0.03,0.04,0.04||2.91,7.66,0.76,21.51,17.58,10.14||4.42,0.79,0.64,0.18,0.39||11.06,3.66,1.71,7.53,2.36||0.00,0.00,0.50,0.59,0.00||22.84,5.39,16.92,42.27,2.17||5.96,2.12,4.82||1.29,3.53,13.12,6.88,9.20,1.62||
2.84,17.82,11.82,4.44,5.97,4.90,2.87||0.00,0.00,0.00,0.03,0.04,0.04||2.91,7.66,0.76,21.51,17.58,10.14||4.42,0.79,0.64,0.18,0.39||10.92,3.64,1.66,7.47,2.35||0.00,0.00,0.50,0.59,0.00||22.61,5.17,16.13,42.09,2.12||11.72,3.77,8.30||1.80,4.81,19.28,9.10,11.74,2.27||
2.84,17.82,11.82,4.44,5.97,4.91,2.87||0.00,0.00,0.00,0.03,0.04,0.04||2.91,7.66,0.76,21.51,17.58,10.14||4.49,0.79,0.65,0.18,0.40||11.03,3.66,1.70,7.52,2.35||0.00,0.00,0.50,0.59,0.00||14.71,0.92,2.13,35.33,0.77||6.65,2.33,5.26||0.25,0.76,1.95,1.73,2.77,0.31||
2.86,18.01,11.92,4.48,6.03,4.94,2.90||0.00,0.00,0.00,0.03,0.04,0.04||2.91,7.66,0.76,21.51,17.58,10.14||4.57,0.80,0.67,0.18,0.40||11.13,3.67,1.73,7.56,2.36||0.00,0.00,0.50,0.59,0.00||12.60,0.49,1.02,33.16,0.53||5.85,2.09,4.74||0.30,0.90,2.40,2.01,3.15,0.37||
2.88,18.13,11.98,4.51,6.06,4.97,2.91||0.00,0.00,0.00,0.03,0.04,0.04||2.91,7.66,0.76,21.51,17.58,10.14||4.70,0.81,0.70,0.19,0.41||11.14,3.68,1.73,7.57,2.36||0.00,0.00,0.50,0.59,0.00||30.10,16.36,62.24,47.30,4.17||7.03,2.44,5.50||0.97,2.69,9.38,5.40,7.45,1.21||
2.89,18.27,12.05,4.54,6.10,4.99,2.93||0.00,0.00,0.00,0.03,0.04,0.04||2.99,7.71,0.79,21.76,17.70,10.33||4.83,0.83,0.73,0.19,0.41||11.15,3.68,1.73,7.57,2.36||0.00,0.00,0.50,0.59,0.00||18.99,2.57,7.09,39.21,1.40||10.66,3.48,7.69||0.61,1.76,5.52,3.67,5.33,0.76||
2.90,18.29,12.07,4.54,6.11,5.00,2.93||0.00,0.00,0.00,0.04,0.04,0.04||3.06,7.75,0.82,21.99,17.80,10.50||4.93,0.84,0.75,0.20,0.42||11.29,3.70,1.78,7.63,2.38||0.00,0.00,0.50,0.59,0.00||29.52,15.13,56.77,46.93,3.98||13.82,4.33,9.48||7.33,17.89,98.82,29.78,32.91,9.39||
2.92,18.50,12.17,4.59,6.17,5.04,2.95||0.00,0.00,0.00,0.04,0.04,0.04||3.08,7.75,0.83,22.03,17.81,10.53||5.02,0.84,0.78,0.20,0.42||11.25,3.69,1.77,7.61,2.37||0.00,0.00,0.50,0.59,0.00||8.82,0.12,0.19,28.67,0.23||9.28,3.09,6.88||1.30,3.55,13.25,6.93,9.26,1.64||
2.92,18.54,12.19,4.60,6.18,5.05,2.96||0.00,0.00,0.00,0.04,0.04,0.04||3.08,7.76,0.83,22.04,17.82,10.54||5.12,0.85,0.80,0.20,0.42||11.17,3.68,1.74,7.58,2.37||0.00,0.00,0.50,0.59,0.00||14.89,0.97,2.25,35.51,0.79||5.76,2.06,4.69||0.17,0.53,1.25,1.25,2.09,0.21||
2.92,18.55,12.20,4.60,6.18,5.05,2.96||0.00,0.00,0.00,0.04,0.04,0.04||3.08,7.76,0.83,22.04,17.82,10.54||5.20,0.86,0.82,0.21,0.43||11.22,3.69,1.76,7.60,2.37||0.00,0.00,0.50,0.59,0.00||32.64,22.67,91.23,48.89,5.05||9.60,3.18,7.07||0.84,2.36,7.96,4.79,6.72,1.05||
2.93,18.63,12.24,4.62,6.21,5.06,2.97||0.00,0.00,0.00,0.04,0.04,0.04||3.08,7.76,0.83,22.04,17.82,10.54||5.23,0.86,0.83,0.21,0.43||11.24,3.69,1.76,7.61,2.37||0.00,0.00,0.50,0.59,0.00||35.83,33.00,141.78,50.79,6.30||8.85,2.97,6.62||2.16,5.71,23.87,10.62,13.43,2.73||
2.95,18.76,12.31,4.65,6.25,5.09,2.98||0.00,0.00,0.00,0.04,0.04,0.04||3.08,7.76,0.83,22.04,17.82,10.54||5.31,0.87,0.85,0.21,0.43||11.38,3.71,1.81,7.67,2.38||0.00,0.00,0.50,0.59,0.00||16.51,1.46,3.66,37.03,1.01||6.30,2.22,5.04||0.11,0.37,0.78,0.89,1.55,0.14||
2.95,18.79,12.33,4.65,6.26,5.09,2.99||0.00,0.00,0.00,0.04,0.04,0.04||3.08,7.76,0.83,22.04,17.82,10.54||5.33,0.87,0.85,0.21,0.43||11.20,3.68,1.75,7.59,2.37||0.00,0.00,0.50,0.59,0.00||22.33,4.93,15.22,41.88,2.06||11.17,3.61,7.99||0.71,2.02,6.57,4.17,5.95,0.89||
2.95,18.80,12.33,4.66,6.26,5.10,2.99||0.00,0.00,0.00,0.04,0.04,0.04||3.08,7.76,0.83,22.04,17.82,10.54||5.42,0.88,0.87,0.21,0.44||11.16,3.68,1.74,7.57,2.37||0.00,0.00,0.50,0.59,0.00||19.98,3.15,9.01,40.03,1.58||6.68,2.33,5.28||1.03,2.86,10.11,5.69,7.81,1.29||
2.95,18.80,12.33,4.66,6.26,5.10,2.99||0.00,0.00,0.00,0.04,0.04,0.04||3.08,7.76,0.83,22.04,17.82,10.54||5.43,0.88,0.88,0.21,0.44||11.29,3.70,1.78,7.63,2.38||0.00,0.00,0.50,0.59,0.00||14.12,0.78,1.75,34.75,0.70||5.09,1.85,4.24||0.46,1.35,3.97,2.89,4.33,0.57||
2.95,18.80,12.33,4.66,6.26,5.10,2.99||0.00,0.00,0.00,0.04,0.04,0.04||3.11,7.77,0.84,22.13,17.86,10.61||5.47,0.89,0.89,0.22,0.44||11.32,3.70,1.79,7.64,2.38||0.00,0.00,0.50,0.59,0.00||15.41,1.11,2.65,36.01,0.86||8.01,2.72,6.11||0.83,2.34,7.89,4.76,6.68,1.04||
2.96,18.84,12.35,4.66,6.27,5.10,2.99||0.00,0.00,0.00,0.04,0.04,0.04||3.14,7.79,0.85,22.23,17.90,10.69||5.52,0.89,0.90,0.22,0.44||11.33,3.70,1.79,7.64,2.38||0.00,0.00,0.50,0.59,0.00||23.86,6.43,20.82,43.03,2.41||11.02,3.57,7.90||4.92,12.31,62.11,21.26,24.55,6.27||
2.96,18.89,12.37,4.68,6.28,5.11,3.00||0.00,0.00,0.00,0.04,0.04,0.04||3.18,7.81,0.87,22.34,17.95,10.77||5.54,0.89,0.90,0.22,0.44||11.26,3.69,1.77,7.62,2.37||0.00,0.00,0.50,0.59,0.00||24.64,7.32,24.22,43.60,2.60||8.42,2.84,6.36||0.30,0.89,2.37,1.99,3.12,0.37||
2.97,18.98,12.42,4.70,6.31,5.13,3.01||0.00,0.00,0.00,0.04,0.04,0.04||3.25,7.84,0.90,22.54,18.04,10.93||5.54,0.89,0.91,0.22,0.44||11.31,3.70,1.79,7.64,2.38||0.00,0.00,0.50,0.59,0.00||16.04,1.30,3.20,36.60,0.94||6.12,2.17,4.92||0.33,0.99,2.71,2.19,3.40,0.41||
2.98,19.04,12.45,4.71,6.33,5.14,3.02||0.00,0.00,0.00,0.04,0.04,0.04||3.26,7.85,0.90,22.58,18.06,10.96||5.62,0.90,0.93,0.22,0.45||11.25,3.69,1.77,7.61,2.37||0.00,0.00,0.50,0.59,0.00||13.37,0.63,1.35,33.97,0.61||4.61,1.70,3.92||0.21,0.65,1.61,1.50,2.45,0.26||
2.98,19.05,12.46,4.71,6.33,5.14,3.02||0.00,0.00,0.00,0.04,0.04,0.04||3.26,7.85,0.90,22.59,18.06,10.96||5.64,0.90,0.93,0.22,0.45||11.39,3.71,1.81,7.67,2.38||0.00,0.00,0.50,0.60,0.00||20.00,3.16,9.04,40.04,1.58||7.54,2.59,5.82||0.11,0.34,0.73,0.84,1.48,0.13||
2.98,19.05,12.46,4.71,6.33,5.14,3.02||0.00,0.00,0.00,0.04,0.04,0.04||3.26,7.85,0.90,22.59,18.06,10.97||5.64,0.90,0.93,0.22,0.45||11.27,3.69,1.77,7.62,2.37||0.00,0.00,0.50,0.60,0.00||17.78,1.97,5.19,38.16,1.20||6.71,2.34,5.30||0.09,0.29,0.58,0.72,1.29,0.11||
2.98,19.05,12.46,4.71,6.33,5.14,3.02||0.00,0.00,0.00,0.04,0.04,0.04||3.26,7.85,0.90,22.59,18.06,10.97||5.68,0.90,0.94,0.22,0.45||11.32,3.70,1.79,7.64,2.38||0.00,0.00,0.50,0.60,0.00||15.29,1.07,2.55,35.89,0.84||12.47,3.97,8.73||0.98,2.72,9.50,5.44,7.51,1.22||
2.98,19.05,12.46,4.71,6.33,5.14,3.02||0.00,0.00,0.00,0.04,0.04,0.04||3.26,7.85,0.90,22.59,18.06,10.97||5.73,0.91,0.96,0.23,0.45||11.40,3.71,1.82,7.67,2.39||0.00,0.00,0.50,0.60,0.00||20.02,3.18,9.10,40.06,1.59||8.98,3.00,6.70||1.21,3.31,12.14,6.51,8.77,1.52||
2.98,19.05,12.46,4.71,6.33,5.14,3.02||0.00,0.00,0.00,0.04,0.04,0.04||3.26,7.85,0.90,22.59,18.06,10.97||5.75,0.91,0.96,0.23,0.45||11.27,3.69,1.78,7.62,2.37||0.00,0.00,0.50,0.60,0.00||16.45,1.44,3.60,36.98,1.00||6.34,2.23,5.06||0.21,0.63,1.55,1.46,2.39,0.25||
2.98,19.05,12.46,4.71,6.33,5.14,3.02||0.00,0.00,0.00,0.04,0.04,0.04||3.26,7.85,0.90,22.59,18.06,10.97||5.75,0.91,0.96,0.23,0.45||11.24,3.69,1.77,7.61,2.37||0.00,0.00,0.50,0.60,0.00||24.36,6.98,22.93,43.39,2.53||9.90,3.26,7.25||0.36,1.07,2.99,2.35,3.62,0.45||
2.98,19.05,12.46,4.71,6.33,5.14,3.02||0.00,0.00,0.00,0.04,0.04,0.04||3.26,7.85,0.90,22.59,18.06,10.97||5.77,0.91,0.96,0.23,0.45||11.24,3.69,1.76,7.61,2.37||0.00,0.00,0.50,0.60,0.00||19.73,2.99,8.48,39.82,1.53||9.38,3.12,6.94||0.16,0.49,1.13,1.16,1.96,0.19||
3.00,19.17,12.52,4.74,6.37,5.17,3.03||0.00,0.00,0.00,0.04,0.04,0.04||3.26,7.85,0.90,22.59,18.06,10.97||5.82,0.92,0.98,0.23,0.46||11.31,3.70,1.79,7.64,2.38||0.00,0.00,0.50,0.60,0.00||24.40,7.04,23.13,43.42,2.54||10.86,3.53,7.81||2.28,6.00,25.43,11.12,13.98,2.88||
2.99,19.16,12.51,4.74,6.37,5.17,3.03||0.00,0.00,0.00,0.04,0.04,0.04||3.26,7.85,0.90,22.59,18.06,10.97||5.85,0.92,0.99,0.23,0.46||11.40,3.71,1.82,7.67,2.38||0.00,0.01,0.50,0.60,0.00||27.34,11.12,39.57,45.49,3.32||12.05,3.86,8.49||3.45,8.85,41.19,15.78,18.95,4.39||
3.00,19.24,12.55,4.75,6.39,5.18,3.04||0.00,0.00,0.00,0.04,0.04,0.04||3.26,7.85,0.90,22.59,18.06,10.97||5.86,0.92,0.99,0.23,0.46||11.27,3.69,1.77,7.62,2.37||0.00,0.01,0.50,0.60,0.00||45.84,88.86,453.08,56.15,11.28||11.18,3.62,7.99||1.02,2.83,9.98,5.64,7.75,1.28||
3.01,19.29,12.58,4.77,6.41,5.19,3.05||0.00,0.00,0.00,0.04,0.04,0.04||3.30,7.87,0.92,22.68,18.10,11.03||5.86,0.92,0.99,0.23,0.46||11.32,3.70,1.79,7.64,2.38||0.00,0.00,0.50,0.60,0.00||45.57,86.78,440.64,56.02,11.12||11.57,3.72,8.21||2.16,5.70,23.85,10.62,13.42,2.73||
3.01,19.31,12.59,4.77,6.41,5.19,3.05||0.00,0.00,0.00,0.04,0.04,0.04||3.27,7.85,0.91,22.61,18.07,10.98||5.86,0.92,0.99,0.23,0.46||11.33,3.70,1.79,7.64,2.38||0.00,0.00,0.50,0.60,0.00||20.65,3.59,10.52,40.56,1.71||5.92,2.11,4.79||0.40,1.17,3.32,2.54,3.87,0.49||
3.01,19.31,12.59,4.77,6.41,5.19,3.05||0.00,0.00,0.00,0.04,0.04,0.04||3.27,7.85,0.90,22.59,18.06,10.97||5.87,0.92,0.99,0.23,0.46||11.26,3.69,1.77,7.61,2.37||0.00,0.01,0.50,0.60,0.00||22.77,5.32,16.68,42.21,2.15||6.36,2.24,5.08||0.26,0.80,2.07,1.80,2.87,0.33||
3.01,19.31,12.59,4.77,6.41,5.19,3.05||0.00,0.00,0.00,0.04,0.04,0.04||3.27,7.85,0.90,22.59,18.06,10.97||5.95,0.93,1.01,0.23,0.46||11.24,3.69,1.77,7.61,2.37||0.00,0.01,0.50,0.60,0.00||37.33,38.92,172.01,51.65,6.94||5.89,2.10,4.77||0.17,0.54,1.27,1.26,2.11,0.21||
3.01,19.31,12.59,4.77,6.41,5.19,3.05||0.00,0.00,0.00,0.04,0.04,0.04||3.30,7.87,0.92,22.68,18.10,11.03||5.96,0.93,1.02,0.23,0.46||11.10,3.67,1.72,7.55,2.36||0.00,0.01,0.50,0.60,0.00||43.90,74.70,369.61,55.18,10.18||6.30,2.22,5.04||0.37,1.10,3.08,2.41,3.69,0.46||
3.01,19.31,12.59,4.77,6.41,5.19,3.05||0.00,0.00,0.00,0.04,0.04,0.04||3.30,7.87,0.92,22.70,18.11,11.05||5.97,0.93,1.02,0.23,0.46||11.28,3.69,1.78,7.63,2.38||0.00,0.01,0.50,0.60,0.00||32.33,21.81,87.21,48.70,4.94||8.95,3.00,6.68||2.68,6.97,30.62,12.73,15.72,3.39||
3.01,19.31,12.59,4.77,6.41,5.19,3.05||0.00,0.00,0.00,0.04,0.04,0.04||3.39,7.92,0.96,22.97,18.22,11.26||5.97,0.93,1.02,0.23,0.46||11.25,3.69,1.77,7.61,2.37||0.00,0.01,0.50,0.60,0.00||43.48,71.87,353.22,54.96,9.95||10.42,3.41,7.55||1.38,3.75,14.16,7.27,9.66,1.73||
3.01,19.31,12.59,4.77,6.41,5.19,3.05||0.00,0.00,0.00,0.04,0.04,0.04||3.41,7.93,0.97,23.02,18.25,11.30||6.00,0.93,1.03,0.24,0.46||11.24,3.69,1.76,7.61,2.37||0.00,0.01,0.50,0.60,0.00||44.05,75.70,375.42,55.25,10.26||14.37,4.48,9.78||0.68,1.94,6.25,4.02,5.76,0.85||
3.01,19.31,12.59,4.77,6.41,5.19,3.05||0.00,0.00,0.00,0.04,0.04,0.04||3.45,7.94,0.98,23.12,18.29,11.38||6.06,0.94,1.04,0.24,0.47||11.31,3.70,1.79,7.64,2.38||0.00,0.01,0.50,0.60,0.00||21.78,4.45,13.53,41.46,1.94||8.74,2.94,6.56||1.40,3.81,14.45,7.38,9.78,1.76||
3.02,19.35,12.61,4.78,6.42,5.20,3.05||0.00,0.00,0.00,0.04,0.04,0.04||3.46,7.95,0.98,23.14,18.30,11.40||6.08,0.94,1.05,0.24,0.47||11.47,3.72,1.84,7.70,2.39||0.00,0.01,0.50,0.60,0.00||42.52,65.67,317.75,54.46,9.44||10.93,3.55,7.85||1.77,4.74,18.95,8.99,11.61,2.23||
3.02,19.40,12.64,4.79,6.44,5.21,3.06||0.00,0.00,0.00,0.04,0.04,0.04||3.46,7.95,0.98,23.15,18.30,11.40||6.10,0.94,1.05,0.24,0.47||11.43,3.71,1.83,7.69,2.39||0.00,0.01,0.50,0.60,0.00||30.20,16.60,63.30,47.37,4.20||9.61,3.18,7.07||16.55,38.26,254.41,59.15,59.78,21.37||
3.04,19.54,12.71,4.82,6.48,5.24,3.07||0.00,0.00,0.00,0.04,0.04,0.04||3.46,7.95,0.98,23.15,18.30,11.40||6.17,0.95,1.07,0.24,0.47||11.28,3.69,1.78,7.62,2.37||0.00,0.01,0.50,0.60,0.00||18.12,2.12,5.67,38.46,1.25||8.84,2.96,6.62||0.54,1.55,4.72,3.28,4.83,0.67||
3.04,19.56,12.72,4.83,6.48,5.24,3.08||0.00,0.00,0.00,0.04,0.04,0.04||3.46,7.95,0.98,23.15,18.30,11.40||6.19,0.95,1.08,0.24,0.47||11.39,3.71,1.82,7.67,2.38||0.00,0.01,0.50,0.60,0.00||15.91,1.26,3.07,36.47,0.92||6.50,2.28,5.16||0.14,0.44,0.98,1.05,1.79,0.17||
3.04,19.57,12.72,4.83,6.49,5.24,3.08||0.00,0.00,0.00,0.04,0.04,0.04||3.46,7.95,0.98,23.15,18.30,11.40||6.19,0.95,1.08,0.24,0.47||11.27,3.69,1.77,7.62,2.37||0.00,0.01,0.50,0.60,0.00||15.02,1.00,2.35,35.63,0.81||6.72,2.35,5.30||0.24,0.74,1.87,1.67,2.69,0.30||
3.04,19.57,12.72,4.83,6.49,5.24,3.08||0.00,0.00,0.00,0.04,0.04,0.04||3.46,7.95,0.98,23.15,18.30,11.40||6.23,0.95,1.09,0.24,0.47||11.39,3.71,1.81,7.67,2.38||0.00,0.01,0.50,0.60,0.00||12.79,0.52,1.10,33.37,0.55||5.76,2.06,4.69||0.15,0.48,1.11,1.15,1.94,0.19||
3.04,19.57,12.72,4.83,6.49,5.24,3.08||0.00,0.00,0.00,0.04,0.04,0.04||3.46,7.95,0.98,23.15,18.30,11.40||6.29,0.96,1.10,0.25,0.47||11.41,3.71,1.82,7.68,2.39||0.00,0.01,0.50,0.60,0.00||13.34,0.62,1.34,33.95,0.61||5.33,1.93,4.40||0.29,0.86,2.28,1.93,3.05,0.35||
3.04,19.57,12.72,4.83,6.49,5.24,3.08||0.00,0.00,0.00,0.04,0.04,0.04||3.46,7.95,0.98,23.15,18.30,11.40||6.31,0.96,1.11,0.25,0.48||11.42,3.71,1.82,7.68,2.39||0.00,0.01,0.50,0.60,0.00||21.33,4.10,12.27,41.11,1.85||8.21,2.78,6.23||0.64,1.84,5.85,3.83,5.53,0.80||
3.04,19.57,12.72,4.83,6.49,5.24,3.08||0.00,0.00,0.00,0.04,0.04,0.04||3.46,7.95,0.98,23.15,18.30,11.40||6.31,0.96,1.11,0.25,0.48||11.27,3.69,1.78,7.62,2.37||0.00,0.01,0.50,0.60,0.00||40.57,54.39,254.74,53.43,8.45||10.69,3.48,7.71||0.89,2.48,8.46,5.01,6.98,1.11||
3.04,19.57,12.72,4.83,6.49,5.24,3.08||0.00,0.00,0.00,0.04,0.04,0.04||3.46,7.95,0.98,23.15,18.30,11.40||6.31,0.96,1.11,0.25,0.48||11.32,3.70,1.79,7.64,2.38||0.00,0.01,0.50,0.60,0.00||34.73,29.11,122.36,50.15,5.85||11.69,3.76,8.29||2.08,5.51,22.85,10.29,13.06,2.63||
3.04,19.61,12.75,4.84,6.50,5.25,3.08||0.00,0.00,0.00,0.04,0.04,0.04||3.46,7.95,0.98,23.15,18.30,11.40||6.31,0.96,1.11,0.25,0.48||11.33,3.70,1.79,7.64,2.38||0.00,0.01,0.50,0.60,0.00||27.67,11.67,41.89,45.71,3.42||8.69,2.92,6.53||1.39,3.77,14.24,7.31,9.70,1.74||
3.04,19.58,12.73,4.83,6.49,5.25,3.08||0.00,0.00,0.00,0.04,0.04,0.04||3.46,7.95,0.98,23.15,18.30,11.40||6.33,0.96,1.11,0.25,0.48||11.33,3.70,1.79,7.64,2.38||0.00,0.01,0.50,0.60,0.00||25.47,8.36,28.33,44.19,2.81||10.93,3.55,7.85||0.22,0.68,1.69,1.55,2.52,0.27||
3.05,19.66,12.77,4.85,6.51,5.26,3.09||0.00,0.00,0.00,0.04,0.04,0.04||3.46,7.95,0.98,23.15,18.30,11.40||6.41,0.97,1.14,0.25,0.48||11.33,3.70,1.79,7.65,2.38||0.00,0.01,0.50,0.60,0.00||14.01,0.76,1.69,34.63,0.68||7.33,2.53,5.69||2.75,7.16,31.63,13.03,16.04,3.49||
3.06,19.76,12.82,4.87,6.54,5.28,3.10||0.00,0.00,0.00,0.04,0.04,0.04||3.46,7.95,0.98,23.15,18.30,11.40||6.42,0.97,1.14,0.25,0.48||11.40,3.71,1.82,7.68,2.39||0.00,0.01,0.50,0.60,0.00||11.08,0.29,0.56,31.47,0.39||6.88,2.39,5.41||0.99,2.75,9.61,5.49,7.56,1.24||
3.06,19.73,12.81,4.86,6.54,5.28,3.10||0.00,0.00,0.00,0.04,0.04,0.04||3.46,7.95,0.98,23.15,18.30,11.40||6.43,0.97,1.14,0.25,0.48||11.49,3.72,1.85,7.71,2.39||0.00,0.01,0.50,0.60,0.00||16.69,1.53,3.85,37.19,1.03||7.94,2.71,6.07||0.65,1.86,5.93,3.87,5.57,0.81||
3.06,19.77,12.83,4.87,6.55,5.28,3.10||0.00,0.00,0.00,0.04,0.04,0.04||3.52,7.98,1.01,23.33,18.38,11.55||6.43,0.97,1.14,0.25,0.48||11.29,3.70,1.78,7.63,2.38||0.00,0.01,0.50,0.60,0.00||14.90,0.97,2.25,35.51,0.79||5.50,1.98,4.51||1.49,4.04,15.55,7.78,10.25,1.88||
3.07,19.82,12.85,4.88,6.56,5.29,3.11||0.00,0.00,0.00,0.04,0.04,0.04||3.47,7.95,0.99,23.18,18.32,11.43||6.43,0.97,1.14,0.25,0.48||11.25,3.69,1.77,7.61,2.37||0.00,0.01,0.50,0.60,0.00||11.27,0.31,0.60,31.69,0.41||6.85,2.38,5.39||3.17,8.17,37.30,14.69,17.80,4.02||
3.07,19.83,12.86,4.89,6.56,5.29,3.11||0.00,0.00,0.00,0.04,0.04,0.04||3.62,8.03,1.05,23.61,18.50,11.77||6.43,0.97,1.14,0.25,0.48||11.24,3.69,1.77,7.61,2.37||0.00,0.01,0.50,0.60,0.00||28.82,13.74,50.73,46.47,3.76||11.06,3.59,7.92||1.19,3.26,11.88,6.40,8.65,1.49||
3.07,19.83,12.86,4.89,6.56,5.29,3.11||0.00,0.00,0.00,0.04,0.04,0.04||3.62,8.02,1.05,23.61,18.50,11.77||6.43,0.97,1.14,0.25,0.48||11.38,3.71,1.81,7.67,2.38||0.00,0.01,0.50,0.60,0.00||19.42,2.81,7.87,39.56,1.48||10.11,3.32,7.37||1.02,2.84,10.03,5.66,7.77,1.28||
3.07,19.83,12.86,4.89,6.57,5.29,3.11||0.00,0.00,0.00,0.04,0.04,0.04||3.59,8.01,1.04,23.51,18.46,11.69||6.33,0.96,1.11,0.25,0.48||11.34,3.70,1.80,7.65,2.38||0.00,0.01,0.50,0.60,0.00||26.73,10.15,35.53,45.07,3.15||9.51,3.15,7.02||6.14,15.14,80.32,25.62,28.88,7.84||
3.05,19.71,12.79,4.86,6.53,5.27,3.09||0.00,0.00,0.00,0.04,0.04,0.04||3.52,7.97,1.01,23.31,18.37,11.53||6.31,0.96,1.11,0.25,0.48||11.26,3.69,1.77,7.62,2.37||0.00,0.01,0.50,0.60,0.00||42.56,65.94,319.28,54.48,9.46||13.22,4.17,9.15||0.66,1.88,6.00,3.90,5.62,0.82||
3.04,19.60,12.74,4.83,6.49,5.25,3.08||0.00,0.00,0.00,0.04,0.04,0.04||3.50,7.97,1.00,23.27,18.36,11.50||6.22,0.95,1.08,0.24,0.47||11.17,3.68,1.74,7.58,2.37||0.00,0.01,0.50,0.60,0.00||35.58,32.09,137.17,50.65,6.19||13.98,4.38,9.57||0.67,1.90,6.09,3.94,5.67,0.83||
3.04,19.58,12.73,4.83,6.49,5.25,3.08||0.00,0.00,0.00,0.04,0.04,0.04||3.50,7.97,1.00,23.26,18.35,11.50||6.12,0.94,1.06,0.24,0.47||11.22,3.69,1.76,7.60,2.37||0.00,0.01,0.50,0.60,0.00||21.09,3.91,11.62,40.92,1.80||11.41,3.68,8.12||0.98,2.72,9.51,5.45,7.51,1.23||
3.04,19.57,12.73,4.83,6.49,5.24,3.08||0.00,0.00,0.00,0.04,0.04,0.04||3.47,7.95,0.99,23.17,18.31,11.42||6.09,0.94,1.05,0.24,0.47||11.31,3.70,1.79,7.64,2.38||0.00,0.01,0.50,0.60,0.00||27.93,12.12,43.75,45.88,3.49||9.23,3.07,6.85||1.19,3.26,11.88,6.40,8.65,1.49||
3.04,19.57,12.72,4.83,6.49,5.24,3.08||0.00,0.00,0.00,0.04,0.04,0.04||3.46,7.95,0.98,23.15,18.30,11.41||6.01,0.93,1.03,0.24,0.46||11.32,3.70,1.79,7.64,2.38||0.00,0.01,0.50,0.60,0.00||29.34,14.77,55.19,46.81,3.92||10.86,3.53,7.81||2.02,5.36,22.11,10.05,12.79,2.55||
3.04,19.57,12.72,4.83,6.49,5.24,3.08||0.00,0.00,0.00,0.04,0.04,0.04||3.46,7.95,0.98,23.15,18.30,11.40||5.98,0.93,1.02,0.23,0.46||11.26,3.69,1.77,7.61,2.37||0.00,0.01,0.50,0.60,0.00||21.61,4.32,13.04,41.33,1.90||10.76,3.50,7.75||2.14,5.65,23.59,10.53,13.33,2.70||
3.03,19.44,12.66,4.80,6.45,5.22,3.06||0.00,0.00,0.00,0.04,0.04,0.04||3.46,7.95,0.98,23.15,18.30,11.40||5.88,0.92,0.99,0.23,0.46||11.17,3.68,1.74,7.58,2.37||0.00,0.01,0.50,0.60,0.00||25.66,8.62,29.35,44.33,2.86||8.90,2.98,6.65||0.65,1.85,5.90,3.85,5.56,0.81||
3.02,19.38,12.63,4.78,6.43,5.21,3.05||0.00,0.00,0.00,0.04,0.04,0.04||3.46,7.95,0.98,23.15,18.30,11.40||5.86,0.92,0.99,0.23,0.46||11.22,3.69,1.76,7.60,2.37||0.00,0.00,0.50,0.60,0.00||22.07,4.69,14.39,41.68,2.00||8.95,2.99,6.68||0.38,1.13,3.20,2.47,3.78,0.48||
3.01,19.32,12.60,4.77,6.41,5.20,3.05||0.00,0.00,0.00,0.04,0.04,0.04||3.46,7.95,0.98,23.15,18.30,11.40||5.79,0.91,0.97,0.23,0.45||11.24,3.69,1.76,7.61,2.37||0.00,0.00,0.50,0.60,0.00||19.94,3.12,8.92,39.99,1.57||7.24,2.50,5.63||0.10,0.32,0.66,0.78,1.39,0.12||
3.01,19.31,12.59,4.77,6.41,5.19,3.05||0.00,0.00,0.00,0.04,0.04,0.04||3.46,7.95,0.98,23.15,18.30,11.40||5.76,0.91,0.96,0.23,0.45||11.24,3.69,1.76,7.61,2.37||0.00,0.00,0.50,0.60,0.00||17.11,1.69,4.33,37.57,1.10||7.05,2.44,5.51||0.17,0.52,1.22,1.23,2.06,0.21||
3.01,19.31,12.59,4.77,6.41,5.19,3.05||0.00,0.00,0.00,0.04,0.04,0.04||3.46,7.95,0.98,23.15,18.30,11.40||5.75,0.91,0.96,0.23,0.45||11.24,3.69,1.76,7.61,2.37||0.00,0.00,0.50,0.60,0.00||14.39,0.84,1.91,35.01,0.73||7.06,2.45,5.52||0.09,0.30,0.62,0.75,1.34,0.11||
3.01,19.31,12.59,4.77,6.41,5.19,3.05||0.00,0.00,0.00,0.04,0.04,0.04||3.46,7.95,0.98,23.15,18.30,11.40||5.66,0.90,0.94,0.22,0.45||11.24,3.69,1.76,7.61,2.37||0.00,0.00,0.50,0.60,0.00||23.29,5.83,18.56,42.61,2.27||7.55,2.59,5.83||0.74,2.11,6.92,4.32,6.14,0.93||
3.01,19.31,12.59,4.77,6.41,5.19,3.05||0.00,0.00,0.00,0.04,0.04,0.04||3.46,7.95,0.98,23.15,18.30,11.40||5.65,0.90,0.93,0.22,0.45||11.31,3.70,1.79,7.64,2.38||0.00,0.00,0.50,0.60,0.00||32.63,22.66,91.19,48.89,5.05||9.73,3.21,7.15||2.33,6.12,26.03,11.31,14.18,2.94||
3.01,19.27,12.57,4.76,6.40,5.19,3.04||0.00,0.00,0.00,0.04,0.04,0.04||3.46,7.95,0.98,23.15,18.30,11.40||5.61,0.90,0.92,0.22,0.45||11.18,3.68,1.75,7.58,2.37||0.00,0.00,0.50,0.60,0.00||31.97,20.86,82.78,48.48,4.81||9.41,3.13,6.96||0.50,1.46,4.39,3.11,4.61,0.63||
2.99,19.09,12.48,4.72,6.35,5.15,3.02||0.00,0.00,0.00,0.04,0.04,0.04||3.46,7.95,0.98,23.15,18.30,11.40||5.55,0.89,0.91,0.22,0.44||11.01,3.66,1.69,7.51,2.35||0.00,0.00,0.50,0.60,0.00||20.93,3.80,11.21,40.79,1.76||9.93,3.27,7.26||0.69,1.96,6.32,4.05,5.80,0.86||
2.98,19.06,12.46,4.71,6.34,5.15,3.02||0.00,0.00,0.00,0.04,0.04,0.04||3.46,7.95,0.98,23.15,18.30,11.40||5.54,0.89,0.91,0.22,0.44||11.19,3.68,1.75,7.59,2.37||0.00,0.00,0.50,0.60,0.00||11.27,0.31,0.60,31.69,0.41||7.27,2.51,5.65||0.22,0.67,1.68,1.55,2.51,0.27||
2.98,19.05,12.46,4.71,6.33,5.14,3.02||0.00,0.00,0.00,0.04,0.04,0.04||3.46,7.95,0.98,23.15,18.30,11.40||5.52,0.89,0.90,0.22,0.44||11.23,3.69,1.76,7.60,2.37||0.00,0.00,0.50,0.60,0.00||31.22,18.96,74.00,48.02,4.55||10.32,3.38,7.49||0.15,0.46,1.04,1.09,1.85,0.18||
2.98,19.05,12.46,4.71,6.33,5.14,3.02||0.00,0.00,0.00,0.04,0.04,0.04||3.46,7.95,0.98,23.15,18.30,11.40||5.45,0.88,0.88,0.22,0.44||10.88,3.64,1.65,7.46,2.34||0.00,0.00,0.50,0.60,0.00||26.76,10.20,35.76,45.09,3.16||8.84,2.96,6.62||0.16,0.49,1.14,1.17,1.97,0.19||
2.98,19.05,12.46,4.71,6.33,5.14,3.02||0.00,0.00,0.00,0.04,0.04,0.04||3.46,7.95,0.98,23.15,18.30,11.40||5.44,0.88,0.88,0.22,0.44||11.02,3.66,1.69,7.52,2.35||0.00,0.00,0.50,0.60,0.00||14.60,0.89,2.05,35.22,0.75||7.23,2.50,5.63||0.54,1.55,4.73,3.28,4.83,0.67||
2.98,19.05,12.46,4.71,6.33,5.14,3.02||0.00,0.00,0.00,0.04,0.04,0.04||3.46,7.95,0.98,23.15,18.30,11.40||5.42,0.88,0.88,0.21,0.44||11.12,3.67,1.73,7.56,2.36||0.00,0.00,0.50,0.60,0.00||25.46,8.35,28.28,44.19,2.81||12.37,3.94,8.67||3.47,8.89,41.45,15.86,19.02,4.41||
2.98,19.05,12.46,4.71,6.33,5.14,3.02||0.00,0.00,0.00,0.04,0.04,0.04||3.46,7.95,0.98,23.15,18.30,11.40||5.37,0.88,0.86,0.21,0.44||11.22,3.69,1.76,7.60,2.37||0.00,0.00,0.50,0.60,0.00||32.23,21.55,86.00,48.64,4.90||12.05,3.86,8.49||1.92,5.12,20.86,9.63,12.33,2.43||
2.98,19.05,12.46,4.71,6.33,5.14,3.02||0.00,0.00,0.00,0.04,0.04,0.04||3.43,7.93,0.97,23.06,18.26,11.33||5.34,0.87,0.86,0.21,0.43||11.16,3.68,1.74,7.58,2.37||0.00,0.00,0.50,0.60,0.00||31.41,19.43,76.14,48.13,4.61||6.87,2.39,5.40||0.19,0.59,1.42,1.37,2.27,0.24||
2.98,19.05,12.46,4.71,6.33,5.14,3.02||0.00,0.00,0.00,0.04,0.04,0.04||3.33,7.88,0.93,22.77,18.14,11.11||5.34,0.87,0.85,0.21,0.43||11.15,3.68,1.74,7.57,2.36||0.00,0.00,0.50,0.60,0.00||15.87,1.25,3.04,36.43,0.92||5.92,2.11,4.79||0.41,1.21,3.48,2.63,3.99,0.51||
2.98,19.05,12.46,4.71,6.33,5.14,3.02||0.00,0.00,0.00,0.04,0.04,0.04||3.31,7.87,0.92,22.71,18.11,11.06||5.29,0.87,0.84,0.21,0.43||10.94,3.65,1.67,7.48,2.35||0.00,0.00,0.50,0.59,0.00||26.15,9.30,32.07,44.67,2.99||9.32,3.10,6.90||1.28,3.49,12.96,6.82,9.13,1.60||
2.97,18.93,12.40,4.68,6.30,5.12,3.00||0.00,0.00,0.00,0.04,0.04,0.04||3.33,7.89,0.93,22.79,18.15,11.12||5.25,0.87,0.83,0.21,0.43||10.96,3.65,1.67,7.49,2.35||0.00,0.00,0.50,0.59,0.00||33.32,24.64,100.61,49.31,5.30||9.86,3.25,7.23||0.27,0.81,2.11,1.83,2.91,0.33||
2.97,18.90,12.38,4.68,6.29,5.12,3.00||0.00,0.00,0.00,0.04,0.04,0.04||3.28,7.86,0.91,22.63,18.08,11.00||5.24,0.86,0.83,0.21,0.43||11.04,3.66,1.70,7.52,2.36||0.00,0.00,0.50,0.59,0.00||27.36,11.15,39.71,45.50,3.33||10.53,3.44,7.62||0.16,0.49,1.13,1.16,1.96,0.19||
2.96,18.86,12.36,4.67,6.28,5.11,2.99||0.00,0.00,0.00,0.04,0.04,0.04||3.27,7.85,0.90,22.60,18.06,10.97||5.24,0.86,0.83,0.21,0.43||11.06,3.66,1.70,7.53,2.36||0.00,0.00,0.50,0.59,0.00||17.62,1.90,4.98,38.03,1.17||6.68,2.33,5.28||0.14,0.45,1.01,1.07,1.83,0.17||
2.95,18.81,12.34,4.66,6.26,5.10,2.99||0.00,0.00,0.00,0.04,0.04,0.04||3.27,7.85,0.90,22.59,18.06,10.97||5.22,0.86,0.83,0.21,0.43||10.99,3.65,1.68,7.50,2.35||0.00,0.00,0.50,0.59,0.00||19.42,2.81,7.88,39.57,1.48||6.69,2.34,5.29||0.17,0.54,1.26,1.26,2.10,0.21||
2.96,18.84,12.35,4.66,6.27,5.10,2.99||0.00,0.00,0.00,0.04,0.04,0.04||3.26,7.85,0.90,22.59,18.06,10.97||5.16,0.86,0.81,0.21,0.43||11.19,3.68,1.75,7.59,2.37||0.00,0.00,0.50,0.59,0.00||24.48,7.13,23.50,43.48,2.56||8.51,2.87,6.42||1.20,3.29,12.04,6.47,8.72,1.50||
2.95,18.81,12.33,4.66,6.26,5.10,2.99||0.00,0.00,0.00,0.04,0.04,0.04||3.26,7.85,0.90,22.59,18.06,10.97||5.14,0.86,0.81,0.20,0.43||11.09,3.67,1.71,7.54,2.36||0.00,0.00,0.50,0.59,0.00||27.19,10.87,38.52,45.38,3.28||5.23,1.90,4.33||0.91,2.53,8.68,5.10,7.10,1.13||
2.95,18.80,12.33,4.66,6.26,5.10,2.99||0.00,0.00,0.00,0.04,0.04,0.04||3.26,7.85,0.90,22.59,18.06,10.97||5.14,0.86,0.81,0.20,0.43||11.07,3.66,1.71,7.53,2.36||0.00,0.00,0.50,0.59,0.00||16.58,1.49,3.73,37.09,1.02||6.20,2.19,4.97||0.72,2.05,6.67,4.21,6.00,0.90||
2.95,18.80,12.33,4.66,6.26,5.10,2.99||0.00,0.00,0.00,0.04,0.04,0.04||3.26,7.85,0.90,22.59,18.06,10.97||5.14,0.86,0.81,0.20,0.43||11.06,3.66,1.71,7.53,2.36||0.00,0.00,0.50,0.59,0.00||21.85,4.51,13.73,41.51,1.95||7.68,2.63,5.91||2.24,5.89,24.84,10.94,13.77,2.83||
2.95,18.80,12.33,4.66,6.26,5.10,2.99||0.00,0.00,0.00,0.04,0.04,0.04||3.26,7.85,0.90,22.59,18.06,10.97||5.06,0.85,0.79,0.20,0.42||11.06,3.66,1.71,7.53,2.36||0.00,0.00,0.50,0.59,0.00||26.37,9.61,33.35,44.82,3.05||7.29,2.51,5.66||1.15,3.16,11.43,6.23,8.44,1.44||
2.95,18.80,12.33,4.66,6.26,5.10,2.99||0.00,0.00,0.00,0.04,0.04,0.04||3.26,7.85,0.90,22.59,18.06,10.97||5.05,0.85,0.78,0.20,0.42||11.06,3.66,1.71,7.53,2.36||0.00,0.00,0.50,0.59,0.00||35.72,32.60,139.72,50.73,6.25||7.38,2.54,5.72||0.90,2.53,8.68,5.10,7.09,1.13||
2.95,18.76,12.31,4.65,6.25,5.09,2.98||0.00,0.00,0.00,0.04,0.04,0.04||3.26,7.85,0.90,22.59,18.06,10.97||5.05,0.85,0.78,0.20,0.42||11.06,3.66,1.71,7.53,2.36||0.00,0.00,0.50,0.59,0.00||15.03,1.00,2.35,35.64,0.81||6.29,2.22,5.03||0.61,1.76,5.52,3.67,5.33,0.76||
2.95,18.79,12.32,4.65,6.26,5.09,2.99||0.00,0.00,0.00,0.04,0.04,0.04||3.26,7.85,0.90,22.59,18.06,10.97||5.05,0.85,0.78,0.20,0.42||10.99,3.65,1.68,7.50,2.35||0.00,0.00,0.50,0.59,0.00||13.02,0.56,1.19,33.61,0.57||6.13,2.17,4.92||0.84,2.37,7.99,4.80,6.73,1.05||
2.95,18.76,12.31,4.65,6.25,5.09,2.98||0.00,0.00,0.00,0.04,0.04,0.04||3.26,7.85,0.90,22.59,18.06,10.97||5.05,0.85,0.78,0.20,0.42||10.98,3.65,1.68,7.50,2.35||0.00,0.00,0.50,0.59,0.00||22.23,4.84,14.90,41.81,2.04||7.94,2.70,6.07||0.72,2.03,6.61,4.18,5.97,0.89||
2.95,18.75,12.30,4.64,6.24,5.09,2.98||0.00,0.00,0.00,0.04,0.04,0.04||3.26,7.85,0.90,22.59,18.06,10.97||4.97,0.84,0.77,0.20,0.42||10.97,3.65,1.68,7.50,2.35||0.00,0.00,0.50,0.59,0.00||19.82,3.05,8.66,39.89,1.55||6.37,2.24,5.08||2.23,5.88,24.76,10.91,13.74,2.82||
2.93,18.59,12.22,4.61,6.20,5.06,2.96||0.00,0.00,0.00,0.04,0.04,0.04||3.26,7.85,0.90,22.59,18.06,10.97||4.96,0.84,0.76,0.20,0.42||11.04,3.66,1.70,7.53,2.36||0.00,0.00,0.50,0.59,0.00||22.01,4.65,14.21,41.63,1.99||12.22,3.90,8.59||3.79,9.65,45.89,17.07,20.28,4.82||
2.93,18.56,12.20,4.60,6.19,5.05,2.96||0.00,0.00,0.00,0.04,0.04,0.04||3.26,7.85,0.90,22.59,18.06,10.97||4.95,0.84,0.76,0.20,0.42||11.06,3.66,1.70,7.53,2.36||0.00,0.00,0.50,0.59,0.00||19.05,2.60,7.19,39.25,1.41||12.02,3.85,8.47||2.28,6.00,25.38,11.11,13.96,2.88||
2.93,18.55,12.20,4.60,6.19,5.05,2.96||0.00,0.00,0.00,0.04,0.04,0.04||3.26,7.85,0.90,22.59,18.06,10.97||4.95,0.84,0.76,0.20,0.42||10.92,3.64,1.66,7.47,2.35||0.00,0.00,0.50,0.59,0.00||16.95,1.62,4.14,37.43,1.07||10.93,3.55,7.85||1.17,3.21,11.67,6.32,8.55,1.46||
2.92,18.55,12.20,4.60,6.18,5.05,2.96||0.00,0.00,0.00,0.04,0.04,0.04||3.26,7.85,0.90,22.59,18.06,10.97||4.95,0.84,0.76,0.20,0.42||10.96,3.65,1.67,7.49,2.35||0.00,0.00,0.50,0.59,0.00||28.13,12.46,45.23,46.02,3.55||11.06,3.59,7.92||0.26,0.79,2.04,1.78,2.84,0.32||
2.92,18.55,12.20,4.60,6.18,5.05,2.96||0.00,0.00,0.00,0.04,0.04,0.04||3.26,7.85,0.90,22.59,18.06,10.97||4.95,0.84,0.76,0.20,0.42||10.90,3.64,1.65,7.47,2.34||0.00,0.00,0.50,0.59,0.00||30.23,16.64,63.51,47.38,4.21||8.50,2.86,6.41||0.21,0.64,1.58,1.48,2.42,0.26||
2.92,18.55,12.20,4.60,6.18,5.05,2.96||0.00,0.00,0.00,0.04,0.04,0.04||3.26,7.85,0.90,22.59,18.06,10.97||4.89,0.83,0.75,0.20,0.41||11.03,3.66,1.70,7.52,2.35||0.00,0.00,0.50,0.59,0.00||21.27,4.05,12.09,41.06,1.83||7.58,2.60,5.85||0.24,0.73,1.85,1.66,2.67,0.29||
2.92,18.55,12.20,4.60,6.18,5.05,2.96||0.00,0.00,0.00,0.04,0.04,0.04||3.26,7.85,0.90,22.59,18.06,10.97||4.90,0.83,0.75,0.20,0.41||11.05,3.66,1.70,7.53,2.36||0.00,0.00,0.50,0.59,0.00||16.38,1.42,3.53,36.91,0.99||7.45,2.56,5.76||0.41,1.20,3.43,2.60,3.95,0.50||
2.92,18.55,12.20,4.60,6.18,5.05,2.96||0.00,0.00,0.00,0.04,0.04,0.04||3.23,7.84,0.89,22.50,18.02,10.90||4.87,0.83,0.74,0.19,0.41||10.99,3.65,1.68,7.50,2.35||0.00,0.00,0.50,0.59,0.00||15.84,1.24,3.01,36.40,0.91||5.73,2.05,4.67||0.71,2.01,6.51,4.14,5.92,0.88||
2.92,18.55,12.20,4.60,6.18,5.05,2.96||0.00,0.00,0.00,0.04,0.04,0.04||3.20,7.82,0.88,22.40,17.97,10.81||4.86,0.83,0.74,0.19,0.41||11.05,3.66,1.70,7.53,2.36||0.00,0.00,0.50,0.59,0.00||33.23,24.38,99.38,49.25,5.27||8.78,2.95,6.58||0.26,0.79,2.04,1.78,2.84,0.32||
2.92,18.55,12.20,4.60,6.18,5.05,2.96||0.00,0.00,0.00,0.04,0.04,0.04||3.16,7.80,0.86,22.29,17.93,10.73||4.86,0.83,0.74,0.19,0.41||10.99,3.65,1.68,7.50,2.35||0.00,0.00,0.50,0.59,0.00||32.08,21.15,84.13,48.55,4.85||9.41,3.12,6.96||1.05,2.91,10.33,5.79,7.92,1.32||
2.92,18.55,12.20,4.60,6.18,5.05,2.96||0.00,0.00,0.00,0.04,0.04,0.04||3.21,7.82,0.88,22.44,17.99,10.85||4.86,0.83,0.74,0.19,0.41||10.84,3.63,1.63,7.44,2.34||0.00,0.00,0.50,0.59,0.00||62.71,313.50,1988.27,63.81,23.67||10.35,3.39,7.51||1.56,4.20,16.29,8.05,10.55,1.96||
2.92,18.55,12.20,4.60,6.18,5.05,2.96||0.00,0.00,0.00,0.04,0.04,0.04||3.14,7.78,0.85,22.21,17.89,10.67||4.86,0.83,0.74,0.19,0.41||10.87,3.64,1.65,7.45,2.34||0.00,0.00,0.50,0.59,0.00||20.67,3.61,10.58,40.59,1.71||10.14,3.33,7.39||3.56,9.09,42.60,16.17,19.35,4.52||
2.92,18.55,12.20,4.60,6.18,5.05,2.96||0.00,0.00,0.00,0.04,0.04,0.04||3.15,7.79,0.86,22.25,17.91,10.70||4.83,0.83,0.73,0.19,0.41||11.02,3.66,1.69,7.52,2.35||0.00,0.00,0.50,0.59,0.00||29.52,15.13,56.80,46.93,3.98||10.73,3.49,7.73||6.70,16.43,88.95,27.59,30.80,8.57||
2.92,18.55,12.20,4.60,6.18,5.05,2.96||0.00,0.00,0.00,0.03,0.04,0.04||3.15,7.79,0.86,22.26,17.91,10.71||4.80,0.82,0.72,0.19,0.41||10.84,3.63,1.64,7.44,2.34||0.00,0.00,0.50,0.59,0.00||50.21,128.18,696.36,58.28,13.99||12.52,3.98,8.76||6.59,16.18,87.22,27.20,30.42,8.42||
2.92,18.47,12.16,4.58,6.16,5.03,2.95||0.00,0.00,0.00,0.03,0.04,0.04||3.12,7.78,0.85,22.17,17.88,10.64||4.77,0.82,0.72,0.19,0.41||10.81,3.63,1.62,7.43,2.34||0.00,0.00,0.50,0.59,0.00||25.47,8.36,28.30,44.19,2.81||8.10,2.75,6.17||0.20,0.61,1.47,1.40,2.31,0.24||
2.91,18.45,12.15,4.58,6.16,5.03,2.95||0.00,0.00,0.00,0.04,0.04,0.04||3.09,7.76,0.83,22.07,17.83,10.56||4.77,0.82,0.72,0.19,0.41||10.87,3.64,1.64,7.45,2.34||0.00,0.00,0.50,0.59,0.00||25.02,7.78,26.02,43.87,2.69||7.54,2.59,5.82||0.17,0.54,1.26,1.26,2.10,0.21||
2.91,18.41,12.13,4.57,6.14,5.02,2.94||0.00,0.00,0.00,0.03,0.04,0.04||3.08,7.76,0.83,22.05,17.82,10.55||4.77,0.82,0.72,0.19,0.41||10.81,3.63,1.63,7.43,2.34||0.00,0.00,0.50,0.59,0.00||28.44,13.04,47.68,46.23,3.65||7.96,2.71,6.08||1.22,3.34,12.25,6.55,8.81,1.53||
2.91,18.40,12.12,4.57,6.14,5.02,2.94||0.00,0.00,0.00,0.03,0.04,0.04||3.08,7.76,0.83,22.04,17.82,10.54||4.77,0.82,0.72,0.19,0.41||10.94,3.65,1.67,7.48,2.35||0.00,0.00,0.50,0.59,0.00||32.38,21.96,87.90,48.73,4.96||8.70,2.92,6.53||0.68,1.94,6.25,4.02,5.76,0.85||
2.90,18.36,12.10,4.56,6.13,5.01,2.94||0.00,0.00,0.00,0.03,0.04,0.04||3.08,7.76,0.83,22.04,17.82,10.54||4.77,0.82,0.72,0.19,0.41||10.90,3.64,1.65,7.46,2.34||0.00,0.00,0.50,0.59,0.00||23.96,6.54,21.22,43.10,2.43||14.51,4.52,9.86||9.66,23.13,136.05,37.56,40.27,12.40||
2.90,18.31,12.08,4.55,6.12,5.00,2.93||0.00,0.00,0.00,0.03,0.04,0.04||3.08,7.76,0.83,22.04,17.82,10.54||4.77,0.82,0.72,0.19,0.41||10.89,3.64,1.65,7.46,2.34||0.00,0.00,0.50,0.59,0.00||27.57,11.50,41.16,45.64,3.39||10.96,3.56,7.86||33.39,73.76,575.39,106.93,100.04,43.45||
2.90,18.30,12.07,4.55,6.11,5.00,2.93||0.00,0.00,0.00,0.03,0.04,0.04||3.08,7.76,0.83,22.04,17.82,10.54||4.77,0.82,0.72,0.19,0.41||10.95,3.65,1.67,7.49,2.35||0.00,0.00,0.50,0.59,0.00||16.40,1.42,3.55,36.93,0.99||6.25,2.21,5.01||0.39,1.15,3.25,2.50,3.82,0.48||
2.91,18.38,12.11,4.56,6.13,5.01,2.94||0.00,0.00,0.00,0.03,0.04,0.04||3.08,7.76,0.83,22.04,17.82,10.54||4.77,0.82,0.72,0.19,0.41||10.97,3.65,1.68,7.49,2.35||0.00,0.00,0.50,0.59,0.00||27.86,12.00,43.26,45.84,3.47||6.43,2.26,5.12||1.60,4.31,16.82,8.24,10.77,2.01||
2.90,18.32,12.08,4.55,6.12,5.00,2.93||0.00,0.00,0.00,0.03,0.04,0.04||3.08,7.76,0.83,22.04,17.82,10.54||4.71,0.82,0.70,0.19,0.41||10.90,3.64,1.65,7.47,2.34||0.00,0.00,0.50,0.59,0.00||25.94,8.99,30.85,44.52,2.93||11.83,3.80,8.36||0.80,2.24,7.47,4.57,6.45,0.99||
2.90,18.30,12.07,4.55,6.11,5.00,2.93||0.00,0.00,0.00,0.03,0.04,0.04||3.08,7.76,0.83,22.04,17.82,10.54||4.70,0.81,0.70,0.19,0.41||10.89,3.64,1.65,7.46,2.34||0.00,0.00,0.50,0.59,0.00||32.77,23.05,93.04,48.98,5.10||12.93,4.09,8.99||0.84,2.35,7.91,4.77,6.69,1.04||
2.90,18.30,12.07,4.54,6.11,5.00,2.93||0.00,0.00,0.00,0.03,0.04,0.04||3.08,7.76,0.83,22.04,17.82,10.54||4.70,0.81,0.70,0.19,0.41||10.89,3.64,1.65,7.46,2.34||0.00,0.00,0.50,0.59,0.00||22.40,4.99,15.44,41.93,2.07||11.27,3.64,8.04||4.85,12.14,61.06,21.00,24.29,6.18||
2.90,18.30,12.07,4.54,6.11,5.00,2.93||0.00,0.00,0.00,0.03,0.04,0.04||3.08,7.76,0.83,22.04,17.82,10.54||4.68,0.81,0.70,0.19,0.40||10.88,3.64,1.65,7.46,2.34||0.00,0.00,0.50,0.59,0.00||31.03,18.51,71.92,47.90,4.48||10.48,3.42,7.59||0.70,2.00,6.46,4.12,5.89,0.88||
2.90,18.30,12.07,4.54,6.11,5.00,2.93||0.00,0.00,0.00,0.03,0.04,0.04||3.08,7.76,0.83,22.04,17.82,10.54||4.68,0.81,0.70,0.19,0.40||10.95,3.65,1.67,7.49,2.35||0.00,0.00,0.50,0.59,0.00||25.88,8.92,30.55,44.48,2.92||6.22,2.20,4.99||0.45,1.31,3.84,2.82,4.24,0.56||
2.90,18.30,12.07,4.54,6.11,5.00,2.93||0.00,0.00,0.00,0.03,0.04,0.04||3.08,7.76,0.83,22.04,17.82,10.54||4.68,0.81,0.70,0.19,0.40||10.69,3.61,1.59,7.38,2.33||0.00,0.00,0.50,0.59,0.00||27.00,10.58,37.32,45.26,3.23||5.86,2.09,4.75||0.19,0.60,1.44,1.39,2.28,0.24||
2.90,18.30,12.07,4.54,6.11,5.00,2.93||0.00,0.00,0.00,0.03,0.04,0.04||3.08,7.76,0.83,22.04,17.82,10.54||4.68,0.81,0.70,0.19,0.40||10.78,3.62,1.61,7.41,2.33||0.00,0.00,0.50,0.59,0.00||36.24,34.53,149.48,51.02,6.47||5.76,2.06,4.68||0.64,1.84,5.85,3.83,5.53,0.80||
2.90,18.30,12.07,4.54,6.11,5.00,2.93||0.00,0.00,0.00,0.03,0.04,0.04||3.08,7.76,0.83,22.04,17.82,10.54||4.68,0.81,0.70,0.19,0.40||10.86,3.64,1.64,7.45,2.34||0.00,0.00,0.50,0.59,0.00||40.96,56.54,266.56,53.64,8.64||11.59,3.73,8.23||0.89,2.49,8.51,5.03,7.00,1.11||
2.90,18.30,12.07,4.54,6.11,5.00,2.93||0.00,0.00,0.00,0.03,0.04,0.04||3.08,7.76,0.83,22.04,17.82,10.54||4.68,0.81,0.70,0.19,0.40||10.88,3.64,1.65,7.46,2.34||0.00,0.00,0.49,0.59,0.00||35.98,33.54,144.46,50.87,6.36||12.63,4.01,8.82||0.47,1.38,4.09,2.96,4.41,0.59||
2.90,18.30,12.07,4.54,6.11,5.00,2.93||0.00,0.00,0.00,0.03,0.04,0.04||3.08,7.76,0.83,22.04,17.82,10.54||4.68,0.81,0.70,0.19,0.40||10.88,3.64,1.65,7.46,2.34||0.00,0.00,0.50,0.59,0.00||12.06,0.41,0.83,32.58,0.48||6.10,2.16,4.91||0.62,1.78,5.60,3.71,5.38,0.77||
2.90,18.30,12.07,4.54,6.11,5.00,2.93||0.00,0.00,0.00,0.03,0.04,0.04||3.08,7.76,0.83,22.04,17.82,10.54||4.64,0.81,0.69,0.19,0.40||10.82,3.63,1.63,7.43,2.34||0.00,0.00,0.50,0.59,0.00||14.69,0.91,2.11,35.31,0.76||7.07,2.45,5.53||0.33,1.00,2.73,2.20,3.42,0.41||
