4.58,34.68,19.94,8.08,10.79,7.89,4.67||0.00,0.00,0.00,0.08,0.07,0.08||61.60,14.59,70.65,78.50,35.66,80.91||12.91,1.43,3.37,0.47,0.70||54.43,7.09,49.63,20.15,4.41||0.02,0.05,0.70,0.81,0.01||84.93,1062.17,8320.53,72.21,48.52||37.61,10.15,21.23||3.35,8.61,39.80,15.40,18.54,4.26||
3.10,20.13,13.01,4.95,6.65,5.35,3.14||0.00,0.00,0.00,0.04,0.04,0.04||5.33,8.71,1.87,27.81,20.23,15.31||5.55,0.89,0.91,0.22,0.44||17.96,4.48,4.75,10.16,2.85||0.00,0.01,0.53,0.63,0.00||36.91,37.17,162.96,51.41,6.75||12.10,3.87,8.52||0.21,0.65,1.60,1.50,2.44,0.26||
2.89,18.25,12.05,4.53,6.10,4.99,2.92||0.00,0.00,0.00,0.04,0.04,0.04||3.43,7.93,0.97,23.07,18.27,11.35||4.77,0.82,0.72,0.19,0.41||14.90,4.15,3.21,9.06,2.65||0.00,0.01,0.50,0.60,0.00||51.46,141.52,782.07,58.87,14.83||18.59,5.58,12.04||0.65,1.85,5.90,3.85,5.56,0.81||
2.85,17.91,11.87,4.46,5.99,4.92,2.88||0.00,0.00,0.00,0.03,0.04,0.04||3.15,7.79,0.86,22.25,17.91,10.70||4.63,0.81,0.68,0.19,0.40||14.46,4.09,3.01,8.89,2.62||0.00,0.00,0.50,0.60,0.00||32.71,22.86,92.15,48.93,5.07||9.19,3.06,6.83||0.42,1.23,3.55,2.67,4.03,0.52||
2.84,17.84,11.83,4.44,5.97,4.91,2.88||0.00,0.00,0.00,0.03,0.04,0.04||3.07,7.75,0.82,22.00,17.80,10.51||4.60,0.80,0.68,0.19,0.40||14.28,4.07,2.93,8.82,2.61||0.00,0.00,0.50,0.59,0.00||35.87,33.16,142.55,50.81,6.32||13.04,4.12,9.05||1.94,5.17,21.10,9.71,12.42,2.45||
2.84,17.82,11.82,4.44,5.97,4.91,2.87||0.00,0.00,0.00,0.03,0.04,0.04||3.02,7.72,0.81,21.86,17.74,10.40||4.60,0.80,0.68,0.18,0.40||14.16,4.06,2.87,8.77,2.60||0.00,0.00,0.50,0.59,0.00||70.96,515.56,3563.69,67.11,31.72||13.99,4.38,9.57||8.02,19.44,109.62,32.11,35.14,10.27||
2.84,17.82,11.82,4.44,5.97,4.91,2.87||0.00,0.00,0.00,0.03,0.04,0.04||3.01,7.72,0.80,21.83,17.73,10.38||4.59,0.80,0.68,0.18,0.40||14.04,4.04,2.83,8.73,2.59||0.00,0.00,0.50,0.59,0.00||47.72,104.52,548.09,57.09,12.41||14.35,4.47,9.77||0.17,0.52,1.21,1.22,2.05,0.20||
2.84,17.82,11.82,4.44,5.97,4.91,2.87||0.00,0.00,0.00,0.03,0.04,0.04||3.04,7.73,0.81,21.91,17.76,10.44||4.59,0.80,0.68,0.18,0.40||13.93,4.03,2.78,8.68,2.58||0.00,0.00,0.50,0.59,0.00||43.03,68.95,336.43,54.73,9.71||15.71,4.83,10.51||0.22,0.67,1.68,1.55,2.51,0.27||
2.84,17.82,11.82,4.44,5.97,4.91,2.87||0.00,0.00,0.00,0.03,0.04,0.04||2.99,7.71,0.79,21.76,17.69,10.32||4.59,0.80,0.68,0.18,0.40||14.08,4.05,2.84,8.75,2.59||0.00,0.00,0.50,0.59,0.00||24.06,6.64,21.62,43.17,2.45||12.58,4.00,8.79||0.18,0.56,1.32,1.30,2.16,0.22||
2.84,17.82,11.82,4.44,5.97,4.91,2.87||0.00,0.00,0.00,0.03,0.04,0.04||2.98,7.70,0.79,21.73,17.68,10.30||4.59,0.80,0.68,0.18,0.40||14.03,4.04,2.82,8.72,2.59||0.00,0.00,0.50,0.59,0.00||41.03,56.92,268.71,53.68,8.68||9.43,3.13,6.97||0.16,0.51,1.17,1.19,2.01,0.20||
2.84,17.82,11.82,4.44,5.97,4.91,2.87||0.00,0.00,0.00,0.03,0.04,0.04||2.98,7.70,0.79,21.72,17.68,10.30||4.59,0.80,0.68,0.18,0.40||14.01,4.04,2.81,8.72,2.59||0.00,0.00,0.50,0.59,0.00||89.23,1295.64,10504.43,73.68,54.54||17.17,5.21,11.29||0.46,1.34,3.94,2.88,4.31,0.57||
2.84,17.82,11.82,4.44,5.97,4.91,2.87||0.00,0.00,0.00,0.03,0.04,0.04||3.03,7.73,0.81,21.89,17.75,10.43||4.59,0.80,0.68,0.18,0.40||14.19,4.06,2.89,8.79,2.60||0.00,0.00,0.50,0.59,0.00||55.21,187.78,1089.79,60.58,17.51||10.91,3.54,7.84||0.11,0.36,0.77,0.88,1.54,0.14||
2.84,17.82,11.82,4.44,5.97,4.91,2.87||0.00,0.00,0.00,0.03,0.04,0.04||2.93,7.67,0.77,21.58,17.61,10.19||4.59,0.80,0.68,0.18,0.40||14.14,4.06,2.87,8.77,2.60||0.00,0.00,0.50,0.59,0.00||54.86,183.06,1057.77,60.42,17.25||13.29,4.19,9.18||0.31,0.94,2.54,2.09,3.27,0.39||
2.84,17.82,11.82,4.44,5.97,4.91,2.87||0.00,0.00,0.00,0.03,0.04,0.04||2.99,7.71,0.79,21.78,17.70,10.34||4.59,0.80,0.68,0.18,0.40||14.04,4.04,2.82,8.73,2.59||0.00,0.00,0.50,0.59,0.00||39.71,49.87,230.07,52.96,8.03||18.32,5.51,11.90||0.65,1.86,5.94,3.87,5.58,0.81||
2.84,17.82,11.82,4.44,5.97,4.91,2.87||0.00,0.00,0.00,0.03,0.04,0.04||2.98,7.70,0.79,21.73,17.68,10.30||4.59,0.80,0.68,0.18,0.40||14.02,4.04,2.82,8.72,2.59||0.00,0.00,0.50,0.59,0.00||28.77,13.65,50.32,46.44,3.75||10.14,3.33,7.39||0.17,0.53,1.24,1.24,2.08,0.21||
2.84,17.82,11.82,4.44,5.97,4.91,2.87||0.00,0.00,0.00,0.03,0.04,0.04||2.92,7.67,0.77,21.55,17.60,10.17||4.59,0.80,0.68,0.18,0.40||14.10,4.05,2.85,8.75,2.59||0.00,0.00,0.50,0.59,0.00||78.71,782.18,5811.17,70.01,40.53||16.83,5.12,11.11||0.39,1.17,3.31,2.53,3.86,0.49||
2.84,17.82,11.82,4.44,5.97,4.91,2.87||0.00,0.00,0.00,0.03,0.04,0.04||2.91,7.66,0.76,21.51,17.58,10.14||4.59,0.80,0.68,0.18,0.40||14.03,4.04,2.82,8.72,2.59||0.00,0.00,0.50,0.59,0.00||66.58,398.80,2636.77,65.39,27.27||21.12,6.21,13.34||2.11,5.58,23.20,10.41,13.19,2.66||
2.84,17.82,11.82,4.44,5.97,4.91,2.87||0.00,0.00,0.00,0.03,0.04,0.04||2.91,7.66,0.76,21.51,17.58,10.13||4.59,0.80,0.68,0.18,0.40||14.29,4.07,2.93,8.82,2.61||0.00,0.00,0.49,0.59,0.00||46.93,97.68,506.30,56.70,11.92||12.27,3.92,8.61||0.22,0.68,1.70,1.56,2.53,0.27||
2.84,17.82,11.82,4.44,5.97,4.91,2.87||0.00,0.00,0.00,0.03,0.04,0.04||2.91,7.66,0.76,21.50,17.58,10.13||4.59,0.80,0.68,0.18,0.40||14.07,4.05,2.84,8.74,2.59||0.00,0.00,0.49,0.59,0.00||67.19,413.80,2753.48,65.63,27.87||16.98,5.16,11.19||1.00,2.77,9.70,5.53,7.61,1.25||
2.84,17.82,11.82,4.44,5.97,4.91,2.87||0.00,0.00,0.00,0.03,0.04,0.04||2.96,7.69,0.78,21.67,17.66,10.26||4.59,0.80,0.68,0.18,0.40||14.11,4.05,2.86,8.76,2.59||0.00,0.00,0.49,0.59,0.00||43.55,72.33,355.88,55.00,9.99||20.76,6.12,13.15||3.86,9.81,46.82,17.32,20.54,4.90||
2.84,17.82,11.82,4.44,5.97,4.91,2.87||0.00,0.00,0.00,0.03,0.04,0.04||2.92,7.67,0.76,21.54,17.60,10.16||4.59,0.80,0.68,0.18,0.40||13.85,4.02,2.75,8.66,2.58||0.00,0.00,0.49,0.59,0.00||45.76,88.26,449.47,56.12,11.23||14.50,4.51,9.85||0.11,0.36,0.78,0.89,1.55,0.14||
2.84,17.82,11.82,4.44,5.97,4.91,2.87||0.00,0.00,0.00,0.03,0.04,0.04||2.91,7.66,0.76,21.51,17.58,10.14||4.58,0.80,0.67,0.18,0.40||13.98,4.04,2.80,8.70,2.58||0.00,0.00,0.49,0.59,0.00||38.15,42.46,190.50,52.10,7.30||20.98,6.18,13.27||2.98,7.72,34.74,13.95,17.02,3.78||
2.84,17.82,11.82,4.44,5.97,4.91,2.87||0.00,0.00,0.00,0.03,0.04,0.04||2.93,7.68,0.77,21.59,17.62,10.20||4.59,0.80,0.68,0.18,0.40||14.19,4.06,2.89,8.78,2.60||0.00,0.00,0.49,0.59,0.00||51.55,142.55,788.80,58.91,14.89||16.81,5.12,11.10||0.54,1.57,4.81,3.32,4.89,0.68||
2.84,17.82,11.82,4.44,5.97,4.91,2.87||0.00,0.00,0.00,0.03,0.04,0.04||2.91,7.66,0.76,21.52,17.59,10.14||4.59,0.80,0.68,0.18,0.40||14.05,4.05,2.83,8.73,2.59||0.00,0.00,0.49,0.59,0.00||90.09,1346.54,10990.18,73.97,55.79||15.30,4.72,10.29||0.13,0.43,0.95,1.02,1.75,0.16||
2.84,17.82,11.82,4.44,5.97,4.91,2.87||0.00,0.00,0.00,0.03,0.04,0.04||2.91,7.66,0.76,21.51,17.58,10.13||4.57,0.80,0.67,0.18,0.40||14.02,4.04,2.82,8.72,2.59||0.00,0.00,0.49,0.59,0.00||128.93,5692.82,59631.80,85.61,130.26||19.13,5.71,12.32||0.34,1.02,2.81,2.25,3.48,0.42||
2.84,17.82,11.82,4.44,5.97,4.91,2.87||0.00,0.00,0.00,0.03,0.04,0.04||2.91,7.66,0.76,21.50,17.58,10.13||4.55,0.80,0.67,0.18,0.40||14.01,4.04,2.81,8.72,2.59||0.00,0.00,0.49,0.59,0.00||81.32,891.95,6778.98,70.95,43.79||20.40,6.04,12.97||3.91,9.93,47.57,17.52,20.75,4.97||
2.84,17.82,11.82,4.44,5.97,4.91,2.87||0.00,0.00,0.00,0.03,0.04,0.04||2.91,7.66,0.76,21.50,17.58,10.13||4.57,0.80,0.67,0.18,0.40||14.19,4.06,2.89,8.79,2.60||0.00,0.00,0.49,0.59,0.00||76.23,687.43,4994.33,69.10,37.57||11.52,3.71,8.19||1.03,2.85,10.07,5.68,7.79,1.29||
2.84,17.82,11.82,4.44,5.97,4.91,2.87||0.00,0.00,0.00,0.03,0.04,0.04||2.91,7.66,0.76,21.50,17.58,10.13||4.55,0.80,0.67,0.18,0.40||14.23,4.07,2.91,8.80,2.60||0.00,0.00,0.49,0.59,0.00||99.34,1994.52,17424.26,76.98,70.29||15.33,4.73,10.30||0.65,1.85,5.89,3.85,5.55,0.81||
2.84,17.82,11.82,4.44,5.97,4.91,2.87||0.00,0.00,0.00,0.03,0.04,0.04||2.91,7.66,0.76,21.50,17.58,10.13||4.58,0.80,0.67,0.18,0.40||14.24,4.07,2.91,8.80,2.60||0.00,0.00,0.49,0.59,0.00||30.48,17.21,66.03,47.54,4.29||10.78,3.51,7.76||0.77,2.17,7.17,4.44,6.28,0.96||
2.86,18.01,11.92,4.48,6.02,4.94,2.90||0.00,0.00,0.00,0.03,0.04,0.04||2.93,7.68,0.77,21.59,17.62,10.20||4.66,0.81,0.69,0.19,0.40||14.15,4.06,2.87,8.77,2.60||0.00,0.00,0.49,0.59,0.00||103.37,2340.85,21024.42,78.24,77.23||20.26,6.00,12.90||4.01,10.17,48.97,17.89,21.13,5.10||
2.87,18.05,11.94,4.49,6.04,4.95,2.90||0.00,0.00,0.00,0.03,0.04,0.04||3.02,7.72,0.81,21.86,17.74,10.41||4.75,0.82,0.71,0.19,0.41||14.40,4.09,2.98,8.87,2.61||0.00,0.00,0.49,0.59,0.00||70.69,507.50,3498.45,67.00,31.43||18.18,5.47,11.82||7.32,17.84,98.54,29.72,32.85,9.36||
2.89,18.21,12.02,4.52,6.08,4.98,2.92||0.00,0.00,0.00,0.04,0.04,0.04||3.04,7.73,0.81,21.92,17.77,10.45||4.84,0.83,0.73,0.19,0.41||14.27,4.07,2.92,8.82,2.61||0.00,0.00,0.49,0.59,0.00||41.78,61.23,292.70,54.07,9.06||18.84,5.64,12.17||11.99,28.31,174.90,45.07,47.19,15.42||
2.89,18.28,12.06,4.54,6.11,5.00,2.93||0.00,0.00,0.00,0.04,0.04,0.04||3.07,7.75,0.83,22.02,17.81,10.52||4.93,0.84,0.76,0.20,0.42||14.15,4.06,2.87,8.77,2.60||0.00,0.00,0.49,0.59,0.00||35.27,30.97,131.56,50.46,6.07||13.16,4.16,9.12||3.88,9.87,47.16,17.41,20.64,4.93||
2.90,18.29,12.07,4.54,6.11,5.00,2.93||0.00,0.00,0.00,0.04,0.04,0.04||3.08,7.75,0.83,22.04,17.82,10.54||4.97,0.84,0.76,0.20,0.42||14.22,4.07,2.90,8.80,2.60||0.00,0.00,0.49,0.59,0.00||23.02,5.57,17.58,42.41,2.21||13.20,4.17,9.13||0.56,1.60,4.92,3.38,4.96,0.69||
2.90,18.30,12.07,4.54,6.11,5.00,2.93||0.00,0.00,0.00,0.04,0.04,0.04||3.08,7.76,0.83,22.04,17.82,10.54||5.04,0.85,0.78,0.20,0.42||14.14,4.06,2.87,8.77,2.60||0.00,0.00,0.50,0.59,0.00||36.85,36.92,161.69,51.37,6.73||18.97,5.67,12.23||2.60,6.79,29.65,12.44,15.40,3.29||
2.91,18.41,12.13,4.57,6.15,5.02,2.94||0.00,0.00,0.00,0.04,0.04,0.04||3.08,7.76,0.83,22.04,17.82,10.54||5.10,0.85,0.80,0.20,0.42||14.49,4.10,3.02,8.90,2.62||0.00,0.00,0.50,0.59,0.00||60.31,268.03,1654.41,62.81,21.59||18.85,5.64,12.17||5.50,13.67,70.71,23.36,26.65,7.02||
2.92,18.52,12.18,4.59,6.18,5.04,2.96||0.00,0.00,0.00,0.04,0.04,0.04||3.08,7.76,0.83,22.04,17.82,10.54||5.14,0.86,0.81,0.20,0.43||14.29,4.07,2.93,8.82,2.61||0.00,0.00,0.50,0.59,0.00||53.83,169.69,967.70,59.96,16.50||17.59,5.32,11.51||0.21,0.65,1.59,1.49,2.43,0.26||
2.92,18.54,12.19,4.60,6.18,5.05,2.96||0.00,0.00,0.00,0.04,0.04,0.04||3.08,7.76,0.83,22.04,17.82,10.54||5.18,0.86,0.82,0.21,0.43||14.43,4.09,2.99,8.88,2.62||0.00,0.00,0.50,0.59,0.00||52.49,153.30,858.99,59.35,15.54||11.43,3.69,8.14||0.12,0.39,0.84,0.94,1.63,0.15||
2.92,18.54,12.20,4.60,6.18,5.05,2.96||0.00,0.00,0.00,0.04,0.04,0.04||3.08,7.76,0.83,22.04,17.82,10.54||5.23,0.86,0.83,0.21,0.43||14.46,4.09,3.01,8.89,2.62||0.00,0.00,0.50,0.59,0.00||99.79,2031.61,17804.92,77.12,71.06||17.12,5.20,11.26||0.52,1.52,4.60,3.21,4.75,0.65||
2.92,18.54,12.20,4.60,6.18,5.05,2.96||0.00,0.00,0.00,0.04,0.04,0.04||3.08,7.76,0.83,22.04,17.82,10.54||5.26,0.87,0.84,0.21,0.43||14.37,4.08,2.97,8.86,2.61||0.00,0.00,0.50,0.59,0.00||122.14,4579.33,46194.73,83.74,114.61||19.03,5.69,12.26||0.59,1.70,5.29,3.56,5.19,0.74||
2.92,18.54,12.20,4.60,6.18,5.05,2.96||0.00,0.00,0.00,0.04,0.04,0.04||3.08,7.76,0.83,22.04,17.82,10.54||5.27,0.87,0.84,0.21,0.43||14.26,4.07,2.92,8.81,2.61||0.00,0.00,0.50,0.59,0.00||98.07,1894.40,16402.77,76.58,68.20||21.99,6.43,13.78||3.47,8.90,41.46,15.86,19.03,4.41||
2.92,18.54,12.20,4.60,6.18,5.05,2.96||0.00,0.00,0.00,0.04,0.04,0.04||3.08,7.76,0.83,22.04,17.82,10.54||5.33,0.87,0.85,0.21,0.43||14.43,4.09,2.99,8.88,2.62||0.00,0.00,0.50,0.59,0.00||124.33,4919.40,50244.34,84.35,119.54||23.42,6.79,14.50||1.36,3.70,13.94,7.19,9.56,1.71||
2.93,18.58,12.22,4.61,6.19,5.05,2.96||0.00,0.00,0.00,0.04,0.04,0.04||3.08,7.76,0.83,22.04,17.82,10.54||5.35,0.87,0.86,0.21,0.43||14.37,4.08,2.97,8.85,2.61||0.00,0.00,0.50,0.59,0.00||134.63,6775.88,73148.80,87.14,144.32||25.53,7.30,15.54||0.63,1.81,5.71,3.76,5.44,0.79||
2.93,18.59,12.22,4.61,6.20,5.06,2.96||0.00,0.00,0.00,0.04,0.04,0.04||3.08,7.76,0.83,22.04,17.82,10.54||5.35,0.87,0.86,0.21,0.43||14.35,4.08,2.96,8.85,2.61||0.00,0.00,0.50,0.59,0.00||100.40,2081.72,18321.30,77.31,72.09||22.66,6.60,14.12||0.33,0.98,2.67,2.17,3.37,0.41||
2.95,18.75,12.30,4.64,6.24,5.09,2.98||0.00,0.00,0.00,0.04,0.04,0.04||3.08,7.76,0.83,22.04,17.82,10.54||5.36,0.88,0.86,0.21,0.44||14.35,4.08,2.96,8.85,2.61||0.00,0.00,0.50,0.59,0.00||99.29,1990.91,17387.26,76.96,70.22||21.28,6.25,13.42||0.65,1.86,5.93,3.87,5.58,0.81||
2.94,18.70,12.28,4.63,6.23,5.08,2.98||0.00,0.00,0.00,0.04,0.04,0.04||3.11,7.77,0.84,22.13,17.86,10.61||5.42,0.88,0.87,0.21,0.44||14.35,4.08,2.96,8.85,2.61||0.00,0.00,0.50,0.59,0.00||74.65,631.94,4524.77,68.51,35.75||21.71,6.36,13.64||2.01,5.34,21.96,10.00,12.74,2.54||
2.95,18.77,12.32,4.65,6.25,5.09,2.98||0.00,0.00,0.00,0.04,0.04,0.04||3.09,7.76,0.83,22.06,17.83,10.56||5.44,0.88,0.88,0.22,0.44||14.54,4.10,3.04,8.92,2.62||0.00,0.00,0.50,0.59,0.00||85.88,1110.78,8768.93,72.54,49.82||20.69,6.11,13.12||0.80,2.25,7.50,4.58,6.47,1.00||
2.95,18.79,12.32,4.65,6.26,5.09,2.99||0.00,0.00,0.00,0.04,0.04,0.04||3.11,7.77,0.84,22.13,17.86,10.61||5.45,0.88,0.88,0.22,0.44||14.57,4.11,3.06,8.93,2.63||0.00,0.00,0.50,0.59,0.00||105.51,2541.87,23157.80,78.89,81.07||19.00,5.68,12.25||0.59,1.69,5.25,3.54,5.16,0.73||
2.95,18.79,12.32,4.65,6.26,5.09,2.99||0.00,0.00,0.00,0.04,0.04,0.04||3.12,7.77,0.84,22.15,17.87,10.62||5.45,0.88,0.88,0.22,0.44||14.40,4.09,2.98,8.86,2.61||0.00,0.00,0.50,0.59,0.00||110.65,3078.50,28992.13,80.44,90.74||18.85,5.64,12.17||0.74,2.10,6.89,4.31,6.13,0.93||
2.95,18.79,12.32,4.65,6.26,5.09,2.99||0.00,0.00,0.00,0.04,0.04,0.04||3.09,7.76,0.83,22.06,17.83,10.56||5.45,0.88,0.88,0.22,0.44||14.27,4.07,2.92,8.82,2.61||0.00,0.00,0.50,0.59,0.00||41.91,61.96,296.80,54.14,9.12||13.09,4.14,9.08||0.13,0.42,0.93,1.01,1.74,0.16||
2.95,18.79,12.32,4.65,6.26,5.09,2.99||0.00,0.00,0.00,0.04,0.04,0.04||3.11,7.77,0.84,22.14,17.86,10.61||5.45,0.88,0.88,0.22,0.44||14.43,4.09,2.99,8.88,2.62||0.00,0.00,0.50,0.59,0.00||56.58,207.26,1223.62,61.19,18.56||17.53,5.30,11.48||1.59,4.27,16.67,8.19,10.71,2.00||
2.95,18.79,12.32,4.65,6.26,5.09,2.99||0.00,0.00,0.00,0.04,0.04,0.04||3.18,7.80,0.87,22.33,17.94,10.76||5.47,0.89,0.89,0.22,0.44||14.64,4.12,3.09,8.96,2.63||0.00,0.00,0.50,0.59,0.00||48.46,111.19,589.34,57.45,12.87||14.32,4.47,9.76||0.29,0.87,2.29,1.94,3.06,0.36||
2.95,18.79,12.32,4.65,6.26,5.09,2.99||0.00,0.00,0.00,0.04,0.04,0.04||3.19,7.81,0.87,22.36,17.96,10.79||5.49,0.89,0.89,0.22,0.44||14.50,4.10,3.03,8.90,2.62||0.00,0.00,0.50,0.59,0.00||107.35,2724.66,25123.22,79.45,84.45||18.36,5.52,11.92||1.44,3.90,14.86,7.53,9.96,1.81||
2.95,18.79,12.32,4.65,6.26,5.09,2.99||0.00,0.00,0.00,0.04,0.04,0.04||3.25,7.84,0.90,22.55,18.04,10.93||5.54,0.89,0.91,0.22,0.44||14.38,4.09,2.97,8.86,2.61||0.00,0.00,0.50,0.59,0.00||57.38,219.28,1307.29,61.54,19.18||17.33,5.25,11.38||0.36,1.07,2.97,2.34,3.61,0.45||
2.95,18.79,12.32,4.65,6.26,5.09,2.99||0.00,0.00,0.00,0.04,0.04,0.04||3.26,7.85,0.90,22.59,18.06,10.96||5.55,0.89,0.91,0.22,0.44||14.36,4.08,2.96,8.85,2.61||0.00,0.00,0.50,0.59,0.00||127.04,5364.51,55618.05,85.10,125.79||21.50,6.31,13.53||0.23,0.71,1.78,1.62,2.61,0.29||
2.95,18.79,12.32,4.65,6.26,5.09,2.99||0.00,0.00,0.00,0.04,0.04,0.04||3.27,7.85,0.90,22.59,18.06,10.97||5.55,0.89,0.91,0.22,0.44||14.35,4.08,2.96,8.85,2.61||0.00,0.00,0.50,0.59,0.00||70.51,502.35,3456.85,66.94,31.24||20.06,5.95,12.80||0.51,1.49,4.48,3.15,4.67,0.64||
2.95,18.79,12.32,4.65,6.26,5.09,2.99||0.00,0.00,0.00,0.04,0.04,0.04||3.27,7.85,0.90,22.60,18.06,10.97||5.55,0.89,0.91,0.22,0.44||14.44,4.09,3.00,8.88,2.62||0.00,0.00,0.50,0.59,0.00||39.95,51.10,236.74,53.09,8.14||10.77,3.51,7.76||0.17,0.52,1.22,1.23,2.06,0.21||
2.95,18.79,12.32,4.65,6.26,5.09,2.99||0.00,0.00,0.00,0.04,0.04,0.04||3.27,7.85,0.90,22.60,18.06,10.97||5.55,0.89,0.91,0.22,0.44||14.46,4.09,3.01,8.89,2.62||0.00,0.00,0.50,0.59,0.00||32.14,21.30,84.80,48.58,4.87||16.39,5.01,10.88||0.09,0.30,0.60,0.74,1.32,0.11||
2.95,18.79,12.32,4.65,6.26,5.09,2.99||0.00,0.00,0.00,0.04,0.04,0.04||3.27,7.85,0.90,22.60,18.06,10.97||5.57,0.90,0.91,0.22,0.44||14.65,4.12,3.09,8.96,2.63||0.00,0.00,0.50,0.59,0.00||62.91,317.50,2018.01,63.89,23.85||14.40,4.49,9.80||0.64,1.83,5.79,3.80,5.49,0.80||
2.95,18.79,12.32,4.65,6.26,5.09,2.99||0.00,0.00,0.00,0.04,0.04,0.04||3.27,7.85,0.90,22.60,18.06,10.97||5.56,0.89,0.91,0.22,0.44||14.41,4.09,2.99,8.87,2.62||0.00,0.00,0.50,0.59,0.00||50.62,132.48,723.82,58.48,14.26||12.31,3.93,8.63||0.17,0.52,1.22,1.23,2.05,0.20||
2.95,18.79,12.32,4.65,6.26,5.09,2.99||0.00,0.00,0.00,0.04,0.04,0.04||3.27,7.85,0.90,22.60,18.06,10.97||5.56,0.89,0.91,0.22,0.44||14.55,4.10,3.05,8.92,2.63||0.00,0.00,0.50,0.59,0.00||58.34,234.47,1414.14,61.96,19.95||19.07,5.70,12.29||1.13,3.12,11.27,6.16,8.36,1.42||
2.95,18.79,12.32,4.65,6.26,5.09,2.99||0.00,0.00,0.00,0.04,0.04,0.04||3.27,7.85,0.90,22.60,18.06,10.97||5.59,0.90,0.92,0.22,0.45||14.39,4.09,2.98,8.86,2.61||0.00,0.00,0.50,0.59,0.00||43.00,68.74,335.26,54.71,9.70||14.39,4.49,9.79||0.15,0.46,1.04,1.09,1.86,0.18||
2.95,18.79,12.32,4.65,6.26,5.09,2.99||0.00,0.00,0.00,0.04,0.04,0.04||3.27,7.85,0.90,22.60,18.06,10.97||5.61,0.90,0.92,0.22,0.45||14.54,4.10,3.04,8.92,2.63||0.00,0.00,0.50,0.59,0.00||45.56,86.71,440.22,56.02,11.12||16.03,4.91,10.68||0.14,0.45,1.00,1.06,1.82,0.17||
2.95,18.79,12.32,4.65,6.26,5.09,2.99||0.00,0.00,0.00,0.04,0.04,0.04||3.27,7.85,0.90,22.60,18.06,10.97||5.65,0.90,0.93,0.22,0.45||14.48,4.10,3.02,8.90,2.62||0.00,0.00,0.50,0.59,0.00||102.71,2281.07,20396.05,78.03,76.07||18.15,5.46,11.81||0.51,1.49,4.50,3.17,4.69,0.64||
2.95,18.79,12.32,4.65,6.26,5.09,2.99||0.00,0.00,0.00,0.04,0.04,0.04||3.27,7.85,0.90,22.60,18.06,10.97||5.66,0.90,0.94,0.22,0.45||14.66,4.12,3.09,8.96,2.63||0.00,0.00,0.50,0.59,0.00||70.94,514.99,3559.07,67.10,31.70||25.19,7.22,15.37||0.64,1.83,5.80,3.81,5.50,0.80||
2.95,18.79,12.32,4.65,6.26,5.09,2.99||0.00,0.00,0.00,0.04,0.04,0.04||3.27,7.85,0.90,22.60,18.06,10.97||5.66,0.90,0.94,0.22,0.45||14.50,4.10,3.03,8.91,2.62||0.00,0.00,0.50,0.59,0.00||49.04,116.55,622.86,57.72,13.23||12.80,4.06,8.91||0.18,0.55,1.29,1.28,2.13,0.22||
2.95,18.79,12.32,4.65,6.26,5.09,2.99||0.00,0.00,0.00,0.04,0.04,0.04||3.27,7.85,0.90,22.60,18.06,10.97||5.66,0.90,0.94,0.22,0.45||14.47,4.10,3.01,8.89,2.62||0.00,0.00,0.50,0.59,0.00||67.21,414.20,2756.66,65.64,27.89||15.89,4.88,10.61||0.08,0.25,0.49,0.64,1.16,0.09||
2.95,18.79,12.32,4.65,6.26,5.09,2.99||0.00,0.00,0.00,0.04,0.04,0.04||3.27,7.85,0.90,22.60,18.06,10.97||5.66,0.90,0.94,0.22,0.45||14.47,4.10,3.01,8.89,2.62||0.00,0.00,0.50,0.59,0.00||69.01,460.88,3124.50,66.35,29.69||11.92,3.82,8.42||0.13,0.41,0.90,0.99,1.70,0.16||
2.95,18.79,12.32,4.65,6.26,5.09,2.99||0.00,0.00,0.00,0.04,0.04,0.04||3.27,7.85,0.90,22.60,18.06,10.97||5.66,0.90,0.94,0.22,0.45||14.28,4.07,2.93,8.82,2.61||0.00,0.00,0.50,0.59,0.00||79.70,822.38,6163.07,70.36,41.74||16.02,4.91,10.68||0.09,0.30,0.62,0.75,1.34,0.11||
2.96,18.83,12.35,4.66,6.27,5.10,2.99||0.00,0.00,0.00,0.04,0.04,0.04||3.27,7.85,0.90,22.60,18.06,10.97||5.66,0.90,0.94,0.22,0.45||14.43,4.09,2.99,8.88,2.62||0.00,0.00,0.50,0.59,0.00||55.29,188.87,1097.22,60.62,17.57||18.05,5.44,11.76||0.15,0.47,1.06,1.11,1.88,0.18||
2.95,18.80,12.33,4.66,6.26,5.10,2.99||0.00,0.00,0.00,0.04,0.04,0.04||3.27,7.85,0.90,22.60,18.06,10.97||5.66,0.90,0.94,0.22,0.45||14.37,4.08,2.97,8.85,2.61||0.00,0.00,0.50,0.59,0.00||62.38,306.99,1939.86,63.68,23.38||23.64,6.84,14.61||1.04,2.88,10.19,5.73,7.85,1.30||
2.95,18.79,12.33,4.65,6.26,5.09,2.99||0.00,0.00,0.00,0.04,0.04,0.04||3.27,7.85,0.90,22.60,18.06,10.97||5.66,0.90,0.94,0.22,0.45||14.45,4.09,3.00,8.88,2.62||0.00,0.00,0.50,0.59,0.00||102.27,2242.37,19990.69,77.90,75.31||22.04,6.45,13.81||1.05,2.90,10.30,5.77,7.90,1.31||
2.96,18.83,12.35,4.66,6.27,5.10,2.99||0.00,0.00,0.00,0.04,0.04,0.04||3.27,7.85,0.90,22.60,18.06,10.97||5.68,0.90,0.94,0.22,0.45||14.46,4.09,3.01,8.89,2.62||0.00,0.00,0.50,0.59,0.00||52.10,148.79,829.46,59.17,15.27||11.19,3.62,8.00||0.28,0.83,2.18,1.87,2.96,0.34||
2.96,18.88,12.37,4.67,6.28,5.11,3.00||0.00,0.00,0.00,0.04,0.04,0.04||3.27,7.85,0.90,22.60,18.06,10.97||5.68,0.90,0.94,0.22,0.45||14.47,4.10,3.01,8.89,2.62||0.00,0.00,0.50,0.59,0.00||62.68,312.90,1983.81,63.80,23.65||16.09,4.93,10.72||1.49,4.02,15.46,7.75,10.21,1.87||
2.95,18.81,12.33,4.66,6.26,5.10,2.99||0.00,0.00,0.00,0.04,0.04,0.04||3.27,7.85,0.90,22.60,18.06,10.97||5.68,0.90,0.94,0.22,0.45||14.37,4.08,2.97,8.86,2.61||0.00,0.00,0.50,0.59,0.00||89.83,1330.78,10839.43,73.88,55.41||13.59,4.27,9.35||0.23,0.72,1.81,1.63,2.63,0.29||
2.96,18.87,12.37,4.67,6.28,5.11,3.00||0.00,0.00,0.00,0.04,0.04,0.04||3.27,7.85,0.90,22.60,18.06,10.97||5.75,0.91,0.96,0.23,0.45||14.45,4.09,3.00,8.88,2.62||0.00,0.00,0.50,0.59,0.00||77.02,716.76,5245.25,69.39,38.50||9.62,3.18,7.08||0.39,1.16,3.30,2.53,3.85,0.49||
2.96,18.85,12.35,4.67,6.27,5.11,2.99||0.00,0.00,0.00,0.04,0.04,0.04||3.27,7.85,0.90,22.60,18.06,10.97||5.77,0.91,0.96,0.23,0.45||14.56,4.11,3.05,8.92,2.63||0.00,0.00,0.50,0.59,0.00||67.25,415.38,2765.85,65.66,27.93||10.40,3.40,7.54||6.05,14.94,79.01,25.32,28.58,7.73||
2.96,18.84,12.35,4.67,6.27,5.10,2.99||0.00,0.00,0.00,0.04,0.04,0.04||3.27,7.85,0.90,22.60,18.06,10.97||5.77,0.91,0.96,0.23,0.45||14.58,4.11,3.06,8.93,2.63||0.00,0.00,0.50,0.59,0.00||70.62,505.51,3482.33,66.98,31.35||17.67,5.34,11.55||0.44,1.28,3.71,2.75,4.15,0.54||
2.97,18.92,12.39,4.68,6.29,5.12,3.00||0.00,0.00,0.00,0.04,0.04,0.04||3.27,7.85,0.90,22.60,18.06,10.97||5.77,0.91,0.96,0.23,0.45||14.58,4.11,3.06,8.93,2.63||0.00,0.00,0.50,0.59,0.00||107.39,2728.85,25168.53,79.46,84.53||15.39,4.75,10.34||0.45,1.31,3.83,2.82,4.24,0.56||
2.96,18.90,12.38,4.68,6.29,5.11,3.00||0.00,0.00,0.00,0.04,0.04,0.04||3.27,7.85,0.90,22.60,18.06,10.97||5.77,0.91,0.96,0.23,0.45||14.58,4.11,3.06,8.94,2.63||0.00,0.00,0.50,0.59,0.00||32.70,22.85,92.12,48.93,5.07||8.73,2.93,6.55||0.08,0.27,0.54,0.68,1.23,0.10||
2.97,18.93,12.40,4.69,6.30,5.12,3.00||0.00,0.00,0.00,0.04,0.04,0.04||3.27,7.85,0.90,22.60,18.06,10.97||5.77,0.91,0.96,0.23,0.45||14.40,4.09,2.98,8.86,2.61||0.00,0.00,0.50,0.59,0.00||33.01,23.72,96.24,49.12,5.19||12.03,3.85,8.48||0.06,0.20,0.38,0.53,0.99,0.07||
2.96,18.90,12.38,4.68,6.29,5.12,3.00||0.00,0.00,0.00,0.04,0.04,0.04||3.30,7.87,0.92,22.69,18.10,11.04||5.77,0.91,0.96,0.23,0.45||14.73,4.13,3.13,8.99,2.64||0.00,0.00,0.50,0.59,0.00||65.10,364.41,2372.08,64.79,25.86||13.69,4.30,9.41||0.26,0.78,2.02,1.77,2.83,0.32||
2.96,18.85,12.36,4.67,6.27,5.11,2.99||0.00,0.00,0.00,0.04,0.04,0.04||3.27,7.85,0.91,22.61,18.07,10.98||5.70,0.91,0.95,0.22,0.45||14.52,4.10,3.03,8.91,2.62||0.00,0.00,0.50,0.59,0.00||48.54,111.93,593.97,57.48,12.92||19.88,5.90,12.71||1.42,3.87,14.71,7.48,9.90,1.79||
2.95,18.80,12.33,4.66,6.26,5.10,2.99||0.00,0.00,0.00,0.04,0.04,0.04||3.27,7.85,0.90,22.60,18.06,10.97||5.67,0.90,0.94,0.22,0.45||14.48,4.10,3.01,8.90,2.62||0.00,0.00,0.50,0.59,0.00||64.26,345.97,2231.93,64.45,25.09||22.19,6.48,13.88||0.67,1.90,6.08,3.94,5.66,0.83||
2.95,18.79,12.33,4.65,6.26,5.09,2.99||0.00,0.00,0.00,0.04,0.04,0.04||3.27,7.85,0.90,22.60,18.06,10.97||5.61,0.90,0.92,0.22,0.45||14.38,4.08,2.97,8.86,2.61||0.00,0.00,0.50,0.59,0.00||58.46,236.43,1427.96,62.01,20.05||14.03,4.39,9.59||3.77,9.61,45.64,17.00,20.22,4.79||
2.95,18.79,12.33,4.65,6.26,5.09,2.99||0.00,0.00,0.00,0.04,0.04,0.04||3.27,7.85,0.90,22.60,18.06,10.97||5.57,0.89,0.91,0.22,0.44||14.45,4.09,3.00,8.88,2.62||0.00,0.00,0.50,0.59,0.00||62.22,303.84,1916.60,63.61,23.24||16.62,5.07,11.00||2.40,6.29,26.92,11.59,14.49,3.03||
2.95,18.79,12.32,4.65,6.26,5.09,2.99||0.00,0.00,0.00,0.04,0.04,0.04||3.27,7.85,0.90,22.60,18.06,10.97||5.56,0.89,0.91,0.22,0.44||14.37,4.08,2.97,8.85,2.61||0.00,0.00,0.50,0.59,0.00||86.75,1156.36,9192.53,72.84,51.01||13.73,4.31,9.43||0.50,1.46,4.37,3.10,4.60,0.62||
2.95,18.79,12.32,4.65,6.26,5.09,2.99||0.00,0.00,0.00,0.04,0.04,0.04||3.27,7.85,0.90,22.60,18.06,10.97||5.49,0.89,0.89,0.22,0.44||14.36,4.08,2.96,8.85,2.61||0.00,0.00,0.50,0.59,0.00||49.76,123.69,667.80,58.07,13.70||10.94,3.55,7.85||0.61,1.76,5.52,3.67,5.33,0.76||
2.95,18.79,12.32,4.65,6.26,5.09,2.99||0.00,0.00,0.00,0.04,0.04,0.04||3.27,7.85,0.90,22.60,18.06,10.97||5.46,0.88,0.89,0.22,0.44||14.35,4.08,2.96,8.85,2.61||0.00,0.00,0.50,0.59,0.00||27.05,10.66,37.64,45.29,3.24||11.16,3.61,7.98||0.18,0.57,1.35,1.32,2.19,0.22||
2.95,18.79,12.32,4.65,6.26,5.09,2.99||0.00,0.00,0.00,0.04,0.04,0.04||3.27,7.85,0.90,22.60,18.06,10.97||5.45,0.88,0.88,0.22,0.44||14.44,4.09,3.00,8.88,2.62||0.00,0.00,0.50,0.59,0.00||37.87,41.21,183.94,51.95,7.18||11.12,3.60,7.96||0.28,0.84,2.20,1.88,2.98,0.34||
2.95,18.79,12.32,4.65,6.26,5.09,2.99||0.00,0.00,0.00,0.04,0.04,0.04||3.27,7.85,0.90,22.60,18.06,10.97||5.39,0.88,0.87,0.21,0.44||14.37,4.08,2.97,8.85,2.61||0.00,0.00,0.50,0.60,0.00||47.07,98.87,513.54,56.77,12.01||12.56,4.00,8.78||0.28,0.85,2.24,1.91,3.02,0.35||
2.94,18.71,12.28,4.64,6.23,5.08,2.98||0.00,0.00,0.00,0.04,0.04,0.04||3.27,7.85,0.90,22.60,18.06,10.97||5.36,0.88,0.86,0.21,0.44||14.45,4.09,3.00,8.88,2.62||0.00,0.00,0.50,0.60,0.00||37.65,40.25,178.94,51.82,7.08||12.49,3.98,8.74||0.22,0.68,1.70,1.56,2.54,0.27||
2.94,18.69,12.28,4.63,6.23,5.08,2.98||0.00,0.00,0.00,0.04,0.04,0.04||3.27,7.85,0.90,22.60,18.06,10.97||5.35,0.88,0.86,0.21,0.43||14.28,4.07,2.93,8.82,2.61||0.00,0.01,0.50,0.60,0.00||62.61,311.50,1973.36,63.77,23.58||11.78,3.78,8.33||0.10,0.33,0.68,0.80,1.42,0.12||
2.93,18.61,12.23,4.61,6.20,5.06,2.97||0.00,0.00,0.00,0.04,0.04,0.04||3.27,7.85,0.90,22.60,18.06,10.97||5.35,0.87,0.86,0.21,0.43||14.25,4.07,2.91,8.81,2.60||0.00,0.00,0.50,0.60,0.00||51.84,145.75,809.62,59.04,15.09||10.86,3.53,7.81||0.39,1.14,3.24,2.49,3.81,0.48||
2.93,18.56,12.20,4.60,6.19,5.05,2.96||0.00,0.00,0.00,0.04,0.04,0.04||3.27,7.85,0.90,22.60,18.06,10.97||5.27,0.87,0.84,0.21,0.43||14.33,4.08,2.95,8.84,2.61||0.00,0.01,0.50,0.60,0.00||32.51,22.30,89.53,48.81,5.00||12.02,3.85,8.48||0.85,2.40,8.13,4.86,6.80,1.07||
2.92,18.54,12.20,4.60,6.18,5.05,2.96||0.00,0.00,0.00,0.04,0.04,0.04||3.27,7.85,0.90,22.60,18.06,10.97||5.25,0.87,0.83,0.21,0.43||14.35,4.08,2.96,8.85,2.61||0.00,0.01,0.50,0.60,0.00||37.00,37.53,164.86,51.46,6.79||10.88,3.54,7.82||0.21,0.64,1.58,1.48,2.42,0.26||
2.92,18.54,12.20,4.60,6.18,5.05,2.96||0.00,0.00,0.00,0.04,0.04,0.04||3.27,7.85,0.90,22.60,18.06,10.97||5.25,0.87,0.83,0.21,0.43||14.17,4.06,2.88,8.78,2.60||0.00,0.01,0.50,0.60,0.00||32.62,22.61,90.96,48.88,5.04||11.43,3.69,8.14||0.12,0.38,0.83,0.93,1.61,0.15||
2.92,18.54,12.20,4.60,6.18,5.05,2.96||0.00,0.00,0.00,0.04,0.04,0.04||3.27,7.85,0.90,22.60,18.06,10.97||5.25,0.87,0.83,0.21,0.43||14.31,4.08,2.94,8.83,2.61||0.00,0.01,0.50,0.60,0.00||39.90,50.88,235.57,53.07,8.12||11.28,3.65,8.05||0.09,0.29,0.60,0.73,1.31,0.11||
2.92,18.54,12.20,4.60,6.18,5.05,2.96||0.00,0.00,0.00,0.04,0.04,0.04||3.27,7.85,0.90,22.60,18.06,10.97||5.18,0.86,0.82,0.21,0.43||14.16,4.06,2.88,8.77,2.60||0.00,0.00,0.50,0.60,0.00||44.98,82.38,414.56,55.73,10.79||11.42,3.68,8.13||0.21,0.63,1.55,1.46,2.39,0.25||
2.92,18.54,12.20,4.60,6.18,5.05,2.96||0.00,0.00,0.00,0.04,0.04,0.04||3.27,7.85,0.90,22.60,18.06,10.97||5.16,0.86,0.81,0.21,0.43||14.22,4.07,2.90,8.80,2.60||0.00,0.00,0.50,0.59,0.00||29.91,15.96,60.48,47.19,4.11||9.90,3.26,7.25||0.30,0.90,2.40,2.01,3.15,0.37||
2.92,18.54,12.20,4.60,6.18,5.05,2.96||0.00,0.00,0.00,0.04,0.04,0.04||3.27,7.85,0.90,22.60,18.06,10.97||5.15,0.86,0.81,0.20,0.43||14.23,4.07,2.91,8.80,2.60||0.00,0.00,0.50,0.59,0.00||33.19,24.25,98.78,49.23,5.25||9.57,3.17,7.05||0.32,0.97,2.63,2.14,3.33,0.40||
2.92,18.54,12.20,4.60,6.18,5.05,2.96||0.00,0.00,0.00,0.04,0.04,0.04||3.27,7.85,0.90,22.60,18.06,10.97||5.15,0.86,0.81,0.20,0.43||14.33,4.08,2.95,8.84,2.61||0.00,0.00,0.50,0.59,0.00||68.98,459.88,3116.61,66.34,29.66||12.74,4.04,8.88||0.14,0.45,1.01,1.07,1.82,0.17||
2.92,18.54,12.20,4.60,6.18,5.05,2.96||0.00,0.00,0.00,0.04,0.04,0.04||3.21,7.82,0.88,22.42,17.98,10.83||5.15,0.86,0.81,0.20,0.43||14.16,4.06,2.88,8.78,2.60||0.00,0.00,0.50,0.59,0.00||41.70,60.73,289.93,54.03,9.02||13.27,4.19,9.18||0.35,1.04,2.86,2.28,3.52,0.43||
2.92,18.46,12.16,4.58,6.16,5.03,2.95||0.00,0.00,0.00,0.04,0.04,0.04||3.22,7.83,0.89,22.47,18.01,10.87||5.09,0.85,0.79,0.20,0.42||14.50,4.10,3.02,8.90,2.62||0.00,0.00,0.50,0.59,0.00||40.02,51.45,238.68,53.13,8.18||12.03,3.85,8.48||0.17,0.54,1.27,1.27,2.11,0.21||
2.91,18.45,12.15,4.58,6.15,5.03,2.95||0.00,0.00,0.00,0.04,0.04,0.04||3.23,7.83,0.89,22.48,18.01,10.88||5.06,0.85,0.79,0.20,0.42||14.38,4.09,2.97,8.86,2.61||0.00,0.00,0.50,0.59,0.00||28.69,13.50,49.68,46.39,3.72||11.17,3.62,7.99||0.13,0.42,0.93,1.01,1.73,0.16||
2.90,18.37,12.11,4.56,6.13,5.01,2.94||0.00,0.00,0.00,0.04,0.04,0.04||3.20,7.82,0.88,22.40,17.97,10.81||5.05,0.85,0.79,0.20,0.42||14.27,4.07,2.92,8.81,2.61||0.00,0.00,0.50,0.59,0.00||38.18,42.58,191.17,52.12,7.32||10.68,3.48,7.70||0.05,0.18,0.32,0.46,0.88,0.06||
2.90,18.35,12.10,4.56,6.13,5.01,2.94||0.00,0.00,0.00,0.04,0.04,0.04||3.19,7.81,0.87,22.38,17.97,10.80||5.05,0.85,0.79,0.20,0.42||14.24,4.07,2.91,8.81,2.60||0.00,0.00,0.50,0.59,0.00||49.75,123.51,666.70,58.06,13.69||14.43,4.49,9.81||0.19,0.58,1.40,1.35,2.24,0.23||
2.90,18.31,12.08,4.55,6.11,5.00,2.93||0.00,0.00,0.00,0.04,0.04,0.04||3.16,7.80,0.86,22.29,17.93,10.73||5.05,0.85,0.79,0.20,0.42||14.24,4.07,2.91,8.80,2.60||0.00,0.00,0.50,0.59,0.00||108.01,2792.84,25862.33,79.65,85.69||21.76,6.38,13.66||0.28,0.84,2.20,1.88,2.98,0.34||
2.90,18.30,12.07,4.54,6.11,5.00,2.93||0.00,0.00,0.00,0.04,0.04,0.04||3.16,7.79,0.86,22.27,17.92,10.72||5.05,0.85,0.79,0.20,0.42||14.24,4.07,2.91,8.80,2.60||0.00,0.00,0.50,0.59,0.00||61.68,293.28,1838.68,63.38,22.76||17.08,5.19,11.24||1.70,4.55,18.02,8.66,11.25,2.14||
2.90,18.30,12.07,4.54,6.11,5.00,2.93||0.00,0.00,0.00,0.04,0.04,0.04||3.13,7.78,0.85,22.18,17.88,10.64||5.05,0.85,0.78,0.20,0.42||14.33,4.08,2.95,8.84,2.61||0.00,0.00,0.50,0.59,0.00||37.71,40.53,180.41,51.86,7.11||19.05,5.69,12.27||40.95,89.25,729.34,127.00,116.19,53.41||
2.90,18.30,12.07,4.54,6.11,5.00,2.93||0.00,0.00,0.00,0.04,0.04,0.04||3.09,7.76,0.83,22.07,17.83,10.56||4.99,0.84,0.77,0.20,0.42||14.44,4.09,3.00,8.88,2.62||0.00,0.00,0.50,0.59,0.00||69.28,467.98,3181.03,66.46,29.96||15.61,4.81,10.45||1.89,5.04,20.47,9.50,12.19,2.39||
2.90,18.30,12.07,4.54,6.11,5.00,2.93||0.00,0.00,0.00,0.04,0.04,0.04||3.11,7.77,0.84,22.14,17.86,10.61||4.96,0.84,0.76,0.20,0.42||14.46,4.09,3.01,8.89,2.62||0.00,0.00,0.50,0.59,0.00||48.46,111.12,588.95,57.44,12.86||15.72,4.83,10.51||0.71,2.02,6.57,4.17,5.95,0.89||
2.90,18.30,12.07,4.54,6.11,5.00,2.93||0.00,0.00,0.00,0.04,0.04,0.04||3.09,7.76,0.83,22.06,17.83,10.56||4.96,0.84,0.76,0.20,0.42||14.10,4.05,2.85,8.75,2.59||0.00,0.00,0.50,0.59,0.00||84.97,1064.18,8338.93,72.23,48.58||24.04,6.94,14.80||0.29,0.87,2.30,1.95,3.07,0.36||
2.90,18.30,12.07,4.54,6.11,5.00,2.93||0.00,0.00,0.00,0.04,0.04,0.04||3.11,7.77,0.84,22.13,17.86,10.61||4.96,0.84,0.76,0.20,0.42||14.21,4.06,2.90,8.79,2.60||0.00,0.00,0.50,0.59,0.00||108.96,2893.31,26957.13,79.94,87.49||23.57,6.82,14.57||0.29,0.87,2.31,1.95,3.07,0.36||
2.90,18.30,12.07,4.54,6.11,5.00,2.93||0.00,0.00,0.00,0.03,0.04,0.04||3.09,7.76,0.83,22.06,17.83,10.56||4.96,0.84,0.76,0.20,0.42||14.23,4.07,2.91,8.80,2.60||0.00,0.00,0.50,0.59,0.00||61.88,297.13,1867.00,63.46,22.94||16.21,4.96,10.78||0.18,0.55,1.31,1.29,2.15,0.22||
2.90,18.30,12.07,4.54,6.11,5.00,2.93||0.00,0.00,0.00,0.04,0.04,0.04||3.08,7.76,0.83,22.05,17.82,10.55||4.96,0.84,0.76,0.20,0.42||14.14,4.06,2.87,8.77,2.60||0.00,0.00,0.50,0.59,0.00||96.07,1743.56,14881.50,75.94,64.95||10.86,3.53,7.81||0.17,0.53,1.25,1.25,2.09,0.21||
2.90,18.30,12.07,4.54,6.11,5.00,2.93||0.00,0.00,0.00,0.04,0.04,0.04||3.08,7.76,0.83,22.04,17.82,10.54||4.96,0.84,0.76,0.20,0.42||14.22,4.07,2.90,8.80,2.60||0.00,0.00,0.50,0.59,0.00||29.15,14.39,53.53,46.69,3.86||11.42,3.69,8.13||0.16,0.50,1.16,1.18,1.99,0.20||
2.90,18.30,12.07,4.54,6.11,5.00,2.93||0.00,0.00,0.00,0.04,0.04,0.04||3.08,7.76,0.83,22.04,17.82,10.54||4.96,0.84,0.76,0.20,0.42||14.14,4.06,2.87,8.77,2.60||0.00,0.00,0.50,0.59,0.00||32.36,21.89,87.59,48.72,4.95||13.55,4.26,9.33||0.18,0.57,1.36,1.33,2.20,0.23||
2.90,18.30,12.07,4.54,6.11,5.00,2.93||0.00,0.00,0.00,0.04,0.04,0.04||3.08,7.76,0.83,22.04,17.82,10.54||4.94,0.84,0.76,0.20,0.42||14.04,4.04,2.82,8.73,2.59||0.00,0.00,0.50,0.59,0.00||36.67,36.23,158.15,51.27,6.65||17.52,5.30,11.48||0.62,1.78,5.62,3.72,5.39,0.78||
2.90,18.30,12.07,4.54,6.11,5.00,2.93||0.00,0.00,0.00,0.03,0.04,0.04||3.08,7.76,0.83,22.04,17.82,10.54||4.89,0.83,0.75,0.20,0.41||14.02,4.04,2.82,8.72,2.59||0.00,0.00,0.50,0.59,0.00||130.94,6058.71,64152.39,86.16,135.13||28.69,8.07,17.07||0.43,1.27,3.68,2.74,4.13,0.54||
2.89,18.26,12.05,4.54,6.10,4.99,2.93||0.00,0.00,0.00,0.03,0.04,0.04||3.08,7.76,0.83,22.04,17.82,10.54||4.87,0.83,0.74,0.19,0.41||14.01,4.04,2.81,8.72,2.59||0.00,0.00,0.50,0.59,0.00||118.73,4086.51,40418.89,82.78,107.19||20.24,6.00,12.89||0.29,0.88,2.35,1.97,3.11,0.36||
2.90,18.29,12.07,4.54,6.11,5.00,2.93||0.00,0.00,0.00,0.03,0.04,0.04||3.08,7.76,0.83,22.04,17.82,10.54||4.87,0.83,0.74,0.19,0.41||14.10,4.05,2.85,8.75,2.59||0.00,0.00,0.50,0.59,0.00||108.29,2822.35,26183.20,79.73,86.22||12.75,4.05,8.89||0.95,2.66,9.23,5.33,7.37,1.19||
2.89,18.22,12.03,4.53,6.09,4.98,2.92||0.00,0.00,0.00,0.03,0.04,0.04||3.08,7.76,0.83,22.04,17.82,10.54||4.86,0.83,0.74,0.19,0.41||14.12,4.05,2.86,8.76,2.59||0.00,0.00,0.50,0.59,0.00||52.79,156.88,882.60,59.49,15.75||9.73,3.21,7.14||0.22,0.68,1.70,1.56,2.53,0.27||
2.89,18.20,12.02,4.52,6.08,4.98,2.92||0.00,0.00,0.00,0.04,0.04,0.04||3.08,7.76,0.83,22.04,17.82,10.54||4.86,0.83,0.74,0.19,0.41||13.94,4.03,2.78,8.69,2.58||0.00,0.00,0.50,0.59,0.00||42.87,67.90,330.44,54.64,9.63||10.86,3.53,7.81||0.07,0.25,0.48,0.62,1.14,0.09||
2.89,18.24,12.04,4.53,6.09,4.99,2.92||0.00,0.00,0.00,0.03,0.04,0.04||3.08,7.76,0.83,22.04,17.82,10.54||4.86,0.83,0.74,0.19,0.41||14.27,4.07,2.92,8.82,2.61||0.00,0.00,0.50,0.59,0.00||42.58,66.06,319.98,54.49,9.47||10.49,3.43,7.59||0.14,0.45,1.03,1.08,1.84,0.18||
2.88,18.13,11.98,4.51,6.06,4.97,2.91||0.00,0.00,0.00,0.03,0.04,0.04||3.08,7.76,0.83,22.04,17.82,10.54||4.86,0.83,0.74,0.19,0.41||14.06,4.05,2.83,8.74,2.59||0.00,0.00,0.50,0.59,0.00||36.71,36.37,158.86,51.29,6.67||10.85,3.53,7.80||0.12,0.39,0.86,0.95,1.65,0.15||
2.88,18.11,11.97,4.50,6.05,4.96,2.91||0.00,0.00,0.00,0.03,0.04,0.04||3.08,7.76,0.83,22.04,17.82,10.54||4.86,0.83,0.74,0.19,0.41||14.11,4.05,2.86,8.76,2.59||0.00,0.00,0.50,0.59,0.00||33.81,26.11,107.71,49.60,5.49||11.75,3.78,8.32||0.08,0.26,0.51,0.65,1.19,0.10||
2.87,18.07,11.95,4.49,6.04,4.95,2.90||0.00,0.00,0.00,0.03,0.04,0.04||3.08,7.76,0.83,22.04,17.82,10.54||4.86,0.83,0.74,0.19,0.41||14.03,4.04,2.82,8.73,2.59||0.00,0.00,0.50,0.59,0.00||30.28,16.76,64.05,47.42,4.23||9.69,3.20,7.12||0.15,0.47,1.08,1.12,1.90,0.18||
2.87,18.06,11.95,4.49,6.04,4.95,2.90||0.00,0.00,0.00,0.04,0.04,0.04||3.08,7.76,0.83,22.04,17.82,10.54||4.86,0.83,0.74,0.19,0.41||14.01,4.04,2.81,8.72,2.59||0.00,0.00,0.50,0.59,0.00||38.44,43.77,197.45,52.27,7.44||11.05,3.58,7.92||0.26,0.79,2.03,1.78,2.84,0.32||
2.87,18.06,11.95,4.49,6.04,4.95,2.90||0.00,0.00,0.00,0.03,0.04,0.04||3.08,7.76,0.83,22.04,17.82,10.54||4.83,0.83,0.73,0.19,0.41||13.92,4.03,2.78,8.68,2.58||0.00,0.00,0.50,0.59,0.00||76.80,708.45,5173.93,69.31,38.24||12.98,4.11,9.01||0.60,1.71,5.35,3.59,5.23,0.74||
2.87,18.10,11.97,4.50,6.05,4.96,2.91||0.00,0.00,0.00,0.03,0.04,0.04||3.08,7.76,0.83,22.04,17.82,10.54||4.80,0.82,0.72,0.19,0.41||13.99,4.04,2.81,8.71,2.59||0.00,0.00,0.50,0.59,0.00||81.63,905.60,6900.84,71.06,44.18||19.56,5.82,12.54||0.44,1.28,3.71,2.75,4.15,0.54||
2.87,18.06,11.95,4.49,6.04,4.95,2.90||0.00,0.00,0.00,0.03,0.04,0.04||3.08,7.76,0.83,22.04,17.82,10.54||4.78,0.82,0.72,0.19,0.41||13.83,4.02,2.74,8.65,2.57||0.00,0.00,0.50,0.59,0.00||62.71,313.51,1988.28,63.81,23.67||13.60,4.27,9.36||0.10,0.34,0.71,0.83,1.46,0.13||
2.87,18.06,11.95,4.49,6.04,4.95,2.90||0.00,0.00,0.00,0.03,0.04,0.04||3.08,7.76,0.83,22.04,17.82,10.54||4.77,0.82,0.72,0.19,0.41||14.15,4.06,2.87,8.77,2.60||0.00,0.00,0.50,0.59,0.00||52.08,148.54,827.79,59.16,15.26||12.88,4.08,8.96||0.08,0.26,0.51,0.65,1.18,0.10||
2.87,18.06,11.95,4.49,6.04,4.95,2.90||0.00,0.00,0.00,0.03,0.04,0.04||3.08,7.76,0.83,22.04,17.82,10.54||4.77,0.82,0.72,0.19,0.41||14.04,4.04,2.83,8.73,2.59||0.00,0.00,0.50,0.59,0.00||38.53,44.18,199.59,52.31,7.48||7.76,2.65,5.95||0.53,1.53,4.63,3.23,4.77,0.66||
2.87,18.06,11.95,4.49,6.04,4.95,2.90||0.00,0.00,0.00,0.03,0.04,0.04||3.08,7.76,0.83,22.04,17.82,10.54||4.77,0.82,0.72,0.19,0.41||14.11,4.05,2.85,8.75,2.59||0.00,0.00,0.50,0.59,0.00||49.08,116.94,625.29,57.74,13.25||10.07,3.31,7.35||1.13,3.11,11.25,6.15,8.35,1.42||
2.87,18.06,11.95,4.49,6.04,4.95,2.90||0.00,0.00,0.00,0.03,0.04,0.04||3.08,7.76,0.83,22.04,17.82,10.54||4.77,0.82,0.72,0.19,0.41||14.03,4.04,2.82,8.72,2.59||0.00,0.00,0.50,0.59,0.00||55.27,188.68,1095.95,60.61,17.56||12.49,3.98,8.74||4.48,11.29,55.76,19.66,22.94,5.71||
2.87,18.06,11.95,4.49,6.04,4.95,2.90||0.00,0.00,0.00,0.03,0.04,0.04||3.08,7.76,0.83,22.04,17.82,10.54||4.77,0.82,0.72,0.19,0.41||13.93,4.03,2.78,8.68,2.58||0.00,0.00,0.50,0.59,0.00||135.29,6911.00,74863.00,87.31,146.00||15.41,4.75,10.35||0.80,2.24,7.48,4.58,6.45,0.99||
2.87,18.06,11.95,4.49,6.04,4.95,2.90||0.00,0.00,0.00,0.03,0.04,0.04||3.08,7.76,0.83,22.04,17.82,10.54||4.77,0.82,0.72,0.19,0.41||13.99,4.04,2.81,8.71,2.59||0.00,0.00,0.50,0.59,0.00||39.61,49.37,227.38,52.91,7.98||10.36,3.39,7.52||0.21,0.64,1.57,1.48,2.42,0.26||
2.87,18.06,11.95,4.49,6.04,4.95,2.90||0.00,0.00,0.00,0.03,0.04,0.04||3.08,7.76,0.83,22.04,17.82,10.54||4.77,0.82,0.72,0.19,0.41||14.10,4.05,2.85,8.75,2.59||0.00,0.00,0.50,0.59,0.00||49.55,121.55,654.30,57.97,13.56||19.03,5.69,12.27||7.99,19.37,109.11,32.00,35.04,10.23||
2.87,18.06,11.95,4.49,6.04,4.95,2.90||0.00,0.00,0.00,0.03,0.04,0.04||3.05,7.74,0.82,21.96,17.78,10.48||4.77,0.82,0.72,0.19,0.41||14.12,4.05,2.86,8.76,2.59||0.00,0.00,0.50,0.59,0.00||53.50,165.51,939.83,59.81,16.26||14.62,4.54,9.92||0.27,0.83,2.16,1.86,2.95,0.34||
2.87,18.06,11.95,4.49,6.04,4.95,2.90||0.00,0.00,0.00,0.03,0.04,0.04||3.08,7.75,0.83,22.03,17.81,10.53||4.77,0.82,0.72,0.19,0.41||14.03,4.04,2.82,8.73,2.59||0.00,0.00,0.50,0.59,0.00||29.80,15.71,59.37,47.11,4.07||13.40,4.22,9.25||0.22,0.66,1.64,1.52,2.48,0.27||
2.87,18.06,11.95,4.49,6.04,4.95,2.90||0.00,0.00,0.00,0.03,0.04,0.04||3.08,7.76,0.83,22.04,17.82,10.54||4.77,0.82,0.72,0.19,0.41||14.02,4.04,2.82,8.72,2.59||0.00,0.00,0.50,0.59,0.00||43.58,72.50,356.90,55.01,10.01||14.60,4.54,9.91||0.79,2.22,7.39,4.54,6.41,0.98||
2.87,18.06,11.95,4.49,6.04,4.95,2.90||0.00,0.00,0.00,0.03,0.04,0.04||3.05,7.74,0.82,21.96,17.78,10.48||4.77,0.82,0.72,0.19,0.41||14.01,4.04,2.81,8.72,2.59||0.00,0.00,0.50,0.59,0.00||54.78,182.03,1050.77,60.39,17.19||18.10,5.45,11.78||2.68,6.97,30.63,12.73,15.72,3.39||
2.87,18.06,11.95,4.49,6.04,4.95,2.90||0.00,0.00,0.00,0.03,0.04,0.04||3.05,7.74,0.82,21.94,17.77,10.46||4.76,0.82,0.72,0.19,0.41||14.10,4.05,2.85,8.75,2.59||0.00,0.00,0.50,0.59,0.00||51.96,147.19,818.99,59.10,15.17||15.69,4.83,10.50||1.03,2.87,10.14,5.71,7.82,1.30||
2.87,18.06,11.95,4.49,6.04,4.95,2.90||0.00,0.00,0.00,0.03,0.04,0.04||3.05,7.74,0.81,21.94,17.77,10.46||4.75,0.82,0.71,0.19,0.41||14.03,4.04,2.82,8.72,2.59||0.00,0.00,0.50,0.59,0.00||118.84,4102.77,40607.59,82.82,107.44||17.86,5.39,11.66||0.23,0.71,1.78,1.62,2.61,0.29||
2.87,18.06,11.95,4.49,6.04,4.95,2.90||0.00,0.00,0.00,0.03,0.04,0.04||3.05,7.74,0.81,21.93,17.77,10.46||4.73,0.82,0.71,0.19,0.41||14.02,4.04,2.81,8.72,2.59||0.00,0.00,0.50,0.59,0.00||77.62,739.53,5441.19,69.61,39.22||12.06,3.86,8.50||0.33,1.00,2.73,2.21,3.42,0.41||
2.87,18.06,11.95,4.49,6.04,4.95,2.90||0.00,0.00,0.00,0.03,0.04,0.04||3.02,7.72,0.80,21.85,17.73,10.39||4.72,0.82,0.71,0.19,0.41||14.01,4.04,2.81,8.72,2.59||0.00,0.00,0.50,0.59,0.00||36.23,34.49,149.31,51.02,6.46||10.77,3.50,7.75||0.28,0.83,2.18,1.87,2.96,0.34||
2.87,18.06,11.95,4.49,6.04,4.95,2.90||0.00,0.00,0.00,0.03,0.04,0.04||3.01,7.72,0.80,21.83,17.73,10.38||4.72,0.82,0.71,0.19,0.41||14.01,4.04,2.81,8.72,2.59||0.00,0.00,0.50,0.59,0.00||52.18,149.68,835.26,59.20,15.32||12.90,4.09,8.97||0.16,0.51,1.19,1.20,2.02,0.20||
2.86,18.02,11.93,4.48,6.03,4.94,2.90||0.00,0.00,0.00,0.03,0.04,0.04||3.01,7.72,0.80,21.83,17.72,10.38||4.69,0.81,0.70,0.19,0.40||14.10,4.05,2.85,8.75,2.59||0.00,0.00,0.50,0.59,0.00||86.06,1120.04,8854.77,72.60,50.06||16.38,5.01,10.87||0.24,0.74,1.89,1.69,2.71,0.30||
2.86,18.01,11.92,4.48,6.03,4.94,2.90||0.00,0.00,0.00,0.03,0.04,0.04||2.95,7.69,0.78,21.65,17.65,10.25||4.68,0.81,0.70,0.19,0.40||13.94,4.03,2.78,8.69,2.58||0.00,0.00,0.50,0.59,0.00||60.72,275.44,1708.17,62.98,21.94||13.94,4.36,9.55||0.38,1.12,3.15,2.44,3.74,0.47||
2.86,18.01,11.92,4.48,6.02,4.94,2.90||0.00,0.00,0.00,0.03,0.04,0.04||2.94,7.68,0.77,21.62,17.63,10.22||4.68,0.81,0.70,0.19,0.40||14.00,4.04,2.81,8.71,2.59||0.00,0.00,0.50,0.59,0.00||83.98,1014.81,7887.02,71.88,47.24||18.54,5.56,12.01||0.34,1.01,2.76,2.22,3.44,0.42||
2.87,18.05,11.94,4.49,6.04,4.95,2.90||0.00,0.00,0.00,0.03,0.04,0.04||2.91,7.66,0.76,21.53,17.59,10.15||4.68,0.81,0.70,0.19,0.40||14.01,4.04,2.81,8.72,2.59||0.00,0.00,0.50,0.59,0.00||80.93,874.75,6625.97,70.81,43.29||20.41,6.04,12.98||0.51,1.49,4.50,3.16,4.68,0.64||
2.85,17.90,11.87,4.46,5.99,4.92,2.88||0.00,0.00,0.00,0.03,0.04,0.04||2.91,7.66,0.76,21.51,17.58,10.14||4.68,0.81,0.70,0.19,0.40||14.01,4.04,2.81,8.72,2.59||0.00,0.00,0.50,0.59,0.00||53.55,166.10,943.72,59.83,16.29||9.15,3.05,6.80||0.26,0.79,2.04,1.79,2.85,0.32||
2.86,17.95,11.89,4.47,6.01,4.93,2.89||0.00,0.00,0.00,0.03,0.04,0.04||2.91,7.66,0.76,21.50,17.58,10.13||4.68,0.81,0.70,0.19,0.40||13.92,4.03,2.77,8.68,2.58||0.00,0.00,0.50,0.59,0.00||77.55,736.60,5415.96,69.58,39.13||18.78,5.62,12.14||0.30,0.89,2.38,1.99,3.13,0.37||
2.85,17.92,11.88,4.46,6.00,4.93,2.89||0.00,0.00,0.00,0.03,0.04,0.04||2.91,7.66,0.76,21.50,17.58,10.13||4.68,0.81,0.70,0.19,0.40||13.99,4.04,2.81,8.71,2.59||0.00,0.00,0.50,0.59,0.00||65.88,382.32,2509.46,65.11,26.60||13.26,4.18,9.17||0.30,0.91,2.45,2.04,3.19,0.38||
2.85,17.88,11.85,4.45,5.99,4.92,2.88||0.00,0.00,0.00,0.03,0.04,0.04||2.91,7.66,0.76,21.50,17.58,10.13||4.68,0.81,0.70,0.19,0.40||14.10,4.05,2.85,8.75,2.59||0.00,0.00,0.50,0.59,0.00||48.81,114.41,609.40,57.61,13.08||14.90,4.62,10.07||0.06,0.20,0.38,0.52,0.98,0.07||
