4.58,34.68,19.94,8.08,10.79,7.89,4.67||0.00,0.00,0.00,0.08,0.07,0.08||61.60,14.59,70.65,78.50,35.66,80.91||12.91,1.43,3.37,0.47,0.70||54.88,7.12,50.49,20.25,4.43||0.02,0.05,0.70,0.81,0.01||98.51,1928.28,16747.44,76.71,68.91||37.22,10.06,21.05||0.84,2.36,7.95,4.78,6.71,1.05||
3.10,20.13,13.01,4.95,6.65,5.35,3.14||0.00,0.00,0.00,0.04,0.04,0.04||5.33,8.71,1.87,27.81,20.23,15.31||5.55,0.89,0.91,0.22,0.44||18.10,4.49,4.84,10.21,2.86||0.00,0.01,0.53,0.63,0.00||137.12,7293.69,79748.87,87.79,150.71||12.93,4.10,8.99||2.08,5.51,22.88,10.30,13.07,2.63||
2.88,18.17,12.01,4.52,6.07,4.97,2.92||0.00,0.00,0.00,0.04,0.04,0.04||3.43,7.93,0.97,23.07,18.27,11.35||4.77,0.82,0.72,0.19,0.41||14.83,4.14,3.17,9.03,2.65||0.00,0.01,0.50,0.60,0.00||36.22,34.46,149.14,51.01,6.46||15.55,4.79,10.43||5.54,13.76,71.30,23.50,26.79,7.07||
2.85,17.85,11.84,4.44,5.98,4.91,2.88||0.00,0.00,0.00,0.03,0.04,0.04||3.15,7.79,0.86,22.25,17.91,10.70||4.63,0.81,0.68,0.19,0.40||14.17,4.06,2.88,8.78,2.60||0.00,0.00,0.50,0.60,0.00||33.09,23.95,97.33,49.17,5.22||10.76,3.50,7.75||5.07,12.66,64.28,21.80,25.09,6.46||
2.84,17.79,11.81,4.43,5.96,4.90,2.87||0.00,0.00,0.00,0.03,0.04,0.04||3.09,7.76,0.83,22.08,17.84,10.57||4.60,0.80,0.68,0.19,0.40||14.13,4.06,2.87,8.76,2.60||0.00,0.00,0.50,0.59,0.00||61.00,280.54,1745.34,63.10,22.18||13.67,4.29,9.40||0.23,0.69,1.74,1.59,2.57,0.28||
2.84,17.81,11.82,4.44,5.97,4.90,2.87||0.00,0.00,0.00,0.03,0.04,0.04||3.08,7.76,0.83,22.05,17.82,10.55||4.60,0.80,0.68,0.18,0.40||14.03,4.04,2.82,8.73,2.59||0.00,0.00,0.50,0.59,0.00||106.86,2675.25,24589.61,79.30,83.55||14.18,4.43,9.68||0.28,0.86,2.27,1.92,3.04,0.35||
2.83,17.74,11.78,4.42,5.95,4.89,2.86||0.00,0.00,0.00,0.03,0.04,0.04||3.08,7.76,0.83,22.05,17.82,10.54||4.59,0.80,0.68,0.18,0.40||14.02,4.04,2.81,8.72,2.59||0.00,0.00,0.50,0.59,0.00||45.10,83.27,419.84,55.79,10.85||28.35,7.98,16.91||0.48,1.39,4.13,2.98,4.44,0.59||
2.84,17.77,11.80,4.42,5.95,4.89,2.87||0.00,0.00,0.00,0.03,0.04,0.04||3.08,7.76,0.83,22.04,17.82,10.54||4.59,0.80,0.68,0.18,0.40||14.10,4.05,2.85,8.75,2.59||0.00,0.00,0.50,0.59,0.00||35.48,31.72,135.32,50.59,6.15||13.26,4.18,9.17||0.20,0.63,1.53,1.45,2.38,0.25||
2.82,17.66,11.74,4.40,5.92,4.87,2.85||0.00,0.00,0.00,0.03,0.04,0.04||3.08,7.76,0.83,22.04,17.82,10.54||4.59,0.80,0.68,0.18,0.40||14.03,4.04,2.82,8.72,2.59||0.00,0.00,0.50,0.59,0.00||95.44,1698.19,14428.17,75.73,63.95||9.57,3.17,7.05||1.83,4.89,19.70,9.24,11.90,2.31||
2.82,17.60,11.71,4.39,5.90,4.86,2.85||0.00,0.00,0.00,0.03,0.04,0.04||3.08,7.76,0.83,22.04,17.82,10.54||4.58,0.80,0.67,0.18,0.40||14.29,4.07,2.93,8.82,2.61||0.00,0.00,0.50,0.59,0.00||66.68,401.29,2656.12,65.43,27.37||11.01,3.57,7.89||0.90,2.53,8.68,5.10,7.09,1.13||
2.82,17.63,11.72,4.39,5.91,4.87,2.85||0.00,0.00,0.00,0.03,0.04,0.04||3.08,7.76,0.83,22.04,17.82,10.54||4.58,0.80,0.67,0.18,0.40||14.16,4.06,2.88,8.77,2.60||0.00,0.00,0.50,0.59,0.00||40.69,55.03,258.28,53.49,8.51||17.37,5.26,11.40||1.30,3.54,13.19,6.91,9.24,1.63||
2.82,17.59,11.71,4.39,5.90,4.86,2.85||0.00,0.00,0.00,0.03,0.04,0.04||3.08,7.76,0.83,22.04,17.82,10.54||4.52,0.80,0.66,0.18,0.40||14.13,4.06,2.86,8.76,2.60||0.00,0.00,0.50,0.59,0.00||40.63,54.69,256.38,53.46,8.48||11.35,3.66,8.09||0.46,1.34,3.95,2.88,4.32,0.57||
2.82,17.59,11.70,4.38,5.90,4.86,2.85||0.00,0.00,0.00,0.03,0.04,0.04||3.08,7.76,0.83,22.04,17.82,10.54||4.52,0.80,0.66,0.18,0.40||14.13,4.05,2.86,8.76,2.60||0.00,0.00,0.50,0.59,0.00||84.37,1034.06,8062.78,72.02,47.76||14.31,4.46,9.75||0.70,2.00,6.48,4.13,5.90,0.88||
2.82,17.59,11.70,4.38,5.90,4.86,2.85||0.00,0.00,0.00,0.03,0.04,0.04||3.08,7.76,0.83,22.04,17.82,10.54||4.51,0.80,0.66,0.18,0.40||14.03,4.04,2.82,8.73,2.59||0.00,0.00,0.50,0.59,0.00||30.56,17.39,66.84,47.60,4.32||14.27,4.45,9.73||3.71,9.46,44.75,16.76,19.96,4.71||
2.82,17.59,11.70,4.38,5.90,4.86,2.85||0.00,0.00,0.00,0.03,0.04,0.04||3.08,7.76,0.83,22.04,17.82,10.54||4.51,0.80,0.66,0.18,0.40||13.92,4.03,2.78,8.68,2.58||0.00,0.00,0.50,0.59,0.00||50.53,131.47,717.39,58.43,14.20||10.99,3.57,7.89||1.87,4.99,20.22,9.42,12.09,2.36||
2.82,17.59,11.70,4.38,5.90,4.86,2.85||0.00,0.00,0.00,0.03,0.04,0.04||3.08,7.76,0.83,22.04,17.82,10.54||4.51,0.80,0.66,0.18,0.40||13.99,4.04,2.81,8.71,2.59||0.00,0.00,0.50,0.59,0.00||29.63,15.36,57.81,47.00,4.02||17.46,5.29,11.45||1.66,4.46,17.58,8.51,11.07,2.09||
2.82,17.59,11.70,4.38,5.90,4.86,2.85||0.00,0.00,0.00,0.03,0.04,0.04||3.08,7.76,0.83,22.04,17.82,10.54||4.52,0.80,0.66,0.18,0.40||14.10,4.05,2.85,8.75,2.59||0.00,0.00,0.50,0.59,0.00||53.21,161.92,915.92,59.68,16.05||18.10,5.45,11.78||2.11,5.58,23.21,10.41,13.19,2.66||
2.82,17.59,11.70,4.38,5.90,4.86,2.85||0.00,0.00,0.00,0.03,0.04,0.04||3.08,7.76,0.83,22.04,17.82,10.54||4.51,0.80,0.66,0.18,0.40||14.03,4.04,2.82,8.72,2.59||0.00,0.00,0.50,0.59,0.00||81.18,885.69,6723.21,70.90,43.61||10.48,3.42,7.59||8.05,19.51,110.08,32.21,35.23,10.31||
2.82,17.59,11.70,4.38,5.90,4.86,2.85||0.00,0.00,0.00,0.03,0.04,0.04||3.03,7.73,0.81,21.87,17.74,10.41||4.51,0.80,0.66,0.18,0.40||14.10,4.05,2.85,8.75,2.59||0.00,0.00,0.50,0.59,0.00||42.42,65.05,314.26,54.41,9.39||13.63,4.28,9.37||9.30,22.33,130.25,36.39,39.18,11.94||
2.82,17.59,11.70,4.38,5.90,4.86,2.85||0.00,0.00,0.00,0.03,0.04,0.04||3.07,7.75,0.82,22.01,17.80,10.52||4.51,0.80,0.66,0.18,0.40||14.12,4.05,2.86,8.76,2.59||0.00,0.00,0.50,0.59,0.00||50.80,134.34,735.79,58.56,14.38||17.87,5.39,11.66||6.38,15.70,84.02,26.47,29.71,8.15||
2.82,17.59,11.70,4.38,5.90,4.86,2.85||0.00,0.00,0.00,0.03,0.04,0.04||3.08,7.75,0.83,22.04,17.82,10.54||4.51,0.80,0.66,0.18,0.40||14.12,4.05,2.86,8.76,2.59||0.00,0.00,0.50,0.59,0.00||48.08,107.67,567.54,57.26,12.63||20.06,5.95,12.80||4.70,11.79,58.87,20.45,23.74,5.98||
2.82,17.59,11.70,4.38,5.90,4.86,2.85||0.00,0.00,0.00,0.03,0.04,0.04||3.05,7.74,0.82,21.96,17.78,10.48||4.51,0.80,0.66,0.18,0.40||14.22,4.07,2.90,8.80,2.60||0.00,0.00,0.50,0.59,0.00||46.75,96.17,497.11,56.61,11.81||14.13,4.42,9.65||5.03,12.56,63.69,21.66,24.95,6.41||
2.82,17.59,11.70,4.38,5.90,4.86,2.85||0.00,0.00,0.00,0.03,0.04,0.04||2.96,7.69,0.78,21.68,17.66,10.27||4.51,0.80,0.66,0.18,0.40||14.05,4.05,2.83,8.73,2.59||0.00,0.00,0.50,0.59,0.00||50.79,134.29,735.46,58.56,14.38||12.77,4.05,8.90||0.52,1.51,4.58,3.21,4.74,0.65||
2.82,17.59,11.70,4.38,5.90,4.86,2.85||0.00,0.00,0.00,0.03,0.04,0.04||2.97,7.70,0.79,21.71,17.67,10.29||4.51,0.80,0.66,0.18,0.40||14.02,4.04,2.82,8.72,2.59||0.00,0.00,0.50,0.59,0.00||99.14,1978.97,17265.02,76.92,69.97||11.10,3.60,7.95||0.67,1.90,6.08,3.94,5.66,0.83||
2.82,17.59,11.70,4.38,5.90,4.86,2.85||0.00,0.00,0.00,0.03,0.04,0.04||2.95,7.68,0.78,21.63,17.64,10.23||4.51,0.80,0.66,0.18,0.40||14.10,4.05,2.85,8.75,2.59||0.00,0.00,0.50,0.59,0.00||87.93,1221.28,9800.83,73.24,52.68||18.35,5.52,11.91||1.02,2.83,9.99,5.65,7.75,1.28||
2.82,17.59,11.70,4.38,5.90,4.86,2.85||0.00,0.00,0.00,0.03,0.04,0.04||2.92,7.67,0.76,21.53,17.59,10.16||4.51,0.80,0.66,0.18,0.40||14.03,4.04,2.82,8.72,2.59||0.00,0.00,0.50,0.59,0.00||180.50,22037.00,291770.84,98.20,288.79||25.88,7.39,15.71||0.52,1.52,4.60,3.22,4.75,0.65||
2.82,17.59,11.70,4.38,5.90,4.86,2.85||0.00,0.00,0.00,0.03,0.04,0.04||2.91,7.66,0.76,21.51,17.58,10.14||4.49,0.79,0.65,0.18,0.40||14.10,4.05,2.85,8.75,2.59||0.00,0.00,0.50,0.59,0.00||80.76,867.19,6558.77,70.74,43.07||14.50,4.51,9.86||0.85,2.39,8.08,4.84,6.78,1.06||
2.82,17.59,11.70,4.38,5.90,4.86,2.85||0.00,0.00,0.00,0.03,0.04,0.04||2.94,7.68,0.77,21.59,17.62,10.20||4.51,0.80,0.66,0.18,0.40||14.12,4.05,2.86,8.76,2.59||0.00,0.00,0.50,0.59,0.00||76.84,709.87,5186.12,69.32,38.28||13.01,4.12,9.03||0.20,0.62,1.51,1.44,2.36,0.25||
2.82,17.59,11.70,4.38,5.90,4.86,2.85||0.00,0.00,0.00,0.03,0.04,0.04||2.91,7.66,0.76,21.53,17.59,10.15||4.49,0.79,0.65,0.18,0.40||14.12,4.05,2.86,8.76,2.59||0.00,0.00,0.50,0.59,0.00||27.77,11.84,42.60,45.78,3.45||11.55,3.72,8.21||2.56,6.68,29.03,12.25,15.19,3.23||
2.82,17.59,11.70,4.38,5.90,4.86,2.85||0.00,0.00,0.00,0.03,0.04,0.04||2.91,7.66,0.76,21.51,17.58,10.14||4.48,0.79,0.65,0.18,0.39||14.12,4.05,2.86,8.76,2.59||0.00,0.00,0.50,0.59,0.00||35.33,31.17,132.60,50.50,6.09||18.54,5.56,12.01||8.65,20.87,119.71,34.23,37.15,11.09||
2.82,17.59,11.70,4.38,5.90,4.86,2.85||0.00,0.00,0.00,0.03,0.04,0.04||2.91,7.66,0.76,21.51,17.58,10.14||4.43,0.79,0.64,0.18,0.39||14.31,4.08,2.94,8.83,2.61||0.00,0.00,0.50,0.59,0.00||51.22,138.95,765.45,58.76,14.67||16.35,5.00,10.85||54.72,117.03,1021.61,162.18,143.72,71.60||
2.84,17.77,11.80,4.43,5.95,4.90,2.87||0.00,0.00,0.00,0.03,0.04,0.04||2.91,7.66,0.76,21.51,17.58,10.14||4.56,0.80,0.67,0.18,0.40||14.25,4.07,2.92,8.81,2.60||0.00,0.00,0.50,0.59,0.00||58.92,243.93,1481.30,62.21,20.42||14.69,4.56,9.96||3.07,7.91,35.85,14.27,17.36,3.89||
2.86,18.00,11.92,4.48,6.02,4.94,2.89||0.00,0.00,0.00,0.03,0.04,0.04||3.05,7.74,0.82,21.94,17.77,10.46||4.80,0.82,0.72,0.19,0.41||14.06,4.05,2.83,8.74,2.59||0.00,0.00,0.50,0.59,0.00||53.13,160.97,909.63,59.64,15.99||17.69,5.35,11.56||5.04,12.60,63.92,21.71,25.00,6.43||
2.89,18.24,12.04,4.53,6.09,4.99,2.92||0.00,0.00,0.00,0.04,0.04,0.04||3.07,7.75,0.83,22.02,17.81,10.53||5.12,0.85,0.80,0.20,0.42||14.39,4.09,2.98,8.86,2.61||0.00,0.00,0.50,0.59,0.00||35.63,32.27,138.07,50.67,6.21||11.71,3.76,8.30||20.61,46.98,328.41,71.19,70.23,26.68||
2.92,18.48,12.17,4.58,6.16,5.03,2.95||0.00,0.00,0.00,0.04,0.04,0.04||3.20,7.82,0.88,22.39,17.97,10.81||5.39,0.88,0.87,0.21,0.44||14.36,4.08,2.96,8.85,2.61||0.00,0.00,0.50,0.59,0.00||89.20,1293.47,10483.77,73.67,54.49||20.18,5.98,12.86||15.61,36.24,237.77,56.32,57.28,20.15||
2.95,18.73,12.29,4.64,6.24,5.08,2.98||0.00,0.00,0.00,0.04,0.04,0.04||3.25,7.84,0.90,22.55,18.04,10.93||5.68,0.90,0.94,0.22,0.45||14.64,4.12,3.09,8.96,2.63||0.00,0.00,0.50,0.59,0.00||63.40,327.65,2093.89,64.10,24.30||15.99,4.91,10.66||1.70,4.56,18.04,8.67,11.25,2.14||
2.96,18.82,12.34,4.66,6.26,5.10,2.99||0.00,0.00,0.00,0.04,0.04,0.04||3.26,7.85,0.90,22.58,18.06,10.96||5.91,0.93,1.00,0.23,0.46||14.50,4.10,3.03,8.91,2.62||0.00,0.00,0.50,0.59,0.00||58.24,232.81,1402.40,61.91,19.87||14.60,4.54,9.91||2.32,6.10,25.94,11.28,14.15,2.93||
2.98,19.00,12.43,4.70,6.32,5.13,3.01||0.00,0.00,0.00,0.04,0.04,0.04||3.29,7.87,0.92,22.68,18.10,11.03||6.14,0.95,1.06,0.24,0.47||14.48,4.10,3.01,8.90,2.62||0.00,0.00,0.50,0.59,0.00||86.70,1153.71,9167.84,72.82,50.94||17.41,5.27,11.42||0.44,1.30,3.79,2.80,4.21,0.55||
2.98,19.03,12.45,4.71,6.33,5.14,3.01||0.00,0.00,0.00,0.04,0.04,0.04||3.43,7.93,0.97,23.05,18.26,11.33||6.28,0.96,1.10,0.25,0.47||14.66,4.12,3.10,8.96,2.63||0.00,0.00,0.50,0.59,0.00||47.25,100.38,522.74,56.85,12.12||13.11,4.14,9.09||0.71,2.02,6.55,4.16,5.94,0.89||
3.00,19.24,12.56,4.75,6.39,5.18,3.04||0.00,0.00,0.00,0.04,0.04,0.04||3.45,7.94,0.98,23.13,18.29,11.39||6.50,0.98,1.16,0.25,0.48||14.70,4.12,3.11,8.98,2.64||0.00,0.00,0.50,0.59,0.00||55.19,187.59,1088.53,60.57,17.50||17.81,5.38,11.63||2.58,6.74,29.34,12.34,15.29,3.26||
3.02,19.37,12.62,4.78,6.43,5.21,3.05||0.00,0.00,0.00,0.04,0.04,0.04||3.46,7.95,0.98,23.15,18.30,11.40||6.64,0.99,1.20,0.26,0.49||14.71,4.12,3.12,8.98,2.64||0.00,0.00,0.50,0.59,0.00||67.51,421.88,2816.70,65.76,28.19||19.80,5.88,12.66||1.80,4.82,19.33,9.12,11.76,2.27||
3.03,19.52,12.70,4.82,6.47,5.23,3.07||0.00,0.00,0.00,0.04,0.04,0.04||3.46,7.95,0.98,23.15,18.30,11.40||6.77,1.00,1.24,0.26,0.49||14.71,4.12,3.12,8.98,2.64||0.00,0.00,0.50,0.59,0.00||88.40,1247.63,10049.37,73.40,53.34||16.19,4.96,10.77||0.31,0.92,2.48,2.05,3.21,0.38||
3.04,19.55,12.71,4.82,6.48,5.24,3.07||0.00,0.00,0.00,0.04,0.04,0.04||3.52,7.98,1.01,23.33,18.38,11.55||6.90,1.01,1.27,0.27,0.50||14.90,4.15,3.20,9.05,2.65||0.00,0.00,0.50,0.59,0.00||34.08,26.96,111.83,49.76,5.59||13.18,4.16,9.12||3.89,9.88,47.23,17.43,20.66,4.94||
3.04,19.60,12.74,4.83,6.49,5.25,3.08||0.00,0.00,0.00,0.04,0.04,0.04||3.64,8.03,1.06,23.64,18.52,11.80||6.93,1.01,1.28,0.27,0.50||14.75,4.13,3.13,9.00,2.64||0.00,0.00,0.50,0.60,0.00||41.50,59.59,283.53,53.93,8.92||17.02,5.17,11.21||2.69,7.01,30.84,12.80,15.79,3.41||
3.06,19.77,12.83,4.87,6.55,5.28,3.10||0.00,0.00,0.00,0.04,0.04,0.04||3.66,8.04,1.07,23.71,18.54,11.85||7.04,1.02,1.31,0.27,0.50||14.62,4.11,3.08,8.95,2.63||0.00,0.01,0.50,0.60,0.00||82.07,925.09,7075.37,71.21,44.74||19.37,5.77,12.44||2.11,5.58,23.23,10.42,13.20,2.66||
3.07,19.81,12.85,4.88,6.56,5.29,3.10||0.00,0.00,0.00,0.04,0.04,0.04||3.66,8.04,1.07,23.72,18.55,11.86||7.06,1.02,1.32,0.27,0.51||14.69,4.12,3.11,8.98,2.64||0.00,0.01,0.50,0.60,0.00||58.43,235.89,1424.17,62.00,20.03||9.10,3.04,6.77||0.66,1.89,6.06,3.93,5.65,0.83||
3.07,19.82,12.85,4.88,6.56,5.29,3.10||0.00,0.00,0.00,0.04,0.04,0.04||3.66,8.04,1.07,23.72,18.55,11.86||7.17,1.03,1.35,0.28,0.51||14.70,4.12,3.12,8.98,2.64||0.00,0.01,0.50,0.60,0.00||52.77,156.58,880.62,59.47,15.74||12.82,4.07,8.93||0.35,1.05,2.92,2.31,3.57,0.44||
3.07,19.82,12.85,4.88,6.56,5.29,3.11||0.00,0.00,0.00,0.04,0.04,0.04||3.66,8.04,1.07,23.72,18.55,11.86||7.19,1.03,1.36,0.28,0.51||14.71,4.12,3.12,8.98,2.64||0.00,0.01,0.50,0.60,0.00||95.90,1730.95,14755.25,75.88,64.67||11.40,3.68,8.12||0.21,0.65,1.62,1.51,2.46,0.26||
3.07,19.86,12.87,4.89,6.57,5.30,3.11||0.00,0.00,0.00,0.04,0.04,0.04||3.66,8.04,1.07,23.72,18.55,11.86||7.26,1.04,1.38,0.28,0.51||14.90,4.15,3.20,9.05,2.65||0.00,0.01,0.50,0.60,0.00||132.22,6301.45,67177.85,86.50,138.28||11.96,3.83,8.44||0.72,2.04,6.63,4.19,5.98,0.90||
3.09,20.04,12.96,4.93,6.63,5.33,3.13||0.00,0.00,0.00,0.04,0.04,0.04||3.70,8.06,1.09,23.82,18.59,11.94||7.32,1.04,1.40,0.28,0.52||14.84,4.14,3.18,9.03,2.65||0.00,0.01,0.50,0.60,0.00||61.97,298.80,1879.36,63.50,23.01||13.23,4.18,9.15||1.87,4.99,20.21,9.41,12.09,2.36||
3.10,20.08,12.98,4.94,6.64,5.34,3.13||0.00,0.00,0.00,0.04,0.04,0.04||3.77,8.09,1.12,24.02,18.68,12.10||7.33,1.04,1.40,0.28,0.52||15.02,4.16,3.26,9.10,2.66||0.00,0.01,0.50,0.60,0.00||122.48,4631.72,46815.33,83.84,115.38||11.70,3.76,8.29||1.64,4.40,17.27,8.40,10.95,2.06||
3.10,20.08,12.99,4.94,6.64,5.34,3.14||0.00,0.00,0.00,0.04,0.04,0.04||3.86,8.13,1.16,24.25,18.77,12.29||7.33,1.04,1.40,0.28,0.52||14.86,4.14,3.19,9.04,2.65||0.00,0.01,0.50,0.60,0.00||96.01,1739.02,14835.96,75.91,64.85||13.34,4.20,9.21||2.05,5.43,22.45,10.16,12.92,2.59||
3.10,20.08,12.99,4.94,6.64,5.34,3.14||0.00,0.00,0.00,0.04,0.04,0.04||3.88,8.14,1.17,24.30,18.79,12.33||7.35,1.04,1.41,0.28,0.52||15.03,4.16,3.26,9.10,2.66||0.00,0.01,0.50,0.60,0.00||94.57,1636.86,13818.87,75.45,62.58||15.95,4.89,10.64||8.13,19.69,111.37,32.48,35.49,10.42||
3.10,20.09,12.99,4.94,6.64,5.34,3.14||0.00,0.00,0.00,0.04,0.04,0.04||3.88,8.14,1.17,24.31,18.80,12.33||7.44,1.05,1.43,0.29,0.52||14.77,4.13,3.15,9.01,2.64||0.00,0.01,0.50,0.60,0.00||117.97,3982.75,39217.67,82.57,105.58||14.83,4.60,10.03||1.37,3.73,14.08,7.24,9.62,1.72||
3.10,20.09,12.99,4.94,6.64,5.34,3.14||0.00,0.00,0.00,0.04,0.04,0.04||3.88,8.14,1.17,24.31,18.80,12.33||7.46,1.05,1.44,0.29,0.52||15.10,4.17,3.30,9.13,2.66||0.00,0.01,0.50,0.60,0.00||63.21,323.75,2064.70,64.02,24.12||14.38,4.48,9.79||12.58,29.61,184.96,46.93,48.88,16.19||
3.10,20.09,12.99,4.94,6.64,5.34,3.14||0.00,0.00,0.00,0.04,0.04,0.04||3.88,8.14,1.17,24.31,18.80,12.33||7.47,1.05,1.44,0.29,0.52||14.98,4.15,3.24,9.08,2.66||0.00,0.01,0.50,0.60,0.00||62.69,313.14,1985.58,63.80,23.66||13.51,4.25,9.31||6.12,15.10,80.05,25.56,28.82,7.82||
3.10,20.09,12.99,4.94,6.64,5.34,3.14||0.00,0.00,0.00,0.04,0.04,0.04||3.88,8.14,1.17,24.31,18.80,12.34||7.47,1.05,1.44,0.29,0.52||14.86,4.14,3.18,9.04,2.65||0.00,0.01,0.50,0.60,0.00||84.46,1038.71,8105.36,72.05,47.89||14.83,4.60,10.04||0.54,1.56,4.75,3.29,4.85,0.67||
3.12,20.30,13.10,4.99,6.70,5.38,3.16||0.00,0.00,0.00,0.04,0.04,0.04||3.88,8.14,1.17,24.31,18.80,12.34||7.47,1.05,1.44,0.29,0.52||14.83,4.14,3.17,9.03,2.65||0.00,0.01,0.50,0.60,0.00||59.03,245.85,1494.99,62.26,20.52||8.88,2.98,6.64||1.70,4.55,18.02,8.66,11.25,2.14||
3.12,20.30,13.10,4.99,6.70,5.38,3.16||0.00,0.00,0.00,0.04,0.04,0.04||3.88,8.14,1.17,24.31,18.80,12.34||7.47,1.05,1.44,0.29,0.52||15.12,4.17,3.30,9.14,2.67||0.00,0.01,0.50,0.60,0.00||39.66,49.67,228.98,52.94,8.01||8.08,2.74,6.15||1.53,4.13,15.97,7.94,10.42,1.92||
3.12,20.30,13.10,4.99,6.70,5.38,3.16||0.00,0.00,0.00,0.04,0.04,0.04||3.88,8.14,1.17,24.31,18.80,12.34||7.47,1.05,1.44,0.29,0.52||15.27,4.19,3.38,9.19,2.68||0.00,0.01,0.50,0.60,0.00||51.06,137.15,753.87,58.68,14.56||7.80,2.66,5.98||1.49,4.04,15.54,7.78,10.24,1.88||
3.13,20.35,13.12,5.00,6.72,5.39,3.17||0.00,0.00,0.00,0.04,0.04,0.04||3.88,8.14,1.17,24.31,18.80,12.34||7.49,1.06,1.45,0.29,0.52||15.01,4.16,3.25,9.10,2.66||0.00,0.01,0.50,0.60,0.00||34.57,28.57,119.70,50.05,5.79||10.27,3.37,7.46||0.51,1.48,4.48,3.15,4.67,0.64||
3.13,20.35,13.12,5.00,6.72,5.39,3.17||0.00,0.00,0.00,0.04,0.04,0.04||3.88,8.14,1.17,24.31,18.80,12.34||7.47,1.05,1.44,0.29,0.52||14.86,4.14,3.19,9.04,2.65||0.00,0.01,0.50,0.60,0.00||39.74,50.06,231.12,52.98,8.05||10.10,3.32,7.37||0.25,0.77,1.97,1.74,2.78,0.31||
3.13,20.36,13.12,5.00,6.72,5.39,3.17||0.00,0.00,0.00,0.04,0.04,0.04||3.99,8.19,1.22,24.60,18.92,12.57||7.49,1.06,1.45,0.29,0.52||15.03,4.16,3.26,9.10,2.66||0.00,0.01,0.50,0.60,0.00||41.54,59.78,284.61,53.94,8.93||9.80,3.24,7.19||1.50,4.06,15.63,7.82,10.28,1.89||
3.13,20.36,13.12,5.00,6.72,5.39,3.17||0.00,0.00,0.00,0.04,0.04,0.04||3.94,8.17,1.19,24.46,18.86,12.46||7.52,1.06,1.45,0.29,0.52||15.06,4.16,3.28,9.11,2.66||0.00,0.01,0.50,0.60,0.00||65.11,364.74,2374.61,64.80,25.88||17.90,5.40,11.67||1.16,3.20,11.63,6.31,8.53,1.46||
3.13,20.36,13.12,5.00,6.72,5.39,3.17||0.00,0.00,0.00,0.04,0.04,0.05||4.08,8.23,1.26,24.82,19.01,12.75||7.59,1.06,1.48,0.29,0.53||14.97,4.15,3.24,9.08,2.65||0.00,0.01,0.50,0.60,0.00||34.56,28.53,119.52,50.05,5.78||13.88,4.35,9.52||4.79,12.00,60.15,20.77,24.06,6.10||
3.13,20.36,13.12,5.00,6.72,5.39,3.17||0.00,0.00,0.00,0.04,0.04,0.05||4.10,8.24,1.27,24.89,19.04,12.81||7.60,1.06,1.48,0.29,0.53||14.85,4.14,3.18,9.04,2.65||0.00,0.01,0.50,0.60,0.00||55.53,192.17,1119.80,60.72,17.75||16.31,4.99,10.83||3.16,8.14,37.13,14.64,17.75,4.01||
3.13,20.36,13.12,5.00,6.72,5.39,3.17||0.00,0.00,0.00,0.04,0.04,0.05||4.11,8.24,1.27,24.91,19.05,12.82||7.61,1.06,1.48,0.29,0.53||15.22,4.18,3.35,9.17,2.67||0.00,0.01,0.50,0.60,0.00||87.69,1207.69,9672.98,73.16,52.33||14.43,4.50,9.82||2.53,6.61,28.65,12.13,15.07,3.20||
3.13,20.36,13.12,5.00,6.72,5.39,3.17||0.00,0.00,0.00,0.04,0.04,0.05||4.11,8.24,1.27,24.91,19.05,12.83||7.61,1.06,1.48,0.29,0.53||14.71,4.12,3.12,8.98,2.64||0.00,0.01,0.50,0.60,0.00||73.54,595.12,4217.11,68.10,34.51||10.21,3.35,7.43||0.27,0.81,2.10,1.82,2.89,0.33||
3.13,20.40,13.15,5.01,6.73,5.40,3.17||0.00,0.00,0.00,0.04,0.04,0.05||4.11,8.24,1.27,24.91,19.05,12.83||7.61,1.06,1.48,0.29,0.53||14.90,4.15,3.20,9.05,2.65||0.00,0.01,0.50,0.60,0.00||35.46,31.63,134.86,50.57,6.14||17.63,5.33,11.53||2.85,7.39,32.94,13.42,16.46,3.61||
3.13,20.36,13.13,5.00,6.72,5.40,3.17||0.00,0.00,0.00,0.04,0.04,0.05||4.11,8.24,1.27,24.91,19.05,12.83||7.61,1.06,1.48,0.29,0.53||14.94,4.15,3.22,9.07,2.65||0.00,0.01,0.50,0.60,0.00||41.65,60.44,288.31,54.00,8.99||16.96,5.16,11.18||5.60,13.89,72.18,23.71,27.00,7.14||
3.13,20.36,13.13,5.00,6.72,5.39,3.17||0.00,0.00,0.00,0.04,0.04,0.05||4.11,8.24,1.27,24.91,19.05,12.83||7.61,1.06,1.48,0.29,0.53||14.94,4.15,3.22,9.07,2.65||0.00,0.01,0.50,0.60,0.00||49.12,117.39,628.08,57.76,13.28||12.72,4.04,8.87||0.98,2.72,9.52,5.45,7.52,1.23||
3.13,20.40,13.15,5.01,6.73,5.40,3.17||0.00,0.00,0.00,0.04,0.04,0.05||4.11,8.24,1.27,24.91,19.05,12.83||7.61,1.06,1.48,0.29,0.53||15.04,4.16,3.27,9.11,2.66||0.00,0.01,0.50,0.60,0.00||93.52,1564.57,13105.75,75.11,60.94||8.65,2.91,6.50||30.84,68.48,524.64,100.00,94.38,40.10||
3.14,20.45,13.17,5.02,6.75,5.41,3.18||0.00,0.00,0.00,0.04,0.04,0.05||4.11,8.24,1.27,24.91,19.05,12.83||7.61,1.06,1.48,0.29,0.53||14.97,4.15,3.23,9.08,2.65||0.00,0.01,0.50,0.60,0.00||60.71,275.18,1706.28,62.97,21.93||13.24,4.18,9.16||3.69,9.41,44.44,16.68,19.88,4.68||
3.14,20.46,13.18,5.03,6.75,5.41,3.18||0.00,0.00,0.00,0.04,0.04,0.05||4.11,8.24,1.27,24.91,19.05,12.83||7.61,1.06,1.48,0.29,0.53||15.14,4.17,3.32,9.15,2.67||0.00,0.01,0.50,0.60,0.00||40.06,51.70,240.00,53.15,8.20||12.54,3.99,8.77||3.43,8.79,40.84,15.69,18.84,4.35||
3.14,20.47,13.18,5.03,6.75,5.41,3.18||0.00,0.00,0.00,0.04,0.04,0.05||4.11,8.24,1.27,24.91,19.05,12.83||7.61,1.06,1.48,0.29,0.53||14.99,4.16,3.24,9.09,2.66||0.00,0.01,0.50,0.60,0.00||79.09,797.41,5944.07,70.15,40.99||20.79,6.13,13.17||3.80,9.68,46.05,17.11,20.33,4.83||
3.14,20.51,13.20,5.04,6.76,5.42,3.18||0.00,0.00,0.00,0.04,0.04,0.05||4.11,8.24,1.27,24.91,19.05,12.83||7.61,1.06,1.48,0.29,0.53||14.86,4.14,3.18,9.04,2.65||0.00,0.01,0.50,0.60,0.00||53.99,171.63,980.72,60.03,16.61||22.34,6.52,13.96||1.58,4.26,16.57,8.15,10.67,1.99||
3.15,20.56,13.23,5.05,6.78,5.43,3.19||0.00,0.00,0.00,0.04,0.04,0.05||4.11,8.24,1.27,24.91,19.05,12.83||7.63,1.07,1.49,0.29,0.53||15.12,4.17,3.31,9.14,2.67||0.00,0.01,0.50,0.60,0.00||73.97,609.21,4334.44,68.26,34.99||11.40,3.68,8.12||0.43,1.26,3.65,2.72,4.10,0.53||
3.16,20.62,13.26,5.06,6.79,5.44,3.20||0.00,0.00,0.00,0.04,0.04,0.05||4.11,8.24,1.27,24.91,19.05,12.83||7.63,1.07,1.49,0.29,0.53||14.98,4.16,3.24,9.08,2.66||0.00,0.01,0.50,0.60,0.00||141.68,8320.53,93074.10,88.97,162.84||13.42,4.23,9.26||0.92,2.57,8.84,5.17,7.18,1.15||
3.16,20.63,13.26,5.06,6.80,5.44,3.20||0.00,0.00,0.00,0.04,0.04,0.05||4.11,8.24,1.27,24.91,19.05,12.83||7.61,1.07,1.48,0.29,0.53||15.15,4.17,3.32,9.15,2.67||0.00,0.01,0.50,0.60,0.00||101.30,2158.20,19113.35,77.60,73.63||12.13,3.88,8.53||6.56,16.10,86.72,27.09,30.31,8.38||
3.15,20.59,13.24,5.05,6.79,5.44,3.19||0.00,0.00,0.00,0.04,0.04,0.05||4.11,8.24,1.27,24.91,19.05,12.83||7.65,1.07,1.50,0.29,0.53||14.89,4.14,3.20,9.05,2.65||0.00,0.01,0.50,0.60,0.00||86.26,1130.30,8949.97,72.67,50.33||18.76,5.62,12.12||3.91,9.94,47.59,17.53,20.76,4.97||
3.13,20.40,13.15,5.01,6.73,5.40,3.17||0.00,0.00,0.00,0.04,0.04,0.05||4.11,8.24,1.27,24.91,19.05,12.83||7.62,1.07,1.48,0.29,0.53||14.93,4.15,3.22,9.07,2.65||0.00,0.01,0.50,0.60,0.00||80.05,836.87,6290.63,70.49,42.18||17.33,5.25,11.37||0.84,2.36,7.95,4.79,6.71,1.05||
3.13,20.37,13.13,5.00,6.72,5.40,3.17||0.00,0.00,0.00,0.04,0.04,0.04||4.11,8.24,1.27,24.91,19.05,12.83||7.50,1.06,1.45,0.29,0.52||14.94,4.15,3.22,9.07,2.65||0.00,0.01,0.50,0.60,0.00||53.93,170.90,975.82,60.00,16.57||8.96,3.00,6.69||0.47,1.36,4.01,2.91,4.36,0.58||
3.11,20.18,13.04,4.96,6.67,5.36,3.15||0.00,0.00,0.00,0.04,0.04,0.04||4.11,8.24,1.27,24.91,19.05,12.83||7.39,1.05,1.42,0.28,0.52||14.85,4.14,3.18,9.04,2.65||0.00,0.01,0.50,0.60,0.00||49.77,123.72,668.02,58.07,13.70||12.79,4.06,8.91||0.80,2.25,7.50,4.59,6.47,1.00||
3.10,20.10,13.00,4.95,6.64,5.35,3.14||0.00,0.00,0.00,0.04,0.04,0.04||4.11,8.24,1.27,24.91,19.05,12.83||7.23,1.04,1.37,0.28,0.51||14.74,4.13,3.13,8.99,2.64||0.00,0.01,0.50,0.60,0.00||44.10,76.04,377.38,55.27,10.29||11.81,3.79,8.36||5.68,14.08,73.40,24.00,27.28,7.25||
3.10,20.09,12.99,4.94,6.64,5.34,3.14||0.00,0.00,0.00,0.04,0.04,0.04||4.11,8.24,1.27,24.91,19.05,12.83||7.18,1.03,1.36,0.28,0.51||14.90,4.15,3.21,9.06,2.65||0.00,0.01,0.50,0.60,0.00||32.52,22.33,89.64,48.82,5.00||25.88,7.39,15.71||5.29,13.18,67.63,22.62,25.91,6.75||
3.08,19.91,12.90,4.90,6.59,5.31,3.12||0.00,0.00,0.00,0.04,0.04,0.04||4.11,8.24,1.27,24.91,19.05,12.83||7.09,1.02,1.33,0.27,0.51||14.75,4.13,3.13,9.00,2.64||0.00,0.01,0.50,0.60,0.00||95.57,1707.70,14523.02,75.78,64.16||14.47,4.51,9.84||1.68,4.51,17.81,8.59,11.16,2.11||
3.07,19.84,12.86,4.89,6.57,5.30,3.11||0.00,0.00,0.00,0.04,0.04,0.04||4.11,8.24,1.27,24.91,19.05,12.83||6.96,1.01,1.29,0.27,0.50||14.81,4.14,3.16,9.02,2.64||0.00,0.01,0.50,0.60,0.00||122.75,4673.37,47309.47,83.92,115.99||14.26,4.45,9.72||0.22,0.67,1.67,1.55,2.51,0.27||
3.07,19.86,12.88,4.89,6.57,5.30,3.11||0.00,0.00,0.00,0.04,0.04,0.04||4.11,8.24,1.27,24.91,19.05,12.83||6.94,1.01,1.29,0.27,0.50||14.82,4.14,3.17,9.03,2.64||0.00,0.01,0.50,0.60,0.00||48.09,107.75,568.02,57.26,12.63||13.13,4.15,9.10||2.50,6.55,28.31,12.03,14.96,3.17||
3.09,20.04,12.96,4.93,6.63,5.33,3.13||0.00,0.00,0.00,0.04,0.04,0.04||4.11,8.24,1.27,24.91,19.05,12.83||7.04,1.02,1.31,0.27,0.50||14.83,4.14,3.17,9.03,2.64||0.00,0.01,0.50,0.60,0.00||80.12,839.81,6316.54,70.51,42.26||15.38,4.75,10.33||1.11,3.06,10.99,6.05,8.23,1.39||
3.10,20.08,12.98,4.94,6.64,5.34,3.13||0.00,0.00,0.00,0.04,0.04,0.04||4.11,8.24,1.27,24.91,19.05,12.83||7.06,1.02,1.32,0.27,0.51||15.02,4.16,3.26,9.10,2.66||0.00,0.01,0.50,0.60,0.00||53.50,165.46,939.48,59.81,16.26||22.58,6.58,14.08||0.55,1.60,4.90,3.37,4.95,0.69||
3.10,20.08,12.99,4.94,6.64,5.34,3.14||0.00,0.00,0.00,0.04,0.04,0.04||4.11,8.24,1.27,24.91,19.05,12.83||7.04,1.02,1.31,0.27,0.50||14.86,4.14,3.19,9.04,2.65||0.00,0.01,0.50,0.60,0.00||126.13,5212.44,53773.23,84.85,123.68||23.53,6.81,14.55||1.18,3.25,11.86,6.39,8.63,1.48||
3.10,20.08,12.99,4.94,6.64,5.34,3.14||0.00,0.00,0.00,0.04,0.04,0.04||4.11,8.24,1.27,24.91,19.05,12.83||6.95,1.01,1.29,0.27,0.50||14.74,4.13,3.13,8.99,2.64||0.00,0.01,0.50,0.60,0.00||77.14,721.19,5283.29,69.43,38.64||10.55,3.44,7.63||0.92,2.57,8.86,5.18,7.19,1.15||
3.10,20.09,12.99,4.94,6.64,5.34,3.14||0.00,0.00,0.00,0.04,0.04,0.04||4.11,8.24,1.27,24.91,19.05,12.83||6.84,1.00,1.26,0.26,0.50||14.62,4.11,3.08,8.95,2.63||0.00,0.01,0.50,0.60,0.00||69.41,471.60,3209.96,66.51,30.10||10.27,3.37,7.47||0.62,1.78,5.62,3.72,5.39,0.78||
3.10,20.09,12.99,4.94,6.64,5.34,3.14||0.00,0.00,0.00,0.04,0.04,0.04||4.11,8.24,1.27,24.91,19.05,12.83||6.77,1.00,1.24,0.26,0.49||14.60,4.11,3.07,8.94,2.63||0.00,0.01,0.50,0.60,0.00||99.07,1972.82,17202.10,76.89,69.84||11.18,3.62,8.00||0.71,2.02,6.55,4.16,5.94,0.89||
3.10,20.09,12.99,4.94,6.64,5.34,3.14||0.00,0.00,0.00,0.04,0.04,0.04||4.11,8.24,1.27,24.91,19.05,12.83||6.70,0.99,1.22,0.26,0.49||14.78,4.13,3.15,9.01,2.64||0.00,0.01,0.50,0.60,0.00||75.51,661.96,4777.99,68.83,36.74||15.08,4.67,10.17||1.62,4.35,17.03,8.32,10.85,2.03||
3.09,20.04,12.97,4.93,6.63,5.33,3.13||0.00,0.00,0.00,0.04,0.04,0.04||4.11,8.24,1.27,24.91,19.05,12.83||6.60,0.98,1.19,0.26,0.49||14.72,4.13,3.12,8.99,2.64||0.00,0.01,0.50,0.60,0.00||47.54,102.94,538.42,57.00,12.30||10.38,3.40,7.53||2.47,6.47,27.91,11.90,14.82,3.13||
3.08,19.91,12.90,4.90,6.59,5.31,3.12||0.00,0.00,0.00,0.04,0.04,0.04||4.11,8.24,1.27,24.91,19.05,12.83||6.57,0.98,1.18,0.26,0.49||14.81,4.13,3.16,9.02,2.64||0.00,0.01,0.50,0.60,0.00||100.95,2128.25,18802.59,77.49,73.03||16.58,5.06,10.98||1.47,3.98,15.26,7.68,10.13,1.85||
3.07,19.88,12.88,4.90,6.58,5.30,3.11||0.00,0.00,0.00,0.04,0.04,0.04||4.11,8.24,1.27,24.91,19.05,12.83||6.46,0.97,1.15,0.25,0.48||14.63,4.11,3.08,8.95,2.63||0.00,0.01,0.50,0.60,0.00||41.69,60.70,289.74,54.03,9.01||17.52,5.30,11.47||5.35,13.31,68.42,22.81,26.10,6.82||
3.07,19.83,12.86,4.89,6.56,5.29,3.11||0.00,0.00,0.00,0.04,0.04,0.04||4.04,8.21,1.24,24.72,18.97,12.67||6.44,0.97,1.14,0.25,0.48||14.60,4.11,3.07,8.94,2.63||0.00,0.01,0.50,0.60,0.00||81.53,901.21,6861.69,71.02,44.05||14.75,4.58,9.99||1.57,4.22,16.42,8.10,10.60,1.97||
3.07,19.82,12.85,4.88,6.56,5.29,3.11||0.00,0.00,0.00,0.04,0.04,0.04||3.95,8.17,1.20,24.49,18.87,12.48||6.34,0.96,1.12,0.25,0.48||14.69,4.12,3.11,8.97,2.64||0.00,0.01,0.50,0.60,0.00||93.00,1529.91,12765.76,74.94,60.14||17.13,5.20,11.27||1.90,5.06,20.55,9.53,12.22,2.40||
3.07,19.82,12.85,4.88,6.56,5.29,3.11||0.00,0.00,0.00,0.04,0.04,0.04||3.93,8.16,1.19,24.44,18.85,12.44||6.32,0.96,1.11,0.25,0.48||14.70,4.12,3.11,8.98,2.64||0.00,0.01,0.50,0.60,0.00||135.04,6858.78,74199.76,87.25,145.35||22.60,6.59,14.09||1.20,3.28,12.01,6.45,8.70,1.50||
3.07,19.82,12.85,4.88,6.56,5.29,3.11||0.00,0.00,0.00,0.04,0.04,0.04||3.89,8.15,1.17,24.34,18.81,12.36||6.23,0.95,1.09,0.24,0.47||14.80,4.13,3.16,9.02,2.64||0.00,0.01,0.50,0.60,0.00||44.55,79.26,396.19,55.51,10.54||15.67,4.82,10.49||1.05,2.91,10.35,5.79,7.93,1.32||
3.06,19.78,12.83,4.87,6.55,5.28,3.10||0.00,0.00,0.00,0.04,0.04,0.04||3.88,8.14,1.17,24.31,18.80,12.34||6.21,0.95,1.08,0.24,0.47||14.72,4.13,3.12,8.99,2.64||0.00,0.01,0.50,0.60,0.00||78.65,779.53,5788.09,69.98,40.45||15.44,4.76,10.37||1.71,4.60,18.24,8.74,11.33,2.16||
3.04,19.60,12.74,4.83,6.50,5.25,3.08||0.00,0.00,0.00,0.04,0.04,0.04||3.88,8.14,1.17,24.31,18.80,12.34||6.11,0.94,1.05,0.24,0.47||14.81,4.13,3.16,9.02,2.64||0.00,0.01,0.50,0.60,0.00||89.26,1297.43,10521.44,73.69,54.58||16.00,4.91,10.67||2.34,6.15,26.18,11.36,14.23,2.96||
3.04,19.56,12.72,4.83,6.49,5.24,3.08||0.00,0.00,0.00,0.04,0.04,0.04||3.88,8.14,1.17,24.31,18.80,12.34||6.09,0.94,1.05,0.24,0.47||14.73,4.13,3.13,8.99,2.64||0.00,0.01,0.50,0.60,0.00||67.89,431.33,2890.87,65.91,28.56||11.33,3.66,8.08||7.56,18.40,102.36,30.55,33.65,9.68||
3.04,19.56,12.72,4.82,6.48,5.24,3.08||0.00,0.00,0.00,0.04,0.04,0.04||3.88,8.14,1.17,24.31,18.80,12.34||6.05,0.94,1.04,0.24,0.46||14.62,4.11,3.08,8.95,2.63||0.00,0.01,0.50,0.60,0.00||51.03,136.79,751.52,58.67,14.53||13.16,4.16,9.11||4.44,11.19,55.13,19.50,22.77,5.65||
3.04,19.56,12.72,4.82,6.48,5.24,3.08||0.00,0.00,0.00,0.04,0.04,0.04||3.88,8.14,1.17,24.31,18.80,12.34||5.99,0.93,1.02,0.23,0.46||14.59,4.11,3.07,8.94,2.63||0.00,0.01,0.50,0.60,0.00||78.63,778.89,5782.52,69.98,40.43||17.25,5.23,11.33||3.93,9.98,47.84,17.59,20.82,4.99||
3.04,19.56,12.72,4.82,6.48,5.24,3.08||0.00,0.00,0.00,0.04,0.04,0.04||3.88,8.14,1.17,24.31,18.80,12.34||5.98,0.93,1.02,0.23,0.46||14.59,4.11,3.06,8.94,2.63||0.00,0.01,0.50,0.60,0.00||63.74,334.82,2147.75,64.24,24.61||18.62,5.58,12.05||2.02,5.37,22.12,10.05,12.80,2.55||
3.04,19.56,12.72,4.82,6.48,5.24,3.08||0.00,0.00,0.00,0.04,0.04,0.04||3.88,8.14,1.17,24.31,18.80,12.34||5.89,0.92,1.00,0.23,0.46||14.68,4.12,3.11,8.97,2.63||0.00,0.01,0.50,0.60,0.00||56.80,210.55,1246.45,61.29,18.73||14.66,4.56,9.94||0.81,2.29,7.65,4.65,6.55,1.01||
3.03,19.51,12.70,4.81,6.47,5.23,3.07||0.00,0.00,0.00,0.04,0.04,0.04||3.88,8.14,1.17,24.31,18.80,12.34||5.87,0.92,0.99,0.23,0.46||14.70,4.12,3.11,8.98,2.64||0.00,0.01,0.50,0.60,0.00||68.68,452.00,3054.01,66.22,29.36||17.55,5.31,11.49||1.37,3.73,14.09,7.25,9.63,1.72||
3.03,19.51,12.69,4.81,6.47,5.23,3.07||0.00,0.00,0.00,0.04,0.04,0.04||3.88,8.14,1.17,24.31,18.80,12.34||5.85,0.92,0.98,0.23,0.46||14.71,4.12,3.12,8.98,2.64||0.00,0.01,0.50,0.60,0.00||71.35,526.78,3654.84,67.26,32.12||10.19,3.34,7.42||0.57,1.65,5.10,3.46,5.07,0.71||
3.01,19.34,12.61,4.78,6.42,5.20,3.05||0.00,0.00,0.00,0.04,0.04,0.04||3.88,8.14,1.17,24.31,18.80,12.34||5.77,0.91,0.97,0.23,0.45||14.71,4.12,3.12,8.98,2.64||0.00,0.01,0.50,0.60,0.00||59.34,251.08,1532.31,62.39,20.77||15.15,4.69,10.21||0.44,1.28,3.71,2.75,4.15,0.54||
3.01,19.35,12.61,4.78,6.42,5.20,3.05||0.00,0.00,0.00,0.04,0.04,0.04||3.81,8.11,1.14,24.12,18.72,12.18||5.76,0.91,0.96,0.23,0.45||14.61,4.11,3.07,8.95,2.63||0.00,0.01,0.50,0.60,0.00||82.66,952.18,7319.08,71.42,45.50||11.83,3.80,8.37||0.47,1.38,4.07,2.94,4.40,0.59||
3.01,19.31,12.59,4.77,6.41,5.19,3.05||0.00,0.00,0.00,0.04,0.04,0.04||3.80,8.10,1.13,24.08,18.70,12.15||5.72,0.91,0.95,0.23,0.45||14.59,4.11,3.07,8.94,2.63||0.00,0.01,0.50,0.60,0.00||53.00,159.39,899.18,59.58,15.90||13.86,4.34,9.50||0.37,1.10,3.08,2.41,3.69,0.46||
3.01,19.30,12.59,4.77,6.41,5.19,3.05||0.00,0.00,0.00,0.04,0.04,0.04||3.76,8.09,1.11,23.98,18.66,12.07||5.66,0.90,0.94,0.22,0.45||14.68,4.12,3.11,8.97,2.63||0.00,0.01,0.50,0.60,0.00||85.43,1087.46,8553.35,72.39,49.20||14.76,4.58,10.00||0.52,1.51,4.57,3.20,4.73,0.65||
3.01,19.30,12.59,4.77,6.41,5.19,3.05||0.00,0.00,0.00,0.04,0.04,0.04||3.68,8.05,1.08,23.77,18.57,11.90||5.65,0.90,0.93,0.22,0.45||14.61,4.11,3.07,8.94,2.63||0.00,0.01,0.50,0.60,0.00||47.52,102.69,536.88,56.98,12.28||10.51,3.43,7.61||1.12,3.09,11.15,6.11,8.30,1.41||
3.01,19.30,12.58,4.77,6.41,5.19,3.05||0.00,0.00,0.00,0.04,0.04,0.04||3.70,8.06,1.09,23.83,18.59,11.94||5.65,0.90,0.93,0.22,0.45||14.88,4.14,3.19,9.05,2.65||0.00,0.01,0.50,0.60,0.00||65.83,381.11,2500.10,65.09,26.55||13.22,4.17,9.15||2.51,6.56,28.41,12.06,14.99,3.17||
3.01,19.30,12.58,4.77,6.41,5.19,3.05||0.00,0.00,0.00,0.04,0.04,0.04||3.67,8.05,1.08,23.74,18.56,11.88||5.56,0.89,0.91,0.22,0.44||14.74,4.13,3.13,8.99,2.64||0.00,0.01,0.50,0.60,0.00||60.35,268.74,1659.52,62.82,21.62||11.33,3.66,8.08||2.97,7.67,34.51,13.88,16.94,3.76||
3.00,19.21,12.54,4.75,6.38,5.18,3.04||0.00,0.00,0.00,0.04,0.04,0.04||3.67,8.04,1.07,23.73,18.55,11.86||5.55,0.89,0.91,0.22,0.44||14.52,4.10,3.04,8.91,2.62||0.00,0.01,0.50,0.60,0.00||98.81,1952.33,16992.66,76.81,69.41||19.13,5.71,12.32||5.41,13.46,69.41,23.05,26.34,6.90||
3.00,19.20,12.53,4.74,6.38,5.17,3.03||0.00,0.00,0.00,0.04,0.04,0.04||3.66,8.04,1.07,23.72,18.55,11.86||5.54,0.89,0.91,0.22,0.44||14.58,4.11,3.06,8.93,2.63||0.00,0.01,0.50,0.60,0.00||105.13,2505.83,22773.12,78.78,80.39||14.66,4.56,9.94||1.37,3.72,14.02,7.22,9.60,1.72||
2.99,19.11,12.49,4.73,6.35,5.16,3.02||0.00,0.00,0.00,0.04,0.04,0.04||3.66,8.04,1.07,23.72,18.55,11.86||5.51,0.89,0.90,0.22,0.44||14.59,4.11,3.06,8.94,2.63||0.00,0.01,0.50,0.60,0.00||136.88,7243.85,79109.98,87.73,150.10||16.20,4.96,10.77||0.97,2.70,9.42,5.41,7.47,1.22||
2.98,19.06,12.46,4.71,6.34,5.15,3.02||0.00,0.00,0.00,0.04,0.04,0.04||3.66,8.04,1.07,23.72,18.55,11.86||5.45,0.88,0.88,0.22,0.44||14.68,4.12,3.11,8.97,2.63||0.00,0.01,0.50,0.60,0.00||71.98,545.97,3811.51,67.50,32.81||10.94,3.55,7.85||2.20,5.81,24.43,10.81,13.63,2.78||
2.98,19.04,12.46,4.71,6.33,5.14,3.02||0.00,0.00,0.00,0.04,0.04,0.04||3.66,8.04,1.07,23.72,18.55,11.86||5.44,0.88,0.88,0.22,0.44||14.61,4.11,3.07,8.94,2.63||0.00,0.01,0.50,0.60,0.00||68.88,457.42,3097.03,66.30,29.56||12.51,3.98,8.75||0.67,1.90,6.10,3.95,5.68,0.83||
2.98,19.04,12.45,4.71,6.33,5.14,3.02||0.00,0.00,0.00,0.04,0.04,0.04||3.66,8.04,1.07,23.72,18.55,11.86||5.44,0.88,0.88,0.22,0.44||14.50,4.10,3.02,8.90,2.62||0.00,0.01,0.50,0.60,0.00||33.39,24.83,101.54,49.35,5.33||13.81,4.33,9.47||0.70,1.99,6.42,4.10,5.86,0.87||
2.98,19.04,12.45,4.71,6.33,5.14,3.02||0.00,0.00,0.00,0.04,0.04,0.04||3.66,8.04,1.07,23.72,18.55,11.86||5.36,0.88,0.86,0.21,0.44||14.57,4.11,3.06,8.93,2.63||0.00,0.01,0.50,0.60,0.00||52.86,157.68,887.86,59.52,15.80||8.45,2.85,6.38||1.72,4.60,18.26,8.75,11.34,2.16||
2.98,19.04,12.45,4.71,6.33,5.14,3.02||0.00,0.00,0.00,0.04,0.04,0.04||3.66,8.04,1.07,23.72,18.55,11.86||5.34,0.87,0.86,0.21,0.43||14.59,4.11,3.06,8.94,2.63||0.00,0.01,0.50,0.60,0.00||40.61,54.57,255.75,53.45,8.47||12.94,4.10,8.99||4.60,11.57,57.52,20.11,23.39,5.86||
2.98,19.04,12.45,4.71,6.33,5.14,3.02||0.00,0.00,0.00,0.04,0.04,0.04||3.66,8.04,1.07,23.72,18.55,11.86||5.34,0.87,0.86,0.21,0.43||14.40,4.09,2.98,8.87,2.61||0.00,0.01,0.50,0.60,0.00||139.58,7836.05,86749.16,88.43,157.20||16.14,4.94,10.74||3.27,8.40,38.59,15.05,18.18,4.14||
2.98,19.04,12.45,4.71,6.33,5.14,3.02||0.00,0.00,0.00,0.04,0.04,0.04||3.66,8.04,1.07,23.72,18.55,11.86||5.34,0.87,0.86,0.21,0.43||14.18,4.06,2.88,8.78,2.60||0.00,0.01,0.50,0.60,0.00||108.20,2812.97,26081.14,79.71,86.05||15.82,4.86,10.57||3.90,9.91,47.45,17.49,20.72,4.96||
2.98,19.04,12.45,4.71,6.33,5.14,3.02||0.00,0.00,0.00,0.04,0.04,0.04||3.66,8.04,1.07,23.72,18.55,11.86||5.28,0.87,0.84,0.21,0.43||14.23,4.07,2.91,8.80,2.60||0.00,0.01,0.50,0.60,0.00||125.40,5092.34,52322.62,84.65,122.00||15.07,4.66,10.17||1.00,2.78,9.76,5.55,7.64,1.25||
2.97,18.92,12.39,4.68,6.29,5.12,3.00||0.00,0.00,0.00,0.04,0.04,0.04||3.66,8.04,1.07,23.72,18.55,11.86||5.25,0.87,0.83,0.21,0.43||14.52,4.10,3.03,8.91,2.62||0.00,0.01,0.50,0.60,0.00||124.87,5006.73,51292.27,84.51,120.79||15.24,4.71,10.25||4.90,12.28,61.89,21.21,24.50,6.25||
2.96,18.90,12.38,4.68,6.29,5.11,3.00||0.00,0.00,0.00,0.04,0.04,0.04||3.63,8.03,1.06,23.63,18.51,11.79||5.24,0.87,0.83,0.21,0.43||14.48,4.10,3.02,8.90,2.62||0.00,0.01,0.50,0.60,0.00||104.28,2424.77,21911.38,78.52,78.85||13.20,4.17,9.13||0.71,2.03,6.59,4.17,5.96,0.89||
2.95,18.81,12.34,4.66,6.26,5.10,2.99||0.00,0.00,0.00,0.04,0.04,0.04||3.59,8.01,1.04,23.52,18.46,11.70||5.24,0.87,0.83,0.21,0.43||14.47,4.10,3.01,8.89,2.62||0.00,0.01,0.50,0.60,0.00||47.35,101.27,528.17,56.90,12.18||9.01,3.01,6.72||1.40,3.80,14.42,7.37,9.77,1.76||
2.95,18.79,12.33,4.65,6.26,5.09,2.99||0.00,0.00,0.00,0.04,0.04,0.04||3.58,8.01,1.04,23.50,18.45,11.68||5.24,0.87,0.83,0.21,0.43||14.47,4.10,3.01,8.89,2.62||0.00,0.01,0.50,0.60,0.00||47.37,101.46,529.33,56.91,12.19||11.04,3.58,7.91||3.87,9.84,46.99,17.37,20.59,4.92||
2.95,18.79,12.33,4.65,6.26,5.09,2.99||0.00,0.00,0.00,0.04,0.04,0.04||3.52,7.97,1.01,23.31,18.37,11.53||5.16,0.86,0.81,0.21,0.43||14.47,4.10,3.01,8.89,2.62||0.00,0.01,0.50,0.60,0.00||86.30,1132.72,8972.46,72.69,50.39||14.13,4.42,9.65||2.82,7.32,32.55,13.31,16.33,3.57||
2.95,18.79,12.32,4.65,6.26,5.09,2.99||0.00,0.00,0.00,0.04,0.04,0.04||3.47,7.95,0.99,23.18,18.32,11.43||5.15,0.86,0.81,0.20,0.43||14.47,4.10,3.01,8.89,2.62||0.00,0.01,0.50,0.60,0.00||49.11,117.23,627.12,57.75,13.27||12.97,4.11,9.01||0.57,1.64,5.05,3.44,5.04,0.71||
2.95,18.79,12.32,4.65,6.26,5.09,2.99||0.00,0.00,0.00,0.04,0.04,0.04||3.49,7.96,1.00,23.25,18.34,11.48||5.14,0.86,0.81,0.20,0.43||14.57,4.11,3.05,8.93,2.63||0.00,0.01,0.50,0.60,0.00||108.86,2882.59,26839.90,79.91,87.30||9.33,3.10,6.91||1.79,4.80,19.23,9.08,11.72,2.26||
2.95,18.79,12.32,4.65,6.26,5.09,2.99||0.00,0.00,0.00,0.04,0.04,0.04||3.47,7.95,0.99,23.17,18.31,11.42||5.14,0.86,0.81,0.20,0.43||14.58,4.11,3.06,8.94,2.63||0.00,0.01,0.50,0.60,0.00||86.10,1121.87,8871.73,72.62,50.11||14.08,4.40,9.62||1.30,3.55,13.21,6.92,9.25,1.63||
2.95,18.79,12.32,4.65,6.26,5.09,2.99||0.00,0.00,0.00,0.04,0.04,0.04||3.49,7.96,1.00,23.24,18.34,11.48||5.14,0.86,0.81,0.20,0.43||14.40,4.09,2.98,8.87,2.61||0.00,0.01,0.50,0.60,0.00||117.40,3905.37,38325.40,82.40,104.37||11.52,3.71,8.19||1.22,3.35,12.30,6.57,8.84,1.53||
2.95,18.79,12.32,4.65,6.26,5.09,2.99||0.00,0.00,0.00,0.04,0.04,0.04||3.47,7.95,0.99,23.17,18.31,11.42||5.13,0.85,0.80,0.20,0.42||14.46,4.09,3.01,8.89,2.62||0.00,0.01,0.50,0.60,0.00||63.94,338.92,2178.65,64.32,24.78||10.02,3.30,7.32||0.69,1.96,6.34,4.06,5.82,0.86||
2.95,18.79,12.32,4.65,6.26,5.09,2.99||0.00,0.00,0.00,0.04,0.04,0.04||3.46,7.95,0.98,23.15,18.30,11.41||5.06,0.85,0.79,0.20,0.42||14.56,4.11,3.05,8.93,2.63||0.00,0.01,0.50,0.60,0.00||73.15,582.36,4111.24,67.95,34.08||7.99,2.72,6.10||2.06,5.45,22.56,10.20,12.96,2.60||
2.95,18.79,12.32,4.65,6.26,5.09,2.99||0.00,0.00,0.00,0.04,0.04,0.04||3.46,7.95,0.98,23.15,18.30,11.41||5.07,0.85,0.79,0.20,0.42||14.49,4.10,3.02,8.90,2.62||0.00,0.01,0.50,0.60,0.00||138.83,7665.91,84543.88,88.24,155.18||12.76,4.05,8.89||1.93,5.14,20.96,9.67,12.37,2.44||
2.95,18.79,12.32,4.65,6.26,5.09,2.99||0.00,0.00,0.00,0.04,0.04,0.04||3.46,7.95,0.98,23.15,18.30,11.41||5.05,0.85,0.78,0.20,0.42||14.47,4.10,3.01,8.89,2.62||0.00,0.01,0.50,0.60,0.00||71.58,533.86,3712.57,67.35,32.38||14.07,4.40,9.62||2.98,7.70,34.65,13.92,16.99,3.77||
2.93,18.63,12.24,4.62,6.21,5.06,2.97||0.00,0.00,0.00,0.04,0.04,0.04||3.46,7.95,0.98,23.15,18.30,11.41||5.05,0.85,0.78,0.20,0.42||14.47,4.10,3.01,8.89,2.62||0.00,0.01,0.50,0.60,0.00||118.98,4122.06,40831.78,82.86,107.73||16.94,5.15,11.17||1.52,4.10,15.83,7.89,10.36,1.91||
2.94,18.68,12.27,4.63,6.22,5.07,2.97||0.00,0.00,0.00,0.04,0.04,0.04||3.46,7.95,0.98,23.15,18.30,11.41||5.05,0.85,0.78,0.20,0.42||14.66,4.12,3.10,8.96,2.63||0.00,0.01,0.50,0.60,0.00||38.56,44.33,200.38,52.33,7.49||8.71,2.93,6.54||12.28,28.96,179.95,46.01,48.04,15.81||
2.93,18.57,12.21,4.60,6.19,5.05,2.96||0.00,0.00,0.00,0.04,0.04,0.04||3.46,7.95,0.98,23.15,18.30,11.41||5.03,0.85,0.78,0.20,0.42||14.51,4.10,3.03,8.91,2.62||0.00,0.01,0.50,0.60,0.00||94.20,1610.95,13562.67,75.33,61.99||15.77,4.85,10.54||0.73,2.08,6.80,4.27,6.08,0.92||
2.92,18.55,12.20,4.60,6.18,5.05,2.96||0.00,0.00,0.00,0.04,0.04,0.04||3.46,7.95,0.98,23.15,18.30,11.41||4.97,0.84,0.76,0.20,0.42||14.57,4.11,3.06,8.93,2.63||0.00,0.01,0.50,0.60,0.00||81.82,913.98,6975.86,71.12,44.42||20.08,5.95,12.81||3.30,8.47,39.02,15.17,18.31,4.18||
2.92,18.54,12.20,4.60,6.18,5.05,2.96||0.00,0.00,0.00,0.04,0.04,0.04||3.46,7.95,0.98,23.15,18.30,11.41||4.96,0.84,0.76,0.20,0.42||14.40,4.09,2.98,8.86,2.61||0.00,0.01,0.50,0.60,0.00||50.80,134.37,735.95,58.56,14.38||23.19,6.73,14.38||0.57,1.64,5.07,3.45,5.05,0.71||
2.93,18.58,12.22,4.61,6.19,5.05,2.96||0.00,0.00,0.00,0.04,0.04,0.04||3.46,7.95,0.98,23.15,18.30,11.41||4.95,0.84,0.76,0.20,0.42||14.46,4.09,3.01,8.89,2.62||0.00,0.01,0.50,0.60,0.00||87.73,1210.11,9695.77,73.17,52.39||16.79,5.11,11.09||2.73,7.11,31.39,12.96,15.96,3.46||
2.93,18.55,12.20,4.60,6.19,5.05,2.96||0.00,0.00,0.00,0.04,0.04,0.04||3.46,7.95,0.98,23.15,18.30,11.41||4.95,0.84,0.76,0.20,0.42||14.47,4.10,3.01,8.89,2.62||0.00,0.01,0.50,0.60,0.00||64.82,358.23,2324.99,64.68,25.60||19.24,5.74,12.37||0.97,2.71,9.46,5.43,7.49,1.22||
2.92,18.54,12.20,4.60,6.18,5.05,2.96||0.00,0.00,0.00,0.04,0.04,0.04||3.46,7.95,0.98,23.15,18.30,11.41||4.95,0.84,0.76,0.20,0.42||14.56,4.11,3.05,8.93,2.63||0.00,0.01,0.50,0.60,0.00||74.02,610.90,4348.60,68.28,35.05||13.53,4.26,9.32||2.81,7.28,32.34,13.24,16.26,3.55||
2.92,18.54,12.20,4.60,6.18,5.05,2.96||0.00,0.00,0.00,0.04,0.04,0.04||3.46,7.95,0.98,23.15,18.30,11.41||4.94,0.84,0.76,0.20,0.42||14.49,4.10,3.02,8.90,2.62||0.00,0.01,0.50,0.60,0.00||43.56,72.40,356.28,55.00,10.00||8.28,2.80,6.28||1.25,3.42,12.64,6.70,8.99,1.57||
2.92,18.54,12.20,4.60,6.18,5.05,2.96||0.00,0.00,0.00,0.04,0.04,0.04||3.43,7.93,0.97,23.06,18.26,11.33||4.89,0.83,0.75,0.20,0.41||14.57,4.11,3.06,8.93,2.63||0.00,0.01,0.50,0.60,0.00||47.88,105.89,556.55,57.16,12.50||12.07,3.86,8.50||8.49,20.51,117.14,33.69,36.64,10.88||
2.92,18.54,12.20,4.60,6.18,5.05,2.96||0.00,0.00,0.00,0.04,0.04,0.04||3.36,7.90,0.94,22.86,18.18,11.18||4.87,0.83,0.74,0.19,0.41||14.49,4.10,3.02,8.90,2.62||0.00,0.01,0.50,0.60,0.00||50.93,135.76,744.93,58.62,14.47||13.45,4.24,9.28||0.67,1.91,6.11,3.95,5.68,0.83||
2.92,18.54,12.20,4.60,6.18,5.05,2.96||0.00,0.00,0.00,0.04,0.04,0.04||3.34,7.89,0.94,22.82,18.16,11.15||4.86,0.83,0.74,0.19,0.41||14.38,4.09,2.97,8.86,2.61||0.00,0.01,0.50,0.60,0.00||123.29,4756.22,48294.92,84.07,117.20||13.20,4.17,9.14||1.03,2.85,10.06,5.68,7.78,1.29||
2.92,18.54,12.20,4.60,6.18,5.05,2.96||0.00,0.00,0.00,0.04,0.04,0.04||3.28,7.86,0.91,22.64,18.08,11.00||4.86,0.83,0.74,0.19,0.41||14.36,4.08,2.96,8.85,2.61||0.00,0.01,0.50,0.60,0.00||84.32,1031.76,8041.74,72.00,47.70||17.01,5.17,11.21||0.62,1.77,5.57,3.70,5.36,0.77||
2.92,18.54,12.20,4.60,6.18,5.05,2.96||0.00,0.00,0.00,0.04,0.04,0.04||3.30,7.87,0.92,22.69,18.10,11.04||4.86,0.83,0.74,0.19,0.41||14.54,4.10,3.04,8.92,2.63||0.00,0.01,0.50,0.60,0.00||35.90,33.24,142.96,50.83,6.32||10.96,3.56,7.87||0.61,1.76,5.52,3.67,5.33,0.76||
