4.58,34.68,19.94,8.08,10.79,7.89,4.67||0.00,0.00,0.00,0.08,0.07,0.08||62.33,14.62,71.88,78.89,35.75,81.55||12.91,1.43,3.37,0.47,0.70||56.20,7.19,53.11,20.55,4.47||0.02,0.05,0.70,0.80,0.01||59.68,256.92,1574.22,62.54,21.06||14.47,4.51,9.84||1.40,3.80,14.40,7.36,9.76,1.76||
3.10,20.08,12.99,4.94,6.64,5.34,3.14||0.00,0.00,0.00,0.04,0.04,0.04||5.45,8.75,1.93,28.06,20.33,15.53||5.55,0.89,0.91,0.22,0.44||18.42,4.53,5.02,10.32,2.88||0.00,0.01,0.53,0.63,0.00||34.35,27.85,116.15,49.92,5.70||12.51,3.98,8.75||1.54,4.15,16.09,7.98,10.47,1.94||
2.89,18.24,12.04,4.53,6.09,4.99,2.92||0.00,0.00,0.00,0.04,0.04,0.04||3.41,7.93,0.97,23.02,18.25,11.30||4.77,0.82,0.72,0.19,0.41||14.88,4.14,3.19,9.05,2.65||0.00,0.01,0.50,0.60,0.00||67.17,413.27,2749.37,65.62,27.85||12.40,3.95,8.69||3.80,9.68,46.03,17.11,20.32,4.83||
2.85,17.90,11.87,4.46,5.99,4.92,2.88||0.00,0.00,0.00,0.03,0.04,0.04||3.12,7.77,0.84,22.15,17.87,10.62||4.63,0.81,0.68,0.19,0.40||14.36,4.08,2.96,8.85,2.61||0.00,0.00,0.50,0.59,0.00||49.81,124.19,671.00,58.09,13.73||9.78,3.23,7.18||5.20,12.96,66.19,22.27,25.56,6.62||
2.84,17.76,11.79,4.42,5.95,4.89,2.87||0.00,0.00,0.00,0.03,0.04,0.04||3.12,7.77,0.84,22.15,17.87,10.63||4.60,0.80,0.68,0.19,0.40||14.17,4.06,2.88,8.78,2.60||0.00,0.00,0.50,0.59,0.00||41.82,61.45,293.94,54.09,9.08||10.01,3.29,7.31||0.88,2.47,8.45,5.00,6.97,1.11||
2.84,17.81,11.82,4.43,5.96,4.90,2.87||0.00,0.00,0.00,0.03,0.04,0.04||3.06,7.74,0.82,21.98,17.79,10.49||4.60,0.80,0.68,0.18,0.40||14.41,4.09,2.98,8.87,2.62||0.00,0.00,0.50,0.59,0.00||56.00,198.92,1166.03,60.93,18.12||11.82,3.79,8.36||0.81,2.28,7.64,4.65,6.55,1.01||
2.84,17.78,11.80,4.43,5.96,4.90,2.87||0.00,0.00,0.00,0.03,0.04,0.04||3.05,7.74,0.82,21.94,17.78,10.47||4.59,0.80,0.68,0.18,0.40||14.36,4.08,2.96,8.85,2.61||0.00,0.00,0.50,0.59,0.00||105.97,2587.33,23644.31,79.04,81.92||15.65,4.82,10.48||1.99,5.29,21.72,9.92,12.65,2.51||
2.84,17.81,11.82,4.43,5.97,4.90,2.87||0.00,0.00,0.00,0.03,0.04,0.04||3.05,7.74,0.82,21.94,17.77,10.46||4.59,0.80,0.68,0.18,0.40||14.26,4.07,2.92,8.81,2.60||0.00,0.00,0.50,0.59,0.00||70.33,497.23,3415.58,66.87,31.05||9.04,3.02,6.73||4.28,10.80,52.77,18.89,22.15,5.44||
2.84,17.82,11.82,4.44,5.97,4.90,2.87||0.00,0.00,0.00,0.03,0.04,0.04||3.05,7.74,0.81,21.94,17.77,10.46||4.59,0.80,0.68,0.18,0.40||14.24,4.07,2.91,8.81,2.60||0.00,0.00,0.50,0.59,0.00||42.13,63.29,304.28,54.26,9.24||7.50,2.57,5.79||1.07,2.96,10.57,5.88,8.03,1.34||
2.84,17.82,11.82,4.44,5.97,4.91,2.87||0.00,0.00,0.00,0.03,0.04,0.04||3.05,7.74,0.81,21.94,17.77,10.46||4.59,0.80,0.68,0.18,0.40||14.42,4.09,2.99,8.87,2.62||0.00,0.00,0.50,0.59,0.00||54.82,182.53,1054.14,60.41,17.22||16.27,4.98,10.81||7.14,17.44,95.77,29.11,32.27,9.13||
2.84,17.82,11.82,4.44,5.97,4.91,2.87||0.00,0.00,0.00,0.03,0.04,0.04||3.07,7.75,0.83,22.02,17.81,10.53||4.59,0.80,0.68,0.18,0.40||14.55,4.11,3.05,8.92,2.63||0.00,0.00,0.50,0.59,0.00||40.65,54.82,257.08,53.47,8.49||10.35,3.39,7.51||123.51,250.48,2631.64,322.22,261.12,163.05||
2.84,17.82,11.82,4.44,5.97,4.91,2.87||0.00,0.00,0.00,0.03,0.04,0.04||3.05,7.74,0.82,21.95,17.78,10.47||4.59,0.80,0.68,0.18,0.40||14.30,4.08,2.94,8.83,2.61||0.00,0.00,0.50,0.59,0.00||33.32,24.63,100.57,49.31,5.30||7.65,2.62,5.89||2.94,7.61,34.14,13.77,16.83,3.72||
2.84,17.78,11.80,4.43,5.96,4.90,2.87||0.00,0.00,0.00,0.03,0.04,0.04||3.05,7.74,0.82,21.94,17.77,10.46||4.58,0.80,0.67,0.18,0.40||14.25,4.07,2.92,8.81,2.60||0.00,0.01,0.50,0.60,0.00||85.77,1105.02,8715.58,72.50,49.67||11.45,3.69,8.15||1.13,3.11,11.24,6.15,8.35,1.42||
2.84,17.81,11.82,4.44,5.97,4.90,2.87||0.00,0.00,0.00,0.03,0.04,0.04||3.05,7.74,0.82,21.94,17.77,10.46||4.59,0.80,0.68,0.18,0.40||14.24,4.07,2.91,8.80,2.60||0.00,0.01,0.50,0.60,0.00||77.71,742.88,5470.10,69.64,39.32||18.06,5.44,11.76||1.18,3.23,11.78,6.36,8.60,1.48||
2.84,17.78,11.80,4.43,5.96,4.90,2.87||0.00,0.00,0.00,0.03,0.04,0.04||3.05,7.74,0.81,21.94,17.77,10.46||4.59,0.80,0.68,0.18,0.40||14.24,4.07,2.91,8.80,2.60||0.00,0.01,0.50,0.60,0.00||111.22,3142.80,29703.81,80.61,91.85||20.61,6.09,13.08||1.88,5.02,20.34,9.46,12.14,2.37||
2.84,17.77,11.80,4.43,5.95,4.90,2.87||0.00,0.00,0.00,0.03,0.04,0.04||3.05,7.74,0.81,21.94,17.77,10.46||4.57,0.80,0.67,0.18,0.40||14.33,4.08,2.95,8.84,2.61||0.00,0.01,0.50,0.60,0.00||64.59,353.09,2285.88,64.58,25.39||9.08,3.03,6.76||1.02,2.82,9.94,5.63,7.73,1.27||
2.83,17.74,11.78,4.42,5.94,4.89,2.86||0.00,0.00,0.00,0.03,0.04,0.04||3.05,7.74,0.81,21.94,17.77,10.46||4.55,0.80,0.67,0.18,0.40||14.16,4.06,2.88,8.78,2.60||0.00,0.01,0.50,0.60,0.00||32.27,21.65,86.46,48.67,4.91||10.12,3.32,7.38||1.20,3.30,12.07,6.48,8.73,1.51||
2.83,17.73,11.77,4.42,5.94,4.89,2.86||0.00,0.00,0.00,0.03,0.04,0.04||3.05,7.74,0.81,21.94,17.77,10.46||4.54,0.80,0.67,0.18,0.40||14.13,4.06,2.86,8.76,2.60||0.00,0.01,0.50,0.60,0.00||37.68,40.38,179.63,51.84,7.09||9.52,3.16,7.02||2.16,5.70,23.82,10.61,13.41,2.72||
2.83,17.73,11.77,4.42,5.94,4.89,2.86||0.00,0.00,0.00,0.03,0.04,0.04||3.05,7.74,0.81,21.94,17.77,10.46||4.53,0.80,0.66,0.18,0.40||14.13,4.06,2.86,8.76,2.60||0.00,0.01,0.50,0.60,0.00||47.73,104.55,548.27,57.09,12.41||13.82,4.33,9.48||8.52,20.57,117.59,33.79,36.73,10.92||
2.82,17.65,11.73,4.40,5.92,4.87,2.85||0.00,0.00,0.00,0.03,0.04,0.04||3.05,7.74,0.81,21.94,17.77,10.46||4.51,0.80,0.66,0.18,0.40||14.03,4.04,2.82,8.73,2.59||0.00,0.01,0.50,0.60,0.00||39.91,50.93,235.81,53.07,8.13||10.32,3.38,7.49||0.83,2.32,7.80,4.72,6.63,1.03||
2.82,17.64,11.73,4.40,5.91,4.87,2.85||0.00,0.00,0.00,0.03,0.04,0.04||3.05,7.74,0.81,21.94,17.77,10.46||4.51,0.80,0.66,0.18,0.40||14.11,4.05,2.85,8.75,2.59||0.00,0.01,0.50,0.60,0.00||39.79,50.31,232.47,53.01,8.07||10.77,3.50,7.75||0.44,1.30,3.79,2.80,4.21,0.55||
2.82,17.60,11.71,4.39,5.90,4.86,2.85||0.00,0.00,0.00,0.03,0.04,0.04||3.05,7.74,0.81,21.94,17.77,10.46||4.51,0.80,0.66,0.18,0.40||14.21,4.07,2.90,8.79,2.60||0.00,0.01,0.50,0.60,0.00||25.27,8.10,27.30,44.05,2.76||9.15,3.05,6.80||1.04,2.89,10.24,5.75,7.87,1.31||
2.82,17.63,11.72,4.39,5.91,4.87,2.85||0.00,0.00,0.00,0.03,0.04,0.04||3.05,7.74,0.81,21.94,17.77,10.46||4.52,0.80,0.66,0.18,0.40||14.23,4.07,2.91,8.80,2.60||0.00,0.01,0.50,0.60,0.00||28.94,13.97,51.72,46.55,3.80||8.16,2.77,6.20||1.10,3.03,10.88,6.01,8.18,1.38||
2.82,17.63,11.72,4.39,5.91,4.87,2.85||0.00,0.00,0.00,0.03,0.04,0.04||3.05,7.74,0.81,21.94,17.77,10.46||4.51,0.80,0.66,0.18,0.40||14.24,4.07,2.91,8.80,2.60||0.00,0.01,0.50,0.60,0.00||31.92,20.73,82.16,48.45,4.79||10.05,3.30,7.33||0.99,2.76,9.65,5.51,7.58,1.24||
2.82,17.63,11.72,4.39,5.91,4.87,2.85||0.00,0.00,0.00,0.03,0.04,0.04||3.05,7.74,0.81,21.94,17.77,10.46||4.51,0.80,0.66,0.18,0.40||14.33,4.08,2.95,8.84,2.61||0.00,0.01,0.50,0.60,0.00||49.85,124.51,673.00,58.11,13.75||8.04,2.73,6.13||1.22,3.34,12.28,6.56,8.83,1.53||
2.82,17.63,11.72,4.39,5.91,4.87,2.85||0.00,0.00,0.00,0.03,0.04,0.04||3.05,7.74,0.81,21.94,17.77,10.46||4.51,0.80,0.66,0.18,0.40||14.35,4.08,2.96,8.85,2.61||0.00,0.01,0.50,0.60,0.00||50.12,127.31,690.79,58.24,13.93||9.64,3.19,7.09||0.49,1.43,4.28,3.05,4.54,0.61||
2.82,17.63,11.72,4.39,5.91,4.87,2.85||0.00,0.00,0.00,0.03,0.04,0.04||3.05,7.74,0.81,21.94,17.77,10.46||4.51,0.80,0.66,0.18,0.40||14.26,4.07,2.92,8.81,2.60||0.00,0.01,0.50,0.60,0.00||58.98,244.91,1488.29,62.23,20.47||9.55,3.16,7.04||1.16,3.18,11.55,6.27,8.49,1.45||
2.82,17.63,11.72,4.39,5.91,4.87,2.85||0.00,0.00,0.00,0.03,0.04,0.04||3.05,7.74,0.81,21.94,17.77,10.46||4.51,0.80,0.66,0.18,0.40||14.33,4.08,2.95,8.84,2.61||0.00,0.01,0.50,0.60,0.00||83.14,974.84,7523.84,71.59,46.14||12.21,3.90,8.58||8.04,19.49,109.94,32.18,35.21,10.30||
2.82,17.60,11.71,4.39,5.90,4.86,2.85||0.00,0.00,0.00,0.03,0.04,0.04||3.05,7.74,0.81,21.94,17.77,10.46||4.51,0.80,0.66,0.18,0.40||14.16,4.06,2.88,8.78,2.60||0.00,0.01,0.50,0.60,0.00||50.37,129.80,706.71,58.35,14.09||9.68,3.20,7.12||0.96,2.68,9.35,5.38,7.43,1.21||
2.83,17.74,11.78,4.42,5.94,4.89,2.86||0.00,0.00,0.00,0.03,0.04,0.04||3.05,7.74,0.81,21.94,17.77,10.46||4.51,0.80,0.66,0.18,0.40||14.04,4.04,2.83,8.73,2.59||0.00,0.01,0.50,0.60,0.00||52.18,149.64,835.03,59.20,15.32||9.54,3.16,7.04||0.81,2.29,7.65,4.65,6.55,1.01||
2.84,17.80,11.81,4.43,5.96,4.90,2.87||0.00,0.00,0.00,0.03,0.04,0.04||3.05,7.74,0.81,21.94,17.77,10.46||4.58,0.80,0.67,0.18,0.40||14.20,4.06,2.89,8.79,2.60||0.00,0.01,0.50,0.60,0.00||56.51,206.25,1216.61,61.16,18.50||6.68,2.34,5.28||0.65,1.85,5.90,3.85,5.56,0.81||
2.86,17.97,11.90,4.47,6.01,4.93,2.89||0.00,0.00,0.00,0.03,0.04,0.04||3.05,7.74,0.81,21.94,17.77,10.46||4.66,0.81,0.69,0.19,0.40||14.32,4.08,2.95,8.84,2.61||0.00,0.01,0.50,0.60,0.00||45.90,89.35,456.03,56.19,11.31||8.54,2.88,6.43||1.14,3.13,11.30,6.17,8.38,1.42||
2.87,18.04,11.94,4.49,6.03,4.95,2.90||0.00,0.00,0.00,0.03,0.04,0.04||3.05,7.74,0.81,21.94,17.77,10.46||4.78,0.82,0.72,0.19,0.41||14.53,4.10,3.04,8.91,2.62||0.00,0.01,0.50,0.60,0.00||44.68,80.17,401.55,55.57,10.61||9.68,3.20,7.12||0.86,2.42,8.23,4.91,6.86,1.08||
2.87,18.09,11.96,4.50,6.05,4.96,2.91||0.00,0.00,0.00,0.03,0.04,0.04||3.05,7.74,0.81,21.94,17.77,10.46||4.86,0.83,0.74,0.19,0.41||14.48,4.10,3.02,8.90,2.62||0.00,0.01,0.50,0.60,0.00||64.00,340.34,2189.37,64.34,24.84||14.58,4.53,9.90||0.50,1.44,4.33,3.08,4.57,0.62||
2.89,18.26,12.05,4.53,6.10,4.99,2.92||0.00,0.00,0.00,0.04,0.04,0.04||3.10,7.77,0.84,22.11,17.85,10.59||4.94,0.84,0.76,0.20,0.42||14.38,4.08,2.97,8.86,2.61||0.00,0.01,0.50,0.60,0.00||63.04,320.21,2038.28,63.95,23.97||8.60,2.90,6.47||0.58,1.67,5.20,3.51,5.13,0.72||
2.90,18.29,12.07,4.54,6.11,5.00,2.93||0.00,0.00,0.00,0.04,0.04,0.04||3.17,7.80,0.87,22.32,17.94,10.76||5.03,0.85,0.78,0.20,0.42||14.45,4.09,3.00,8.88,2.62||0.00,0.01,0.50,0.60,0.00||35.24,30.85,131.00,50.44,6.05||12.96,4.10,9.00||0.95,2.66,9.23,5.33,7.37,1.19||
2.90,18.34,12.09,4.55,6.12,5.01,2.93||0.00,0.00,0.00,0.04,0.04,0.04||3.22,7.83,0.88,22.45,18.00,10.86||5.13,0.85,0.80,0.20,0.42||14.65,4.12,3.09,8.96,2.63||0.00,0.01,0.50,0.60,0.00||42.63,66.37,321.77,54.52,9.50||12.49,3.98,8.74||4.16,10.54,51.18,18.48,21.73,5.30||
2.91,18.42,12.14,4.57,6.15,5.02,2.94||0.00,0.00,0.00,0.04,0.04,0.04||3.23,7.83,0.89,22.48,18.01,10.88||5.14,0.86,0.81,0.20,0.43||14.41,4.09,2.99,8.87,2.62||0.00,0.01,0.50,0.60,0.00||41.25,58.17,275.63,53.79,8.79||18.01,5.43,11.73||21.13,48.09,338.05,72.70,71.52,27.36||
2.92,18.52,12.19,4.59,6.18,5.04,2.96||0.00,0.00,0.00,0.04,0.04,0.04||3.23,7.83,0.89,22.48,18.01,10.88||5.23,0.86,0.83,0.21,0.43||14.55,4.10,3.05,8.92,2.63||0.00,0.00,0.50,0.60,0.00||86.83,1160.93,9235.14,72.87,51.13||16.19,4.96,10.77||6.36,15.66,83.80,26.42,29.66,8.13||
2.92,18.54,12.20,4.60,6.18,5.05,2.96||0.00,0.00,0.00,0.04,0.04,0.04||3.23,7.83,0.89,22.48,18.01,10.88||5.24,0.87,0.83,0.21,0.43||14.48,4.10,3.02,8.90,2.62||0.00,0.00,0.50,0.60,0.00||44.58,79.48,397.52,55.52,10.56||11.66,3.75,8.27||2.45,6.42,27.63,11.81,14.73,3.10||
2.92,18.54,12.20,4.60,6.18,5.05,2.96||0.00,0.00,0.00,0.04,0.04,0.04||3.23,7.83,0.89,22.49,18.01,10.88||5.26,0.87,0.84,0.21,0.43||14.66,4.12,3.09,8.96,2.63||0.00,0.00,0.50,0.59,0.00||24.76,7.46,24.78,43.68,2.63||9.23,3.08,6.85||4.83,12.11,60.82,20.94,24.23,6.16||
2.92,18.54,12.20,4.60,6.18,5.05,2.96||0.00,0.00,0.00,0.04,0.04,0.04||3.23,7.83,0.89,22.49,18.01,10.88||5.33,0.87,0.85,0.21,0.43||14.60,4.11,3.07,8.94,2.63||0.00,0.00,0.50,0.59,0.00||31.47,19.57,76.80,48.17,4.63||10.64,3.47,7.68||1.41,3.82,14.49,7.40,9.80,1.77||
2.92,18.54,12.20,4.60,6.18,5.05,2.96||0.00,0.00,0.00,0.04,0.04,0.04||3.23,7.83,0.89,22.49,18.01,10.88||5.34,0.87,0.86,0.21,0.43||14.68,4.12,3.10,8.97,2.63||0.00,0.00,0.50,0.59,0.00||42.21,63.79,307.11,54.30,9.28||8.96,3.00,6.69||0.88,2.46,8.39,4.98,6.94,1.10||
2.93,18.58,12.22,4.61,6.19,5.05,2.96||0.00,0.00,0.00,0.04,0.04,0.04||3.23,7.83,0.89,22.49,18.01,10.88||5.35,0.87,0.86,0.21,0.43||14.70,4.12,3.11,8.98,2.64||0.00,0.00,0.50,0.60,0.00||52.97,159.00,896.62,59.57,15.88||9.85,3.25,7.22||0.91,2.55,8.75,5.13,7.13,1.14||
2.93,18.55,12.20,4.60,6.19,5.05,2.96||0.00,0.00,0.00,0.04,0.04,0.04||3.23,7.83,0.89,22.49,18.01,10.88||5.35,0.87,0.86,0.21,0.43||14.70,4.12,3.11,8.98,2.64||0.00,0.00,0.50,0.60,0.00||52.45,152.83,855.93,59.33,15.51||8.88,2.97,6.64||1.30,3.55,13.24,6.93,9.26,1.63||
2.92,18.54,12.20,4.60,6.18,5.05,2.96||0.00,0.00,0.00,0.04,0.04,0.04||3.23,7.83,0.89,22.49,18.01,10.88||5.43,0.88,0.88,0.21,0.44||14.70,4.12,3.11,8.98,2.64||0.00,0.00,0.50,0.60,0.00||64.53,351.69,2275.29,64.56,25.33||11.22,3.63,8.01||1.03,2.85,10.06,5.68,7.79,1.29||
2.93,18.58,12.22,4.61,6.20,5.05,2.96||0.00,0.00,0.00,0.04,0.04,0.04||3.23,7.83,0.89,22.49,18.01,10.88||5.45,0.88,0.88,0.22,0.44||14.70,4.12,3.11,8.98,2.64||0.00,0.00,0.50,0.59,0.00||42.83,67.63,328.94,54.62,9.60||18.89,5.65,12.19||22.32,50.62,360.30,76.14,74.46,28.92||
2.93,18.63,12.24,4.62,6.21,5.06,2.97||0.00,0.00,0.00,0.04,0.04,0.04||3.23,7.83,0.89,22.49,18.01,10.88||5.45,0.88,0.88,0.22,0.44||14.70,4.12,3.11,8.98,2.64||0.00,0.00,0.50,0.59,0.00||43.50,71.98,353.90,54.97,9.96||10.73,3.49,7.73||3.41,8.73,40.52,15.60,18.75,4.32||
2.93,18.60,12.23,4.61,6.20,5.06,2.96||0.00,0.00,0.00,0.04,0.04,0.04||3.23,7.83,0.89,22.49,18.01,10.88||5.45,0.88,0.88,0.22,0.44||14.89,4.14,3.20,9.05,2.65||0.00,0.00,0.50,0.59,0.00||37.80,40.90,182.35,51.91,7.15||9.81,3.24,7.20||0.71,2.01,6.52,4.15,5.92,0.88||
2.94,18.71,12.29,4.64,6.23,5.08,2.98||0.00,0.00,0.00,0.04,0.04,0.04||3.23,7.83,0.89,22.49,18.01,10.88||5.45,0.88,0.88,0.22,0.44||14.74,4.13,3.13,8.99,2.64||0.00,0.00,0.50,0.59,0.00||48.75,113.86,606.00,57.58,13.05||9.90,3.26,7.25||2.02,5.35,22.03,10.02,12.77,2.54||
2.95,18.74,12.30,4.64,6.24,5.08,2.98||0.00,0.00,0.00,0.04,0.04,0.04||3.23,7.83,0.89,22.49,18.01,10.88||5.45,0.88,0.88,0.22,0.44||14.71,4.12,3.12,8.98,2.64||0.00,0.00,0.50,0.59,0.00||49.19,118.09,632.47,57.80,13.33||18.43,5.53,11.95||16.34,37.81,250.66,58.51,59.22,21.09||
2.95,18.78,12.32,4.65,6.25,5.09,2.99||0.00,0.00,0.00,0.04,0.04,0.04||3.23,7.83,0.89,22.49,18.01,10.88||5.45,0.88,0.88,0.22,0.44||14.61,4.11,3.07,8.94,2.63||0.00,0.00,0.50,0.59,0.00||50.16,127.68,693.18,58.26,13.96||11.16,3.61,7.98||0.51,1.49,4.48,3.15,4.67,0.64||
2.95,18.79,12.32,4.65,6.26,5.09,2.99||0.00,0.00,0.00,0.04,0.04,0.04||3.26,7.85,0.90,22.57,18.05,10.95||5.53,0.89,0.90,0.22,0.44||14.59,4.11,3.06,8.94,2.63||0.00,0.00,0.50,0.59,0.00||46.48,93.97,483.81,56.47,11.65||9.49,3.15,7.01||0.28,0.86,2.26,1.92,3.03,0.35||
2.95,18.79,12.33,4.65,6.26,5.09,2.99||0.00,0.00,0.00,0.04,0.04,0.04||3.30,7.87,0.92,22.68,18.10,11.04||5.55,0.89,0.91,0.22,0.44||14.58,4.11,3.06,8.94,2.63||0.00,0.00,0.50,0.59,0.00||41.86,61.66,295.15,54.11,9.10||8.37,2.83,6.33||0.17,0.54,1.28,1.27,2.12,0.21||
2.95,18.79,12.33,4.65,6.26,5.09,2.99||0.00,0.00,0.00,0.04,0.04,0.04||3.24,7.84,0.89,22.52,18.03,10.91||5.55,0.89,0.91,0.22,0.44||14.68,4.12,3.10,8.97,2.63||0.00,0.00,0.50,0.59,0.00||29.53,15.16,56.90,46.94,3.98||9.12,3.04,6.78||0.95,2.65,9.18,5.31,7.35,1.19||
2.95,18.79,12.33,4.65,6.26,5.09,2.99||0.00,0.00,0.00,0.04,0.04,0.04||3.26,7.85,0.90,22.58,18.06,10.96||5.55,0.89,0.91,0.22,0.44||14.51,4.10,3.03,8.91,2.62||0.00,0.00,0.50,0.59,0.00||83.31,982.69,7594.95,71.65,46.35||14.65,4.55,9.94||5.05,12.61,64.01,21.73,25.03,6.43||
2.95,18.79,12.33,4.65,6.26,5.09,2.99||0.00,0.00,0.00,0.04,0.04,0.04||3.36,7.90,0.94,22.86,18.18,11.18||5.55,0.89,0.91,0.22,0.44||14.57,4.11,3.05,8.93,2.63||0.00,0.00,0.50,0.60,0.00||48.44,110.98,588.03,57.43,12.85||9.37,3.11,6.93||0.57,1.63,5.03,3.43,5.03,0.70||
2.95,18.79,12.33,4.65,6.26,5.09,2.99||0.00,0.00,0.00,0.04,0.04,0.04||3.35,7.89,0.94,22.83,18.16,11.15||5.55,0.89,0.91,0.22,0.44||14.77,4.13,3.14,9.00,2.64||0.00,0.01,0.50,0.60,0.00||66.15,388.70,2558.66,65.22,26.86||12.24,3.91,8.60||14.37,33.54,215.98,52.52,53.91,18.53||
2.95,18.79,12.33,4.65,6.26,5.09,2.99||0.00,0.00,0.00,0.04,0.04,0.04||3.34,7.89,0.94,22.82,18.16,11.15||5.55,0.89,0.91,0.22,0.44||14.71,4.12,3.12,8.98,2.64||0.00,0.00,0.50,0.60,0.00||47.26,100.45,523.15,56.86,12.12||10.57,3.45,7.64||1.59,4.27,16.66,8.18,10.70,2.00||
2.95,18.79,12.33,4.65,6.26,5.09,2.99||0.00,0.00,0.00,0.04,0.04,0.04||3.41,7.92,0.96,23.00,18.24,11.29||5.55,0.89,0.91,0.22,0.44||14.61,4.11,3.07,8.94,2.63||0.00,0.00,0.50,0.59,0.00||95.82,1725.46,14700.34,75.85,64.55||18.45,5.54,11.96||7.14,17.44,95.78,29.11,32.27,9.14||
2.95,18.79,12.33,4.65,6.26,5.09,2.99||0.00,0.00,0.00,0.04,0.04,0.04||3.42,7.93,0.97,23.04,18.25,11.32||5.55,0.89,0.91,0.22,0.44||14.68,4.12,3.11,8.97,2.63||0.00,0.00,0.50,0.59,0.00||60.85,277.69,1724.52,63.03,22.04||12.35,3.94,8.66||2.22,5.86,24.68,10.88,13.71,2.81||
2.95,18.79,12.33,4.65,6.26,5.09,2.99||0.00,0.00,0.00,0.04,0.04,0.04||3.42,7.93,0.97,23.05,18.26,11.32||5.55,0.89,0.91,0.22,0.44||14.60,4.11,3.07,8.94,2.63||0.00,0.00,0.50,0.60,0.00||74.67,632.65,4530.79,68.52,35.78||19.37,5.77,12.44||1.67,4.48,17.68,8.54,11.11,2.10||
2.95,18.79,12.33,4.65,6.26,5.09,2.99||0.00,0.00,0.00,0.04,0.04,0.04||3.42,7.93,0.97,23.05,18.26,11.32||5.57,0.90,0.91,0.22,0.44||14.77,4.13,3.15,9.01,2.64||0.00,0.01,0.50,0.60,0.00||81.73,910.07,6940.85,71.09,44.31||14.75,4.58,9.99||3.73,9.52,45.10,16.86,20.06,4.74||
2.95,18.79,12.33,4.65,6.26,5.09,2.99||0.00,0.00,0.00,0.04,0.04,0.04||3.42,7.93,0.97,23.05,18.26,11.32||5.59,0.90,0.92,0.22,0.45||14.71,4.12,3.12,8.98,2.64||0.00,0.01,0.50,0.60,0.00||59.84,259.71,1594.32,62.60,21.19||7.86,2.68,6.02||1.58,4.26,16.59,8.16,10.68,1.99||
2.95,18.79,12.33,4.65,6.26,5.09,2.99||0.00,0.00,0.00,0.04,0.04,0.04||3.42,7.93,0.97,23.05,18.26,11.32||5.65,0.90,0.93,0.22,0.45||14.61,4.11,3.07,8.94,2.63||0.00,0.00,0.50,0.59,0.00||53.67,167.63,953.97,59.89,16.38||9.74,3.22,7.15||0.91,2.53,8.70,5.11,7.10,1.13||
2.95,18.79,12.33,4.65,6.26,5.09,2.99||0.00,0.00,0.00,0.04,0.04,0.04||3.42,7.93,0.97,23.05,18.26,11.32||5.66,0.90,0.94,0.22,0.45||14.59,4.11,3.06,8.94,2.63||0.00,0.00,0.50,0.60,0.00||80.60,860.51,6499.56,70.69,42.87||15.19,4.70,10.23||5.27,13.13,67.31,22.54,25.83,6.72||
2.95,18.79,12.33,4.65,6.26,5.09,2.99||0.00,0.00,0.00,0.04,0.04,0.04||3.42,7.93,0.97,23.05,18.26,11.32||5.66,0.90,0.94,0.22,0.45||14.58,4.11,3.06,8.94,2.63||0.00,0.00,0.50,0.60,0.00||94.42,1626.35,13714.86,75.40,62.34||12.12,3.87,8.53||1.44,3.91,14.90,7.55,9.97,1.81||
2.95,18.79,12.33,4.65,6.26,5.09,2.99||0.00,0.00,0.00,0.04,0.04,0.04||3.42,7.93,0.97,23.05,18.26,11.32||5.66,0.90,0.94,0.22,0.45||14.68,4.12,3.10,8.97,2.63||0.00,0.00,0.50,0.59,0.00||44.31,77.55,386.22,55.39,10.41||9.10,3.04,6.77||0.43,1.25,3.63,2.71,4.09,0.53||
2.95,18.79,12.33,4.65,6.26,5.09,2.99||0.00,0.00,0.00,0.04,0.04,0.04||3.42,7.93,0.97,23.05,18.26,11.32||5.66,0.90,0.94,0.22,0.45||14.69,4.12,3.11,8.98,2.64||0.00,0.00,0.50,0.59,0.00||77.42,731.61,5372.90,69.54,38.97||11.31,3.65,8.07||3.66,9.34,44.08,16.58,19.78,4.65||
2.96,18.87,12.37,4.67,6.28,5.11,3.00||0.00,0.00,0.00,0.04,0.04,0.04||3.42,7.93,0.97,23.05,18.26,11.32||5.66,0.90,0.94,0.22,0.45||14.60,4.11,3.07,8.94,2.63||0.00,0.00,0.50,0.59,0.00||53.92,170.82,975.25,60.00,16.56||10.39,3.40,7.53||0.53,1.55,4.71,3.27,4.82,0.66||
2.97,18.93,12.40,4.68,6.30,5.12,3.00||0.00,0.00,0.00,0.04,0.04,0.04||3.42,7.93,0.97,23.05,18.26,11.32||5.66,0.90,0.94,0.22,0.45||14.59,4.11,3.06,8.94,2.63||0.00,0.00,0.50,0.59,0.00||54.73,181.31,1045.90,60.37,17.15||10.24,3.36,7.45||2.44,6.40,27.53,11.78,14.70,3.09||
2.97,18.94,12.40,4.69,6.30,5.12,3.00||0.00,0.00,0.00,0.04,0.04,0.04||3.42,7.93,0.97,23.05,18.26,11.32||5.66,0.90,0.94,0.22,0.45||14.77,4.13,3.15,9.01,2.64||0.00,0.00,0.50,0.59,0.00||58.90,243.67,1479.44,62.20,20.41||9.39,3.12,6.94||1.01,2.81,9.90,5.61,7.71,1.27||
2.97,18.98,12.42,4.70,6.31,5.13,3.01||0.00,0.00,0.00,0.04,0.04,0.04||3.42,7.93,0.97,23.05,18.26,11.32||5.66,0.90,0.94,0.22,0.45||14.62,4.11,3.08,8.95,2.63||0.00,0.00,0.50,0.59,0.00||133.87,6623.42,71221.99,86.94,142.40||14.56,4.53,9.89||4.34,10.94,53.64,19.12,22.38,5.52||
2.98,19.03,12.45,4.71,6.33,5.14,3.01||0.00,0.00,0.00,0.04,0.04,0.04||3.42,7.93,0.97,23.05,18.26,11.32||5.66,0.90,0.94,0.22,0.45||14.68,4.12,3.11,8.97,2.63||0.00,0.00,0.50,0.59,0.00||116.90,3839.41,37567.16,82.26,103.33||20.74,6.12,13.15||14.70,34.26,221.71,53.53,54.81,18.96||
2.98,19.00,12.43,4.70,6.32,5.13,3.01||0.00,0.00,0.00,0.04,0.04,0.04||3.42,7.93,0.97,23.05,18.26,11.32||5.66,0.90,0.94,0.22,0.45||14.70,4.12,3.11,8.98,2.64||0.00,0.00,0.50,0.59,0.00||172.40,18320.93,234939.28,96.38,259.06||15.72,4.83,10.52||12.74,29.96,187.65,47.43,49.33,16.40||
2.98,18.99,12.43,4.70,6.32,5.13,3.01||0.00,0.00,0.00,0.04,0.04,0.04||3.42,7.93,0.97,23.05,18.26,11.32||5.66,0.90,0.94,0.22,0.45||14.70,4.12,3.11,8.98,2.64||0.00,0.00,0.50,0.59,0.00||94.17,1609.25,13545.87,75.32,61.96||16.50,5.04,10.94||20.72,47.21,330.34,71.49,70.49,26.82||
2.98,19.03,12.45,4.71,6.33,5.14,3.02||0.00,0.00,0.00,0.04,0.04,0.04||3.42,7.93,0.97,23.05,18.26,11.32||5.73,0.91,0.95,0.23,0.45||14.70,4.12,3.11,8.98,2.64||0.00,0.00,0.50,0.59,0.00||122.34,4610.38,46562.40,83.80,115.07||16.81,5.12,11.10||1.14,3.14,11.36,6.20,8.40,1.43||
2.98,19.04,12.45,4.71,6.33,5.14,3.02||0.00,0.00,0.00,0.04,0.04,0.04||3.42,7.93,0.97,23.05,18.26,11.32||5.74,0.91,0.96,0.23,0.45||14.51,4.10,3.03,8.91,2.62||0.00,0.00,0.50,0.59,0.00||106.11,2600.91,23790.08,79.08,82.17||21.83,6.39,13.70||1.32,3.61,13.52,7.03,9.38,1.66||
2.98,19.04,12.45,4.71,6.33,5.14,3.02||0.00,0.00,0.00,0.04,0.04,0.04||3.42,7.93,0.97,23.05,18.26,11.32||5.76,0.91,0.96,0.23,0.45||14.76,4.13,3.14,9.00,2.64||0.00,0.00,0.50,0.59,0.00||68.87,456.94,3093.23,66.30,29.55||18.90,5.66,12.20||16.05,37.19,245.61,57.66,58.46,20.72||
2.98,19.04,12.46,4.71,6.33,5.14,3.02||0.00,0.00,0.00,0.04,0.04,0.04||3.42,7.93,0.97,23.05,18.26,11.32||5.77,0.91,0.96,0.23,0.45||14.80,4.13,3.16,9.02,2.64||0.00,0.00,0.50,0.59,0.00||43.92,74.80,370.21,55.18,10.19||12.54,3.99,8.77||156.83,313.14,3473.74,394.13,311.12,207.58||
2.98,19.04,12.46,4.71,6.33,5.14,3.02||0.00,0.00,0.00,0.04,0.04,0.04||3.42,7.93,0.97,23.05,18.26,11.32||5.77,0.91,0.96,0.23,0.45||14.81,4.14,3.17,9.02,2.64||0.00,0.00,0.50,0.59,0.00||75.95,677.59,4910.59,69.00,37.25||14.48,4.51,9.84||7.34,17.89,98.82,29.78,32.91,9.39||
2.98,19.04,12.46,4.71,6.33,5.14,3.02||0.00,0.00,0.00,0.04,0.04,0.04||3.42,7.93,0.97,23.05,18.26,11.32||5.77,0.91,0.96,0.23,0.45||14.82,4.14,3.17,9.02,2.64||0.00,0.00,0.50,0.59,0.00||50.19,128.03,695.41,58.27,13.98||10.35,3.39,7.51||0.76,2.15,7.09,4.40,6.24,0.95||
2.98,19.04,12.46,4.71,6.33,5.14,3.02||0.00,0.00,0.00,0.04,0.04,0.04||3.42,7.93,0.97,23.05,18.26,11.32||5.68,0.90,0.94,0.22,0.45||14.72,4.13,3.12,8.99,2.64||0.00,0.00,0.50,0.59,0.00||53.41,164.32,931.89,59.77,16.19||12.95,4.10,9.00||1.45,3.94,15.05,7.60,10.04,1.83||
2.98,19.04,12.46,4.71,6.33,5.14,3.02||0.00,0.00,0.00,0.04,0.04,0.04||3.42,7.93,0.97,23.05,18.26,11.32||5.67,0.90,0.94,0.22,0.45||14.70,4.12,3.12,8.98,2.64||0.00,0.00,0.50,0.59,0.00||54.44,177.48,1020.01,60.23,16.94||7.81,2.67,5.99||0.90,2.51,8.59,5.06,7.04,1.12||
2.98,19.00,12.43,4.70,6.32,5.14,3.01||0.00,0.00,0.00,0.04,0.04,0.04||3.42,7.93,0.97,23.05,18.26,11.32||5.64,0.90,0.93,0.22,0.45||14.61,4.11,3.07,8.94,2.63||0.00,0.00,0.50,0.59,0.00||29.83,15.78,59.65,47.13,4.08||8.35,2.82,6.32||1.92,5.10,20.75,9.60,12.29,2.42||
2.98,19.03,12.45,4.71,6.33,5.14,3.02||0.00,0.00,0.00,0.04,0.04,0.04||3.42,7.93,0.97,23.05,18.26,11.32||5.57,0.90,0.91,0.22,0.44||14.59,4.11,3.06,8.94,2.63||0.00,0.00,0.50,0.59,0.00||75.61,665.35,4806.67,68.87,36.85||9.11,3.04,6.78||1.19,3.26,11.91,6.41,8.66,1.49||
2.97,18.92,12.39,4.68,6.29,5.12,3.00||0.00,0.00,0.00,0.04,0.04,0.04||3.42,7.93,0.97,23.05,18.26,11.32||5.56,0.89,0.91,0.22,0.44||14.68,4.12,3.10,8.97,2.63||0.00,0.00,0.50,0.59,0.00||88.57,1257.57,10143.32,73.46,53.59||10.24,3.36,7.45||1.71,4.57,18.13,8.70,11.29,2.15||
2.96,18.82,12.34,4.66,6.26,5.10,2.99||0.00,0.00,0.00,0.04,0.04,0.04||3.42,7.93,0.97,23.05,18.26,11.32||5.49,0.89,0.89,0.22,0.44||14.70,4.12,3.11,8.98,2.64||0.00,0.00,0.50,0.59,0.00||49.84,124.41,672.41,58.10,13.75||10.22,3.35,7.44||2.04,5.41,22.32,10.12,12.87,2.57||
2.95,18.80,12.33,4.66,6.26,5.10,2.99||0.00,0.00,0.00,0.04,0.04,0.04||3.42,7.93,0.97,23.05,18.26,11.32||5.46,0.88,0.89,0.22,0.44||14.61,4.11,3.07,8.94,2.63||0.00,0.00,0.50,0.59,0.00||36.27,34.66,150.15,51.04,6.48||13.81,4.33,9.48||2.41,6.31,27.06,11.64,14.53,3.04||
2.95,18.79,12.33,4.65,6.26,5.09,2.99||0.00,0.00,0.00,0.04,0.04,0.04||3.42,7.93,0.97,23.05,18.26,11.32||5.45,0.88,0.88,0.22,0.44||14.59,4.11,3.06,8.94,2.63||0.00,0.00,0.50,0.59,0.00||31.86,20.57,81.43,48.41,4.77||10.85,3.53,7.80||0.70,1.99,6.44,4.11,5.87,0.87||
2.95,18.79,12.33,4.65,6.26,5.09,2.99||0.00,0.00,0.00,0.04,0.04,0.04||3.42,7.93,0.97,23.05,18.26,11.32||5.37,0.88,0.86,0.21,0.44||14.68,4.12,3.10,8.97,2.63||0.00,0.00,0.50,0.59,0.00||48.99,116.11,620.05,57.70,13.20||12.45,3.97,8.72||1.19,3.27,11.92,6.42,8.67,1.49||
2.95,18.79,12.33,4.65,6.26,5.09,2.99||0.00,0.00,0.00,0.04,0.04,0.04||3.42,7.93,0.97,23.05,18.26,11.32||5.35,0.88,0.86,0.21,0.43||14.70,4.12,3.11,8.98,2.64||0.00,0.00,0.50,0.59,0.00||94.83,1654.60,13994.70,75.53,62.98||12.42,3.96,8.70||0.47,1.37,4.04,2.93,4.38,0.58||
2.95,18.79,12.33,4.65,6.26,5.09,2.99||0.00,0.00,0.00,0.04,0.04,0.04||3.42,7.93,0.97,23.05,18.26,11.32||5.35,0.87,0.86,0.21,0.43||14.61,4.11,3.07,8.94,2.63||0.00,0.00,0.50,0.59,0.00||67.00,409.21,2717.72,65.56,27.69||13.33,4.20,9.21||5.94,14.69,77.35,24.93,28.20,7.59||
2.95,18.79,12.33,4.65,6.26,5.09,2.99||0.00,0.00,0.00,0.04,0.04,0.04||3.42,7.93,0.97,23.05,18.26,11.32||5.32,0.87,0.85,0.21,0.43||14.68,4.12,3.11,8.97,2.63||0.00,0.00,0.50,0.59,0.00||41.32,58.53,277.63,53.83,8.82||11.80,3.79,8.35||0.83,2.33,7.82,4.73,6.64,1.03||
2.95,18.79,12.33,4.65,6.26,5.09,2.99||0.00,0.00,0.00,0.04,0.04,0.04||3.42,7.93,0.97,23.05,18.26,11.32||5.26,0.87,0.84,0.21,0.43||14.70,4.12,3.11,8.98,2.64||0.00,0.00,0.50,0.59,0.00||79.66,820.80,6149.17,70.35,41.70||11.62,3.74,8.25||0.90,2.52,8.66,5.09,7.08,1.13||
2.95,18.79,12.33,4.65,6.26,5.09,2.99||0.00,0.00,0.00,0.04,0.04,0.04||3.42,7.93,0.97,23.05,18.26,11.32||5.25,0.87,0.83,0.21,0.43||14.61,4.11,3.07,8.94,2.63||0.00,0.00,0.50,0.59,0.00||40.94,56.42,265.91,53.63,8.63||7.78,2.66,5.97||0.65,1.86,5.91,3.86,5.57,0.81||
2.95,18.75,12.30,4.65,6.24,5.09,2.98||0.00,0.00,0.00,0.04,0.04,0.04||3.42,7.93,0.97,23.05,18.26,11.32||5.25,0.87,0.83,0.21,0.43||14.59,4.11,3.06,8.94,2.63||0.00,0.00,0.50,0.59,0.00||72.85,572.99,4033.73,67.83,33.75||10.08,3.31,7.35||0.40,1.19,3.39,2.58,3.92,0.50||
2.94,18.66,12.26,4.63,6.22,5.07,2.97||0.00,0.00,0.00,0.04,0.04,0.04||3.39,7.91,0.96,22.96,18.22,11.25||5.18,0.86,0.82,0.21,0.43||14.49,4.10,3.02,8.90,2.62||0.00,0.00,0.50,0.60,0.00||77.11,720.11,5274.01,69.42,38.61||11.60,3.73,8.24||0.58,1.68,5.22,3.53,5.15,0.73||
2.93,18.61,12.23,4.61,6.20,5.06,2.97||0.00,0.00,0.00,0.04,0.04,0.04||3.39,7.91,0.95,22.94,18.21,11.24||5.16,0.86,0.81,0.21,0.43||14.66,4.12,3.09,8.96,2.63||0.00,0.01,0.50,0.60,0.00||34.87,29.59,124.73,50.23,5.91||9.03,3.02,6.73||0.60,1.73,5.40,3.61,5.26,0.75||
2.93,18.60,12.22,4.61,6.20,5.06,2.96||0.00,0.00,0.00,0.04,0.04,0.04||3.35,7.89,0.94,22.84,18.17,11.16||5.15,0.86,0.81,0.20,0.43||14.60,4.11,3.07,8.94,2.63||0.00,0.00,0.50,0.60,0.00||50.06,126.64,686.54,58.21,13.89||12.32,3.93,8.64||4.18,10.58,51.44,18.54,21.80,5.32||
2.93,18.55,12.20,4.60,6.19,5.05,2.96||0.00,0.00,0.00,0.04,0.04,0.04||3.28,7.86,0.91,22.65,18.08,11.01||5.15,0.86,0.81,0.20,0.43||14.68,4.12,3.10,8.97,2.63||0.00,0.00,0.50,0.59,0.00||36.48,35.49,154.35,51.16,6.57||7.83,2.67,6.00||1.07,2.96,10.55,5.88,8.02,1.34||
2.92,18.55,12.20,4.60,6.18,5.05,2.96||0.00,0.00,0.00,0.04,0.04,0.04||3.30,7.87,0.92,22.70,18.11,11.05||5.15,0.86,0.81,0.20,0.43||14.51,4.10,3.03,8.91,2.62||0.00,0.00,0.50,0.60,0.00||108.49,2843.45,26412.96,79.80,86.60||13.11,4.14,9.09||4.58,11.51,57.11,20.01,23.29,5.83||
2.92,18.54,12.20,4.60,6.18,5.05,2.96||0.00,0.00,0.00,0.04,0.04,0.04||3.34,7.89,0.93,22.80,18.15,11.13||5.07,0.85,0.79,0.20,0.42||14.47,4.10,3.01,8.89,2.62||0.00,0.00,0.50,0.60,0.00||133.37,6523.79,69966.82,86.80,141.13||17.06,5.18,11.23||10.37,24.71,147.72,39.87,42.42,13.32||
2.92,18.54,12.20,4.60,6.18,5.05,2.96||0.00,0.00,0.00,0.04,0.04,0.04||3.28,7.86,0.91,22.64,18.08,11.00||5.06,0.85,0.79,0.20,0.42||14.56,4.11,3.05,8.93,2.63||0.00,0.00,0.50,0.59,0.00||73.30,587.44,4153.35,68.01,34.25||16.21,4.96,10.78||0.48,1.40,4.17,3.00,4.46,0.60||
2.92,18.54,12.20,4.60,6.18,5.05,2.96||0.00,0.00,0.00,0.04,0.04,0.04||3.24,7.84,0.89,22.52,18.03,10.91||5.05,0.85,0.79,0.20,0.42||14.49,4.10,3.02,8.90,2.62||0.00,0.00,0.50,0.59,0.00||145.92,9367.02,106950.73,90.05,174.60||17.03,5.17,11.21||0.76,2.15,7.08,4.40,6.24,0.95||
2.92,18.54,12.20,4.60,6.18,5.05,2.96||0.00,0.00,0.00,0.03,0.04,0.04||3.26,7.85,0.90,22.58,18.06,10.96||5.05,0.85,0.79,0.20,0.42||14.29,4.07,2.93,8.82,2.61||0.00,0.00,0.50,0.59,0.00||71.85,542.09,3779.75,67.45,32.67||10.55,3.44,7.63||0.48,1.40,4.17,3.00,4.47,0.60||
2.92,18.54,12.20,4.60,6.18,5.05,2.96||0.00,0.00,0.00,0.03,0.04,0.04||3.24,7.84,0.89,22.50,18.02,10.90||5.05,0.85,0.79,0.20,0.42||14.71,4.12,3.12,8.98,2.64||0.00,0.01,0.50,0.60,0.00||52.99,159.24,898.19,59.58,15.89||8.84,2.96,6.61||0.67,1.92,6.16,3.98,5.71,0.84||
2.92,18.54,12.20,4.60,6.18,5.05,2.96||0.00,0.00,0.00,0.03,0.04,0.04||3.23,7.83,0.89,22.49,18.02,10.89||5.05,0.85,0.79,0.20,0.42||14.61,4.11,3.07,8.94,2.63||0.00,0.00,0.50,0.60,0.00||77.47,733.51,5389.33,69.55,39.03||12.34,3.93,8.65||2.54,6.65,28.87,12.20,15.14,3.22||
2.92,18.54,12.20,4.60,6.18,5.05,2.96||0.00,0.00,0.00,0.03,0.04,0.04||3.23,7.83,0.89,22.49,18.01,10.88||4.98,0.84,0.77,0.20,0.42||14.59,4.11,3.06,8.94,2.63||0.00,0.00,0.50,0.60,0.00||102.90,2298.41,20578.01,78.09,76.41||11.59,3.73,8.23||1.79,4.79,19.21,9.08,11.71,2.26||
2.92,18.54,12.20,4.60,6.18,5.05,2.96||0.00,0.00,0.00,0.03,0.04,0.04||3.23,7.83,0.89,22.49,18.01,10.88||4.98,0.84,0.77,0.20,0.42||14.49,4.10,3.02,8.90,2.62||0.00,0.00,0.50,0.60,0.00||39.71,49.91,230.29,52.97,8.03||8.10,2.75,6.17||0.65,1.85,5.89,3.85,5.55,0.81||
2.92,18.54,12.20,4.60,6.18,5.05,2.96||0.00,0.00,0.00,0.03,0.04,0.04||3.23,7.83,0.89,22.49,18.01,10.88||4.96,0.84,0.76,0.20,0.42||14.75,4.13,3.14,9.00,2.64||0.00,0.00,0.50,0.60,0.00||79.62,819.29,6135.86,70.34,41.65||9.64,3.19,7.09||2.39,6.28,26.89,11.58,14.48,3.03||
2.92,18.54,12.20,4.60,6.18,5.05,2.96||0.00,0.00,0.00,0.03,0.04,0.04||3.23,7.83,0.89,22.49,18.01,10.88||4.96,0.84,0.76,0.20,0.42||14.43,4.09,2.99,8.88,2.62||0.00,0.00,0.50,0.60,0.00||86.33,1134.37,8987.82,72.70,50.44||11.08,3.59,7.93||3.25,8.37,38.43,15.01,18.14,4.13||
2.92,18.50,12.18,4.59,6.17,5.04,2.95||0.00,0.00,0.00,0.03,0.04,0.04||3.23,7.83,0.89,22.49,18.01,10.88||4.96,0.84,0.76,0.20,0.42||14.46,4.09,3.01,8.89,2.62||0.00,0.01,0.50,0.60,0.00||42.61,66.27,321.19,54.51,9.49||10.89,3.54,7.83||0.73,2.07,6.78,4.26,6.07,0.91||
2.91,18.38,12.11,4.56,6.13,5.01,2.94||0.00,0.00,0.00,0.04,0.04,0.04||3.23,7.83,0.89,22.49,18.01,10.88||4.96,0.84,0.76,0.20,0.42||14.56,4.11,3.05,8.93,2.63||0.00,0.00,0.50,0.60,0.00||77.18,722.54,5294.91,69.45,38.68||17.94,5.41,11.70||4.39,11.07,54.41,19.32,22.59,5.59||
2.90,18.35,12.10,4.56,6.13,5.01,2.94||0.00,0.00,0.00,0.03,0.04,0.04||3.23,7.83,0.89,22.49,18.01,10.88||4.96,0.84,0.76,0.20,0.42||14.67,4.12,3.10,8.97,2.63||0.00,0.00,0.50,0.60,0.00||98.08,1894.77,16406.48,76.58,68.20||14.31,4.46,9.75||4.74,11.90,59.52,20.62,23.90,6.04||
2.91,18.39,12.12,4.56,6.14,5.02,2.94||0.00,0.00,0.00,0.03,0.04,0.04||3.23,7.83,0.89,22.49,18.01,10.88||4.96,0.84,0.76,0.20,0.42||14.51,4.10,3.03,8.91,2.62||0.00,0.00,0.50,0.60,0.00||55.26,188.54,1094.97,60.60,17.55||8.27,2.80,6.27||3.52,9.00,42.06,16.02,19.20,4.47||
2.90,18.32,12.08,4.55,6.12,5.00,2.93||0.00,0.00,0.00,0.03,0.04,0.04||3.23,7.83,0.89,22.49,18.01,10.88||4.90,0.83,0.75,0.20,0.41||14.57,4.11,3.05,8.93,2.63||0.00,0.00,0.50,0.59,0.00||35.65,32.35,138.47,50.69,6.22||6.42,2.26,5.12||0.55,1.58,4.85,3.34,4.91,0.68||
2.90,18.30,12.07,4.54,6.11,5.00,2.93||0.00,0.00,0.00,0.03,0.04,0.04||3.23,7.83,0.89,22.49,18.01,10.88||4.89,0.83,0.75,0.20,0.41||14.39,4.09,2.98,8.86,2.61||0.00,0.00,0.50,0.59,0.00||59.09,246.86,1502.20,62.28,20.57||10.65,3.47,7.69||4.27,10.79,52.74,18.88,22.15,5.44||
2.90,18.30,12.07,4.54,6.11,5.00,2.93||0.00,0.00,0.00,0.03,0.04,0.04||3.23,7.83,0.89,22.49,18.01,10.88||4.87,0.83,0.74,0.19,0.41||14.36,4.08,2.96,8.85,2.61||0.00,0.00,0.50,0.59,0.00||68.20,439.52,2955.31,66.03,28.88||11.49,3.70,8.17||2.91,7.53,33.72,13.65,16.70,3.69||
2.90,18.30,12.07,4.54,6.11,5.00,2.93||0.00,0.00,0.00,0.03,0.04,0.04||3.23,7.83,0.89,22.49,18.01,10.88||4.86,0.83,0.74,0.19,0.41||14.26,4.07,2.92,8.81,2.60||0.00,0.00,0.50,0.59,0.00||30.62,17.54,67.54,47.64,4.34||9.98,3.28,7.29||1.99,5.28,21.68,9.91,12.64,2.51||
2.90,18.30,12.07,4.54,6.11,5.00,2.93||0.00,0.00,0.00,0.03,0.04,0.04||3.23,7.83,0.89,22.49,18.01,10.88||4.86,0.83,0.74,0.19,0.41||14.33,4.08,2.95,8.84,2.61||0.00,0.00,0.50,0.59,0.00||51.15,138.19,760.53,58.73,14.62||13.81,4.33,9.47||1.24,3.39,12.49,6.64,8.92,1.55||
2.90,18.30,12.07,4.54,6.11,5.00,2.93||0.00,0.00,0.00,0.03,0.04,0.04||3.23,7.83,0.89,22.49,18.01,10.88||4.86,0.83,0.74,0.19,0.41||14.26,4.07,2.92,8.81,2.60||0.00,0.00,0.50,0.59,0.00||48.54,111.92,593.89,57.48,12.92||15.14,4.68,10.20||7.04,17.20,94.15,28.75,31.92,9.00||
2.90,18.30,12.07,4.54,6.11,5.00,2.93||0.00,0.00,0.00,0.03,0.04,0.04||3.23,7.83,0.89,22.49,18.01,10.88||4.86,0.83,0.74,0.19,0.41||14.42,4.09,2.99,8.87,2.62||0.00,0.00,0.50,0.59,0.00||48.13,108.18,570.70,57.29,12.66||12.66,4.02,8.83||1.94,5.17,21.10,9.71,12.42,2.45||
2.90,18.30,12.07,4.54,6.11,5.00,2.93||0.00,0.00,0.00,0.03,0.04,0.04||3.23,7.83,0.89,22.49,18.01,10.88||4.86,0.83,0.74,0.19,0.41||14.37,4.08,2.97,8.85,2.61||0.00,0.00,0.50,0.59,0.00||56.18,201.49,1183.76,61.01,18.25||13.65,4.29,9.39||2.63,6.86,30.00,12.54,15.51,3.33||
2.90,18.30,12.07,4.54,6.11,5.00,2.93||0.00,0.00,0.00,0.03,0.04,0.04||3.23,7.83,0.89,22.49,18.01,10.88||4.86,0.83,0.74,0.19,0.41||14.26,4.07,2.92,8.81,2.60||0.00,0.00,0.50,0.59,0.00||56.24,202.34,1189.59,61.04,18.30||10.48,3.42,7.59||0.89,2.48,8.48,5.02,6.99,1.11||
2.90,18.30,12.07,4.54,6.11,5.00,2.93||0.00,0.00,0.00,0.03,0.04,0.04||3.23,7.83,0.89,22.49,18.01,10.88||4.85,0.83,0.74,0.19,0.41||14.43,4.09,2.99,8.88,2.62||0.00,0.00,0.50,0.59,0.00||39.01,46.46,211.76,52.58,7.70||9.73,3.21,7.15||1.57,4.23,16.46,8.11,10.62,1.97||
2.90,18.30,12.07,4.54,6.11,5.00,2.93||0.00,0.00,0.00,0.03,0.04,0.04||3.23,7.83,0.89,22.49,18.01,10.88||4.83,0.83,0.73,0.19,0.41||14.27,4.07,2.93,8.82,2.61||0.00,0.00,0.50,0.59,0.00||82.89,963.23,7418.82,71.50,45.81||13.68,4.30,9.40||1.60,4.30,16.78,8.23,10.75,2.01||
2.90,18.30,12.07,4.54,6.11,5.00,2.93||0.00,0.00,0.00,0.03,0.04,0.04||3.23,7.83,0.89,22.49,18.01,10.88||4.78,0.82,0.72,0.19,0.41||14.24,4.07,2.91,8.81,2.60||0.00,0.00,0.50,0.59,0.00||61.39,287.85,1798.81,63.26,22.51||15.44,4.76,10.36||23.01,52.08,373.27,78.12,76.14,29.82||
2.90,18.30,12.07,4.54,6.11,5.00,2.93||0.00,0.00,0.00,0.03,0.04,0.04||3.23,7.83,0.89,22.49,18.01,10.88||4.77,0.82,0.72,0.19,0.41||14.33,4.08,2.95,8.84,2.61||0.00,0.00,0.50,0.59,0.00||69.85,483.84,3307.93,66.68,30.56||15.89,4.88,10.61||1.69,4.54,17.94,8.64,11.21,2.13||
2.90,18.30,12.07,4.54,6.11,5.00,2.93||0.00,0.00,0.00,0.03,0.04,0.04||3.23,7.83,0.89,22.49,18.01,10.88||4.77,0.82,0.72,0.19,0.41||14.26,4.07,2.92,8.81,2.60||0.00,0.00,0.50,0.59,0.00||102.01,2219.71,19753.88,77.82,74.86||17.45,5.28,11.44||4.88,12.21,61.47,21.10,24.39,6.21||
2.90,18.30,12.07,4.54,6.11,5.00,2.93||0.00,0.00,0.00,0.03,0.04,0.04||3.20,7.82,0.88,22.40,17.97,10.81||4.77,0.82,0.72,0.19,0.41||14.42,4.09,2.99,8.87,2.62||0.00,0.00,0.50,0.59,0.00||45.49,86.17,437.04,55.98,11.08||16.01,4.91,10.67||15.13,35.19,229.28,54.85,55.98,19.52||
2.90,18.30,12.07,4.54,6.11,5.00,2.93||0.00,0.00,0.00,0.03,0.04,0.04||3.22,7.83,0.89,22.47,18.01,10.87||4.77,0.82,0.72,0.19,0.41||14.27,4.07,2.93,8.82,2.61||0.00,0.00,0.50,0.59,0.00||39.72,49.94,230.46,52.97,8.04||14.76,4.58,9.99||6.89,16.88,91.95,28.26,31.45,8.82||
2.90,18.30,12.07,4.54,6.11,5.00,2.93||0.00,0.00,0.00,0.03,0.04,0.04||3.23,7.83,0.89,22.48,18.01,10.88||4.77,0.82,0.72,0.19,0.41||14.34,4.08,2.95,8.84,2.61||0.00,0.00,0.50,0.59,0.00||41.98,62.42,299.37,54.18,9.16||8.91,2.98,6.66||1.70,4.57,18.10,8.69,11.28,2.14||
2.90,18.30,12.07,4.54,6.11,5.00,2.93||0.00,0.00,0.00,0.03,0.04,0.04||3.20,7.82,0.88,22.40,17.97,10.81||4.77,0.82,0.72,0.19,0.41||14.26,4.07,2.92,8.81,2.60||0.00,0.00,0.50,0.59,0.00||78.17,760.78,5625.08,69.81,39.88||14.58,4.54,9.90||3.76,9.58,45.45,16.95,20.16,4.78||
2.89,18.26,12.05,4.54,6.10,4.99,2.93||0.00,0.00,0.00,0.03,0.04,0.04||3.16,7.80,0.86,22.29,17.93,10.73||4.77,0.82,0.72,0.19,0.41||14.33,4.08,2.95,8.84,2.61||0.00,0.00,0.50,0.59,0.00||54.48,178.04,1023.82,60.25,16.97||10.18,3.34,7.41||1.26,3.45,12.79,6.75,9.06,1.59||
2.90,18.29,12.07,4.54,6.11,5.00,2.93||0.00,0.00,0.00,0.03,0.04,0.04||3.19,7.81,0.87,22.36,17.96,10.78||4.77,0.82,0.72,0.19,0.41||14.44,4.09,3.00,8.88,2.62||0.00,0.00,0.50,0.59,0.00||96.16,1750.05,14946.40,75.96,65.09||14.59,4.54,9.91||3.64,9.29,43.77,16.49,19.69,4.62||
2.90,18.30,12.07,4.54,6.11,5.00,2.93||0.00,0.00,0.00,0.03,0.04,0.04||3.16,7.80,0.86,22.28,17.92,10.73||4.77,0.82,0.72,0.19,0.41||14.37,4.08,2.97,8.85,2.61||0.00,0.00,0.50,0.59,0.00||53.64,167.29,951.67,59.87,16.36||11.00,3.57,7.89||2.35,6.17,26.30,11.40,14.28,2.97||
2.89,18.22,12.03,4.53,6.09,4.98,2.92||0.00,0.00,0.00,0.03,0.04,0.04||3.10,7.76,0.84,22.09,17.84,10.58||4.77,0.82,0.72,0.19,0.41||14.26,4.07,2.92,8.81,2.61||0.00,0.00,0.50,0.59,0.00||45.09,83.16,419.16,55.78,10.85||13.35,4.21,9.22||6.02,14.88,78.59,25.22,28.48,7.69||
2.89,18.21,12.02,4.52,6.08,4.98,2.92||0.00,0.00,0.00,0.03,0.04,0.04||3.06,7.74,0.82,21.97,17.79,10.48||4.74,0.82,0.71,0.19,0.41||14.43,4.09,2.99,8.88,2.62||0.00,0.00,0.50,0.59,0.00||40.81,55.66,261.74,53.55,8.56||15.28,4.72,10.28||7.56,18.40,102.39,30.56,33.66,9.68||
2.88,18.16,12.00,4.51,6.07,4.97,2.91||0.00,0.00,0.00,0.03,0.04,0.04||3.05,7.74,0.82,21.94,17.77,10.46||4.71,0.81,0.70,0.19,0.41||14.18,4.06,2.89,8.78,2.60||0.00,0.00,0.50,0.59,0.00||53.28,162.75,921.45,59.71,16.10||10.89,3.54,7.83||9.29,22.31,130.08,36.36,39.15,11.92||
2.88,18.12,11.98,4.50,6.06,4.96,2.91||0.00,0.00,0.00,0.03,0.04,0.04||3.05,7.74,0.82,21.94,17.77,10.46||4.69,0.81,0.70,0.19,0.40||14.41,4.09,2.98,8.87,2.62||0.00,0.00,0.50,0.59,0.00||44.98,82.36,414.43,55.72,10.78||16.58,5.06,10.97||1.27,3.48,12.89,6.79,9.10,1.60||
2.87,18.07,11.95,4.49,6.04,4.95,2.90||0.00,0.00,0.00,0.03,0.04,0.04||3.07,7.75,0.83,22.02,17.81,10.53||4.68,0.81,0.70,0.19,0.40||14.45,4.09,3.00,8.89,2.62||0.00,0.00,0.50,0.59,0.00||47.35,101.25,528.03,56.90,12.18||10.85,3.53,7.80||5.95,14.72,77.54,24.98,28.24,7.60||
2.87,18.10,11.97,4.50,6.05,4.96,2.91||0.00,0.00,0.00,0.03,0.04,0.04||3.05,7.74,0.82,21.95,17.78,10.47||4.68,0.81,0.70,0.19,0.40||14.28,4.07,2.93,8.82,2.61||0.00,0.00,0.50,0.59,0.00||24.97,7.72,25.80,43.84,2.68||11.12,3.60,7.96||1.11,3.07,11.06,6.08,8.26,1.40||
2.87,18.07,11.95,4.49,6.04,4.95,2.90||0.00,0.00,0.00,0.03,0.04,0.04||3.05,7.74,0.82,21.94,17.77,10.46||4.68,0.81,0.70,0.19,0.40||14.06,4.05,2.84,8.74,2.59||0.00,0.00,0.50,0.59,0.00||54.32,175.97,1009.88,60.18,16.86||8.54,2.88,6.43||0.55,1.57,4.81,3.33,4.89,0.68||
2.87,18.06,11.95,4.49,6.04,4.95,2.90||0.00,0.00,0.00,0.03,0.04,0.04||3.05,7.74,0.82,21.94,17.77,10.46||4.68,0.81,0.70,0.19,0.40||14.20,4.06,2.89,8.79,2.60||0.00,0.00,0.50,0.59,0.00||58.10,230.68,1387.31,61.86,19.76||13.03,4.12,9.04||2.07,5.47,22.67,10.23,13.00,2.61||
2.87,18.06,11.95,4.49,6.04,4.95,2.90||0.00,0.00,0.00,0.03,0.04,0.04||3.05,7.74,0.81,21.94,17.77,10.46||4.68,0.81,0.70,0.19,0.40||14.14,4.06,2.87,8.77,2.60||0.00,0.00,0.50,0.59,0.00||42.56,65.94,319.32,54.48,9.46||10.62,3.46,7.67||1.29,3.53,13.12,6.88,9.21,1.62||
2.87,18.06,11.95,4.49,6.04,4.95,2.90||0.00,0.00,0.00,0.03,0.04,0.04||3.05,7.74,0.81,21.94,17.77,10.46||4.68,0.81,0.70,0.19,0.40||14.13,4.06,2.86,8.76,2.60||0.00,0.00,0.50,0.59,0.00||41.20,57.86,273.88,53.76,8.76||11.12,3.60,7.96||1.32,3.59,13.41,6.99,9.34,1.65||
2.87,18.06,11.95,4.49,6.04,4.95,2.90||0.00,0.00,0.00,0.03,0.04,0.04||3.05,7.74,0.81,21.94,17.77,10.46||4.68,0.81,0.70,0.19,0.40||14.12,4.05,2.86,8.76,2.60||0.00,0.00,0.50,0.59,0.00||31.13,18.74,72.98,47.96,4.51||10.82,3.52,7.79||0.75,2.12,6.97,4.35,6.18,0.94||
2.87,18.06,11.95,4.49,6.04,4.95,2.90||0.00,0.00,0.00,0.03,0.04,0.04||3.05,7.74,0.81,21.94,17.77,10.46||4.68,0.81,0.70,0.19,0.40||14.21,4.07,2.90,8.80,2.60||0.00,0.00,0.50,0.59,0.00||55.44,191.03,1111.99,60.69,17.69||10.65,3.47,7.68||7.32,17.86,98.66,29.75,32.88,9.37||
2.87,18.06,11.95,4.49,6.04,4.95,2.90||0.00,0.00,0.00,0.03,0.04,0.04||3.05,7.74,0.81,21.94,17.77,10.46||4.68,0.81,0.70,0.19,0.40||14.23,4.07,2.91,8.80,2.60||0.00,0.00,0.50,0.59,0.00||100.35,2077.44,18277.00,77.30,72.00||15.69,4.83,10.50||0.75,2.12,6.98,4.35,6.18,0.94||
2.87,18.06,11.95,4.49,6.04,4.95,2.90||0.00,0.00,0.00,0.03,0.04,0.04||3.05,7.74,0.81,21.94,17.77,10.46||4.68,0.81,0.70,0.19,0.40||14.33,4.08,2.95,8.84,2.61||0.00,0.00,0.50,0.59,0.00||46.27,92.28,473.57,56.37,11.53||10.40,3.40,7.54||2.68,6.98,30.68,12.75,15.73,3.39||
2.87,18.06,11.95,4.49,6.04,4.95,2.90||0.00,0.00,0.00,0.03,0.04,0.04||3.05,7.74,0.81,21.94,17.77,10.46||4.68,0.81,0.70,0.19,0.40||14.35,4.08,2.96,8.85,2.61||0.00,0.00,0.50,0.59,0.00||44.04,75.62,374.96,55.24,10.26||8.43,2.85,6.37||1.91,5.09,20.73,9.59,12.29,2.41||
2.87,18.06,11.95,4.49,6.04,4.95,2.90||0.00,0.00,0.00,0.03,0.04,0.04||3.05,7.74,0.81,21.94,17.77,10.46||4.68,0.81,0.70,0.19,0.40||14.26,4.07,2.92,8.81,2.60||0.00,0.00,0.50,0.59,0.00||39.15,47.11,215.24,52.66,7.76||7.67,2.63,5.90||0.42,1.24,3.56,2.67,4.04,0.52||
2.87,18.06,11.95,4.49,6.04,4.95,2.90||0.00,0.00,0.00,0.03,0.04,0.04||3.05,7.74,0.81,21.94,17.77,10.46||4.68,0.81,0.70,0.19,0.40||14.24,4.07,2.91,8.81,2.60||0.00,0.00,0.50,0.59,0.00||52.58,154.29,865.52,59.39,15.60||9.94,3.27,7.27||0.80,2.26,7.56,4.61,6.50,1.00||
2.87,18.06,11.95,4.49,6.04,4.95,2.90||0.00,0.00,0.00,0.03,0.04,0.04||3.05,7.74,0.81,21.94,17.77,10.46||4.68,0.81,0.70,0.19,0.40||14.15,4.06,2.87,8.77,2.60||0.00,0.00,0.50,0.59,0.00||137.52,7380.02,80857.23,87.90,151.75||15.72,4.83,10.52||1.45,3.94,15.07,7.61,10.05,1.83||
2.87,18.06,11.95,4.49,6.04,4.95,2.90||0.00,0.00,0.00,0.03,0.04,0.04||3.05,7.74,0.81,21.94,17.77,10.46||4.68,0.81,0.70,0.19,0.40||14.22,4.07,2.90,8.80,2.60||0.00,0.00,0.50,0.59,0.00||45.71,87.85,447.02,56.09,11.20||11.55,3.72,8.20||0.26,0.79,2.04,1.78,2.84,0.32||
