calibrating is done.
4.58,34.68,19.94,8.08,10.79,7.89,4.67||0.00,0.00,0.00,0.08,0.07,0.08||62.32,14.62,71.88,78.88,35.75,81.55||12.91,1.43,3.37,0.47,0.70||54.43,7.09,49.64,20.15,4.41||0.02,0.05,0.70,0.81,0.01||33.37,24.79,101.35,49.34,5.32||20.64,6.10,13.09||0.34,1.01,2.77,2.23,3.45,0.42||
3.10,20.13,13.01,4.95,6.65,5.35,3.14||0.00,0.00,0.00,0.04,0.04,0.04||5.45,8.75,1.93,28.06,20.33,15.53||5.55,0.89,0.91,0.22,0.44||17.84,4.47,4.69,10.12,2.85||0.00,0.01,0.53,0.63,0.00||87.87,1217.69,9767.06,73.22,52.59||13.44,4.23,9.27||0.07,0.22,0.41,0.56,1.04,0.08||
2.89,18.25,12.05,4.53,6.10,4.99,2.92||0.00,0.00,0.00,0.04,0.04,0.04||3.48,7.96,0.99,23.21,18.33,11.45||4.77,0.82,0.72,0.19,0.41||14.70,4.12,3.11,8.98,2.64||0.00,0.01,0.50,0.60,0.00||26.88,10.38,36.51,45.17,3.19||10.49,3.43,7.60||0.11,0.34,0.71,0.83,1.46,0.13||
2.85,17.91,11.87,4.46,5.99,4.92,2.88||0.00,0.00,0.00,0.03,0.04,0.04||3.22,7.83,0.88,22.45,18.00,10.85||4.63,0.81,0.68,0.19,0.40||14.15,4.06,2.87,8.77,2.60||0.00,0.00,0.50,0.60,0.00||37.51,39.68,175.96,51.75,7.02||18.10,5.45,11.78||0.23,0.71,1.79,1.62,2.62,0.29||
2.84,17.84,11.83,4.44,5.97,4.91,2.88||0.00,0.00,0.00,0.03,0.04,0.04||3.14,7.78,0.85,22.21,17.89,10.67||4.60,0.80,0.68,0.19,0.40||13.95,4.03,2.79,8.70,2.58||0.00,0.00,0.50,0.59,0.00||39.81,50.39,232.88,53.02,8.08||10.35,3.39,7.51||0.16,0.50,1.16,1.18,1.99,0.20||
2.84,17.82,11.82,4.44,5.97,4.91,2.87||0.00,0.00,0.00,0.03,0.04,0.04||3.09,7.76,0.83,22.08,17.83,10.57||4.60,0.80,0.68,0.18,0.40||14.00,4.04,2.81,8.71,2.59||0.00,0.00,0.50,0.59,0.00||96.13,1747.84,14924.33,75.95,65.04||14.85,4.61,10.05||0.58,1.66,5.16,3.50,5.11,0.72||
2.84,17.82,11.82,4.44,5.97,4.91,2.87||0.00,0.00,0.00,0.03,0.04,0.04||3.08,7.76,0.83,22.05,17.82,10.55||4.59,0.80,0.68,0.18,0.40||14.01,4.04,2.81,8.72,2.59||0.00,0.00,0.50,0.59,0.00||62.06,300.60,1892.58,63.54,23.09||14.15,4.42,9.66||0.81,2.29,7.68,4.67,6.56,1.02||
2.84,17.82,11.82,4.44,5.97,4.91,2.87||0.00,0.00,0.00,0.03,0.04,0.04||3.14,7.79,0.85,22.22,17.90,10.68||4.59,0.80,0.68,0.18,0.40||13.93,4.03,2.78,8.68,2.58||0.00,0.00,0.50,0.59,0.00||56.10,200.25,1175.18,60.98,18.19||10.17,3.34,7.41||0.97,2.70,9.40,5.40,7.46,1.21||
2.84,17.82,11.82,4.44,5.97,4.91,2.87||0.00,0.00,0.00,0.03,0.04,0.04||3.09,7.76,0.83,22.08,17.84,10.57||4.59,0.80,0.68,0.18,0.40||13.91,4.03,2.77,8.68,2.58||0.00,0.00,0.50,0.59,0.00||52.40,152.18,851.68,59.30,15.48||9.00,3.01,6.71||0.11,0.34,0.72,0.84,1.48,0.13||
2.84,17.82,11.82,4.44,5.97,4.91,2.87||0.00,0.00,0.00,0.03,0.04,0.04||3.11,7.77,0.84,22.14,17.86,10.62||4.59,0.80,0.68,0.18,0.40||14.08,4.05,2.84,8.74,2.59||0.00,0.00,0.50,0.59,0.00||49.00,116.23,620.84,57.70,13.21||9.59,3.17,7.06||0.11,0.34,0.72,0.83,1.47,0.13||
2.84,17.78,11.80,4.43,5.96,4.90,2.87||0.00,0.00,0.00,0.03,0.04,0.04||3.09,7.76,0.83,22.06,17.83,10.56||4.57,0.80,0.67,0.18,0.40||13.94,4.03,2.78,8.69,2.58||0.00,0.00,0.50,0.59,0.00||110.55,3066.95,28864.60,80.41,90.54||15.01,4.65,10.13||0.53,1.52,4.62,3.23,4.77,0.65||
2.83,17.74,11.78,4.42,5.94,4.89,2.86||0.00,0.00,0.00,0.03,0.04,0.04||3.08,7.76,0.83,22.05,17.82,10.55||4.55,0.80,0.67,0.18,0.40||13.91,4.03,2.77,8.68,2.58||0.00,0.00,0.50,0.59,0.00||53.17,161.44,912.75,59.66,16.02||13.76,4.32,9.45||0.42,1.24,3.58,2.68,4.06,0.52||
2.84,17.80,11.81,4.43,5.96,4.90,2.87||0.00,0.00,0.00,0.03,0.04,0.04||3.08,7.76,0.83,22.04,17.82,10.54||4.56,0.80,0.67,0.18,0.40||13.99,4.04,2.81,8.71,2.59||0.00,0.00,0.50,0.59,0.00||80.85,871.29,6595.20,70.78,43.19||15.32,4.73,10.30||0.97,2.69,9.38,5.39,7.45,1.21||
2.83,17.74,11.78,4.42,5.94,4.89,2.86||0.00,0.00,0.00,0.03,0.04,0.04||3.08,7.76,0.83,22.04,17.82,10.54||4.54,0.80,0.67,0.18,0.40||13.92,4.03,2.78,8.68,2.58||0.00,0.00,0.50,0.59,0.00||64.22,345.03,2224.81,64.43,25.05||16.59,5.06,10.98||1.16,3.18,11.54,6.27,8.49,1.45||
2.83,17.69,11.75,4.41,5.93,4.88,2.86||0.00,0.00,0.00,0.03,0.04,0.04||3.08,7.76,0.83,22.04,17.82,10.54||4.56,0.80,0.67,0.18,0.40||13.91,4.03,2.77,8.68,2.58||0.00,0.00,0.50,0.59,0.00||57.16,216.03,1284.58,61.45,19.02||9.32,3.10,6.90||0.13,0.43,0.95,1.02,1.75,0.16||
2.82,17.60,11.71,4.39,5.90,4.86,2.85||0.00,0.00,0.00,0.03,0.04,0.04||3.08,7.76,0.83,22.04,17.82,10.54||4.53,0.80,0.66,0.18,0.40||13.91,4.03,2.77,8.68,2.58||0.00,0.00,0.50,0.59,0.00||40.45,53.72,251.03,53.36,8.39||11.40,3.68,8.12||0.05,0.16,0.27,0.41,0.80,0.06||
2.82,17.59,11.70,4.38,5.90,4.86,2.85||0.00,0.00,0.00,0.03,0.04,0.04||3.08,7.76,0.83,22.04,17.82,10.54||4.54,0.80,0.66,0.18,0.40||13.91,4.03,2.77,8.68,2.58||0.00,0.00,0.50,0.59,0.00||53.40,164.26,931.48,59.76,16.19||17.43,5.28,11.43||0.39,1.16,3.29,2.53,3.85,0.49||
2.81,17.58,11.70,4.38,5.90,4.86,2.85||0.00,0.00,0.00,0.03,0.04,0.04||3.08,7.76,0.83,22.04,17.82,10.54||4.51,0.80,0.66,0.18,0.40||13.99,4.04,2.81,8.71,2.59||0.00,0.00,0.50,0.59,0.00||75.47,660.56,4766.09,68.82,36.70||17.91,5.40,11.68||0.10,0.33,0.68,0.81,1.43,0.12||
2.82,17.66,11.74,4.40,5.92,4.87,2.85||0.00,0.00,0.00,0.03,0.04,0.04||3.08,7.76,0.83,22.04,17.82,10.54||4.52,0.80,0.66,0.18,0.40||13.92,4.03,2.78,8.68,2.58||0.00,0.00,0.50,0.59,0.00||69.29,468.41,3184.52,66.46,29.98||13.34,4.20,9.21||0.31,0.93,2.49,2.06,3.22,0.38||
2.82,17.64,11.73,4.40,5.91,4.87,2.85||0.00,0.00,0.00,0.03,0.04,0.04||3.08,7.76,0.83,22.04,17.82,10.54||4.51,0.80,0.66,0.18,0.40||14.00,4.04,2.81,8.71,2.59||0.00,0.00,0.50,0.59,0.00||77.91,750.79,5538.53,69.72,39.57||10.16,3.33,7.40||0.10,0.33,0.69,0.81,1.43,0.13||
2.82,17.63,11.72,4.39,5.91,4.87,2.85||0.00,0.00,0.00,0.03,0.04,0.04||3.08,7.76,0.83,22.04,17.82,10.54||4.51,0.80,0.66,0.18,0.40||13.92,4.03,2.78,8.68,2.58||0.00,0.00,0.50,0.59,0.00||177.88,20778.47,272322.13,97.62,278.97||11.01,3.57,7.89||0.24,0.74,1.87,1.68,2.69,0.30||
2.82,17.67,11.74,4.40,5.92,4.88,2.86||0.00,0.00,0.00,0.03,0.04,0.04||3.08,7.76,0.83,22.04,17.82,10.54||4.51,0.80,0.66,0.18,0.40||14.00,4.04,2.81,8.71,2.59||0.00,0.00,0.50,0.59,0.00||75.07,646.54,4647.67,68.67,36.24||9.49,3.15,7.00||0.10,0.33,0.68,0.81,1.43,0.12||
2.82,17.60,11.71,4.39,5.90,4.86,2.85||0.00,0.00,0.00,0.03,0.04,0.04||3.08,7.76,0.83,22.04,17.82,10.54||4.51,0.80,0.66,0.18,0.40||13.92,4.03,2.78,8.68,2.58||0.00,0.00,0.50,0.59,0.00||115.48,3655.59,35466.14,81.85,100.39||13.99,4.38,9.57||2.15,5.68,23.71,10.57,13.37,2.71||
2.82,17.59,11.70,4.38,5.90,4.86,2.85||0.00,0.00,0.00,0.03,0.04,0.04||3.08,7.76,0.83,22.04,17.82,10.54||4.51,0.80,0.66,0.18,0.40||13.82,4.02,2.73,8.64,2.57||0.00,0.00,0.50,0.59,0.00||76.48,696.84,5074.63,69.19,37.87||9.39,3.12,6.94||0.12,0.37,0.81,0.91,1.58,0.14||
2.81,17.58,11.70,4.38,5.90,4.86,2.85||0.00,0.00,0.00,0.03,0.04,0.04||3.08,7.76,0.83,22.04,17.82,10.54||4.51,0.80,0.66,0.18,0.40||13.89,4.03,2.76,8.67,2.58||0.00,0.00,0.50,0.59,0.00||91.30,1420.49,11701.53,74.37,57.57||14.37,4.48,9.78||0.12,0.39,0.84,0.93,1.62,0.15||
2.81,17.58,11.70,4.38,5.90,4.86,2.85||0.00,0.00,0.00,0.03,0.04,0.04||3.08,7.76,0.83,22.04,17.82,10.54||4.51,0.80,0.66,0.18,0.40||13.82,4.02,2.73,8.64,2.57||0.00,0.00,0.50,0.59,0.00||73.16,582.72,4114.25,67.95,34.09||12.68,4.03,8.85||0.23,0.70,1.75,1.60,2.59,0.28||
2.81,17.58,11.70,4.38,5.90,4.86,2.85||0.00,0.00,0.00,0.03,0.04,0.04||3.08,7.76,0.83,22.04,17.82,10.54||4.51,0.80,0.66,0.18,0.40||13.89,4.03,2.76,8.67,2.58||0.00,0.00,0.50,0.59,0.00||67.19,413.85,2753.92,65.63,27.87||10.58,3.45,7.65||0.09,0.28,0.56,0.70,1.26,0.10||
2.81,17.58,11.70,4.38,5.90,4.86,2.85||0.00,0.00,0.00,0.03,0.04,0.04||3.08,7.76,0.83,22.04,17.82,10.54||4.51,0.80,0.66,0.18,0.40||13.90,4.03,2.77,8.68,2.58||0.00,0.00,0.50,0.59,0.00||80.57,859.19,6487.90,70.68,42.83||14.25,4.45,9.72||0.50,1.44,4.32,3.07,4.57,0.62||
2.81,17.58,11.70,4.38,5.90,4.86,2.85||0.00,0.00,0.00,0.03,0.04,0.04||3.08,7.76,0.83,22.04,17.82,10.54||4.51,0.80,0.66,0.18,0.40||13.82,4.02,2.73,8.64,2.57||0.00,0.00,0.50,0.59,0.00||51.86,145.99,811.19,59.05,15.10||11.33,3.66,8.08||0.48,1.39,4.13,2.98,4.44,0.59||
2.81,17.58,11.70,4.38,5.90,4.86,2.85||0.00,0.00,0.00,0.03,0.04,0.04||3.08,7.76,0.83,22.04,17.82,10.54||4.51,0.80,0.66,0.18,0.40||13.80,4.02,2.72,8.64,2.57||0.00,0.00,0.50,0.59,0.00||95.55,1705.66,14502.71,75.77,64.11||15.46,4.77,10.38||0.94,2.62,9.05,5.26,7.28,1.17||
2.82,17.66,11.74,4.40,5.92,4.87,2.85||0.00,0.00,0.00,0.03,0.04,0.04||3.08,7.76,0.83,22.04,17.82,10.54||4.58,0.80,0.67,0.18,0.40||13.88,4.03,2.76,8.67,2.58||0.00,0.00,0.50,0.59,0.00||61.32,286.45,1788.57,63.23,22.45||8.93,2.99,6.67||0.48,1.40,4.16,2.99,4.46,0.60||
2.84,17.79,11.81,4.43,5.96,4.90,2.87||0.00,0.00,0.00,0.04,0.04,0.04||3.11,7.77,0.84,22.13,17.86,10.61||4.63,0.81,0.69,0.19,0.40||13.90,4.03,2.77,8.67,2.58||0.00,0.00,0.50,0.59,0.00||54.61,179.68,1034.91,60.31,17.06||8.05,2.74,6.14||0.11,0.34,0.73,0.84,1.48,0.13||
2.84,17.81,11.82,4.44,5.97,4.90,2.87||0.00,0.00,0.00,0.04,0.04,0.04||3.09,7.76,0.83,22.06,17.83,10.56||4.69,0.81,0.70,0.19,0.40||14.17,4.06,2.88,8.78,2.60||0.00,0.00,0.50,0.59,0.00||69.09,462.87,3140.33,66.38,29.77||9.59,3.18,7.07||0.22,0.69,1.72,1.58,2.56,0.28||
2.85,17.86,11.84,4.45,5.98,4.91,2.88||0.00,0.00,0.00,0.04,0.04,0.04||3.20,7.82,0.88,22.40,17.98,10.82||4.76,0.82,0.71,0.19,0.41||13.96,4.03,2.79,8.70,2.58||0.00,0.00,0.50,0.59,0.00||38.44,43.76,197.37,52.26,7.43||9.55,3.16,7.04||0.26,0.79,2.04,1.79,2.85,0.32||
2.87,18.02,11.93,4.48,6.03,4.94,2.90||0.00,0.00,0.00,0.04,0.04,0.04||3.16,7.80,0.86,22.29,17.93,10.73||4.85,0.83,0.74,0.19,0.41||14.09,4.05,2.85,8.75,2.59||0.00,0.00,0.50,0.59,0.00||60.42,269.85,1667.58,62.85,21.67||15.07,4.66,10.17||0.57,1.65,5.11,3.47,5.07,0.71||
2.87,18.05,11.94,4.49,6.04,4.95,2.90||0.00,0.00,0.00,0.04,0.04,0.04||3.25,7.84,0.90,22.53,18.03,10.92||4.88,0.83,0.74,0.20,0.41||14.12,4.05,2.86,8.76,2.59||0.00,0.00,0.50,0.59,0.00||53.01,159.50,899.93,59.59,15.91||9.95,3.28,7.28||0.09,0.29,0.58,0.72,1.29,0.11||
2.87,18.06,11.95,4.49,6.04,4.95,2.90||0.00,0.00,0.00,0.04,0.04,0.04||3.26,7.85,0.90,22.58,18.06,10.96||4.95,0.84,0.76,0.20,0.42||13.95,4.03,2.79,8.69,2.58||0.00,0.00,0.50,0.59,0.00||49.98,125.82,681.30,58.17,13.84||8.18,2.77,6.21||0.27,0.80,2.09,1.81,2.89,0.33||
2.87,18.06,11.95,4.49,6.04,4.95,2.90||0.00,0.00,0.00,0.04,0.04,0.04||3.27,7.85,0.90,22.59,18.06,10.97||5.04,0.85,0.78,0.20,0.42||14.18,4.06,2.88,8.78,2.60||0.00,0.00,0.50,0.59,0.00||74.82,637.84,4574.35,68.58,35.95||11.22,3.63,8.01||0.16,0.49,1.13,1.16,1.96,0.19||
2.87,18.10,11.97,4.50,6.05,4.96,2.91||0.00,0.00,0.00,0.04,0.04,0.04||3.27,7.85,0.90,22.59,18.06,10.97||5.09,0.85,0.79,0.20,0.42||14.13,4.06,2.87,8.76,2.60||0.00,0.00,0.50,0.59,0.00||42.71,66.88,324.64,54.56,9.54||10.29,3.37,7.47||0.13,0.40,0.89,0.98,1.68,0.16||
2.88,18.15,11.99,4.51,6.07,4.97,2.91||0.00,0.00,0.00,0.04,0.04,0.04||3.27,7.85,0.90,22.59,18.06,10.97||5.14,0.86,0.81,0.20,0.43||14.13,4.06,2.86,8.76,2.60||0.00,0.00,0.50,0.59,0.00||48.47,111.20,589.43,57.45,12.87||10.33,3.38,7.50||0.30,0.91,2.43,2.02,3.17,0.37||
2.89,18.20,12.02,4.52,6.08,4.98,2.92||0.00,0.00,0.00,0.04,0.04,0.04||3.27,7.85,0.90,22.59,18.06,10.97||5.15,0.86,0.81,0.21,0.43||14.04,4.04,2.82,8.73,2.59||0.00,0.00,0.50,0.59,0.00||43.49,71.90,353.39,54.96,9.96||17.76,5.36,11.60||1.46,3.95,15.13,7.63,10.07,1.84||
2.89,18.25,12.04,4.53,6.09,4.99,2.92||0.00,0.00,0.00,0.04,0.04,0.04||3.27,7.85,0.90,22.59,18.06,10.97||5.16,0.86,0.81,0.21,0.43||14.11,4.05,2.85,8.75,2.59||0.00,0.00,0.50,0.59,0.00||67.27,415.77,2768.87,65.66,27.95||10.93,3.55,7.85||0.20,0.62,1.52,1.44,2.36,0.25||
2.90,18.29,12.07,4.54,6.11,5.00,2.93||0.00,0.00,0.00,0.04,0.04,0.04||3.27,7.85,0.90,22.59,18.06,10.97||5.16,0.86,0.81,0.21,0.43||14.12,4.05,2.86,8.76,2.59||0.00,0.00,0.50,0.59,0.00||144.09,8904.93,100788.52,89.59,169.48||15.13,4.68,10.20||0.68,1.94,6.25,4.02,5.76,0.85||
2.90,18.30,12.07,4.55,6.11,5.00,2.93||0.00,0.00,0.00,0.04,0.04,0.04||3.27,7.85,0.90,22.59,18.06,10.97||5.22,0.86,0.83,0.21,0.43||14.30,4.08,2.94,8.83,2.61||0.00,0.00,0.50,0.59,0.00||83.59,996.01,7715.88,71.74,46.72||19.36,5.77,12.43||0.77,2.19,7.24,4.47,6.32,0.97||
2.88,18.19,12.01,4.52,6.08,4.98,2.92||0.00,0.00,0.00,0.04,0.04,0.04||3.27,7.85,0.90,22.59,18.06,10.97||5.25,0.87,0.83,0.21,0.43||14.07,4.05,2.84,8.74,2.59||0.00,0.00,0.50,0.59,0.00||192.83,28745.16,398500.84,100.89,337.65||11.29,3.65,8.06||0.11,0.35,0.75,0.87,1.52,0.14||
2.89,18.24,12.04,4.53,6.09,4.99,2.92||0.00,0.00,0.00,0.04,0.04,0.04||3.27,7.85,0.90,22.59,18.06,10.97||5.26,0.87,0.83,0.21,0.43||14.11,4.05,2.86,8.76,2.59||0.00,0.00,0.50,0.59,0.00||101.02,2133.75,18859.55,77.51,73.14||9.01,3.01,6.72||0.18,0.57,1.36,1.33,2.20,0.23||
2.89,18.22,12.03,4.53,6.09,4.98,2.92||0.00,0.00,0.00,0.04,0.04,0.04||3.27,7.85,0.90,22.59,18.06,10.97||5.26,0.87,0.83,0.21,0.43||14.21,4.07,2.90,8.79,2.60||0.00,0.00,0.50,0.59,0.00||82.98,967.20,7454.66,71.53,45.92||15.99,4.91,10.66||1.99,5.29,21.73,9.92,12.66,2.51||
2.89,18.25,12.05,4.53,6.10,4.99,2.92||0.00,0.00,0.00,0.04,0.04,0.04||3.27,7.85,0.90,22.59,18.06,10.97||5.26,0.87,0.83,0.21,0.43||14.23,4.07,2.91,8.80,2.60||0.00,0.00,0.50,0.59,0.00||54.57,179.23,1031.82,60.29,17.04||14.05,4.39,9.61||1.08,2.99,10.69,5.93,8.09,1.36||
2.89,18.22,12.03,4.53,6.09,4.98,2.92||0.00,0.00,0.00,0.04,0.04,0.04||3.27,7.85,0.90,22.59,18.06,10.97||5.26,0.87,0.84,0.21,0.43||14.06,4.05,2.83,8.73,2.59||0.00,0.00,0.50,0.59,0.00||71.74,538.58,3751.10,67.41,32.54||10.53,3.44,7.61||0.12,0.37,0.79,0.90,1.56,0.14||
2.90,18.29,12.07,4.54,6.11,5.00,2.93||0.00,0.00,0.00,0.04,0.04,0.04||3.27,7.85,0.90,22.59,18.06,10.97||5.26,0.87,0.84,0.21,0.43||14.29,4.07,2.93,8.82,2.61||0.00,0.00,0.50,0.59,0.00||68.28,441.51,2971.02,66.06,28.95||16.61,5.07,10.99||0.56,1.61,4.94,3.39,4.97,0.69||
2.90,18.30,12.07,4.55,6.11,5.00,2.93||0.00,0.00,0.00,0.04,0.04,0.04||3.30,7.87,0.92,22.68,18.10,11.04||5.26,0.87,0.84,0.21,0.43||14.16,4.06,2.88,8.77,2.60||0.00,0.00,0.50,0.59,0.00||50.79,134.22,735.01,58.55,14.37||11.20,3.62,8.00||0.08,0.27,0.53,0.67,1.22,0.10||
2.90,18.31,12.08,4.55,6.11,5.00,2.93||0.00,0.00,0.00,0.04,0.04,0.04||3.27,7.85,0.91,22.61,18.07,10.98||5.26,0.87,0.84,0.21,0.43||14.22,4.07,2.90,8.80,2.60||0.00,0.00,0.50,0.59,0.00||43.56,72.36,356.07,55.00,9.99||11.29,3.65,8.06||0.15,0.48,1.11,1.15,1.94,0.19||
2.90,18.31,12.08,4.55,6.11,5.00,2.93||0.00,0.00,0.00,0.04,0.04,0.04||3.27,7.85,0.90,22.60,18.06,10.97||5.26,0.87,0.84,0.21,0.43||14.23,4.07,2.91,8.80,2.60||0.00,0.00,0.50,0.59,0.00||44.18,76.62,380.80,55.32,10.34||8.62,2.90,6.48||1.13,3.12,11.27,6.16,8.36,1.42||
2.90,18.31,12.08,4.55,6.11,5.00,2.93||0.00,0.00,0.00,0.04,0.04,0.04||3.27,7.85,0.90,22.60,18.06,10.97||5.27,0.87,0.84,0.21,0.43||14.23,4.07,2.91,8.80,2.60||0.00,0.00,0.50,0.59,0.00||75.45,659.73,4759.05,68.81,36.67||10.77,3.50,7.76||2.48,6.49,28.03,11.94,14.86,3.14||
2.90,18.31,12.08,4.55,6.11,5.00,2.93||0.00,0.00,0.00,0.04,0.04,0.04||3.27,7.85,0.90,22.59,18.06,10.97||5.33,0.87,0.85,0.21,0.43||14.06,4.05,2.83,8.74,2.59||0.00,0.00,0.50,0.59,0.00||135.07,6865.67,74287.21,87.25,145.44||9.92,3.27,7.26||0.28,0.84,2.19,1.88,2.97,0.34||
2.90,18.31,12.08,4.55,6.11,5.00,2.93||0.00,0.00,0.00,0.04,0.04,0.04||3.27,7.85,0.90,22.59,18.06,10.97||5.35,0.88,0.86,0.21,0.43||14.11,4.05,2.86,8.76,2.59||0.00,0.00,0.50,0.59,0.00||78.76,784.04,5827.35,70.03,40.59||10.06,3.31,7.34||0.09,0.30,0.60,0.74,1.32,0.11||
2.90,18.31,12.08,4.55,6.11,5.00,2.93||0.00,0.00,0.00,0.04,0.04,0.04||3.33,7.88,0.93,22.77,18.14,11.11||5.36,0.88,0.86,0.21,0.44||14.03,4.04,2.82,8.73,2.59||0.00,0.00,0.50,0.59,0.00||59.43,252.55,1542.84,62.43,20.85||9.91,3.27,7.25||0.06,0.21,0.39,0.54,1.01,0.08||
2.90,18.31,12.08,4.55,6.11,5.00,2.93||0.00,0.00,0.00,0.04,0.04,0.04||3.43,7.94,0.97,23.08,18.27,11.35||5.36,0.88,0.86,0.21,0.44||14.02,4.04,2.82,8.72,2.59||0.00,0.00,0.50,0.59,0.00||59.53,254.23,1554.88,62.47,20.93||10.09,3.32,7.36||0.11,0.35,0.74,0.86,1.50,0.13||
2.90,18.31,12.08,4.55,6.11,5.00,2.93||0.00,0.00,0.00,0.04,0.04,0.04||3.46,7.95,0.98,23.14,18.30,11.40||5.38,0.88,0.86,0.21,0.44||14.10,4.05,2.85,8.75,2.59||0.00,0.00,0.50,0.59,0.00||43.27,70.44,345.03,54.85,9.84||9.63,3.19,7.09||0.04,0.13,0.23,0.36,0.71,0.05||
2.90,18.31,12.08,4.55,6.11,5.00,2.93||0.00,0.00,0.00,0.04,0.04,0.04||3.46,7.95,0.98,23.15,18.30,11.41||5.38,0.88,0.87,0.21,0.44||14.39,4.09,2.97,8.86,2.61||0.00,0.00,0.50,0.59,0.00||62.19,303.18,1911.67,63.59,23.21||8.18,2.77,6.22||0.03,0.10,0.15,0.27,0.55,0.03||
2.90,18.31,12.08,4.55,6.11,5.00,2.93||0.00,0.00,0.00,0.04,0.04,0.04||3.46,7.95,0.99,23.16,18.31,11.41||5.36,0.88,0.86,0.21,0.44||14.18,4.06,2.88,8.78,2.60||0.00,0.00,0.50,0.59,0.00||125.07,5038.20,51670.70,84.56,121.23||20.73,6.12,13.14||0.46,1.36,4.00,2.91,4.35,0.58||
2.90,18.31,12.08,4.55,6.11,5.00,2.93||0.00,0.00,0.00,0.04,0.04,0.04||3.46,7.95,0.99,23.16,18.31,11.41||5.41,0.88,0.87,0.21,0.44||14.13,4.06,2.87,8.76,2.60||0.00,0.00,0.50,0.59,0.00||55.05,185.67,1075.44,60.51,17.40||11.84,3.80,8.37||0.08,0.26,0.51,0.65,1.19,0.10||
2.90,18.31,12.08,4.55,6.11,5.00,2.93||0.00,0.00,0.00,0.04,0.04,0.04||3.46,7.95,0.99,23.16,18.31,11.41||5.42,0.88,0.88,0.21,0.44||14.30,4.08,2.94,8.83,2.61||0.00,0.00,0.50,0.59,0.00||160.23,13647.57,166313.95,93.55,217.86||18.18,5.47,11.82||0.40,1.19,3.40,2.58,3.93,0.50||
2.90,18.31,12.08,4.55,6.11,5.00,2.93||0.00,0.00,0.00,0.04,0.04,0.04||3.46,7.95,0.99,23.16,18.31,11.41||5.45,0.88,0.88,0.22,0.44||14.07,4.05,2.84,8.74,2.59||0.00,0.00,0.50,0.59,0.00||65.78,380.07,2492.11,65.07,26.51||14.18,4.43,9.68||0.40,1.18,3.38,2.57,3.91,0.50||
2.90,18.31,12.08,4.55,6.11,5.00,2.93||0.00,0.00,0.00,0.04,0.04,0.04||3.46,7.95,0.99,23.16,18.31,11.41||5.46,0.89,0.89,0.22,0.44||14.29,4.07,2.93,8.82,2.61||0.00,0.00,0.50,0.59,0.00||87.22,1181.76,9429.79,73.00,51.67||15.51,4.78,10.40||1.15,3.16,11.45,6.23,8.45,1.44||
2.90,18.31,12.08,4.55,6.11,5.00,2.93||0.00,0.00,0.00,0.04,0.04,0.04||3.46,7.95,0.99,23.16,18.31,11.41||5.46,0.89,0.89,0.22,0.44||14.16,4.06,2.88,8.77,2.60||0.00,0.00,0.50,0.59,0.00||58.63,239.10,1446.95,62.08,20.19||9.51,3.15,7.02||0.12,0.37,0.81,0.91,1.59,0.14||
2.90,18.31,12.08,4.55,6.11,5.00,2.93||0.00,0.00,0.00,0.04,0.04,0.04||3.46,7.95,0.99,23.16,18.31,11.41||5.46,0.89,0.89,0.22,0.44||14.22,4.07,2.90,8.80,2.60||0.00,0.00,0.50,0.59,0.00||68.93,458.59,3106.33,66.32,29.61||8.91,2.98,6.66||0.06,0.20,0.38,0.52,0.98,0.07||
2.90,18.31,12.08,4.55,6.11,5.00,2.93||0.00,0.00,0.00,0.04,0.04,0.04||3.46,7.95,0.99,23.16,18.31,11.41||5.46,0.89,0.89,0.22,0.44||14.06,4.05,2.83,8.73,2.59||0.00,0.00,0.50,0.59,0.00||87.64,1204.76,9645.49,73.14,52.26||6.92,2.40,5.43||0.11,0.35,0.75,0.86,1.51,0.13||
2.90,18.31,12.08,4.55,6.11,5.00,2.93||0.00,0.00,0.00,0.04,0.04,0.04||3.46,7.95,0.99,23.16,18.31,11.41||5.46,0.89,0.89,0.22,0.44||14.29,4.07,2.93,8.82,2.61||0.00,0.00,0.50,0.59,0.00||157.96,12885.11,155467.77,93.00,210.62||12.43,3.96,8.71||0.20,0.63,1.54,1.45,2.38,0.25||
2.90,18.31,12.08,4.55,6.11,5.00,2.93||0.00,0.00,0.00,0.04,0.04,0.04||3.46,7.95,0.99,23.16,18.31,11.41||5.51,0.89,0.90,0.22,0.44||14.07,4.05,2.84,8.74,2.59||0.00,0.00,0.50,0.59,0.00||200.35,33529.83,477385.66,102.47,369.65||14.96,4.64,10.11||0.32,0.95,2.58,2.12,3.30,0.39||
2.90,18.31,12.08,4.55,6.11,5.00,2.93||0.00,0.00,0.00,0.04,0.04,0.04||3.46,7.95,0.99,23.16,18.31,11.41||5.56,0.89,0.91,0.22,0.44||14.11,4.05,2.86,8.76,2.59||0.00,0.00,0.50,0.59,0.00||101.26,2154.79,19077.92,77.58,73.56||17.65,5.33,11.54||0.39,1.14,3.23,2.49,3.80,0.48||
2.90,18.31,12.08,4.55,6.11,5.00,2.93||0.00,0.00,0.00,0.04,0.04,0.04||3.46,7.95,0.99,23.16,18.31,11.41||5.57,0.89,0.91,0.22,0.44||14.12,4.05,2.86,8.76,2.59||0.00,0.00,0.50,0.59,0.00||125.38,5089.05,52283.00,84.65,121.95||14.43,4.50,9.82||0.47,1.37,4.04,2.93,4.38,0.58||
2.90,18.31,12.08,4.55,6.11,5.00,2.93||0.00,0.00,0.00,0.04,0.04,0.04||3.46,7.95,0.99,23.16,18.31,11.41||5.57,0.89,0.91,0.22,0.44||14.21,4.07,2.90,8.79,2.60||0.00,0.00,0.50,0.59,0.00||83.03,969.73,7477.59,71.55,45.99||11.21,3.63,8.01||0.06,0.21,0.40,0.55,1.02,0.08||
2.90,18.31,12.08,4.55,6.11,5.00,2.93||0.00,0.00,0.00,0.04,0.04,0.04||3.46,7.95,0.99,23.16,18.31,11.41||5.57,0.89,0.91,0.22,0.44||14.14,4.06,2.87,8.77,2.60||0.00,0.00,0.50,0.59,0.00||69.98,487.40,3336.50,66.73,30.69||14.91,4.62,10.08||0.21,0.65,1.60,1.50,2.44,0.26||
2.90,18.31,12.08,4.55,6.11,5.00,2.93||0.00,0.00,0.00,0.04,0.04,0.04||3.46,7.95,0.99,23.16,18.31,11.41||5.57,0.89,0.91,0.22,0.44||14.13,4.06,2.86,8.76,2.60||0.00,0.00,0.50,0.59,0.00||105.14,2506.09,22775.83,78.78,80.40||14.66,4.56,9.94||0.37,1.09,3.04,2.38,3.65,0.45||
2.90,18.31,12.08,4.55,6.11,5.00,2.93||0.00,0.00,0.00,0.04,0.04,0.04||3.46,7.95,0.99,23.16,18.31,11.41||5.57,0.89,0.91,0.22,0.44||14.30,4.08,2.94,8.83,2.61||0.00,0.00,0.50,0.59,0.00||82.45,942.80,7234.53,71.35,45.24||11.33,3.66,8.08||0.48,1.39,4.13,2.98,4.44,0.59||
2.90,18.31,12.08,4.55,6.11,5.00,2.93||0.00,0.00,0.00,0.04,0.04,0.04||3.46,7.95,0.99,23.16,18.31,11.41||5.57,0.89,0.91,0.22,0.44||14.16,4.06,2.88,8.77,2.60||0.00,0.00,0.50,0.59,0.00||57.82,226.24,1356.07,61.74,19.54||18.76,5.62,12.12||0.81,2.28,7.62,4.64,6.53,1.01||
2.90,18.31,12.08,4.55,6.11,5.00,2.93||0.00,0.00,0.00,0.04,0.04,0.04||3.46,7.95,0.99,23.16,18.31,11.41||5.57,0.89,0.91,0.22,0.44||14.22,4.07,2.90,8.80,2.60||0.00,0.00,0.50,0.59,0.00||41.65,60.44,288.29,54.00,8.99||10.96,3.56,7.87||0.10,0.33,0.68,0.80,1.42,0.12||
2.90,18.31,12.08,4.55,6.11,5.00,2.93||0.00,0.00,0.00,0.04,0.04,0.04||3.46,7.95,0.99,23.16,18.31,11.41||5.57,0.89,0.91,0.22,0.44||14.14,4.06,2.87,8.77,2.60||0.00,0.00,0.50,0.59,0.00||48.01,107.05,563.70,57.23,12.58||7.70,2.64,5.92||0.13,0.42,0.93,1.01,1.73,0.16||
2.90,18.31,12.08,4.55,6.11,5.00,2.93||0.00,0.00,0.00,0.04,0.04,0.04||3.46,7.95,0.99,23.16,18.31,11.41||5.57,0.89,0.91,0.22,0.44||14.22,4.07,2.90,8.80,2.60||0.00,0.00,0.50,0.59,0.00||64.49,350.86,2268.94,64.54,25.29||11.86,3.80,8.38||0.40,1.17,3.33,2.55,3.88,0.49||
2.90,18.31,12.08,4.55,6.11,5.00,2.93||0.00,0.00,0.00,0.04,0.04,0.04||3.46,7.95,0.99,23.16,18.31,11.41||5.57,0.89,0.91,0.22,0.44||14.05,4.05,2.83,8.73,2.59||0.00,0.00,0.50,0.59,0.00||49.29,119.02,638.37,57.84,13.39||8.41,2.84,6.35||0.14,0.43,0.96,1.03,1.77,0.17||
2.90,18.31,12.08,4.55,6.11,5.00,2.93||0.00,0.00,0.00,0.04,0.04,0.04||3.46,7.95,0.99,23.16,18.31,11.41||5.57,0.89,0.91,0.22,0.44||14.11,4.05,2.86,8.76,2.59||0.00,0.00,0.50,0.59,0.00||49.93,125.33,678.21,58.15,13.81||8.06,2.74,6.14||0.22,0.67,1.66,1.54,2.50,0.27||
2.90,18.31,12.08,4.55,6.11,5.00,2.93||0.00,0.00,0.00,0.04,0.04,0.04||3.49,7.96,1.00,23.25,18.35,11.48||5.57,0.89,0.91,0.22,0.44||14.03,4.04,2.82,8.73,2.59||0.00,0.00,0.50,0.59,0.00||67.86,430.74,2886.20,65.90,28.54||14.44,4.50,9.82||0.53,1.53,4.65,3.24,4.79,0.66||
2.90,18.31,12.08,4.55,6.11,5.00,2.93||0.00,0.00,0.00,0.04,0.04,0.04||3.47,7.95,0.99,23.18,18.31,11.43||5.57,0.89,0.91,0.22,0.44||13.93,4.03,2.78,8.69,2.58||0.00,0.00,0.50,0.59,0.00||51.95,147.00,817.74,59.09,15.16||10.43,3.41,7.56||0.03,0.09,0.14,0.26,0.53,0.03||
2.90,18.31,12.08,4.55,6.11,5.00,2.93||0.00,0.00,0.00,0.04,0.04,0.04||3.56,8.00,1.03,23.44,18.43,11.63||5.53,0.89,0.90,0.22,0.44||14.00,4.04,2.81,8.71,2.59||0.00,0.00,0.50,0.59,0.00||62.26,304.55,1921.81,63.62,23.27||12.20,3.90,8.58||0.23,0.71,1.79,1.62,2.62,0.29||
2.89,18.27,12.06,4.54,6.10,4.99,2.93||0.00,0.00,0.00,0.04,0.04,0.04||3.48,7.96,0.99,23.21,18.33,11.45||5.48,0.89,0.89,0.22,0.44||14.10,4.05,2.85,8.75,2.59||0.00,0.00,0.50,0.59,0.00||52.04,148.11,825.02,59.14,15.23||10.62,3.46,7.67||0.12,0.38,0.82,0.92,1.60,0.15||
2.90,18.30,12.07,4.54,6.11,5.00,2.93||0.00,0.00,0.00,0.04,0.04,0.04||3.47,7.95,0.99,23.17,18.31,11.42||5.47,0.89,0.89,0.22,0.44||14.03,4.04,2.82,8.72,2.59||0.00,0.00,0.50,0.59,0.00||62.68,313.00,1984.53,63.80,23.65||14.08,4.40,9.62||0.14,0.44,0.98,1.05,1.80,0.17||
2.90,18.31,12.07,4.55,6.11,5.00,2.93||0.00,0.00,0.00,0.04,0.04,0.04||3.46,7.95,0.99,23.16,18.31,11.41||5.41,0.88,0.87,0.21,0.44||14.11,4.05,2.85,8.75,2.59||0.00,0.00,0.50,0.59,0.00||94.69,1644.79,13897.44,75.49,62.76||14.06,4.40,9.61||0.07,0.22,0.42,0.57,1.05,0.08||
2.89,18.27,12.05,4.54,6.10,4.99,2.93||0.00,0.00,0.00,0.04,0.04,0.04||3.46,7.95,0.99,23.16,18.31,11.41||5.37,0.88,0.86,0.21,0.44||14.12,4.05,2.86,8.76,2.59||0.00,0.00,0.50,0.59,0.00||50.01,126.21,683.79,58.19,13.86||11.09,3.59,7.94||0.05,0.18,0.32,0.47,0.89,0.06||
2.88,18.14,11.99,4.51,6.06,4.97,2.91||0.00,0.00,0.00,0.04,0.04,0.04||3.46,7.95,0.99,23.16,18.31,11.41||5.36,0.88,0.86,0.21,0.44||13.95,4.03,2.79,8.69,2.58||0.00,0.00,0.50,0.59,0.00||47.31,100.90,525.93,56.88,12.15||14.19,4.43,9.68||0.62,1.77,5.59,3.70,5.37,0.77||
2.88,18.16,12.00,4.51,6.07,4.97,2.91||0.00,0.00,0.00,0.04,0.04,0.04||3.46,7.95,0.99,23.16,18.31,11.41||5.36,0.88,0.86,0.21,0.44||14.09,4.05,2.85,8.75,2.59||0.00,0.00,0.50,0.59,0.00||117.11,3867.10,37885.18,82.32,103.76||13.97,4.37,9.57||1.07,2.95,10.51,5.86,8.00,1.34||
2.87,18.08,11.96,4.50,6.05,4.96,2.90||0.00,0.00,0.00,0.04,0.04,0.04||3.49,7.96,1.00,23.25,18.35,11.48||5.28,0.87,0.84,0.21,0.43||14.21,4.06,2.90,8.79,2.60||0.00,0.00,0.50,0.59,0.00||55.41,190.55,1108.73,60.67,17.66||10.78,3.51,7.76||0.08,0.25,0.48,0.63,1.15,0.09||
2.87,18.10,11.97,4.50,6.05,4.96,2.91||0.00,0.00,0.00,0.04,0.04,0.04||3.47,7.95,0.99,23.18,18.31,11.43||5.26,0.87,0.84,0.21,0.43||13.97,4.04,2.79,8.70,2.58||0.00,0.00,0.50,0.59,0.00||46.61,95.02,490.14,56.54,11.73||12.43,3.96,8.70||0.07,0.24,0.46,0.60,1.11,0.09||
2.87,18.07,11.95,4.49,6.04,4.95,2.90||0.00,0.00,0.00,0.04,0.04,0.04||3.46,7.95,0.99,23.16,18.31,11.41||5.26,0.87,0.84,0.21,0.43||14.00,4.04,2.81,8.71,2.59||0.00,0.00,0.50,0.59,0.00||43.10,69.37,338.88,54.76,9.75||10.33,3.38,7.50||0.11,0.35,0.73,0.85,1.49,0.13||
2.87,18.10,11.97,4.50,6.05,4.96,2.91||0.00,0.00,0.00,0.04,0.04,0.04||3.46,7.95,0.99,23.16,18.31,11.41||5.26,0.87,0.84,0.21,0.43||13.93,4.03,2.78,8.68,2.58||0.00,0.00,0.50,0.59,0.00||65.81,380.57,2496.00,65.08,26.53||18.19,5.47,11.83||2.10,5.56,23.13,10.39,13.17,2.65||
2.88,18.11,11.97,4.50,6.05,4.96,2.91||0.00,0.00,0.00,0.04,0.04,0.04||3.46,7.95,0.99,23.16,18.31,11.41||5.26,0.87,0.84,0.21,0.43||13.91,4.03,2.77,8.68,2.58||0.00,0.00,0.50,0.59,0.00||47.32,101.03,526.67,56.89,12.16||9.44,3.13,6.98||0.08,0.27,0.54,0.68,1.22,0.10||
2.87,18.07,11.95,4.49,6.04,4.95,2.90||0.00,0.00,0.00,0.04,0.04,0.04||3.46,7.95,0.99,23.16,18.31,11.41||5.18,0.86,0.82,0.21,0.43||13.91,4.03,2.77,8.68,2.58||0.00,0.00,0.50,0.59,0.00||106.03,2592.68,23701.69,79.05,82.02||11.45,3.69,8.15||0.33,0.98,2.66,2.16,3.36,0.40||
2.87,18.10,11.97,4.50,6.05,4.96,2.91||0.00,0.00,0.00,0.04,0.04,0.04||3.46,7.95,0.99,23.16,18.31,11.41||5.16,0.86,0.81,0.21,0.43||13.82,4.02,2.73,8.64,2.57||0.00,0.00,0.50,0.59,0.00||133.90,6630.08,71305.94,86.95,142.48||14.68,4.56,9.95||0.18,0.57,1.36,1.33,2.20,0.23||
2.88,18.19,12.01,4.52,6.08,4.98,2.92||0.00,0.00,0.00,0.04,0.04,0.04||3.46,7.95,0.99,23.16,18.31,11.41||5.16,0.86,0.81,0.21,0.43||13.89,4.03,2.76,8.67,2.58||0.00,0.00,0.50,0.59,0.00||77.11,720.12,5274.07,69.42,38.61||8.99,3.01,6.71||0.30,0.90,2.41,2.01,3.16,0.37||
2.87,18.09,11.96,4.50,6.05,4.96,2.91||0.00,0.00,0.00,0.04,0.04,0.04||3.46,7.95,0.99,23.16,18.31,11.41||5.16,0.86,0.81,0.21,0.43||13.90,4.03,2.77,8.68,2.58||0.00,0.00,0.50,0.59,0.00||75.15,649.23,4670.35,68.70,36.33||13.70,4.30,9.41||3.22,8.28,37.91,14.86,17.98,4.08||
2.87,18.07,11.95,4.49,6.04,4.95,2.90||0.00,0.00,0.00,0.04,0.04,0.04||3.46,7.95,0.99,23.16,18.31,11.41||5.16,0.86,0.81,0.21,0.43||13.82,4.02,2.73,8.64,2.57||0.00,0.00,0.50,0.59,0.00||52.71,155.91,876.17,59.45,15.70||10.80,3.51,7.77||0.15,0.48,1.09,1.13,1.92,0.19||
2.87,18.06,11.95,4.49,6.04,4.95,2.90||0.00,0.00,0.00,0.04,0.04,0.04||3.46,7.95,0.99,23.16,18.31,11.41||5.09,0.85,0.80,0.20,0.42||13.89,4.03,2.76,8.67,2.58||0.00,0.00,0.50,0.59,0.00||43.02,68.82,335.73,54.72,9.70||9.95,3.28,7.28||0.14,0.45,1.01,1.07,1.82,0.17||
2.87,18.06,11.95,4.49,6.04,4.95,2.90||0.00,0.00,0.00,0.04,0.04,0.04||3.46,7.95,0.99,23.16,18.31,11.41||5.07,0.85,0.79,0.20,0.42||13.90,4.03,2.77,8.68,2.58||0.00,0.00,0.50,0.59,0.00||51.97,147.31,819.79,59.11,15.18||9.54,3.16,7.04||0.04,0.14,0.23,0.37,0.72,0.05||
2.87,18.06,11.95,4.49,6.04,4.95,2.90||0.00,0.00,0.00,0.04,0.04,0.04||3.46,7.95,0.99,23.16,18.31,11.41||5.06,0.85,0.79,0.20,0.42||13.91,4.03,2.77,8.68,2.58||0.00,0.00,0.50,0.59,0.00||50.62,132.48,723.85,58.48,14.26||8.61,2.90,6.48||0.30,0.91,2.44,2.03,3.19,0.38||
2.87,18.06,11.95,4.49,6.04,4.95,2.90||0.00,0.00,0.00,0.04,0.04,0.04||3.46,7.95,0.99,23.16,18.31,11.41||5.06,0.85,0.79,0.20,0.42||13.91,4.03,2.77,8.68,2.58||0.00,0.00,0.50,0.59,0.00||96.21,1754.02,14986.22,75.98,65.18||13.84,4.34,9.49||2.85,7.40,32.99,13.44,16.47,3.62||
2.87,18.06,11.95,4.49,6.04,4.95,2.90||0.00,0.00,0.00,0.04,0.04,0.04||3.46,7.95,0.99,23.16,18.31,11.41||5.06,0.85,0.79,0.20,0.42||13.91,4.03,2.77,8.68,2.58||0.00,0.00,0.50,0.59,0.00||74.31,620.41,4428.08,68.38,35.37||10.92,3.55,7.84||0.08,0.27,0.55,0.69,1.24,0.10||
2.87,18.06,11.95,4.49,6.04,4.95,2.90||0.00,0.00,0.00,0.04,0.04,0.04||3.46,7.95,0.99,23.16,18.31,11.41||5.06,0.85,0.79,0.20,0.42||13.91,4.03,2.77,8.68,2.58||0.00,0.00,0.50,0.59,0.00||87.10,1175.32,9369.52,72.96,51.50||19.74,5.87,12.63||0.75,2.12,6.98,4.36,6.18,0.94||
2.87,18.06,11.95,4.49,6.04,4.95,2.90||0.00,0.00,0.00,0.04,0.04,0.04||3.46,7.95,0.99,23.16,18.31,11.41||5.06,0.85,0.79,0.20,0.42||13.91,4.03,2.77,8.68,2.58||0.00,0.00,0.49,0.59,0.00||65.25,367.91,2398.84,64.85,26.01||10.16,3.34,7.40||0.16,0.49,1.13,1.16,1.96,0.19||
2.87,18.06,11.95,4.49,6.04,4.95,2.90||0.00,0.00,0.00,0.04,0.04,0.04||3.46,7.95,0.99,23.16,18.31,11.41||5.03,0.85,0.78,0.20,0.42||13.91,4.03,2.77,8.68,2.58||0.00,0.00,0.49,0.59,0.00||69.34,469.60,3193.98,66.48,30.02||14.60,4.54,9.91||0.17,0.52,1.20,1.21,2.04,0.20||
2.86,17.98,11.91,4.47,6.02,4.94,2.89||0.00,0.00,0.00,0.04,0.04,0.04||3.46,7.95,0.99,23.16,18.31,11.41||5.02,0.84,0.78,0.20,0.42||13.91,4.03,2.77,8.68,2.58||0.00,0.00,0.49,0.59,0.00||120.38,4320.81,43150.63,83.25,110.76||15.48,4.77,10.39||0.14,0.45,1.01,1.07,1.83,0.17||
2.86,18.01,11.92,4.48,6.02,4.94,2.90||0.00,0.00,0.00,0.04,0.04,0.04||3.46,7.95,0.99,23.16,18.31,11.41||4.99,0.84,0.77,0.20,0.42||13.73,4.01,2.70,8.61,2.57||0.00,0.00,0.49,0.59,0.00||95.90,1731.43,14760.06,75.88,64.68||18.60,5.58,12.04||0.30,0.91,2.44,2.03,3.19,0.38||
2.85,17.86,11.84,4.45,5.98,4.91,2.88||0.00,0.00,0.00,0.04,0.04,0.04||3.46,7.95,0.99,23.16,18.31,11.41||4.97,0.84,0.76,0.20,0.42||13.78,4.01,2.72,8.63,2.57||0.00,0.00,0.49,0.59,0.00||54.77,181.85,1049.55,60.38,17.18||11.23,3.63,8.02||0.25,0.76,1.94,1.72,2.76,0.31||
2.85,17.87,11.85,4.45,5.98,4.91,2.88||0.00,0.00,0.00,0.04,0.04,0.04||3.46,7.95,0.99,23.16,18.31,11.41||4.96,0.84,0.76,0.20,0.42||13.71,4.00,2.69,8.60,2.56||0.00,0.00,0.49,0.59,0.00||47.87,105.77,555.82,57.16,12.49||9.62,3.18,7.08||0.10,0.32,0.66,0.79,1.40,0.12||
2.84,17.83,11.83,4.44,5.97,4.91,2.87||0.00,0.00,0.00,0.04,0.04,0.04||3.46,7.95,0.99,23.16,18.31,11.41||4.96,0.84,0.76,0.20,0.42||13.87,4.02,2.75,8.66,2.58||0.00,0.00,0.49,0.59,0.00||73.86,605.52,4303.69,68.21,34.87||13.57,4.27,9.34||0.28,0.85,2.25,1.91,3.02,0.35||
2.84,17.82,11.82,4.44,5.97,4.91,2.87||0.00,0.00,0.00,0.04,0.04,0.04||3.46,7.95,0.99,23.16,18.31,11.41||4.96,0.84,0.76,0.20,0.42||13.64,4.00,2.66,8.57,2.56||0.00,0.00,0.49,0.59,0.00||49.71,123.18,664.58,58.05,13.67||9.13,3.04,6.79||0.15,0.48,1.10,1.14,1.93,0.19||
2.84,17.82,11.82,4.44,5.97,4.91,2.87||0.00,0.00,0.00,0.04,0.04,0.04||3.46,7.95,0.99,23.16,18.31,11.41||4.96,0.84,0.76,0.20,0.42||13.77,4.01,2.71,8.62,2.57||0.00,0.00,0.49,0.59,0.00||116.09,3733.90,36359.04,82.03,101.65||13.16,4.16,9.11||0.38,1.13,3.20,2.47,3.78,0.48||
2.84,17.82,11.82,4.44,5.97,4.91,2.87||0.00,0.00,0.00,0.04,0.04,0.04||3.46,7.95,0.99,23.16,18.31,11.41||4.96,0.84,0.76,0.20,0.42||13.70,4.00,2.68,8.60,2.56||0.00,0.00,0.49,0.59,0.00||74.66,632.47,4529.25,68.52,35.77||7.61,2.61,5.87||1.09,3.00,10.74,5.95,8.11,1.36||
2.84,17.82,11.82,4.44,5.97,4.91,2.87||0.00,0.00,0.00,0.04,0.04,0.04||3.46,7.95,0.99,23.16,18.31,11.41||4.96,0.84,0.76,0.20,0.42||13.86,4.02,2.75,8.66,2.58||0.00,0.00,0.49,0.59,0.00||61.90,297.56,1870.18,63.47,22.96||8.27,2.80,6.27||0.07,0.22,0.41,0.56,1.03,0.08||
2.84,17.82,11.82,4.44,5.97,4.91,2.87||0.00,0.00,0.00,0.04,0.04,0.04||3.46,7.95,0.99,23.16,18.31,11.41||4.96,0.84,0.76,0.20,0.42||13.81,4.02,2.73,8.64,2.57||0.00,0.00,0.49,0.59,0.00||108.19,2812.00,26070.50,79.71,86.03||14.25,4.45,9.72||0.34,1.01,2.77,2.23,3.45,0.42||
2.84,17.82,11.82,4.44,5.97,4.91,2.87||0.00,0.00,0.00,0.04,0.04,0.04||3.46,7.95,0.99,23.16,18.31,11.41||4.96,0.84,0.76,0.20,0.42||13.89,4.03,2.76,8.67,2.58||0.00,0.00,0.49,0.59,0.00||67.07,410.96,2731.33,65.59,27.76||9.46,3.14,6.99||0.06,0.22,0.41,0.55,1.03,0.08||
2.84,17.82,11.82,4.44,5.97,4.91,2.87||0.00,0.00,0.00,0.04,0.04,0.04||3.46,7.95,0.99,23.16,18.31,11.41||4.96,0.84,0.76,0.20,0.42||13.90,4.03,2.77,8.67,2.58||0.00,0.00,0.49,0.59,0.00||72.05,548.18,3829.66,67.53,32.88||10.88,3.54,7.82||0.05,0.18,0.33,0.47,0.90,0.07||
2.85,17.86,11.84,4.45,5.98,4.91,2.88||0.00,0.00,0.00,0.04,0.04,0.04||3.46,7.95,0.99,23.16,18.31,11.41||5.02,0.84,0.78,0.20,0.42||13.82,4.02,2.73,8.64,2.57||0.00,0.00,0.49,0.59,0.00||88.00,1224.87,9834.64,73.26,52.77||16.09,4.93,10.72||1.60,4.31,16.83,8.24,10.77,2.01||
2.85,17.87,11.85,4.45,5.98,4.91,2.88||0.00,0.00,0.00,0.04,0.04,0.04||3.46,7.95,0.99,23.16,18.31,11.41||5.05,0.85,0.78,0.20,0.42||13.80,4.02,2.72,8.64,2.57||0.00,0.00,0.49,0.59,0.00||109.97,3002.43,28153.60,80.24,89.41||17.25,5.23,11.33||0.47,1.38,4.07,2.94,4.40,0.59||
2.84,17.83,11.83,4.44,5.97,4.91,2.87||0.00,0.00,0.00,0.04,0.04,0.04||3.46,7.95,0.99,23.16,18.31,11.41||5.06,0.85,0.79,0.20,0.42||13.71,4.01,2.69,8.60,2.56||0.00,0.00,0.49,0.59,0.00||49.40,120.06,644.91,57.89,13.46||9.31,3.10,6.90||0.22,0.68,1.68,1.55,2.52,0.27||
2.84,17.82,11.82,4.44,5.97,4.91,2.87||0.00,0.00,0.00,0.04,0.04,0.04||3.46,7.95,0.99,23.16,18.31,11.41||5.03,0.85,0.78,0.20,0.42||13.61,3.99,2.64,8.56,2.56||0.00,0.00,0.49,0.59,0.00||86.66,1151.82,9150.15,72.81,50.89||12.38,3.95,8.68||0.08,0.25,0.49,0.63,1.15,0.09||
2.84,17.82,11.82,4.44,5.97,4.91,2.87||0.00,0.00,0.00,0.04,0.04,0.04||3.46,7.95,0.99,23.16,18.31,11.41||4.99,0.84,0.77,0.20,0.42||13.67,4.00,2.67,8.59,2.56||0.00,0.00,0.49,0.59,0.00||153.24,11405.36,134738.14,91.86,196.03||21.18,6.23,13.37||0.33,0.99,2.69,2.18,3.39,0.41||
2.84,17.82,11.82,4.44,5.97,4.91,2.87||0.00,0.00,0.00,0.04,0.04,0.04||3.46,7.95,0.99,23.16,18.31,11.41||4.97,0.84,0.76,0.20,0.42||13.52,3.98,2.61,8.53,2.55||0.00,0.00,0.49,0.59,0.00||112.25,3261.36,31022.52,80.91,93.87||18.19,5.47,11.83||0.13,0.40,0.88,0.97,1.67,0.15||
2.84,17.82,11.82,4.44,5.97,4.91,2.87||0.00,0.00,0.00,0.04,0.04,0.04||3.46,7.95,0.99,23.16,18.31,11.41||4.96,0.84,0.76,0.20,0.42||13.74,4.01,2.70,8.61,2.57||0.00,0.00,0.49,0.59,0.00||156.42,12387.25,148444.64,92.63,205.79||12.29,3.92,8.63||0.16,0.50,1.15,1.18,1.99,0.20||
2.84,17.82,11.82,4.44,5.97,4.91,2.87||0.00,0.00,0.00,0.04,0.04,0.04||3.46,7.95,0.99,23.16,18.31,11.41||4.96,0.84,0.76,0.20,0.42||13.61,3.99,2.65,8.56,2.56||0.00,0.00,0.49,0.59,0.00||65.81,380.65,2496.55,65.08,26.54||9.13,3.05,6.79||0.12,0.40,0.86,0.96,1.65,0.15||
2.84,17.82,11.82,4.44,5.97,4.91,2.87||0.00,0.00,0.00,0.04,0.04,0.04||3.46,7.95,0.99,23.16,18.31,11.41||4.96,0.84,0.76,0.20,0.42||13.67,4.00,2.67,8.59,2.56||0.00,0.00,0.49,0.59,0.00||112.51,3291.32,31357.10,80.99,94.38||14.12,4.41,9.65||0.17,0.53,1.23,1.24,2.07,0.21||
2.84,17.82,11.82,4.44,5.97,4.91,2.87||0.00,0.00,0.00,0.04,0.04,0.04||3.46,7.95,0.99,23.16,18.31,11.41||4.96,0.84,0.76,0.20,0.42||13.77,4.01,2.71,8.63,2.57||0.00,0.00,0.49,0.59,0.00||63.77,335.48,2152.73,64.25,24.64||17.98,5.42,11.72||1.21,3.33,12.22,6.54,8.80,1.52||
2.84,17.82,11.82,4.44,5.97,4.91,2.87||0.00,0.00,0.00,0.04,0.04,0.04||3.46,7.95,0.99,23.16,18.31,11.41||4.96,0.84,0.76,0.20,0.42||13.53,3.98,2.61,8.53,2.55||0.00,0.00,0.49,0.59,0.00||111.28,3149.09,29773.58,80.63,91.96||18.83,5.64,12.16||0.40,1.19,3.38,2.57,3.91,0.50||
2.84,17.82,11.82,4.44,5.97,4.91,2.87||0.00,0.00,0.00,0.04,0.04,0.04||3.46,7.95,0.99,23.16,18.31,11.41||4.96,0.84,0.76,0.20,0.42||13.49,3.98,2.60,8.51,2.55||0.00,0.00,0.49,0.59,0.00||97.06,1817.04,15619.78,76.25,66.54||16.04,4.92,10.69||0.27,0.82,2.15,1.85,2.94,0.34||
2.84,17.82,11.82,4.44,5.97,4.91,2.87||0.00,0.00,0.00,0.04,0.04,0.04||3.46,7.95,0.99,23.16,18.31,11.41||4.96,0.84,0.76,0.20,0.42||13.73,4.01,2.70,8.61,2.57||0.00,0.00,0.49,0.59,0.00||126.55,5282.43,54621.01,84.97,124.66||13.24,4.18,9.16||0.43,1.26,3.66,2.73,4.11,0.53||
2.84,17.82,11.82,4.44,5.97,4.91,2.87||0.00,0.00,0.00,0.04,0.04,0.04||3.46,7.95,0.99,23.16,18.31,11.41||4.96,0.84,0.76,0.20,0.42||13.61,3.99,2.65,8.56,2.56||0.00,0.00,0.49,0.59,0.00||85.74,1103.26,8699.29,72.49,49.62||12.92,4.09,8.98||0.44,1.29,3.75,2.77,4.17,0.55||
2.84,17.82,11.82,4.44,5.97,4.91,2.87||0.00,0.00,0.00,0.03,0.04,0.04||3.46,7.95,0.99,23.16,18.31,11.41||4.96,0.84,0.76,0.20,0.42||13.59,3.99,2.64,8.55,2.56||0.00,0.00,0.49,0.59,0.00||76.59,700.92,5109.50,69.23,38.00||17.71,5.35,11.58||0.16,0.51,1.20,1.21,2.03,0.20||
2.84,17.78,11.80,4.43,5.96,4.90,2.87||0.00,0.00,0.00,0.03,0.04,0.04||3.46,7.95,0.99,23.16,18.31,11.41||4.92,0.83,0.75,0.20,0.42||13.58,3.99,2.63,8.55,2.56||0.00,0.00,0.49,0.59,0.00||46.39,93.29,479.69,56.43,11.60||9.65,3.19,7.10||0.18,0.57,1.36,1.33,2.20,0.23||
2.84,17.77,11.80,4.43,5.95,4.90,2.87||0.00,0.00,0.00,0.04,0.04,0.04||3.46,7.95,0.99,23.16,18.31,11.41||4.89,0.83,0.75,0.20,0.41||13.41,3.97,2.57,8.49,2.54||0.00,0.00,0.49,0.59,0.00||57.34,218.63,1302.73,61.52,19.15||10.84,3.52,7.80||0.08,0.26,0.52,0.66,1.20,0.10||
2.83,17.73,11.78,4.42,5.94,4.89,2.86||0.00,0.00,0.00,0.04,0.04,0.04||3.46,7.95,0.99,23.16,18.31,11.41||4.93,0.84,0.76,0.20,0.42||13.55,3.99,2.62,8.54,2.55||0.00,0.00,0.49,0.59,0.00||64.54,352.01,2277.67,64.56,25.34||17.16,5.21,11.29||0.05,0.17,0.30,0.44,0.85,0.06||
2.84,17.76,11.79,4.42,5.95,4.89,2.87||0.00,0.00,0.00,0.04,0.04,0.04||3.43,7.93,0.97,23.07,18.27,11.34||4.96,0.84,0.76,0.20,0.42||13.49,3.98,2.60,8.52,2.55||0.00,0.00,0.49,0.59,0.00||64.23,345.26,2226.55,64.44,25.06||11.22,3.63,8.02||0.08,0.25,0.50,0.64,1.16,0.09||
2.83,17.73,11.78,4.42,5.94,4.89,2.86||0.00,0.00,0.00,0.03,0.04,0.04||3.46,7.95,0.98,23.14,18.30,11.40||4.89,0.83,0.75,0.20,0.41||13.39,3.97,2.56,8.48,2.54||0.00,0.00,0.49,0.59,0.00||98.05,1892.91,16387.61,76.57,68.16||10.64,3.47,7.68||0.32,0.96,2.60,2.13,3.32,0.40||
2.83,17.73,11.77,4.42,5.94,4.89,2.86||0.00,0.00,0.00,0.04,0.04,0.04||3.46,7.95,0.98,23.15,18.30,11.41||4.87,0.83,0.74,0.19,0.41||13.46,3.97,2.58,8.50,2.55||0.00,0.00,0.49,0.59,0.00||69.19,465.61,3162.17,66.42,29.87||8.48,2.86,6.40||0.17,0.54,1.28,1.27,2.12,0.21||
2.83,17.69,11.75,4.41,5.93,4.88,2.86||0.00,0.00,0.00,0.03,0.04,0.04||3.46,7.95,0.99,23.16,18.31,11.41||4.87,0.83,0.74,0.19,0.41||13.39,3.97,2.56,8.48,2.54||0.00,0.00,0.49,0.59,0.00||53.46,165.01,936.49,59.79,16.23||12.50,3.98,8.74||0.28,0.86,2.26,1.92,3.03,0.35||
2.82,17.60,11.71,4.39,5.90,4.86,2.85||0.00,0.00,0.00,0.03,0.04,0.04||3.37,7.90,0.95,22.89,18.19,11.20||4.87,0.83,0.74,0.19,0.41||13.46,3.97,2.58,8.50,2.55||0.00,0.00,0.49,0.59,0.00||44.34,77.76,387.45,55.40,10.43||8.12,2.76,6.18||0.06,0.19,0.36,0.50,0.95,0.07||
2.82,17.59,11.70,4.38,5.90,4.86,2.85||0.00,0.00,0.00,0.03,0.04,0.04||3.29,7.86,0.91,22.65,18.09,11.01||4.87,0.83,0.74,0.19,0.41||13.47,3.98,2.59,8.51,2.55||0.00,0.00,0.49,0.59,0.00||38.27,42.99,193.32,52.17,7.36||8.67,2.91,6.51||0.10,0.33,0.69,0.81,1.43,0.12||
2.81,17.58,11.70,4.38,5.90,4.86,2.85||0.00,0.00,0.00,0.03,0.04,0.04||3.30,7.87,0.92,22.69,18.11,11.05||4.87,0.83,0.74,0.19,0.41||13.48,3.98,2.59,8.51,2.55||0.00,0.00,0.49,0.59,0.00||87.56,1200.78,9608.10,73.12,52.15||15.18,4.69,10.22||0.40,1.19,3.40,2.58,3.93,0.50||
2.81,17.58,11.70,4.38,5.90,4.86,2.85||0.00,0.00,0.00,0.04,0.04,0.04||3.27,7.85,0.91,22.61,18.07,10.98||4.87,0.83,0.74,0.19,0.41||13.31,3.96,2.52,8.44,2.53||0.00,0.00,0.49,0.59,0.00||163.86,14936.07,184880.67,94.41,229.73||22.05,6.45,13.81||0.17,0.53,1.23,1.24,2.07,0.21||
2.81,17.58,11.70,4.38,5.90,4.86,2.85||0.00,0.00,0.00,0.03,0.04,0.04||3.30,7.87,0.92,22.69,18.10,11.04||4.84,0.83,0.73,0.19,0.41||13.28,3.95,2.51,8.43,2.53||0.00,0.00,0.49,0.59,0.00||65.83,381.19,2500.75,65.09,26.56||12.93,4.10,8.99||0.14,0.46,1.03,1.09,1.85,0.18||
2.81,17.58,11.70,4.38,5.90,4.86,2.85||0.00,0.00,0.00,0.03,0.04,0.04||3.27,7.85,0.91,22.61,18.07,10.98||4.79,0.82,0.72,0.19,0.41||13.44,3.97,2.57,8.49,2.54||0.00,0.00,0.49,0.59,0.00||62.99,319.22,2030.87,63.93,23.93||10.38,3.40,7.53||0.22,0.68,1.68,1.55,2.52,0.27||
2.81,17.58,11.70,4.38,5.90,4.86,2.85||0.00,0.00,0.00,0.03,0.04,0.04||3.27,7.85,0.90,22.60,18.06,10.97||4.79,0.82,0.72,0.19,0.41||13.47,3.98,2.59,8.51,2.55||0.00,0.00,0.49,0.59,0.00||60.28,267.52,1650.67,62.79,21.56||8.53,2.88,6.43||0.13,0.40,0.87,0.96,1.66,0.15||
2.81,17.58,11.70,4.38,5.90,4.86,2.85||0.00,0.00,0.00,0.03,0.04,0.04||3.27,7.85,0.90,22.60,18.06,10.97||4.78,0.82,0.72,0.19,0.41||13.47,3.98,2.59,8.51,2.55||0.00,0.00,0.49,0.59,0.00||101.54,2178.99,19329.48,77.67,74.05||13.38,4.22,9.24||0.56,1.61,4.96,3.40,4.98,0.70||
2.81,17.58,11.70,4.38,5.90,4.86,2.85||0.00,0.00,0.00,0.03,0.04,0.04||3.27,7.85,0.90,22.59,18.06,10.97||4.79,0.82,0.72,0.19,0.41||13.39,3.97,2.56,8.48,2.54||0.00,0.00,0.49,0.59,0.00||81.64,906.05,6904.90,71.06,44.19||15.52,4.78,10.41||0.20,0.61,1.49,1.42,2.33,0.24||
2.81,17.58,11.70,4.38,5.90,4.86,2.85||0.00,0.00,0.00,0.03,0.04,0.04||3.27,7.85,0.90,22.59,18.06,10.97||4.78,0.82,0.72,0.19,0.41||13.38,3.96,2.55,8.47,2.54||0.00,0.00,0.49,0.59,0.00||54.72,181.23,1045.39,60.36,17.15||15.56,4.79,10.43||0.27,0.83,2.16,1.86,2.95,0.34||
2.81,17.58,11.70,4.38,5.90,4.86,2.85||0.00,0.00,0.00,0.03,0.04,0.04||3.27,7.85,0.90,22.59,18.06,10.97||4.79,0.82,0.72,0.19,0.41||13.29,3.95,2.51,8.44,2.53||0.00,0.00,0.49,0.59,0.00||61.88,297.10,1866.81,63.46,22.94||9.96,3.28,7.28||0.38,1.13,3.18,2.46,3.76,0.47||
2.81,17.58,11.70,4.38,5.90,4.86,2.85||0.00,0.00,0.00,0.03,0.04,0.04||3.27,7.85,0.90,22.59,18.06,10.97||4.78,0.82,0.72,0.19,0.41||13.36,3.96,2.54,8.46,2.54||0.00,0.00,0.49,0.59,0.00||68.52,447.84,3021.07,66.16,29.20||11.13,3.60,7.96||0.27,0.82,2.14,1.85,2.93,0.33||
2.81,17.58,11.70,4.38,5.90,4.86,2.85||0.00,0.00,0.00,0.03,0.04,0.04||3.27,7.85,0.90,22.59,18.06,10.97||4.80,0.82,0.73,0.19,0.41||13.45,3.97,2.58,8.50,2.55||0.00,0.00,0.49,0.59,0.00||48.98,116.01,619.45,57.69,13.19||10.37,3.39,7.52||0.18,0.55,1.29,1.28,2.13,0.22||
2.81,17.58,11.70,4.38,5.90,4.86,2.85||0.00,0.00,0.00,0.03,0.04,0.04||3.27,7.85,0.90,22.59,18.06,10.97||4.78,0.82,0.72,0.19,0.41||13.39,3.97,2.55,8.48,2.54||0.00,0.00,0.49,0.58,0.00||62.27,304.76,1923.41,63.63,23.28||14.61,4.54,9.91||0.65,1.86,5.91,3.86,5.56,0.81||
2.81,17.58,11.70,4.38,5.90,4.86,2.85||0.00,0.00,0.00,0.03,0.04,0.04||3.27,7.85,0.90,22.59,18.06,10.97||4.78,0.82,0.72,0.19,0.41||13.37,3.96,2.55,8.47,2.54||0.00,0.00,0.49,0.59,0.00||61.42,288.45,1803.17,63.27,22.54||11.99,3.84,8.45||0.38,1.13,3.18,2.46,3.77,0.47||
2.80,17.47,11.64,4.36,5.86,4.84,2.83||0.00,0.00,0.00,0.03,0.04,0.04||3.30,7.87,0.92,22.68,18.10,11.04||4.79,0.82,0.72,0.19,0.41||13.37,3.96,2.55,8.47,2.54||0.00,0.00,0.49,0.59,0.00||26.36,9.59,33.28,44.81,3.04||15.16,4.69,10.21||0.20,0.61,1.50,1.42,2.34,0.25||
2.79,17.37,11.59,4.34,5.83,4.82,2.82||0.00,0.00,0.00,0.03,0.04,0.04||3.27,7.85,0.91,22.61,18.07,10.98||4.78,0.82,0.72,0.19,0.41||13.37,3.96,2.55,8.47,2.54||0.00,0.00,0.49,0.59,0.00||54.39,176.87,1015.94,60.21,16.91||12.47,3.97,8.73||0.16,0.51,1.18,1.20,2.01,0.20||
2.79,17.35,11.58,4.33,5.83,4.81,2.82||0.00,0.00,0.00,0.03,0.04,0.04||3.27,7.85,0.90,22.60,18.06,10.97||4.78,0.82,0.72,0.19,0.41||13.29,3.95,2.51,8.44,2.53||0.00,0.00,0.49,0.59,0.00||41.22,57.98,274.56,53.78,8.77||9.76,3.22,7.17||0.06,0.20,0.38,0.53,0.98,0.07||
