4.58,34.68,19.94,8.08,10.79,7.89,4.67||0.00,0.00,0.00,0.08,0.07,0.08||61.60,14.59,70.65,78.50,35.66,80.91||12.86,1.43,3.35,0.47,0.70||54.88,7.12,50.50,20.25,4.43||0.02,0.05,0.70,0.81,0.01||93.97,1595.42,13409.41,75.25,61.64||11.64,3.74,8.26||0.36,1.08,3.00,2.36,3.62,0.45||
3.10,20.13,13.01,4.95,6.65,5.35,3.14||0.00,0.00,0.00,0.04,0.04,0.04||5.33,8.71,1.87,27.81,20.23,15.31||5.53,0.89,0.90,0.22,0.44||18.10,4.49,4.84,10.21,2.86||0.00,0.01,0.53,0.63,0.00||80.46,854.32,6444.78,70.64,42.69||6.24,2.20,5.00||0.11,0.36,0.78,0.89,1.55,0.14||
2.89,18.25,12.05,4.53,6.10,4.99,2.92||0.00,0.00,0.00,0.04,0.04,0.04||3.43,7.93,0.97,23.07,18.27,11.35||4.75,0.82,0.71,0.19,0.41||14.73,4.13,3.13,8.99,2.64||0.00,0.01,0.50,0.60,0.00||59.02,245.61,1493.25,62.25,20.51||6.41,2.25,5.11||0.22,0.66,1.64,1.52,2.48,0.27||
2.87,18.06,11.95,4.49,6.04,4.95,2.90||0.00,0.00,0.00,0.03,0.04,0.04||3.15,7.79,0.86,22.25,17.91,10.70||4.61,0.81,0.68,0.19,0.40||14.43,4.09,2.99,8.88,2.62||0.00,0.00,0.50,0.60,0.00||30.74,17.80,68.72,47.71,4.38||4.19,1.57,3.62||0.09,0.28,0.57,0.71,1.27,0.11||
2.86,17.98,11.91,4.47,6.02,4.94,2.89||0.00,0.00,0.00,0.03,0.04,0.04||3.09,7.76,0.83,22.08,17.84,10.57||4.58,0.80,0.67,0.18,0.40||14.18,4.06,2.89,8.78,2.60||0.00,0.00,0.50,0.59,0.00||34.88,29.61,124.82,50.23,5.91||3.54,1.36,3.16||0.03,0.11,0.17,0.30,0.60,0.04||
2.86,18.00,11.92,4.48,6.02,4.94,2.90||0.00,0.00,0.00,0.03,0.04,0.04||3.08,7.76,0.83,22.05,17.82,10.55||4.58,0.80,0.67,0.18,0.40||14.32,4.08,2.95,8.84,2.61||0.00,0.00,0.50,0.59,0.00||36.16,34.24,148.03,50.98,6.44||3.18,1.24,2.91||0.07,0.22,0.43,0.57,1.06,0.08||
2.86,18.01,11.92,4.48,6.02,4.94,2.90||0.00,0.00,0.00,0.03,0.04,0.04||3.08,7.76,0.83,22.05,17.82,10.54||4.58,0.80,0.67,0.18,0.40||14.07,4.05,2.84,8.74,2.59||0.00,0.00,0.50,0.59,0.00||35.53,31.88,136.11,50.61,6.17||4.06,1.53,3.54||0.13,0.42,0.94,1.02,1.75,0.16||
2.86,17.93,11.88,4.46,6.00,4.93,2.89||0.00,0.00,0.00,0.03,0.04,0.04||3.08,7.76,0.83,22.04,17.82,10.54||4.58,0.80,0.67,0.18,0.40||14.21,4.06,2.90,8.79,2.60||0.00,0.00,0.50,0.59,0.00||40.37,53.31,248.83,53.32,8.35||6.87,2.39,5.40||0.08,0.25,0.49,0.63,1.16,0.09||
2.85,17.92,11.87,4.46,6.00,4.92,2.89||0.00,0.00,0.00,0.03,0.04,0.04||3.08,7.76,0.83,22.04,17.82,10.54||4.58,0.80,0.67,0.18,0.40||14.23,4.07,2.91,8.80,2.60||0.00,0.00,0.50,0.59,0.00||30.63,17.55,67.57,47.64,4.34||4.60,1.70,3.91||0.20,0.61,1.49,1.42,2.33,0.24||
2.85,17.88,11.85,4.45,5.99,4.92,2.88||0.00,0.00,0.00,0.03,0.04,0.04||3.08,7.76,0.83,22.04,17.82,10.54||4.58,0.80,0.67,0.18,0.40||14.33,4.08,2.95,8.84,2.61||0.00,0.00,0.50,0.59,0.00||43.22,70.14,343.28,54.82,9.81||5.02,1.83,4.20||0.05,0.18,0.31,0.46,0.87,0.06||
2.85,17.87,11.85,4.45,5.98,4.91,2.88||0.00,0.00,0.00,0.03,0.04,0.04||3.08,7.76,0.83,22.04,17.82,10.54||4.55,0.80,0.67,0.18,0.40||14.16,4.06,2.88,8.78,2.60||0.00,0.00,0.50,0.59,0.00||26.57,9.91,34.57,44.96,3.10||4.14,1.55,3.59||0.18,0.55,1.29,1.28,2.13,0.22||
2.84,17.83,11.83,4.44,5.97,4.91,2.87||0.00,0.00,0.00,0.03,0.04,0.04||3.08,7.76,0.83,22.04,17.82,10.54||4.52,0.80,0.66,0.18,0.40||14.04,4.04,2.83,8.73,2.59||0.00,0.00,0.50,0.59,0.00||27.07,10.68,37.72,45.30,3.24||4.38,1.63,3.76||0.09,0.28,0.57,0.71,1.27,0.11||
2.84,17.82,11.82,4.44,5.97,4.91,2.87||0.00,0.00,0.00,0.03,0.04,0.04||3.08,7.76,0.83,22.04,17.82,10.54||4.50,0.79,0.65,0.18,0.40||14.20,4.06,2.89,8.79,2.60||0.00,0.00,0.50,0.59,0.00||27.46,11.32,40.41,45.57,3.36||4.65,1.72,3.94||0.02,0.08,0.12,0.23,0.47,0.03||
2.84,17.82,11.82,4.44,5.97,4.91,2.87||0.00,0.00,0.00,0.03,0.04,0.04||3.08,7.76,0.83,22.04,17.82,10.54||4.49,0.79,0.65,0.18,0.40||14.14,4.06,2.87,8.77,2.60||0.00,0.00,0.50,0.59,0.00||34.25,27.52,114.56,49.86,5.66||3.93,1.49,3.44||0.35,1.04,2.87,2.28,3.53,0.43||
2.84,17.82,11.82,4.44,5.97,4.91,2.87||0.00,0.00,0.00,0.03,0.04,0.04||3.08,7.76,0.83,22.04,17.82,10.54||4.49,0.79,0.65,0.18,0.40||14.13,4.06,2.86,8.76,2.60||0.00,0.00,0.50,0.59,0.00||36.53,35.66,155.26,51.19,6.59||5.24,1.90,4.34||0.23,0.70,1.74,1.59,2.57,0.28||
2.85,17.86,11.84,4.45,5.98,4.91,2.88||0.00,0.00,0.00,0.03,0.04,0.04||3.08,7.76,0.83,22.04,17.82,10.54||4.49,0.79,0.65,0.18,0.40||14.12,4.05,2.86,8.76,2.60||0.00,0.00,0.50,0.59,0.00||43.72,73.49,362.62,55.08,10.09||5.95,2.12,4.81||0.15,0.47,1.06,1.11,1.88,0.18||
2.84,17.83,11.83,4.44,5.97,4.91,2.87||0.00,0.00,0.00,0.03,0.04,0.04||3.08,7.76,0.83,22.04,17.82,10.54||4.49,0.79,0.65,0.18,0.40||14.22,4.07,2.90,8.80,2.60||0.00,0.00,0.50,0.59,0.00||46.25,92.15,472.81,56.36,11.52||4.24,1.59,3.66||0.08,0.27,0.54,0.68,1.23,0.10||
2.84,17.82,11.82,4.44,5.97,4.91,2.87||0.00,0.00,0.00,0.03,0.04,0.04||3.08,7.76,0.83,22.04,17.82,10.54||4.49,0.79,0.65,0.18,0.40||14.14,4.06,2.87,8.77,2.60||0.00,0.00,0.50,0.59,0.00||50.77,134.04,733.82,58.54,14.36||5.28,1.91,4.37||0.07,0.25,0.48,0.62,1.14,0.09||
2.84,17.82,11.82,4.44,5.97,4.91,2.87||0.00,0.00,0.00,0.03,0.04,0.04||3.08,7.76,0.83,22.04,17.82,10.54||4.49,0.79,0.65,0.18,0.40||14.04,4.04,2.82,8.73,2.59||0.00,0.00,0.50,0.59,0.00||25.43,8.31,28.10,44.16,2.80||3.92,1.48,3.44||0.06,0.19,0.36,0.50,0.95,0.07||
2.84,17.82,11.82,4.44,5.97,4.91,2.87||0.00,0.00,0.00,0.03,0.04,0.04||3.08,7.76,0.83,22.04,17.82,10.54||4.49,0.79,0.65,0.18,0.40||14.11,4.05,2.85,8.75,2.59||0.00,0.00,0.50,0.59,0.00||21.31,4.08,12.22,41.09,1.84||4.01,1.51,3.50||0.10,0.31,0.64,0.77,1.37,0.12||
2.84,17.82,11.82,4.44,5.97,4.91,2.87||0.00,0.00,0.00,0.03,0.04,0.04||3.08,7.76,0.83,22.04,17.82,10.54||4.49,0.79,0.65,0.18,0.40||14.03,4.04,2.82,8.72,2.59||0.00,0.00,0.50,0.59,0.00||37.84,41.07,183.25,51.93,7.16||4.58,1.69,3.90||0.10,0.33,0.69,0.81,1.43,0.12||
2.84,17.82,11.82,4.44,5.97,4.91,2.87||0.00,0.00,0.00,0.03,0.04,0.04||3.08,7.76,0.83,22.04,17.82,10.54||4.49,0.79,0.65,0.18,0.40||14.01,4.04,2.81,8.72,2.59||0.00,0.00,0.50,0.59,0.00||55.18,187.43,1087.46,60.57,17.49||5.79,2.07,4.71||0.02,0.09,0.13,0.25,0.51,0.03||
2.84,17.82,11.82,4.44,5.97,4.91,2.87||0.00,0.00,0.00,0.03,0.04,0.04||3.08,7.76,0.83,22.04,17.82,10.54||4.49,0.79,0.65,0.18,0.40||14.29,4.07,2.93,8.82,2.61||0.00,0.00,0.50,0.59,0.00||27.22,10.92,38.73,45.40,3.29||5.94,2.11,4.80||0.05,0.18,0.32,0.46,0.88,0.06||
2.84,17.82,11.82,4.44,5.97,4.91,2.87||0.00,0.00,0.00,0.03,0.04,0.04||3.08,7.76,0.83,22.04,17.82,10.54||4.49,0.79,0.65,0.18,0.40||14.34,4.08,2.96,8.84,2.61||0.00,0.00,0.50,0.59,0.00||37.36,39.04,172.67,51.66,6.95||4.60,1.70,3.91||0.05,0.18,0.32,0.47,0.89,0.06||
2.84,17.82,11.82,4.44,5.97,4.91,2.87||0.00,0.00,0.00,0.03,0.04,0.04||3.05,7.74,0.82,21.96,17.78,10.48||4.48,0.79,0.65,0.18,0.39||13.98,4.04,2.80,8.71,2.58||0.00,0.00,0.50,0.59,0.00||56.65,208.37,1231.28,61.22,18.62||4.08,1.53,3.55||0.06,0.20,0.36,0.51,0.95,0.07||
2.84,17.82,11.82,4.44,5.97,4.91,2.87||0.00,0.00,0.00,0.03,0.04,0.04||3.05,7.74,0.82,21.94,17.77,10.46||4.43,0.79,0.64,0.18,0.39||14.00,4.04,2.81,8.71,2.59||0.00,0.00,0.50,0.59,0.00||37.97,41.66,186.31,52.00,7.22||4.58,1.69,3.89||0.05,0.15,0.27,0.41,0.79,0.05||
2.84,17.82,11.82,4.44,5.97,4.91,2.87||0.00,0.00,0.00,0.03,0.04,0.04||3.07,7.75,0.83,22.02,17.81,10.53||4.45,0.79,0.65,0.18,0.39||14.19,4.06,2.89,8.79,2.60||0.00,0.00,0.50,0.59,0.00||22.93,5.48,17.26,42.34,2.19||3.79,1.44,3.34||0.03,0.09,0.14,0.26,0.53,0.03||
2.84,17.82,11.82,4.44,5.97,4.91,2.87||0.00,0.00,0.00,0.03,0.04,0.04||3.08,7.76,0.83,22.04,17.82,10.54||4.48,0.79,0.65,0.18,0.40||14.05,4.05,2.83,8.73,2.59||0.00,0.00,0.50,0.59,0.00||32.43,22.10,88.58,48.77,4.97||5.50,1.98,4.51||0.11,0.34,0.72,0.83,1.47,0.13||
2.84,17.82,11.82,4.44,5.97,4.91,2.87||0.00,0.00,0.00,0.03,0.04,0.04||3.08,7.76,0.83,22.04,17.82,10.54||4.49,0.79,0.65,0.18,0.40||14.02,4.04,2.82,8.72,2.59||0.00,0.00,0.50,0.59,0.00||28.39,12.94,47.25,46.19,3.63||4.27,1.60,3.68||0.13,0.42,0.94,1.01,1.74,0.16||
2.86,17.93,11.88,4.46,6.00,4.93,2.89||0.00,0.00,0.00,0.03,0.04,0.04||3.08,7.76,0.83,22.04,17.82,10.54||4.49,0.79,0.65,0.18,0.40||14.01,4.04,2.81,8.72,2.59||0.00,0.00,0.50,0.59,0.00||53.71,168.11,957.15,59.90,16.41||5.15,1.87,4.28||0.19,0.60,1.44,1.39,2.29,0.24||
2.87,18.03,11.93,4.48,6.03,4.95,2.90||0.00,0.00,0.00,0.03,0.04,0.04||3.08,7.76,0.83,22.04,17.82,10.54||4.63,0.81,0.69,0.19,0.40||14.29,4.07,2.93,8.82,2.61||0.00,0.00,0.50,0.59,0.00||37.55,39.85,176.87,51.77,7.04||3.93,1.49,3.44||0.21,0.65,1.61,1.50,2.45,0.26||
2.89,18.25,12.04,4.53,6.09,4.99,2.92||0.00,0.00,0.00,0.03,0.04,0.04||3.08,7.76,0.83,22.04,17.82,10.54||4.80,0.82,0.72,0.19,0.41||14.25,4.07,2.91,8.81,2.60||0.00,0.00,0.50,0.59,0.00||23.43,5.97,19.08,42.71,2.30||3.31,1.28,3.00||0.08,0.25,0.50,0.64,1.17,0.09||
2.90,18.33,12.09,4.55,6.12,5.00,2.93||0.00,0.00,0.00,0.03,0.04,0.04||3.08,7.76,0.83,22.04,17.82,10.54||4.95,0.84,0.76,0.20,0.42||14.43,4.09,2.99,8.88,2.62||0.00,0.00,0.50,0.59,0.00||32.26,21.64,86.42,48.66,4.91||3.90,1.48,3.42||0.16,0.50,1.16,1.18,1.99,0.20||
2.92,18.50,12.18,4.59,6.17,5.04,2.95||0.00,0.00,0.00,0.03,0.04,0.04||3.11,7.77,0.84,22.13,17.86,10.61||5.09,0.85,0.79,0.20,0.42||14.56,4.11,3.05,8.93,2.63||0.00,0.00,0.50,0.59,0.00||44.85,81.40,408.77,55.66,10.71||4.51,1.67,3.85||0.29,0.87,2.29,1.94,3.06,0.36||
2.92,18.53,12.19,4.60,6.18,5.04,2.96||0.00,0.00,0.00,0.04,0.04,0.04||3.09,7.76,0.83,22.06,17.83,10.56||5.19,0.86,0.82,0.21,0.43||14.49,4.10,3.02,8.90,2.62||0.00,0.00,0.50,0.59,0.00||51.82,145.55,808.29,59.04,15.07||4.63,1.71,3.93||0.12,0.37,0.80,0.91,1.58,0.14||
2.95,18.74,12.30,4.64,6.24,5.08,2.98||0.00,0.00,0.00,0.04,0.04,0.04||3.20,7.82,0.88,22.40,17.97,10.81||5.29,0.87,0.84,0.21,0.43||14.48,4.10,3.01,8.89,2.62||0.00,0.00,0.50,0.59,0.00||51.76,144.89,803.99,59.01,15.03||5.03,1.83,4.20||0.05,0.16,0.28,0.42,0.80,0.06||
2.95,18.78,12.32,4.65,6.25,5.09,2.99||0.00,0.00,0.00,0.04,0.04,0.04||3.25,7.84,0.90,22.55,18.04,10.94||5.39,0.88,0.87,0.21,0.44||14.57,4.11,3.05,8.93,2.63||0.00,0.00,0.50,0.59,0.00||35.72,32.60,139.73,50.73,6.25||6.21,2.19,4.98||0.35,1.05,2.93,2.32,3.57,0.44||
2.95,18.79,12.32,4.65,6.26,5.09,2.99||0.00,0.00,0.00,0.04,0.04,0.04||3.26,7.85,0.90,22.58,18.06,10.96||5.50,0.89,0.89,0.22,0.44||14.59,4.11,3.06,8.94,2.63||0.00,0.00,0.50,0.59,0.00||59.34,250.98,1531.63,62.39,20.77||6.07,2.15,4.89||0.13,0.42,0.92,1.00,1.72,0.16||
2.96,18.83,12.35,4.66,6.27,5.10,2.99||0.00,0.00,0.00,0.04,0.04,0.04||3.26,7.85,0.90,22.59,18.06,10.97||5.60,0.90,0.92,0.22,0.45||14.50,4.10,3.02,8.90,2.62||0.00,0.00,0.50,0.59,0.00||31.91,20.71,82.06,48.45,4.79||3.75,1.43,3.32||0.03,0.10,0.16,0.28,0.57,0.04||
2.97,18.96,12.41,4.69,6.31,5.13,3.01||0.00,0.00,0.00,0.04,0.04,0.04||3.27,7.85,0.90,22.59,18.06,10.97||5.62,0.90,0.93,0.22,0.45||14.20,4.06,2.89,8.79,2.60||0.00,0.00,0.50,0.59,0.00||31.06,18.56,72.19,47.91,4.49||4.45,1.65,3.81||0.08,0.27,0.55,0.69,1.24,0.10||
2.98,19.03,12.45,4.71,6.33,5.14,3.01||0.00,0.00,0.00,0.04,0.04,0.04||3.27,7.85,0.90,22.59,18.06,10.97||5.71,0.91,0.95,0.22,0.45||14.51,4.10,3.03,8.91,2.62||0.00,0.00,0.50,0.59,0.00||63.61,332.05,2126.91,64.18,24.49||6.08,2.15,4.89||0.09,0.29,0.59,0.72,1.29,0.11||
2.98,19.04,12.45,4.71,6.33,5.14,3.02||0.00,0.00,0.00,0.04,0.04,0.04||3.27,7.85,0.90,22.59,18.06,10.97||5.73,0.91,0.95,0.23,0.45||14.77,4.13,3.14,9.00,2.64||0.00,0.00,0.50,0.59,0.00||30.43,17.11,65.61,47.52,4.28||4.27,1.60,3.68||0.17,0.52,1.21,1.22,2.04,0.20||
2.98,19.04,12.45,4.71,6.33,5.14,3.02||0.00,0.00,0.00,0.04,0.04,0.04||3.30,7.87,0.92,22.68,18.10,11.04||5.82,0.92,0.98,0.23,0.45||14.34,4.08,2.96,8.84,2.61||0.00,0.00,0.50,0.59,0.00||26.27,9.47,32.76,44.75,3.02||5.44,1.96,4.47||1.04,2.88,10.22,5.74,7.86,1.30||
2.98,19.04,12.45,4.71,6.33,5.14,3.02||0.00,0.00,0.00,0.04,0.04,0.04||3.36,7.90,0.94,22.88,18.18,11.19||5.84,0.92,0.98,0.23,0.46||14.35,4.08,2.96,8.85,2.61||0.00,0.00,0.50,0.59,0.00||64.63,353.87,2291.84,64.60,25.42||6.57,2.30,5.21||0.40,1.18,3.38,2.57,3.91,0.50||
2.99,19.12,12.50,4.73,6.36,5.16,3.03||0.00,0.00,0.00,0.04,0.04,0.04||3.44,7.94,0.98,23.10,18.28,11.36||5.86,0.92,0.99,0.23,0.46||14.45,4.09,3.00,8.88,2.62||0.00,0.00,0.50,0.59,0.00||18.96,2.55,7.04,39.18,1.40||6.10,2.16,4.91||0.09,0.28,0.56,0.70,1.26,0.10||
3.00,19.22,12.55,4.75,6.38,5.18,3.04||0.00,0.00,0.00,0.04,0.04,0.04||3.46,7.95,0.98,23.14,18.30,11.40||5.93,0.93,1.01,0.23,0.46||14.56,4.11,3.05,8.93,2.63||0.00,0.00,0.50,0.59,0.00||56.63,208.00,1228.71,61.21,18.60||6.87,2.39,5.40||0.80,2.25,7.49,4.58,6.46,1.00||
3.00,19.24,12.56,4.75,6.39,5.18,3.04||0.00,0.00,0.00,0.04,0.04,0.04||3.46,7.95,0.98,23.15,18.30,11.40||5.95,0.93,1.01,0.23,0.46||14.59,4.11,3.06,8.94,2.63||0.00,0.00,0.50,0.59,0.00||30.81,17.99,69.56,47.76,4.41||4.73,1.74,4.00||0.05,0.16,0.27,0.41,0.80,0.06||
3.01,19.29,12.58,4.76,6.40,5.19,3.04||0.00,0.00,0.00,0.04,0.04,0.04||3.46,7.95,0.98,23.15,18.30,11.41||5.95,0.93,1.01,0.23,0.46||14.59,4.11,3.06,8.94,2.63||0.00,0.00,0.50,0.59,0.00||38.23,42.83,192.47,52.15,7.34||3.05,1.20,2.81||0.03,0.10,0.17,0.29,0.58,0.04||
3.01,19.30,12.58,4.77,6.41,5.19,3.05||0.00,0.00,0.00,0.04,0.04,0.04||3.46,7.95,0.98,23.15,18.30,11.41||5.97,0.93,1.02,0.23,0.46||14.50,4.10,3.02,8.90,2.62||0.00,0.00,0.50,0.59,0.00||31.12,18.71,72.84,47.95,4.51||3.27,1.27,2.97||0.04,0.13,0.22,0.35,0.69,0.05||
3.01,19.30,12.59,4.77,6.41,5.19,3.05||0.00,0.00,0.00,0.04,0.04,0.04||3.46,7.95,0.98,23.15,18.30,11.41||6.03,0.94,1.03,0.24,0.46||14.67,4.12,3.10,8.97,2.63||0.00,0.00,0.50,0.59,0.00||23.89,6.46,20.92,43.05,2.41||2.77,1.10,2.60||0.02,0.07,0.09,0.19,0.41,0.02||
3.01,19.30,12.59,4.77,6.41,5.19,3.05||0.00,0.00,0.00,0.04,0.04,0.04||3.46,7.95,0.98,23.15,18.30,11.41||6.05,0.94,1.04,0.24,0.46||14.61,4.11,3.07,8.94,2.63||0.00,0.00,0.50,0.59,0.00||24.23,6.83,22.35,43.30,2.49||4.15,1.56,3.60||0.03,0.09,0.14,0.26,0.53,0.03||
3.01,19.30,12.59,4.77,6.41,5.19,3.05||0.00,0.00,0.00,0.04,0.04,0.04||3.46,7.95,0.98,23.15,18.30,11.41||6.04,0.94,1.04,0.24,0.46||14.50,4.10,3.02,8.90,2.62||0.00,0.00,0.50,0.59,0.00||16.92,1.61,4.11,37.40,1.07||3.57,1.37,3.19||0.03,0.11,0.18,0.30,0.61,0.04||
3.01,19.30,12.59,4.77,6.41,5.19,3.05||0.00,0.00,0.00,0.04,0.04,0.04||3.46,7.95,0.98,23.15,18.30,11.41||6.06,0.94,1.04,0.24,0.47||14.67,4.12,3.10,8.97,2.63||0.00,0.00,0.50,0.59,0.00||40.96,56.52,266.46,53.64,8.64||4.82,1.77,4.06||0.13,0.40,0.87,0.96,1.67,0.15||
3.01,19.30,12.59,4.77,6.41,5.19,3.05||0.00,0.00,0.00,0.04,0.04,0.04||3.46,7.95,0.98,23.15,18.30,11.41||6.06,0.94,1.04,0.24,0.47||14.70,4.12,3.11,8.98,2.64||0.00,0.00,0.50,0.59,0.00||48.99,116.16,620.40,57.70,13.20||5.40,1.95,4.45||0.37,1.09,3.04,2.38,3.66,0.45||
3.01,19.30,12.59,4.77,6.41,5.19,3.05||0.00,0.00,0.00,0.04,0.04,0.04||3.46,7.95,0.98,23.15,18.30,11.41||6.06,0.94,1.04,0.24,0.47||14.61,4.11,3.07,8.95,2.63||0.00,0.00,0.50,0.59,0.00||28.51,13.15,48.18,46.27,3.67||4.80,1.76,4.05||0.12,0.38,0.82,0.92,1.60,0.15||
3.01,19.30,12.59,4.77,6.41,5.19,3.05||0.00,0.00,0.00,0.04,0.04,0.04||3.46,7.95,0.98,23.15,18.30,11.41||6.06,0.94,1.04,0.24,0.47||14.60,4.11,3.07,8.94,2.63||0.00,0.00,0.50,0.59,0.00||24.53,7.19,23.73,43.52,2.57||3.55,1.36,3.18||0.22,0.68,1.69,1.56,2.53,0.27||
3.01,19.30,12.59,4.77,6.41,5.19,3.05||0.00,0.00,0.00,0.04,0.04,0.04||3.46,7.95,0.98,23.15,18.30,11.41||6.06,0.94,1.04,0.24,0.47||14.59,4.11,3.07,8.94,2.63||0.00,0.00,0.50,0.59,0.00||20.70,3.63,10.65,40.61,1.72||3.06,1.20,2.82||0.03,0.11,0.17,0.29,0.59,0.04||
3.01,19.30,12.59,4.77,6.41,5.19,3.05||0.00,0.00,0.00,0.04,0.04,0.04||3.46,7.95,0.98,23.15,18.30,11.41||6.06,0.94,1.04,0.24,0.47||14.50,4.10,3.02,8.90,2.62||0.00,0.00,0.50,0.59,0.00||23.03,5.57,17.60,42.41,2.21||3.95,1.49,3.46||0.04,0.13,0.22,0.36,0.71,0.05||
3.01,19.30,12.59,4.77,6.41,5.19,3.05||0.00,0.00,0.00,0.04,0.04,0.04||3.46,7.95,0.98,23.15,18.30,11.41||6.06,0.94,1.04,0.24,0.47||14.57,4.11,3.06,8.93,2.63||0.00,0.00,0.50,0.59,0.00||40.34,53.15,247.95,53.30,8.34||5.20,1.89,4.32||0.10,0.33,0.69,0.81,1.43,0.12||
3.01,19.30,12.59,4.77,6.41,5.19,3.05||0.00,0.00,0.00,0.04,0.04,0.04||3.46,7.95,0.98,23.15,18.30,11.41||6.06,0.94,1.04,0.24,0.47||14.49,4.10,3.02,8.90,2.62||0.00,0.00,0.50,0.59,0.00||30.56,17.40,66.88,47.60,4.32||5.99,2.13,4.84||0.13,0.40,0.88,0.97,1.68,0.15||
3.01,19.30,12.59,4.77,6.41,5.19,3.05||0.00,0.00,0.00,0.04,0.04,0.04||3.46,7.95,0.98,23.15,18.30,11.41||6.04,0.94,1.04,0.24,0.46||14.57,4.11,3.06,8.93,2.63||0.00,0.00,0.50,0.59,0.00||17.33,1.78,4.60,37.77,1.13||4.47,1.66,3.82||0.51,1.49,4.51,3.17,4.69,0.64||
3.01,19.30,12.59,4.77,6.41,5.19,3.05||0.00,0.00,0.00,0.04,0.04,0.04||3.46,7.95,0.98,23.15,18.30,11.41||6.06,0.94,1.04,0.24,0.47||14.59,4.11,3.06,8.94,2.63||0.00,0.00,0.50,0.59,0.00||46.73,95.99,496.02,56.60,11.80||4.83,1.77,4.07||0.05,0.17,0.29,0.44,0.84,0.06||
3.01,19.34,12.61,4.78,6.42,5.20,3.05||0.00,0.00,0.00,0.04,0.04,0.04||3.46,7.95,0.98,23.15,18.30,11.41||6.06,0.94,1.04,0.24,0.47||14.59,4.11,3.06,8.94,2.63||0.00,0.00,0.50,0.59,0.00||68.08,436.42,2930.91,65.99,28.76||4.74,1.74,4.01||0.16,0.50,1.15,1.18,1.98,0.20||
3.01,19.31,12.59,4.77,6.41,5.19,3.05||0.00,0.00,0.00,0.04,0.04,0.04||3.46,7.95,0.98,23.15,18.30,11.41||6.06,0.94,1.04,0.24,0.47||14.50,4.10,3.02,8.90,2.62||0.00,0.00,0.50,0.59,0.00||53.45,164.88,935.60,59.79,16.22||5.99,2.13,4.83||0.03,0.10,0.15,0.27,0.55,0.03||
3.01,19.30,12.59,4.77,6.41,5.19,3.05||0.00,0.00,0.00,0.04,0.04,0.04||3.46,7.95,0.98,23.15,18.30,11.41||6.06,0.94,1.04,0.24,0.47||14.29,4.07,2.93,8.82,2.61||0.00,0.00,0.50,0.59,0.00||36.51,35.60,154.92,51.18,6.58||4.96,1.81,4.15||0.08,0.25,0.49,0.64,1.16,0.09||
3.01,19.30,12.59,4.77,6.41,5.19,3.05||0.00,0.00,0.00,0.04,0.04,0.04||3.46,7.95,0.98,23.15,18.30,11.41||6.06,0.94,1.04,0.24,0.47||14.72,4.12,3.12,8.99,2.64||0.00,0.00,0.50,0.59,0.00||28.66,13.44,49.42,46.37,3.71||3.45,1.33,3.10||0.05,0.17,0.30,0.44,0.85,0.06||
3.01,19.30,12.59,4.77,6.41,5.19,3.05||0.00,0.00,0.00,0.04,0.04,0.04||3.46,7.95,0.98,23.15,18.30,11.41||6.06,0.94,1.04,0.24,0.47||14.62,4.11,3.08,8.95,2.63||0.00,0.00,0.50,0.59,0.00||32.56,22.45,90.20,48.84,5.02||4.24,1.59,3.66||0.13,0.40,0.89,0.98,1.68,0.16||
3.01,19.30,12.59,4.77,6.41,5.19,3.05||0.00,0.00,0.00,0.04,0.04,0.04||3.46,7.95,0.98,23.15,18.30,11.41||6.06,0.94,1.04,0.24,0.47||14.60,4.11,3.07,8.94,2.63||0.00,0.00,0.50,0.59,0.00||91.11,1408.49,11585.63,74.31,57.29||5.92,2.11,4.79||0.09,0.30,0.61,0.74,1.32,0.11||
3.01,19.30,12.59,4.77,6.41,5.19,3.05||0.00,0.00,0.00,0.04,0.04,0.04||3.46,7.95,0.98,23.15,18.30,11.41||6.06,0.94,1.04,0.24,0.47||14.50,4.10,3.02,8.90,2.62||0.00,0.00,0.50,0.59,0.00||29.85,15.82,59.84,47.14,4.09||3.97,1.50,3.48||0.11,0.34,0.72,0.84,1.47,0.13||
3.01,19.30,12.59,4.77,6.41,5.19,3.05||0.00,0.00,0.00,0.04,0.04,0.04||3.46,7.95,0.98,23.15,18.30,11.41||6.06,0.94,1.04,0.24,0.47||14.57,4.11,3.06,8.93,2.63||0.00,0.00,0.50,0.59,0.00||78.79,785.09,5836.49,70.03,40.62||6.05,2.15,4.87||0.48,1.40,4.18,3.00,4.47,0.60||
3.01,19.30,12.59,4.77,6.41,5.19,3.05||0.00,0.00,0.00,0.04,0.04,0.04||3.46,7.95,0.98,23.15,18.30,11.41||6.06,0.94,1.04,0.24,0.47||14.40,4.09,2.98,8.87,2.61||0.00,0.00,0.50,0.59,0.00||33.78,26.04,107.36,49.58,5.48||4.36,1.63,3.75||0.04,0.13,0.22,0.36,0.71,0.05||
3.01,19.30,12.59,4.77,6.41,5.19,3.05||0.00,0.00,0.00,0.04,0.04,0.04||3.49,7.96,1.00,23.24,18.34,11.48||6.06,0.94,1.04,0.24,0.47||14.46,4.09,3.01,8.89,2.62||0.00,0.00,0.50,0.59,0.00||26.36,9.60,33.30,44.81,3.05||3.59,1.38,3.20||0.05,0.16,0.28,0.42,0.81,0.06||
3.01,19.30,12.59,4.77,6.41,5.19,3.05||0.00,0.00,0.00,0.04,0.04,0.04||3.53,7.98,1.01,23.35,18.39,11.56||6.06,0.94,1.04,0.24,0.47||14.56,4.11,3.05,8.93,2.63||0.00,0.00,0.50,0.59,0.00||41.65,60.46,288.40,54.00,8.99||5.23,1.90,4.33||0.07,0.23,0.44,0.59,1.08,0.09||
3.01,19.30,12.59,4.77,6.41,5.19,3.05||0.00,0.00,0.00,0.04,0.04,0.04||3.51,7.97,1.00,23.28,18.36,11.51||6.06,0.94,1.04,0.24,0.47||14.40,4.09,2.98,8.86,2.61||0.00,0.00,0.50,0.59,0.00||63.26,324.68,2071.67,64.04,24.17||6.94,2.41,5.44||0.09,0.29,0.60,0.73,1.31,0.11||
3.01,19.30,12.59,4.77,6.41,5.19,3.05||0.00,0.00,0.00,0.04,0.04,0.04||3.50,7.97,1.00,23.27,18.35,11.50||6.06,0.94,1.04,0.24,0.47||14.55,4.11,3.05,8.92,2.63||0.00,0.00,0.50,0.59,0.00||89.79,1328.55,10818.13,73.87,55.35||5.85,2.09,4.75||0.44,1.30,3.80,2.80,4.21,0.55||
3.01,19.30,12.59,4.77,6.41,5.19,3.05||0.00,0.00,0.00,0.04,0.04,0.04||3.57,8.00,1.03,23.45,18.43,11.64||6.06,0.94,1.04,0.24,0.47||14.58,4.11,3.06,8.94,2.63||0.00,0.00,0.50,0.59,0.00||33.80,26.08,107.56,49.59,5.48||4.34,1.62,3.73||0.04,0.12,0.20,0.33,0.65,0.04||
3.01,19.30,12.59,4.77,6.41,5.19,3.05||0.00,0.00,0.00,0.04,0.04,0.04||3.55,7.99,1.02,23.39,18.41,11.60||6.06,0.94,1.04,0.24,0.47||14.49,4.10,3.02,8.90,2.62||0.00,0.00,0.50,0.59,0.00||31.05,18.54,72.08,47.91,4.49||5.20,1.89,4.32||0.03,0.11,0.19,0.31,0.63,0.04||
3.01,19.34,12.61,4.78,6.42,5.20,3.05||0.00,0.00,0.00,0.04,0.04,0.04||3.57,8.00,1.03,23.47,18.44,11.66||6.06,0.94,1.04,0.24,0.47||14.67,4.12,3.10,8.97,2.63||0.00,0.00,0.50,0.59,0.00||47.41,101.79,531.36,56.93,12.22||6.10,2.16,4.91||0.41,1.22,3.50,2.64,4.00,0.51||
3.01,19.35,12.61,4.78,6.42,5.20,3.05||0.00,0.00,0.00,0.04,0.04,0.04||3.58,8.00,1.04,23.49,18.45,11.67||6.06,0.94,1.04,0.24,0.47||14.70,4.12,3.11,8.98,2.64||0.00,0.00,0.50,0.59,0.00||55.73,195.01,1139.18,60.81,17.90||6.21,2.20,4.98||0.34,1.01,2.77,2.23,3.45,0.42||
3.02,19.35,12.61,4.78,6.42,5.20,3.05||0.00,0.00,0.00,0.04,0.04,0.04||3.65,8.04,1.06,23.68,18.53,11.83||6.06,0.94,1.04,0.24,0.47||14.52,4.10,3.03,8.91,2.62||0.00,0.00,0.50,0.59,0.00||37.09,37.90,166.74,51.51,6.83||3.52,1.35,3.15||0.06,0.19,0.35,0.49,0.93,0.07||
3.02,19.35,12.61,4.78,6.42,5.20,3.05||0.00,0.00,0.00,0.04,0.04,0.04||3.63,8.03,1.06,23.62,18.51,11.78||6.06,0.94,1.04,0.24,0.47||14.67,4.12,3.10,8.97,2.63||0.00,0.00,0.50,0.59,0.00||21.29,4.07,12.15,41.08,1.84||4.15,1.56,3.60||0.05,0.16,0.27,0.41,0.80,0.06||
3.02,19.43,12.65,4.80,6.45,5.22,3.06||0.00,0.00,0.00,0.04,0.04,0.04||3.66,8.04,1.07,23.70,18.54,11.85||6.08,0.94,1.05,0.24,0.47||14.61,4.11,3.07,8.94,2.63||0.00,0.00,0.50,0.59,0.00||19.99,3.16,9.03,40.04,1.58||3.62,1.39,3.22||0.04,0.13,0.22,0.35,0.69,0.05||
3.03,19.45,12.66,4.80,6.45,5.22,3.06||0.00,0.00,0.00,0.04,0.04,0.04||3.66,8.04,1.07,23.72,18.55,11.86||6.07,0.94,1.04,0.24,0.47||14.69,4.12,3.11,8.98,2.64||0.00,0.00,0.50,0.59,0.00||44.63,79.83,399.56,55.55,10.59||4.53,1.68,3.86||0.28,0.84,2.20,1.88,2.98,0.34||
3.02,19.37,12.62,4.78,6.43,5.21,3.05||0.00,0.00,0.00,0.04,0.04,0.04||3.66,8.04,1.07,23.72,18.55,11.86||6.06,0.94,1.04,0.24,0.47||14.61,4.11,3.07,8.95,2.63||0.00,0.00,0.50,0.59,0.00||49.90,125.04,676.37,58.13,13.79||5.86,2.09,4.75||0.23,0.71,1.80,1.63,2.63,0.29||
3.02,19.40,12.64,4.79,6.44,5.21,3.06||0.00,0.00,0.00,0.04,0.04,0.04||3.63,8.03,1.06,23.63,18.51,11.79||6.06,0.94,1.04,0.24,0.47||14.69,4.12,3.11,8.98,2.64||0.00,0.00,0.50,0.59,0.00||59.61,255.60,1564.77,62.50,20.99||6.70,2.34,5.30||0.53,1.54,4.68,3.26,4.80,0.66||
3.01,19.32,12.60,4.77,6.41,5.20,3.05||0.00,0.00,0.00,0.04,0.04,0.04||3.62,8.03,1.05,23.61,18.50,11.77||5.97,0.93,1.02,0.23,0.46||14.52,4.10,3.03,8.91,2.62||0.00,0.00,0.50,0.59,0.00||85.30,1080.59,8489.97,72.34,49.02||5.66,2.03,4.62||0.41,1.20,3.42,2.59,3.94,0.50||
3.01,19.30,12.59,4.77,6.41,5.19,3.05||0.00,0.00,0.00,0.04,0.04,0.04||3.56,7.99,1.03,23.43,18.42,11.62||5.95,0.93,1.01,0.23,0.46||14.20,4.06,2.89,8.79,2.60||0.00,0.00,0.50,0.59,0.00||66.14,388.36,2555.99,65.21,26.85||6.71,2.34,5.30||0.09,0.28,0.56,0.69,1.25,0.10||
3.01,19.30,12.59,4.77,6.41,5.19,3.05||0.00,0.00,0.00,0.04,0.04,0.04||3.54,7.99,1.02,23.39,18.41,11.59||5.86,0.92,0.99,0.23,0.46||14.51,4.10,3.03,8.91,2.62||0.00,0.00,0.50,0.59,0.00||27.71,11.74,42.16,45.74,3.43||7.19,2.49,5.60||2.54,6.64,28.85,12.19,15.13,3.22||
3.01,19.30,12.59,4.77,6.41,5.19,3.05||0.00,0.00,0.00,0.04,0.04,0.04||3.48,7.96,0.99,23.20,18.32,11.44||5.84,0.92,0.98,0.23,0.46||14.58,4.11,3.06,8.93,2.63||0.00,0.00,0.50,0.59,0.00||35.86,33.11,142.33,50.81,6.31||6.01,2.14,4.85||1.39,3.78,14.31,7.33,9.72,1.75||
3.00,19.26,12.57,4.76,6.39,5.18,3.04||0.00,0.00,0.00,0.04,0.04,0.04||3.53,7.98,1.01,23.34,18.39,11.56||5.75,0.91,0.96,0.23,0.45||14.59,4.11,3.06,8.94,2.63||0.00,0.00,0.50,0.59,0.00||55.38,190.18,1106.20,60.66,17.64||6.61,2.31,5.24||0.10,0.33,0.70,0.82,1.45,0.13||
3.00,19.25,12.56,4.76,6.39,5.18,3.04||0.00,0.00,0.00,0.04,0.04,0.04||3.47,7.95,0.99,23.19,18.32,11.44||5.74,0.91,0.96,0.23,0.45||14.59,4.11,3.06,8.94,2.63||0.00,0.00,0.50,0.59,0.00||65.71,378.30,2478.48,65.04,26.44||7.16,2.48,5.59||0.18,0.57,1.35,1.32,2.19,0.22||
3.01,19.29,12.58,4.76,6.40,5.19,3.04||0.00,0.00,0.00,0.04,0.04,0.04||3.46,7.95,0.99,23.16,18.31,11.41||5.65,0.90,0.93,0.22,0.45||14.22,4.07,2.90,8.80,2.60||0.00,0.00,0.50,0.59,0.00||43.33,70.84,347.29,54.88,9.87||8.54,2.88,6.43||0.19,0.59,1.42,1.37,2.26,0.23||
2.99,19.09,12.48,4.72,6.35,5.15,3.02||0.00,0.00,0.00,0.04,0.04,0.04||3.46,7.95,0.98,23.15,18.30,11.41||5.61,0.90,0.92,0.22,0.45||14.52,4.10,3.03,8.91,2.62||0.00,0.00,0.50,0.59,0.00||36.59,35.91,156.53,51.23,6.62||6.45,2.27,5.13||0.33,0.99,2.72,2.20,3.41,0.41||
2.98,19.05,12.46,4.71,6.33,5.14,3.02||0.00,0.00,0.00,0.04,0.04,0.04||3.46,7.95,0.98,23.15,18.30,11.41||5.54,0.89,0.91,0.22,0.44||14.39,4.09,2.98,8.86,2.61||0.00,0.00,0.50,0.59,0.00||51.96,147.11,818.47,59.10,15.17||8.94,2.99,6.67||0.07,0.23,0.44,0.58,1.07,0.08||
2.98,19.05,12.46,4.71,6.33,5.14,3.02||0.00,0.00,0.00,0.04,0.04,0.04||3.46,7.95,0.98,23.15,18.30,11.41||5.53,0.89,0.90,0.22,0.44||14.46,4.09,3.01,8.89,2.62||0.00,0.00,0.50,0.59,0.00||62.14,302.22,1904.58,63.57,23.17||6.47,2.27,5.14||0.02,0.07,0.09,0.19,0.41,0.02||
2.98,19.04,12.46,4.71,6.33,5.14,3.02||0.00,0.00,0.00,0.04,0.04,0.04||3.46,7.95,0.98,23.15,18.30,11.41||5.49,0.89,0.89,0.22,0.44||14.28,4.07,2.93,8.82,2.61||0.00,0.00,0.50,0.59,0.00||18.73,2.43,6.65,38.99,1.36||4.03,1.52,3.52||0.08,0.26,0.52,0.66,1.19,0.10||
2.98,19.04,12.46,4.71,6.33,5.14,3.02||0.00,0.00,0.00,0.04,0.04,0.04||3.46,7.95,0.98,23.15,18.30,11.41||5.43,0.88,0.88,0.22,0.44||14.25,4.07,2.91,8.81,2.60||0.00,0.00,0.50,0.59,0.00||40.90,56.20,264.73,53.61,8.61||4.23,1.58,3.66||0.02,0.09,0.13,0.24,0.50,0.03||
2.98,19.04,12.46,4.71,6.33,5.14,3.02||0.00,0.00,0.00,0.04,0.04,0.04||3.46,7.95,0.98,23.15,18.30,11.41||5.42,0.88,0.88,0.21,0.44||14.33,4.08,2.95,8.84,2.61||0.00,0.00,0.50,0.59,0.00||39.80,50.33,232.57,53.01,8.07||5.12,1.86,4.26||0.03,0.10,0.16,0.28,0.57,0.03||
2.98,19.00,12.43,4.70,6.32,5.14,3.01||0.00,0.00,0.00,0.04,0.04,0.04||3.46,7.95,0.98,23.15,18.30,11.41||5.40,0.88,0.87,0.21,0.44||14.35,4.08,2.96,8.85,2.61||0.00,0.00,0.50,0.59,0.00||32.54,22.40,89.96,48.83,5.01||4.59,1.70,3.90||0.10,0.33,0.70,0.82,1.44,0.13||
2.97,18.95,12.41,4.69,6.30,5.13,3.01||0.00,0.00,0.00,0.04,0.04,0.04||3.46,7.95,0.98,23.15,18.30,11.41||5.34,0.87,0.85,0.21,0.43||14.45,4.09,3.00,8.88,2.62||0.00,0.00,0.50,0.59,0.00||37.12,38.03,167.41,51.53,6.85||4.98,1.82,4.17||0.16,0.51,1.19,1.21,2.03,0.20||
2.96,18.82,12.34,4.66,6.27,5.10,2.99||0.00,0.00,0.00,0.04,0.04,0.04||3.46,7.95,0.98,23.15,18.30,11.41||5.32,0.87,0.85,0.21,0.43||14.37,4.08,2.97,8.86,2.61||0.00,0.00,0.50,0.59,0.00||37.63,40.18,178.58,51.81,7.07||7.36,2.54,5.71||0.12,0.39,0.85,0.95,1.64,0.15||
2.95,18.80,12.33,4.66,6.26,5.10,2.99||0.00,0.00,0.00,0.04,0.04,0.04||3.46,7.95,0.98,23.15,18.30,11.41||5.32,0.87,0.85,0.21,0.43||14.27,4.07,2.92,8.81,2.61||0.00,0.00,0.50,0.59,0.00||60.96,279.84,1740.21,63.08,22.14||7.66,2.62,5.89||0.12,0.38,0.82,0.92,1.60,0.15||
2.95,18.79,12.33,4.65,6.26,5.09,2.99||0.00,0.00,0.00,0.04,0.04,0.04||3.46,7.95,0.98,23.15,18.30,11.41||5.24,0.86,0.83,0.21,0.43||14.24,4.07,2.91,8.81,2.60||0.00,0.00,0.50,0.59,0.00||68.90,457.88,3100.64,66.31,29.58||7.93,2.70,6.06||0.11,0.36,0.76,0.87,1.53,0.14||
2.95,18.79,12.33,4.65,6.26,5.09,2.99||0.00,0.00,0.00,0.04,0.04,0.04||3.36,7.90,0.94,22.88,18.19,11.19||5.22,0.86,0.83,0.21,0.43||14.33,4.08,2.95,8.84,2.61||0.00,0.00,0.50,0.59,0.00||58.38,235.08,1418.40,61.98,19.99||5.95,2.12,4.81||0.10,0.33,0.68,0.81,1.43,0.12||
2.95,18.79,12.33,4.65,6.26,5.09,2.99||0.00,0.00,0.00,0.04,0.04,0.04||3.44,7.94,0.98,23.10,18.28,11.36||5.22,0.86,0.83,0.21,0.43||14.26,4.07,2.92,8.81,2.60||0.00,0.00,0.50,0.59,0.00||58.23,232.73,1401.84,61.91,19.87||4.82,1.77,4.06||0.06,0.21,0.38,0.53,0.99,0.08||
2.95,18.79,12.33,4.65,6.26,5.09,2.99||0.00,0.00,0.00,0.04,0.04,0.04||3.39,7.91,0.96,22.96,18.22,11.25||5.20,0.86,0.82,0.21,0.43||14.15,4.06,2.87,8.77,2.60||0.00,0.00,0.50,0.59,0.00||29.83,15.79,59.69,47.13,4.08||3.78,1.44,3.34||0.03,0.11,0.18,0.31,0.62,0.04||
2.95,18.79,12.33,4.65,6.26,5.09,2.99||0.00,0.00,0.00,0.04,0.04,0.04||3.32,7.88,0.93,22.75,18.13,11.09||5.14,0.86,0.81,0.20,0.43||14.31,4.08,2.94,8.83,2.61||0.00,0.00,0.50,0.59,0.00||26.51,9.82,34.21,44.92,3.09||3.70,1.41,3.28||0.04,0.14,0.25,0.39,0.75,0.05||
2.95,18.79,12.33,4.65,6.26,5.09,2.99||0.00,0.00,0.00,0.04,0.04,0.04||3.34,7.89,0.93,22.80,18.15,11.13||5.13,0.85,0.80,0.20,0.42||14.16,4.06,2.88,8.77,2.60||0.00,0.00,0.50,0.59,0.00||24.52,7.17,23.65,43.51,2.57||3.44,1.33,3.09||0.03,0.11,0.18,0.30,0.61,0.04||
2.95,18.79,12.33,4.65,6.26,5.09,2.99||0.00,0.00,0.00,0.04,0.04,0.04||3.31,7.87,0.92,22.72,18.12,11.07||5.12,0.85,0.80,0.20,0.42||14.22,4.07,2.90,8.80,2.60||0.00,0.00,0.50,0.59,0.00||32.62,22.60,90.94,48.88,5.04||3.80,1.45,3.35||0.04,0.15,0.26,0.40,0.78,0.05||
2.94,18.71,12.28,4.64,6.23,5.08,2.98||0.00,0.00,0.00,0.04,0.04,0.04||3.27,7.86,0.91,22.62,18.07,10.99||5.12,0.85,0.80,0.20,0.42||14.14,4.06,2.87,8.77,2.60||0.00,0.00,0.50,0.59,0.00||45.10,83.22,419.53,55.78,10.85||4.51,1.67,3.85||0.06,0.20,0.37,0.52,0.97,0.07||
2.94,18.70,12.28,4.63,6.23,5.08,2.98||0.00,0.00,0.00,0.03,0.04,0.04||3.27,7.85,0.90,22.60,18.06,10.97||5.12,0.85,0.80,0.20,0.42||14.13,4.06,2.86,8.76,2.60||0.00,0.00,0.50,0.59,0.00||63.18,323.03,2059.33,64.01,24.09||5.99,2.13,4.84||0.07,0.22,0.41,0.56,1.04,0.08||
2.95,18.73,12.30,4.64,6.24,5.08,2.98||0.00,0.00,0.00,0.03,0.04,0.04||3.27,7.85,0.90,22.59,18.06,10.97||5.05,0.85,0.78,0.20,0.42||14.03,4.04,2.82,8.73,2.59||0.00,0.00,0.50,0.59,0.00||55.93,197.82,1158.50,60.90,18.06||6.21,2.20,4.98||0.06,0.20,0.37,0.52,0.97,0.07||
2.93,18.58,12.22,4.61,6.19,5.05,2.96||0.00,0.00,0.00,0.04,0.04,0.04||3.27,7.85,0.90,22.59,18.06,10.97||5.03,0.85,0.78,0.20,0.42||14.20,4.06,2.89,8.79,2.60||0.00,0.00,0.50,0.59,0.00||42.23,63.90,307.74,54.31,9.29||6.30,2.22,5.04||0.02,0.06,0.08,0.17,0.37,0.02||
2.93,18.59,12.22,4.61,6.20,5.06,2.96||0.00,0.00,0.00,0.04,0.04,0.04||3.27,7.85,0.90,22.59,18.06,10.97||5.03,0.85,0.78,0.20,0.42||14.32,4.08,2.95,8.84,2.61||0.00,0.00,0.50,0.59,0.00||38.07,42.13,188.77,52.06,7.27||4.77,1.75,4.03||0.07,0.24,0.46,0.60,1.11,0.09||
2.93,18.55,12.20,4.60,6.19,5.05,2.96||0.00,0.00,0.00,0.04,0.04,0.04||3.27,7.85,0.90,22.59,18.06,10.97||5.03,0.85,0.78,0.20,0.42||14.26,4.07,2.92,8.81,2.60||0.00,0.00,0.50,0.59,0.00||34.51,28.36,118.67,50.02,5.76||5.65,2.02,4.61||0.12,0.38,0.82,0.92,1.60,0.15||
2.92,18.54,12.20,4.60,6.18,5.05,2.96||0.00,0.00,0.00,0.03,0.04,0.04||3.27,7.85,0.90,22.59,18.06,10.97||5.03,0.85,0.78,0.20,0.42||14.06,4.05,2.83,8.74,2.59||0.00,0.00,0.50,0.59,0.00||63.08,320.92,2043.58,63.96,24.00||6.90,2.40,5.42||0.45,1.30,3.80,2.80,4.21,0.55||
2.92,18.54,12.20,4.60,6.18,5.05,2.96||0.00,0.00,0.00,0.03,0.04,0.04||3.27,7.85,0.90,22.59,18.06,10.97||5.00,0.84,0.77,0.20,0.42||14.29,4.08,2.93,8.83,2.61||0.00,0.00,0.50,0.59,0.00||42.89,67.99,330.95,54.65,9.63||6.00,2.13,4.84||0.41,1.22,3.50,2.64,4.00,0.51||
2.92,18.54,12.20,4.60,6.18,5.05,2.96||0.00,0.00,0.00,0.03,0.04,0.04||3.27,7.85,0.90,22.59,18.06,10.97||4.95,0.84,0.76,0.20,0.42||14.16,4.06,2.88,8.77,2.60||0.00,0.00,0.50,0.59,0.00||49.81,124.14,670.66,58.09,13.73||6.63,2.32,5.25||0.10,0.33,0.68,0.80,1.42,0.12||
2.92,18.54,12.20,4.60,6.18,5.05,2.96||0.00,0.00,0.00,0.04,0.04,0.04||3.27,7.85,0.90,22.59,18.06,10.97||4.94,0.84,0.76,0.20,0.42||14.04,4.04,2.83,8.73,2.59||0.00,0.00,0.50,0.59,0.00||40.44,53.69,250.90,53.36,8.38||5.77,2.06,4.69||0.28,0.84,2.20,1.88,2.98,0.34||
2.92,18.54,12.20,4.60,6.18,5.05,2.96||0.00,0.00,0.00,0.03,0.04,0.04||3.27,7.85,0.90,22.59,18.06,10.97||4.93,0.84,0.76,0.20,0.42||14.11,4.05,2.85,8.75,2.59||0.00,0.00,0.50,0.59,0.00||49.75,123.57,667.05,58.06,13.69||5.26,1.90,4.35||0.43,1.27,3.67,2.73,4.12,0.54||
2.92,18.54,12.20,4.60,6.18,5.05,2.96||0.00,0.00,0.00,0.03,0.04,0.04||3.27,7.85,0.90,22.59,18.06,10.97||4.93,0.84,0.76,0.20,0.42||14.21,4.07,2.90,8.79,2.60||0.00,0.00,0.50,0.59,0.00||43.40,71.34,350.20,54.92,9.91||5.92,2.11,4.79||0.11,0.36,0.76,0.87,1.52,0.14||
2.92,18.54,12.20,4.60,6.18,5.05,2.96||0.00,0.00,0.00,0.03,0.04,0.04||3.27,7.85,0.90,22.59,18.06,10.97||4.93,0.84,0.76,0.20,0.42||14.05,4.05,2.83,8.73,2.59||0.00,0.00,0.50,0.59,0.00||18.26,2.19,5.89,38.58,1.28||4.37,1.63,3.75||0.06,0.20,0.36,0.51,0.96,0.07||
2.92,18.54,12.20,4.60,6.18,5.05,2.96||0.00,0.00,0.00,0.03,0.04,0.04||3.27,7.85,0.90,22.59,18.06,10.97||4.88,0.83,0.74,0.20,0.41||14.11,4.05,2.85,8.75,2.59||0.00,0.00,0.50,0.59,0.00||27.43,11.27,40.18,45.55,3.35||3.30,1.28,2.99||0.04,0.15,0.25,0.39,0.76,0.05||
2.92,18.54,12.20,4.60,6.18,5.05,2.96||0.00,0.00,0.00,0.03,0.04,0.04||3.27,7.85,0.90,22.59,18.06,10.97||4.85,0.83,0.74,0.19,0.41||14.21,4.07,2.90,8.79,2.60||0.00,0.00,0.50,0.59,0.00||21.83,4.50,13.69,41.50,1.95||4.02,1.52,3.51||0.16,0.50,1.17,1.19,2.00,0.20||
2.92,18.54,12.20,4.60,6.18,5.05,2.96||0.00,0.00,0.00,0.03,0.04,0.04||3.27,7.85,0.90,22.59,18.06,10.97||4.84,0.83,0.74,0.19,0.41||14.05,4.05,2.83,8.73,2.59||0.00,0.00,0.50,0.59,0.00||42.31,64.37,310.41,54.35,9.33||5.79,2.07,4.71||0.48,1.40,4.17,3.00,4.47,0.60||
2.92,18.54,12.20,4.60,6.18,5.05,2.96||0.00,0.00,0.00,0.03,0.04,0.04||3.27,7.85,0.90,22.59,18.06,10.97||4.84,0.83,0.73,0.19,0.41||14.29,4.07,2.93,8.82,2.61||0.00,0.00,0.50,0.59,0.00||40.10,51.90,241.10,53.18,8.22||5.59,2.01,4.58||0.04,0.13,0.21,0.34,0.67,0.04||
2.92,18.46,12.16,4.58,6.16,5.03,2.95||0.00,0.00,0.00,0.03,0.04,0.04||3.27,7.85,0.90,22.59,18.06,10.97||4.84,0.83,0.73,0.19,0.41||13.97,4.04,2.80,8.70,2.58||0.00,0.00,0.50,0.59,0.00||31.49,19.63,77.07,48.18,4.64||5.76,2.06,4.68||0.14,0.44,0.99,1.05,1.80,0.17||
2.90,18.33,12.09,4.55,6.12,5.01,2.93||0.00,0.00,0.00,0.03,0.04,0.04||3.27,7.85,0.90,22.59,18.06,10.97||4.84,0.83,0.73,0.19,0.41||14.00,4.04,2.81,8.71,2.59||0.00,0.00,0.50,0.59,0.00||40.99,56.68,267.38,53.65,8.66||4.23,1.58,3.65||0.02,0.09,0.13,0.24,0.50,0.03||
2.90,18.31,12.07,4.55,6.11,5.00,2.93||0.00,0.00,0.00,0.03,0.04,0.04||3.18,7.81,0.87,22.33,17.94,10.76||4.84,0.83,0.73,0.19,0.41||14.10,4.05,2.85,8.75,2.59||0.00,0.00,0.50,0.59,0.00||22.99,5.54,17.46,42.38,2.20||3.48,1.34,3.12||0.04,0.15,0.26,0.40,0.77,0.05||
2.91,18.38,12.11,4.56,6.13,5.01,2.94||0.00,0.00,0.00,0.03,0.04,0.04||3.25,7.84,0.90,22.54,18.04,10.93||4.78,0.82,0.72,0.19,0.41||14.03,4.04,2.82,8.72,2.59||0.00,0.00,0.50,0.59,0.00||43.28,70.54,345.56,54.86,9.84||5.22,1.89,4.33||0.20,0.60,1.46,1.40,2.30,0.24||
2.90,18.31,12.08,4.55,6.12,5.00,2.93||0.00,0.00,0.00,0.03,0.04,0.04||3.20,7.82,0.88,22.40,17.98,10.82||4.76,0.82,0.72,0.19,0.41||14.01,4.04,2.81,8.72,2.59||0.00,0.00,0.50,0.59,0.00||60.92,278.97,1733.90,63.06,22.10||5.58,2.00,4.57||0.05,0.16,0.28,0.43,0.82,0.06||
2.90,18.30,12.07,4.54,6.11,5.00,2.93||0.00,0.00,0.00,0.03,0.04,0.04||3.16,7.80,0.86,22.29,17.93,10.73||4.75,0.82,0.71,0.19,0.41||14.10,4.05,2.85,8.75,2.59||0.00,0.00,0.50,0.59,0.00||28.87,13.83,51.12,46.50,3.78||4.48,1.66,3.83||0.14,0.43,0.96,1.03,1.77,0.17||
2.90,18.30,12.07,4.54,6.11,5.00,2.93||0.00,0.00,0.00,0.03,0.04,0.04||3.10,7.76,0.84,22.09,17.84,10.58||4.75,0.82,0.71,0.19,0.41||14.12,4.05,2.86,8.76,2.59||0.00,0.00,0.50,0.59,0.00||42.73,67.02,325.42,54.57,9.55||4.75,1.75,4.01||0.31,0.92,2.47,2.05,3.21,0.38||
2.90,18.30,12.07,4.54,6.11,5.00,2.93||0.00,0.00,0.00,0.03,0.04,0.04||3.11,7.77,0.84,22.14,17.86,10.62||4.75,0.82,0.71,0.19,0.41||14.21,4.07,2.90,8.79,2.60||0.00,0.00,0.50,0.59,0.00||19.93,3.12,8.91,39.99,1.57||3.11,1.22,2.86||0.11,0.36,0.76,0.87,1.52,0.14||
2.90,18.30,12.07,4.54,6.11,5.00,2.93||0.00,0.00,0.00,0.03,0.04,0.04||3.09,7.76,0.83,22.06,17.83,10.56||4.75,0.82,0.71,0.19,0.41||14.05,4.05,2.83,8.73,2.59||0.00,0.00,0.50,0.59,0.00||40.23,52.59,244.85,53.25,8.28||5.22,1.89,4.33||0.77,2.19,7.24,4.47,6.33,0.97||
2.90,18.30,12.07,4.54,6.11,5.00,2.93||0.00,0.00,0.00,0.03,0.04,0.04||3.08,7.76,0.83,22.05,17.82,10.55||4.75,0.82,0.71,0.19,0.41||14.02,4.04,2.82,8.72,2.59||0.00,0.00,0.50,0.59,0.00||59.48,253.42,1549.11,62.45,20.89||5.55,1.99,4.55||0.05,0.18,0.32,0.47,0.89,0.06||
2.90,18.30,12.07,4.54,6.11,5.00,2.93||0.00,0.00,0.00,0.03,0.04,0.04||3.08,7.76,0.83,22.04,17.82,10.54||4.75,0.82,0.71,0.19,0.41||14.01,4.04,2.81,8.72,2.59||0.00,0.00,0.50,0.59,0.00||24.74,7.43,24.66,43.67,2.62||2.63,1.06,2.49||0.03,0.11,0.17,0.30,0.60,0.04||
2.90,18.30,12.07,4.54,6.11,5.00,2.93||0.00,0.00,0.00,0.03,0.04,0.04||3.11,7.77,0.84,22.13,17.86,10.61||4.70,0.81,0.70,0.19,0.41||14.01,4.04,2.81,8.72,2.59||0.00,0.00,0.50,0.59,0.00||30.56,17.40,66.91,47.60,4.32||5.90,2.10,4.78||0.35,1.05,2.91,2.31,3.56,0.44||
2.90,18.30,12.07,4.54,6.11,5.00,2.93||0.00,0.00,0.00,0.03,0.04,0.04||3.09,7.76,0.83,22.06,17.83,10.56||4.67,0.81,0.69,0.19,0.40||14.01,4.04,2.81,8.72,2.59||0.00,0.00,0.50,0.59,0.00||25.43,8.30,28.09,44.16,2.80||4.24,1.59,3.66||0.04,0.14,0.25,0.38,0.75,0.05||
2.90,18.30,12.07,4.54,6.11,5.00,2.93||0.00,0.00,0.00,0.03,0.04,0.04||3.08,7.76,0.83,22.05,17.82,10.55||4.66,0.81,0.69,0.19,0.40||13.92,4.03,2.77,8.68,2.58||0.00,0.00,0.50,0.59,0.00||40.98,56.62,267.01,53.65,8.65||5.81,2.07,4.72||0.02,0.07,0.11,0.21,0.44,0.02||
2.90,18.30,12.07,4.54,6.11,5.00,2.93||0.00,0.00,0.00,0.03,0.04,0.04||3.08,7.76,0.83,22.04,17.82,10.54||4.66,0.81,0.69,0.19,0.40||13.90,4.03,2.77,8.67,2.58||0.00,0.00,0.50,0.59,0.00||34.84,29.49,124.23,50.21,5.89||4.69,1.73,3.97||0.03,0.12,0.19,0.32,0.63,0.04||
2.90,18.30,12.07,4.54,6.11,5.00,2.93||0.00,0.00,0.00,0.03,0.04,0.04||3.08,7.76,0.83,22.04,17.82,10.54||4.66,0.81,0.69,0.19,0.40||13.99,4.04,2.80,8.71,2.59||0.00,0.00,0.50,0.59,0.00||18.07,2.10,5.60,38.42,1.25||5.70,2.04,4.65||0.11,0.34,0.72,0.84,1.47,0.13||
2.90,18.30,12.07,4.54,6.11,5.00,2.93||0.00,0.00,0.00,0.03,0.04,0.04||3.08,7.76,0.83,22.04,17.82,10.54||4.66,0.81,0.69,0.19,0.40||14.10,4.05,2.85,8.75,2.59||0.00,0.00,0.50,0.59,0.00||24.10,6.70,21.83,43.21,2.46||3.10,1.21,2.84||0.24,0.74,1.88,1.68,2.70,0.30||
2.90,18.30,12.07,4.54,6.11,5.00,2.93||0.00,0.00,0.00,0.03,0.04,0.04||3.08,7.76,0.83,22.04,17.82,10.54||4.66,0.81,0.69,0.19,0.40||14.12,4.05,2.86,8.76,2.59||0.00,0.00,0.50,0.59,0.00||20.83,3.72,10.96,40.71,1.75||2.62,1.05,2.48||0.04,0.14,0.24,0.37,0.73,0.05||
2.90,18.30,12.07,4.54,6.11,5.00,2.93||0.00,0.00,0.00,0.03,0.04,0.04||3.08,7.76,0.83,22.04,17.82,10.54||4.66,0.81,0.69,0.19,0.40||14.03,4.04,2.82,8.72,2.59||0.00,0.00,0.50,0.59,0.00||63.72,334.42,2144.74,64.23,24.59||5.42,1.95,4.46||0.08,0.25,0.50,0.64,1.17,0.09||
2.88,18.18,12.01,4.52,6.08,4.98,2.92||0.00,0.00,0.00,0.03,0.04,0.04||3.08,7.76,0.83,22.04,17.82,10.54||4.66,0.81,0.69,0.19,0.40||13.92,4.03,2.78,8.68,2.58||0.00,0.00,0.50,0.59,0.00||35.81,32.92,141.34,50.78,6.29||6.16,2.18,4.95||0.09,0.29,0.60,0.73,1.31,0.11||
2.89,18.20,12.02,4.52,6.08,4.98,2.92||0.00,0.00,0.00,0.03,0.04,0.04||3.08,7.76,0.83,22.04,17.82,10.54||4.64,0.81,0.69,0.19,0.40||13.99,4.04,2.81,8.71,2.59||0.00,0.00,0.50,0.59,0.00||40.81,55.70,261.95,53.56,8.57||5.97,2.12,4.82||0.10,0.32,0.67,0.80,1.41,0.12||
2.88,18.12,11.98,4.50,6.06,4.96,2.91||0.00,0.00,0.00,0.03,0.04,0.04||3.08,7.76,0.83,22.04,17.82,10.54||4.59,0.80,0.68,0.18,0.40||13.91,4.03,2.77,8.68,2.58||0.00,0.00,0.50,0.59,0.00||39.91,50.89,235.62,53.07,8.12||4.41,1.64,3.78||0.38,1.12,3.16,2.45,3.75,0.47||
2.89,18.22,12.03,4.53,6.09,4.98,2.92||0.00,0.00,0.00,0.03,0.04,0.04||3.08,7.76,0.83,22.04,17.82,10.54||4.58,0.80,0.67,0.18,0.40||14.08,4.05,2.84,8.74,2.59||0.00,0.00,0.50,0.59,0.00||64.15,343.56,2213.71,64.41,24.98||4.28,1.60,3.69||0.06,0.19,0.36,0.50,0.94,0.07||
2.88,18.17,12.00,4.51,6.07,4.97,2.91||0.00,0.00,0.00,0.03,0.04,0.04||3.08,7.76,0.83,22.04,17.82,10.54||4.58,0.80,0.67,0.18,0.40||14.12,4.05,2.86,8.76,2.59||0.00,0.00,0.50,0.59,0.00||54.07,172.73,988.07,60.07,16.67||6.03,2.14,4.86||0.22,0.67,1.66,1.53,2.50,0.27||
2.88,18.12,11.98,4.50,6.06,4.96,2.91||0.00,0.00,0.00,0.03,0.04,0.04||3.08,7.76,0.83,22.04,17.82,10.54||4.58,0.80,0.67,0.18,0.40||14.03,4.04,2.82,8.72,2.59||0.00,0.00,0.50,0.59,0.00||25.88,8.92,30.56,44.48,2.92||3.62,1.39,3.23||0.06,0.20,0.36,0.51,0.96,0.07||
2.87,18.11,11.97,4.50,6.05,4.96,2.91||0.00,0.00,0.00,0.03,0.04,0.04||3.08,7.76,0.83,22.04,17.82,10.54||4.58,0.80,0.67,0.18,0.40||14.11,4.05,2.85,8.75,2.59||0.00,0.00,0.50,0.59,0.00||53.79,169.07,963.57,59.94,16.46||4.65,1.72,3.95||0.22,0.69,1.72,1.57,2.55,0.28||
2.87,18.07,11.95,4.49,6.04,4.95,2.90||0.00,0.00,0.00,0.03,0.04,0.04||3.08,7.76,0.83,22.04,17.82,10.54||4.58,0.80,0.67,0.18,0.40||14.03,4.04,2.82,8.72,2.59||0.00,0.00,0.50,0.59,0.00||47.96,106.59,560.85,57.20,12.55||3.96,1.50,3.47||0.24,0.75,1.90,1.69,2.72,0.30||
2.87,18.06,11.95,4.49,6.04,4.95,2.90||0.00,0.00,0.00,0.03,0.04,0.04||3.08,7.76,0.83,22.04,17.82,10.54||4.58,0.80,0.67,0.18,0.40||13.92,4.03,2.78,8.68,2.58||0.00,0.00,0.50,0.59,0.00||41.72,60.86,290.63,54.04,9.03||3.80,1.45,3.36||0.33,0.98,2.66,2.16,3.36,0.40||
2.87,18.06,11.95,4.49,6.04,4.95,2.90||0.00,0.00,0.00,0.03,0.04,0.04||3.08,7.76,0.83,22.04,17.82,10.54||4.58,0.80,0.67,0.18,0.40||14.08,4.05,2.84,8.74,2.59||0.00,0.00,0.50,0.59,0.00||62.59,311.18,1971.00,63.76,23.57||3.31,1.29,3.00||0.03,0.09,0.14,0.26,0.53,0.03||
2.87,18.06,11.95,4.49,6.04,4.95,2.90||0.00,0.00,0.00,0.03,0.04,0.04||3.08,7.76,0.83,22.04,17.82,10.54||4.58,0.80,0.67,0.18,0.40||14.12,4.05,2.86,8.76,2.59||0.00,0.00,0.50,0.59,0.00||35.65,32.33,138.37,50.68,6.22||4.56,1.69,3.88||0.09,0.30,0.62,0.75,1.34,0.11||
