4.58,34.68,19.94,8.08,10.79,7.89,4.67||0.00,0.00,0.00,0.08,0.07,0.08||61.60,14.59,70.65,78.50,35.66,80.91||12.86,1.43,3.35,0.47,0.70||54.43,7.09,49.64,20.15,4.41||0.02,0.05,0.70,0.81,0.01||48.37,110.31,583.92,57.40,12.81||4.62,1.71,3.93||0.23,0.71,1.78,1.61,2.61,0.29||
3.10,20.13,13.01,4.95,6.65,5.35,3.14||0.00,0.00,0.00,0.04,0.04,0.04||5.33,8.71,1.87,27.81,20.23,15.31||5.53,0.89,0.90,0.22,0.44||17.96,4.48,4.75,10.16,2.85||0.00,0.01,0.53,0.63,0.00||18.23,2.18,5.85,38.56,1.27||3.92,1.48,3.44||1.74,4.66,18.54,8.85,11.45,2.19||
2.89,18.25,12.05,4.53,6.10,4.99,2.92||0.00,0.00,0.00,0.04,0.04,0.04||3.43,7.93,0.97,23.07,18.27,11.35||4.75,0.82,0.71,0.19,0.41||14.71,4.12,3.12,8.98,2.64||0.00,0.01,0.50,0.60,0.00||20.14,3.25,9.36,40.16,1.61||3.14,1.23,2.87||0.20,0.63,1.54,1.46,2.39,0.25||
2.85,17.91,11.87,4.46,5.99,4.92,2.88||0.00,0.00,0.00,0.03,0.04,0.04||3.15,7.79,0.86,22.25,17.91,10.70||4.61,0.81,0.68,0.19,0.40||14.05,4.05,2.83,8.73,2.59||0.00,0.00,0.50,0.60,0.00||12.25,0.44,0.90,32.79,0.50||2.22,0.92,2.18||0.36,1.06,2.95,2.33,3.59,0.44||
2.84,17.84,11.83,4.44,5.97,4.91,2.88||0.00,0.00,0.00,0.03,0.04,0.04||3.09,7.76,0.83,22.08,17.84,10.57||4.58,0.80,0.67,0.18,0.40||14.02,4.04,2.82,8.72,2.59||0.00,0.00,0.50,0.59,0.00||27.47,11.33,40.44,45.57,3.36||5.26,1.90,4.35||2.84,7.36,32.78,13.37,16.40,3.59||
2.84,17.82,11.82,4.44,5.97,4.91,2.87||0.00,0.00,0.00,0.03,0.04,0.04||3.08,7.76,0.83,22.05,17.82,10.55||4.58,0.80,0.67,0.18,0.40||13.92,4.03,2.78,8.68,2.58||0.00,0.00,0.50,0.59,0.00||39.43,48.51,222.72,52.81,7.90||3.55,1.36,3.18||39.09,85.46,691.07,122.13,112.30,50.96||
2.84,17.82,11.82,4.44,5.97,4.91,2.87||0.00,0.00,0.00,0.03,0.04,0.04||3.08,7.76,0.83,22.05,17.82,10.54||4.58,0.80,0.67,0.18,0.40||14.17,4.06,2.88,8.78,2.60||0.00,0.00,0.50,0.59,0.00||28.79,13.69,50.48,46.45,3.75||5.13,1.87,4.27||2.35,6.16,26.26,11.39,14.26,2.96||
2.84,17.82,11.82,4.44,5.97,4.91,2.87||0.00,0.00,0.00,0.03,0.04,0.04||3.08,7.76,0.83,22.04,17.82,10.54||4.58,0.80,0.67,0.18,0.40||14.13,4.06,2.87,8.76,2.60||0.00,0.00,0.50,0.59,0.00||31.36,19.31,75.61,48.10,4.60||4.38,1.63,3.76||1.71,4.58,18.18,8.72,11.31,2.15||
2.84,17.82,11.82,4.44,5.97,4.91,2.87||0.00,0.00,0.00,0.03,0.04,0.04||3.08,7.76,0.83,22.04,17.82,10.54||4.58,0.80,0.67,0.18,0.40||14.22,4.07,2.90,8.80,2.60||0.00,0.00,0.50,0.59,0.00||26.11,9.24,31.83,44.64,2.98||2.88,1.14,2.68||1.31,3.56,13.29,6.95,9.28,1.64||
2.84,17.78,11.80,4.43,5.96,4.90,2.87||0.00,0.00,0.00,0.03,0.04,0.04||3.08,7.76,0.83,22.04,17.82,10.54||4.58,0.80,0.67,0.18,0.40||14.23,4.07,2.91,8.80,2.60||0.00,0.00,0.50,0.59,0.00||39.53,48.99,225.31,52.86,7.94||4.59,1.70,3.90||0.65,1.87,5.95,3.88,5.59,0.82||
2.84,17.78,11.80,4.43,5.95,4.90,2.87||0.00,0.00,0.00,0.03,0.04,0.04||3.08,7.76,0.83,22.04,17.82,10.54||4.58,0.80,0.67,0.18,0.40||14.42,4.09,2.99,8.87,2.62||0.00,0.00,0.50,0.59,0.00||22.57,5.14,16.00,42.06,2.11||5.18,1.88,4.30||1.16,3.20,11.62,6.30,8.53,1.46||
2.84,17.81,11.82,4.43,5.97,4.90,2.87||0.00,0.00,0.00,0.03,0.04,0.04||3.08,7.76,0.83,22.04,17.82,10.54||4.58,0.80,0.67,0.18,0.40||14.09,4.05,2.85,8.75,2.59||0.00,0.00,0.50,0.59,0.00||46.62,95.15,490.91,56.55,11.74||4.23,1.58,3.65||5.14,12.83,65.36,22.07,25.36,6.55||
2.84,17.78,11.80,4.43,5.96,4.90,2.87||0.00,0.00,0.00,0.03,0.04,0.04||3.08,7.76,0.83,22.04,17.82,10.54||4.58,0.80,0.67,0.18,0.40||14.30,4.08,2.94,8.83,2.61||0.00,0.00,0.50,0.59,0.00||62.30,305.39,1928.06,63.64,23.31||4.23,1.58,3.66||3.31,8.51,39.23,15.24,18.37,4.20||
2.83,17.70,11.76,4.41,5.93,4.88,2.86||0.00,0.00,0.00,0.03,0.04,0.04||3.08,7.76,0.83,22.04,17.82,10.54||4.58,0.80,0.67,0.18,0.40||14.16,4.06,2.88,8.77,2.60||0.00,0.00,0.50,0.59,0.00||47.76,104.80,549.84,57.10,12.43||6.72,2.35,5.31||1.10,3.05,10.93,6.03,8.20,1.38||
2.82,17.65,11.73,4.40,5.92,4.87,2.85||0.00,0.00,0.00,0.03,0.04,0.04||3.08,7.76,0.83,22.04,17.82,10.54||4.56,0.80,0.67,0.18,0.40||14.13,4.06,2.86,8.76,2.60||0.00,0.00,0.50,0.59,0.00||32.52,22.33,89.67,48.82,5.01||2.71,1.08,2.55||8.46,20.44,116.70,33.60,36.56,10.85||
2.82,17.64,11.73,4.40,5.91,4.87,2.85||0.00,0.00,0.00,0.03,0.04,0.04||3.08,7.76,0.83,22.04,17.82,10.54||4.57,0.80,0.67,0.18,0.40||14.03,4.04,2.82,8.73,2.59||0.00,0.00,0.50,0.59,0.00||32.37,21.93,87.79,48.73,4.95||5.77,2.06,4.69||6.91,16.92,92.23,28.33,31.51,8.84||
2.83,17.67,11.74,4.40,5.92,4.88,2.86||0.00,0.00,0.00,0.03,0.04,0.04||3.03,7.73,0.81,21.87,17.74,10.41||4.51,0.80,0.66,0.18,0.40||13.92,4.03,2.78,8.68,2.58||0.00,0.00,0.50,0.59,0.00||13.78,0.71,1.56,34.39,0.66||3.80,1.44,3.35||7.96,19.31,108.68,31.91,34.95,10.20||
2.83,17.68,11.75,4.40,5.93,4.88,2.86||0.00,0.00,0.00,0.03,0.04,0.04||3.07,7.75,0.82,22.01,17.80,10.52||4.49,0.79,0.65,0.18,0.40||14.08,4.05,2.84,8.75,2.59||0.00,0.00,0.50,0.59,0.00||13.55,0.66,1.44,34.16,0.63||3.74,1.42,3.31||1.67,4.49,17.73,8.56,11.13,2.11||
2.82,17.61,11.71,4.39,5.90,4.86,2.85||0.00,0.00,0.00,0.03,0.04,0.04||3.02,7.72,0.81,21.86,17.74,10.41||4.49,0.79,0.65,0.18,0.40||14.21,4.06,2.90,8.79,2.60||0.00,0.00,0.50,0.59,0.00||27.53,11.42,40.84,45.61,3.37||3.92,1.48,3.44||0.41,1.21,3.47,2.62,3.98,0.51||
2.82,17.59,11.70,4.39,5.90,4.86,2.85||0.00,0.00,0.00,0.03,0.04,0.04||3.07,7.75,0.82,22.01,17.80,10.52||4.49,0.79,0.65,0.18,0.40||14.05,4.05,2.83,8.73,2.59||0.00,0.00,0.50,0.59,0.00||48.61,112.58,598.02,57.52,12.96||5.23,1.89,4.33||0.51,1.47,4.41,3.12,4.63,0.63||
2.82,17.59,11.70,4.38,5.90,4.86,2.85||0.00,0.00,0.00,0.03,0.04,0.04||2.99,7.71,0.79,21.78,17.70,10.34||4.49,0.79,0.65,0.18,0.40||14.02,4.04,2.82,8.72,2.59||0.00,0.00,0.50,0.59,0.00||34.24,27.48,114.36,49.86,5.65||3.54,1.36,3.17||0.30,0.91,2.44,2.03,3.18,0.37||
2.82,17.66,11.74,4.40,5.92,4.87,2.86||0.00,0.00,0.00,0.03,0.04,0.04||3.01,7.72,0.80,21.82,17.72,10.37||4.49,0.79,0.65,0.18,0.40||14.01,4.04,2.81,8.72,2.59||0.00,0.00,0.50,0.59,0.00||62.08,301.11,1896.39,63.55,23.12||4.54,1.68,3.87||0.40,1.17,3.34,2.55,3.88,0.49||
2.82,17.64,11.73,4.40,5.91,4.87,2.85||0.00,0.00,0.00,0.03,0.04,0.04||2.96,7.69,0.78,21.66,17.65,10.25||4.49,0.79,0.65,0.18,0.40||14.10,4.05,2.85,8.75,2.59||0.00,0.00,0.50,0.59,0.00||55.50,191.76,1116.93,60.71,17.73||5.51,1.98,4.52||1.36,3.71,13.99,7.21,9.59,1.71||
2.83,17.67,11.75,4.40,5.92,4.88,2.86||0.00,0.00,0.00,0.03,0.04,0.04||2.92,7.67,0.76,21.54,17.60,10.16||4.49,0.79,0.65,0.18,0.40||14.12,4.05,2.86,8.76,2.59||0.00,0.00,0.50,0.59,0.00||47.70,104.35,547.03,57.08,12.39||6.18,2.19,4.96||2.86,7.42,33.08,13.46,16.50,3.62||
2.82,17.60,11.71,4.39,5.90,4.86,2.85||0.00,0.00,0.00,0.03,0.04,0.04||2.94,7.68,0.77,21.60,17.62,10.20||4.49,0.79,0.65,0.18,0.40||14.31,4.08,2.94,8.83,2.61||0.00,0.00,0.50,0.59,0.00||27.86,11.99,43.22,45.83,3.47||5.13,1.87,4.27||2.25,5.94,25.07,11.01,13.85,2.85||
2.82,17.63,11.72,4.39,5.91,4.87,2.85||0.00,0.00,0.00,0.03,0.04,0.04||2.91,7.66,0.76,21.53,17.59,10.15||4.49,0.79,0.65,0.18,0.40||14.07,4.05,2.84,8.74,2.59||0.00,0.00,0.50,0.59,0.00||21.93,4.58,13.98,41.57,1.97||5.12,1.86,4.26||0.94,2.61,9.03,5.25,7.27,1.17||
2.82,17.59,11.71,4.39,5.90,4.86,2.85||0.00,0.00,0.00,0.03,0.04,0.04||2.91,7.66,0.76,21.51,17.58,10.14||4.49,0.79,0.65,0.18,0.40||14.11,4.05,2.86,8.76,2.59||0.00,0.00,0.50,0.59,0.00||48.04,107.35,565.53,57.24,12.60||3.68,1.41,3.27||1.92,5.11,20.83,9.62,12.32,2.42||
2.82,17.59,11.70,4.38,5.90,4.86,2.85||0.00,0.00,0.00,0.03,0.04,0.04||2.91,7.66,0.76,21.51,17.58,10.14||4.49,0.79,0.65,0.18,0.40||14.12,4.05,2.86,8.76,2.59||0.00,0.00,0.50,0.59,0.00||32.21,21.50,85.74,48.63,4.89||7.19,2.49,5.60||0.50,1.47,4.41,3.12,4.62,0.63||
2.83,17.70,11.76,4.41,5.93,4.88,2.86||0.00,0.00,0.00,0.03,0.04,0.04||2.91,7.66,0.76,21.51,17.58,10.14||4.49,0.79,0.65,0.18,0.40||14.03,4.04,2.82,8.73,2.59||0.00,0.00,0.50,0.59,0.00||26.93,10.47,36.85,45.21,3.20||4.86,1.78,4.09||0.70,1.99,6.45,4.11,5.88,0.87||
2.84,17.83,11.83,4.44,5.97,4.91,2.88||0.00,0.00,0.00,0.03,0.04,0.04||2.99,7.71,0.79,21.76,17.70,10.33||4.64,0.81,0.69,0.19,0.40||14.29,4.07,2.93,8.82,2.61||0.00,0.00,0.50,0.59,0.00||45.02,82.66,416.22,55.74,10.81||3.01,1.18,2.78||0.64,1.83,5.78,3.80,5.49,0.80||
2.86,18.01,11.92,4.48,6.03,4.94,2.90||0.00,0.00,0.00,0.03,0.04,0.04||3.06,7.75,0.82,21.99,17.79,10.50||4.87,0.83,0.74,0.19,0.41||14.16,4.06,2.88,8.77,2.60||0.00,0.00,0.50,0.59,0.00||77.90,750.39,5535.09,69.71,39.55||4.53,1.68,3.86||31.79,70.45,543.47,102.59,96.51,41.35||
2.89,18.24,12.04,4.53,6.09,4.99,2.92||0.00,0.00,0.00,0.04,0.04,0.04||3.08,7.75,0.83,22.03,17.81,10.53||5.07,0.85,0.79,0.20,0.42||14.41,4.09,2.98,8.87,2.62||0.00,0.00,0.50,0.59,0.00||25.35,8.21,27.71,44.11,2.78||5.64,2.02,4.61||3.24,8.32,38.16,14.93,18.06,4.10||
2.90,18.29,12.06,4.54,6.11,5.00,2.93||0.00,0.00,0.00,0.04,0.04,0.04||3.08,7.76,0.83,22.04,17.82,10.54||5.27,0.87,0.84,0.21,0.43||14.55,4.11,3.05,8.92,2.63||0.00,0.00,0.50,0.59,0.00||26.58,9.93,34.64,44.97,3.11||3.62,1.39,3.23||0.90,2.51,8.61,5.07,7.06,1.12||
2.92,18.49,12.17,4.59,6.17,5.04,2.95||0.00,0.00,0.00,0.04,0.04,0.04||3.20,7.82,0.88,22.39,17.97,10.81||5.47,0.89,0.89,0.22,0.44||14.39,4.09,2.98,8.86,2.61||0.00,0.00,0.50,0.59,0.00||44.62,79.78,399.24,55.54,10.58||4.84,1.77,4.07||1.23,3.36,12.35,6.58,8.86,1.54||
2.92,18.53,12.19,4.60,6.18,5.04,2.96||0.00,0.00,0.00,0.04,0.04,0.04||3.25,7.84,0.90,22.55,18.04,10.93||5.60,0.90,0.92,0.22,0.45||14.36,4.08,2.96,8.85,2.61||0.00,0.00,0.50,0.59,0.00||69.76,481.33,3287.80,66.65,30.46||4.35,1.62,3.74||2.21,5.83,24.54,10.84,13.66,2.79||
2.95,18.74,12.30,4.64,6.24,5.08,2.98||0.00,0.00,0.00,0.04,0.04,0.04||3.26,7.85,0.90,22.58,18.06,10.96||5.76,0.91,0.96,0.23,0.45||14.36,4.08,2.96,8.85,2.61||0.00,0.00,0.50,0.59,0.00||21.38,4.13,12.39,41.14,1.86||4.88,1.79,4.10||1.14,3.13,11.32,6.18,8.39,1.43||
2.95,18.78,12.32,4.65,6.25,5.09,2.99||0.00,0.00,0.00,0.04,0.04,0.04||3.26,7.85,0.90,22.59,18.06,10.96||5.91,0.93,1.00,0.23,0.46||14.54,4.10,3.04,8.92,2.62||0.00,0.00,0.50,0.59,0.00||28.86,13.83,51.09,46.50,3.78||3.05,1.20,2.81||1.56,4.21,16.35,8.08,10.58,1.96||
2.96,18.83,12.34,4.66,6.27,5.10,2.99||0.00,0.00,0.00,0.04,0.04,0.04||3.26,7.85,0.90,22.59,18.06,10.97||6.03,0.94,1.03,0.24,0.46||14.58,4.11,3.06,8.93,2.63||0.00,0.00,0.50,0.59,0.00||44.21,76.85,382.13,55.33,10.35||5.92,2.11,4.79||0.56,1.63,5.01,3.42,5.01,0.70||
2.98,19.00,12.43,4.70,6.32,5.13,3.01||0.00,0.00,0.00,0.04,0.04,0.04||3.27,7.85,0.90,22.59,18.06,10.97||6.09,0.94,1.05,0.24,0.47||14.49,4.10,3.02,8.90,2.62||0.00,0.00,0.50,0.59,0.00||53.61,166.90,949.05,59.86,16.34||4.75,1.75,4.01||3.29,8.45,38.89,15.14,18.27,4.17||
2.98,19.03,12.45,4.71,6.33,5.14,3.01||0.00,0.00,0.00,0.04,0.04,0.04||3.36,7.90,0.94,22.86,18.18,11.17||6.16,0.95,1.07,0.24,0.47||14.48,4.10,3.01,8.89,2.62||0.00,0.00,0.50,0.59,0.00||34.92,29.76,125.55,50.26,5.93||6.63,2.32,5.25||2.15,5.68,23.72,10.58,13.38,2.71||
2.98,19.04,12.45,4.71,6.33,5.14,3.02||0.00,0.00,0.00,0.04,0.04,0.04||3.44,7.94,0.98,23.09,18.28,11.36||6.27,0.96,1.10,0.24,0.47||14.57,4.11,3.05,8.93,2.63||0.00,0.00,0.50,0.59,0.00||40.37,53.30,248.76,53.32,8.35||6.40,2.25,5.10||0.64,1.82,5.75,3.78,5.47,0.79||
2.98,19.04,12.45,4.71,6.33,5.14,3.02||0.00,0.00,0.00,0.04,0.04,0.04||3.45,7.95,0.98,23.14,18.30,11.40||6.29,0.96,1.10,0.25,0.47||14.58,4.11,3.06,8.94,2.63||0.00,0.00,0.50,0.59,0.00||29.38,14.84,55.53,46.84,3.94||6.79,2.37,5.35||1.70,4.57,18.11,8.70,11.28,2.15||
3.00,19.20,12.54,4.75,6.38,5.17,3.03||0.00,0.00,0.00,0.04,0.04,0.04||3.46,7.95,0.98,23.15,18.30,11.40||6.39,0.97,1.13,0.25,0.48||14.49,4.10,3.02,8.90,2.62||0.00,0.00,0.50,0.59,0.00||34.34,27.81,115.97,49.92,5.69||7.56,2.59,5.84||1.64,4.40,17.27,8.40,10.95,2.06||
3.01,19.28,12.58,4.76,6.40,5.19,3.04||0.00,0.00,0.00,0.04,0.04,0.04||3.46,7.95,0.98,23.15,18.30,11.40||6.41,0.97,1.14,0.25,0.48||14.57,4.11,3.06,8.93,2.63||0.00,0.00,0.50,0.59,0.00||46.37,93.08,478.42,56.42,11.59||5.73,2.05,4.67||3.76,9.58,45.44,16.95,20.16,4.78||
3.01,19.29,12.58,4.77,6.41,5.19,3.04||0.00,0.00,0.00,0.04,0.04,0.04||3.46,7.95,0.98,23.15,18.30,11.41||6.49,0.97,1.16,0.25,0.48||14.87,4.14,3.19,9.04,2.65||0.00,0.00,0.50,0.60,0.00||47.74,104.65,548.90,57.09,12.42||4.79,1.76,4.04||1.05,2.91,10.33,5.79,7.92,1.32||
3.01,19.30,12.58,4.77,6.41,5.19,3.05||0.00,0.00,0.00,0.04,0.04,0.04||3.46,7.95,0.98,23.15,18.30,11.41||6.53,0.98,1.17,0.25,0.48||14.55,4.11,3.05,8.92,2.63||0.00,0.00,0.50,0.60,0.00||78.05,755.86,5582.43,69.77,39.72||5.54,1.99,4.54||0.47,1.37,4.05,2.93,4.38,0.58||
3.01,19.30,12.58,4.77,6.41,5.19,3.05||0.00,0.00,0.00,0.04,0.04,0.04||3.46,7.95,0.98,23.15,18.30,11.41||6.53,0.98,1.17,0.25,0.48||14.68,4.12,3.10,8.97,2.63||0.00,0.01,0.50,0.60,0.00||66.92,407.04,2700.83,65.52,27.60||3.60,1.38,3.21||0.28,0.84,2.20,1.88,2.98,0.34||
3.01,19.30,12.58,4.77,6.41,5.19,3.05||0.00,0.00,0.00,0.04,0.04,0.04||3.49,7.96,1.00,23.24,18.34,11.48||6.55,0.98,1.18,0.25,0.49||14.70,4.12,3.11,8.98,2.64||0.00,0.01,0.50,0.60,0.00||26.08,9.19,31.64,44.62,2.97||3.00,1.18,2.77||0.25,0.75,1.92,1.71,2.74,0.31||
3.01,19.34,12.61,4.78,6.42,5.20,3.05||0.00,0.00,0.00,0.04,0.04,0.04||3.47,7.95,0.99,23.17,18.31,11.42||6.64,0.99,1.20,0.26,0.49||14.61,4.11,3.07,8.95,2.63||0.00,0.01,0.50,0.60,0.00||19.97,3.14,8.99,40.02,1.58||4.09,1.54,3.55||7.70,18.72,104.57,31.03,34.11,9.86||
3.01,19.35,12.61,4.78,6.42,5.20,3.05||0.00,0.00,0.00,0.04,0.04,0.04||3.49,7.96,1.00,23.24,18.34,11.48||6.65,0.99,1.20,0.26,0.49||14.59,4.11,3.07,8.94,2.63||0.00,0.01,0.50,0.60,0.00||39.76,50.15,231.59,52.99,8.05||3.39,1.31,3.06||0.66,1.89,6.05,3.93,5.65,0.83||
3.02,19.43,12.65,4.80,6.45,5.22,3.06||0.00,0.00,0.00,0.04,0.04,0.04||3.50,7.97,1.00,23.26,18.35,11.49||6.66,0.99,1.20,0.26,0.49||14.68,4.12,3.11,8.97,2.63||0.00,0.01,0.50,0.60,0.00||91.40,1426.63,11760.87,74.41,57.72||3.41,1.32,3.07||1.27,3.48,12.92,6.80,9.12,1.60||
3.03,19.49,12.68,4.81,6.46,5.23,3.07||0.00,0.00,0.00,0.04,0.04,0.04||3.60,8.01,1.04,23.54,18.47,11.71||6.66,0.99,1.20,0.26,0.49||14.51,4.10,3.03,8.91,2.62||0.00,0.01,0.50,0.60,0.00||29.86,15.85,59.95,47.15,4.09||6.20,2.19,4.97||3.77,9.60,45.60,16.99,20.20,4.79||
3.04,19.54,12.71,4.82,6.48,5.24,3.07||0.00,0.00,0.00,0.04,0.04,0.04||3.65,8.04,1.07,23.69,18.53,11.83||6.66,0.99,1.20,0.26,0.49||14.48,4.10,3.02,8.90,2.62||0.00,0.01,0.50,0.60,0.00||28.49,13.12,48.03,46.26,3.66||6.66,2.33,5.26||2.01,5.33,21.95,10.00,12.74,2.54||
3.04,19.55,12.72,4.82,6.48,5.24,3.07||0.00,0.00,0.00,0.04,0.04,0.04||3.66,8.04,1.07,23.72,18.55,11.86||6.72,0.99,1.22,0.26,0.49||14.85,4.14,3.18,9.04,2.65||0.00,0.01,0.50,0.60,0.00||34.59,28.63,119.97,50.06,5.79||5.94,2.11,4.80||1.47,3.97,15.23,7.67,10.11,1.85||
3.04,19.55,12.72,4.82,6.48,5.24,3.08||0.00,0.00,0.00,0.04,0.04,0.04||3.66,8.04,1.07,23.72,18.55,11.86||6.77,1.00,1.24,0.26,0.49||15.02,4.16,3.26,9.10,2.66||0.00,0.01,0.50,0.60,0.00||33.43,24.98,102.23,49.38,5.35||5.80,2.07,4.71||2.25,5.93,25.04,11.00,13.84,2.84||
3.04,19.56,12.72,4.82,6.48,5.24,3.08||0.00,0.00,0.00,0.04,0.04,0.04||3.66,8.04,1.07,23.72,18.55,11.86||6.78,1.00,1.24,0.26,0.49||14.77,4.13,3.14,9.01,2.64||0.00,0.01,0.50,0.60,0.00||35.01,30.04,126.97,50.31,5.96||6.86,2.39,5.39||7.98,19.36,109.04,31.99,35.02,10.23||
3.04,19.56,12.72,4.82,6.48,5.24,3.08||0.00,0.00,0.00,0.04,0.04,0.04||3.66,8.04,1.07,23.72,18.55,11.86||6.78,1.00,1.24,0.26,0.49||14.81,4.14,3.17,9.02,2.64||0.00,0.01,0.50,0.60,0.00||32.95,23.56,95.45,49.08,5.16||4.34,1.62,3.73||21.11,48.05,337.68,72.64,71.47,27.33||
3.05,19.64,12.76,4.84,6.51,5.26,3.08||0.00,0.00,0.00,0.04,0.04,0.04||3.66,8.04,1.07,23.72,18.55,11.86||6.78,1.00,1.24,0.26,0.49||14.92,4.15,3.21,9.06,2.65||0.00,0.01,0.50,0.60,0.00||61.92,298.01,1873.46,63.48,22.98||3.69,1.41,3.28||0.69,1.95,6.29,4.04,5.79,0.86||
3.06,19.78,12.83,4.87,6.55,5.28,3.10||0.00,0.00,0.00,0.04,0.04,0.04||3.66,8.04,1.07,23.72,18.55,11.86||6.78,1.00,1.24,0.26,0.49||14.84,4.14,3.18,9.03,2.65||0.00,0.01,0.50,0.60,0.00||45.53,86.50,438.97,56.00,11.10||4.54,1.68,3.87||0.27,0.82,2.14,1.85,2.93,0.34||
3.07,19.81,12.85,4.88,6.56,5.29,3.10||0.00,0.00,0.00,0.04,0.04,0.04||3.66,8.04,1.07,23.72,18.55,11.86||6.84,1.00,1.26,0.26,0.50||14.64,4.12,3.09,8.96,2.63||0.00,0.01,0.50,0.60,0.00||31.93,20.74,82.23,48.45,4.79||4.12,1.55,3.58||0.43,1.27,3.69,2.74,4.14,0.54||
3.07,19.82,12.85,4.88,6.56,5.29,3.11||0.00,0.00,0.00,0.04,0.04,0.04||3.70,8.06,1.09,23.82,18.59,11.94||6.90,1.01,1.27,0.27,0.50||14.79,4.13,3.15,9.01,2.64||0.00,0.01,0.50,0.60,0.00||63.43,328.14,2097.62,64.11,24.32||4.71,1.74,3.99||2.37,6.22,26.58,11.49,14.37,3.00||
3.07,19.82,12.85,4.88,6.56,5.29,3.11||0.00,0.00,0.00,0.04,0.04,0.04||3.70,8.06,1.09,23.83,18.60,11.95||6.91,1.01,1.28,0.27,0.50||14.82,4.14,3.17,9.02,2.64||0.00,0.01,0.50,0.60,0.00||78.24,763.61,5649.59,69.84,39.96||4.38,1.63,3.76||1.18,3.25,11.87,6.40,8.64,1.49||
3.07,19.82,12.85,4.88,6.56,5.29,3.11||0.00,0.00,0.00,0.04,0.04,0.04||3.81,8.11,1.14,24.12,18.72,12.18||6.91,1.01,1.28,0.27,0.50||14.92,4.15,3.21,9.06,2.65||0.00,0.01,0.50,0.60,0.00||26.86,10.35,36.37,45.16,3.18||3.80,1.45,3.35||0.77,2.17,7.17,4.44,6.29,0.96||
3.07,19.82,12.85,4.88,6.56,5.29,3.11||0.00,0.00,0.00,0.04,0.04,0.04||3.83,8.12,1.15,24.18,18.74,12.23||6.91,1.01,1.28,0.27,0.50||14.84,4.14,3.18,9.03,2.65||0.00,0.01,0.50,0.60,0.00||42.11,63.18,303.65,54.25,9.23||4.49,1.67,3.84||1.39,3.79,14.35,7.35,9.74,1.75||
3.07,19.82,12.85,4.88,6.56,5.29,3.11||0.00,0.00,0.00,0.04,0.04,0.04||3.87,8.14,1.16,24.28,18.79,12.31||6.91,1.01,1.28,0.27,0.50||14.83,4.14,3.17,9.03,2.65||0.00,0.01,0.50,0.60,0.00||27.70,11.73,42.11,45.73,3.43||4.53,1.68,3.86||1.58,4.26,16.57,8.15,10.67,1.99||
3.07,19.82,12.85,4.88,6.56,5.29,3.11||0.00,0.00,0.00,0.04,0.04,0.04||3.88,8.14,1.17,24.30,18.80,12.33||6.91,1.01,1.28,0.27,0.50||14.64,4.12,3.08,8.95,2.63||0.00,0.01,0.50,0.60,0.00||25.59,8.52,28.94,44.27,2.84||5.06,1.84,4.22||3.21,8.27,37.88,14.85,17.97,4.08||
3.07,19.86,12.87,4.89,6.57,5.30,3.11||0.00,0.00,0.00,0.04,0.04,0.04||3.88,8.14,1.17,24.31,18.80,12.33||6.95,1.01,1.29,0.27,0.50||14.88,4.14,3.20,9.05,2.65||0.00,0.01,0.50,0.60,0.00||32.58,22.51,90.48,48.86,5.03||4.01,1.51,3.50||1.25,3.41,12.60,6.68,8.97,1.57||
3.08,19.91,12.90,4.90,6.59,5.31,3.12||0.00,0.00,0.00,0.04,0.04,0.04||3.88,8.14,1.17,24.31,18.80,12.33||6.94,1.01,1.28,0.27,0.50||14.84,4.14,3.18,9.03,2.65||0.00,0.01,0.50,0.60,0.00||57.53,221.56,1323.23,61.60,19.30||3.37,1.31,3.04||2.05,5.44,22.50,10.18,12.94,2.59||
3.07,19.88,12.88,4.90,6.58,5.30,3.11||0.00,0.00,0.00,0.04,0.04,0.04||3.88,8.14,1.17,24.31,18.80,12.34||6.94,1.01,1.28,0.27,0.50||15.02,4.16,3.26,9.10,2.66||0.00,0.01,0.50,0.60,0.00||28.56,13.26,48.64,46.31,3.68||2.70,1.08,2.55||1.08,3.00,10.72,5.94,8.10,1.36||
3.08,19.92,12.90,4.90,6.59,5.31,3.12||0.00,0.00,0.00,0.04,0.04,0.04||3.88,8.14,1.17,24.31,18.80,12.34||6.91,1.01,1.28,0.27,0.50||14.96,4.15,3.23,9.08,2.65||0.00,0.01,0.50,0.60,0.00||46.17,91.52,469.02,56.32,11.47||3.42,1.32,3.08||0.27,0.83,2.17,1.86,2.96,0.34||
3.08,19.97,12.93,4.92,6.60,5.32,3.12||0.00,0.00,0.00,0.04,0.04,0.04||3.88,8.14,1.17,24.31,18.80,12.34||6.95,1.01,1.29,0.27,0.50||14.76,4.13,3.14,9.00,2.64||0.00,0.01,0.50,0.60,0.00||22.05,4.68,14.34,41.67,2.00||3.84,1.46,3.38||0.56,1.62,5.00,3.42,5.01,0.70||
3.09,20.02,12.95,4.93,6.62,5.33,3.13||0.00,0.00,0.00,0.04,0.04,0.04||3.88,8.14,1.17,24.31,18.80,12.34||7.00,1.02,1.30,0.27,0.50||14.91,4.15,3.21,9.06,2.65||0.00,0.01,0.50,0.60,0.00||22.72,5.28,16.52,42.18,2.14||3.16,1.24,2.89||4.30,10.86,53.12,18.98,22.25,5.47||
3.09,19.99,12.94,4.92,6.61,5.32,3.12||0.00,0.00,0.00,0.04,0.04,0.04||3.88,8.14,1.17,24.31,18.80,12.34||7.03,1.02,1.31,0.27,0.50||14.94,4.15,3.22,9.07,2.65||0.00,0.01,0.50,0.60,0.00||40.04,51.58,239.34,53.14,8.19||3.57,1.37,3.19||0.40,1.17,3.32,2.54,3.87,0.49||
3.09,19.98,12.93,4.92,6.61,5.32,3.12||0.00,0.00,0.00,0.04,0.04,0.04||3.88,8.14,1.17,24.31,18.80,12.34||7.04,1.02,1.31,0.27,0.50||14.85,4.14,3.18,9.04,2.65||0.00,0.01,0.50,0.60,0.00||65.73,378.84,2482.69,65.05,26.46||2.85,1.13,2.66||3.10,7.99,36.26,14.39,17.48,3.93||
3.09,20.06,12.98,4.94,6.63,5.34,3.13||0.00,0.00,0.00,0.04,0.04,0.04||3.88,8.14,1.17,24.31,18.80,12.34||7.04,1.02,1.31,0.27,0.50||15.02,4.16,3.26,9.10,2.66||0.00,0.01,0.50,0.60,0.00||42.29,64.28,309.91,54.34,9.32||2.86,1.13,2.67||5.59,13.87,72.05,23.68,26.97,7.13||
3.09,20.04,12.96,4.93,6.62,5.33,3.13||0.00,0.00,0.00,0.04,0.04,0.04||3.88,8.14,1.17,24.31,18.80,12.34||7.04,1.02,1.31,0.27,0.50||14.86,4.14,3.19,9.04,2.65||0.00,0.01,0.50,0.60,0.00||44.85,81.42,408.89,55.66,10.71||4.16,1.56,3.61||1.38,3.75,14.18,7.28,9.67,1.73||
3.10,20.08,12.98,4.94,6.64,5.34,3.13||0.00,0.00,0.00,0.04,0.04,0.04||3.88,8.14,1.17,24.31,18.80,12.34||7.04,1.02,1.31,0.27,0.50||15.03,4.16,3.26,9.10,2.66||0.00,0.01,0.50,0.60,0.00||59.93,261.27,1605.58,62.64,21.27||5.86,2.09,4.75||1.10,3.02,10.84,5.99,8.16,1.37||
3.09,20.04,12.96,4.93,6.63,5.33,3.13||0.00,0.00,0.00,0.04,0.04,0.04||3.88,8.14,1.17,24.31,18.80,12.34||7.04,1.02,1.31,0.27,0.50||15.06,4.16,3.28,9.11,2.66||0.00,0.01,0.50,0.60,0.00||42.17,63.53,305.66,54.28,9.26||6.22,2.20,4.98||0.72,2.04,6.64,4.20,5.99,0.90||
3.10,20.08,12.98,4.94,6.64,5.34,3.13||0.00,0.00,0.00,0.04,0.04,0.04||3.88,8.14,1.17,24.31,18.80,12.34||7.04,1.02,1.31,0.27,0.50||14.97,4.15,3.24,9.08,2.65||0.00,0.01,0.50,0.60,0.00||32.00,20.94,83.15,48.50,4.82||6.60,2.31,5.23||0.66,1.89,6.04,3.92,5.64,0.83||
3.10,20.08,12.99,4.94,6.64,5.34,3.14||0.00,0.00,0.00,0.04,0.04,0.04||3.88,8.14,1.17,24.31,18.80,12.34||7.04,1.02,1.31,0.27,0.50||14.76,4.13,3.14,9.00,2.64||0.00,0.01,0.50,0.60,0.00||36.51,35.57,154.79,51.18,6.58||4.97,1.82,4.16||3.26,8.39,38.57,15.05,18.18,4.14||
3.10,20.08,12.99,4.94,6.64,5.34,3.14||0.00,0.00,0.00,0.04,0.04,0.04||3.88,8.14,1.17,24.31,18.80,12.34||7.04,1.02,1.31,0.27,0.50||14.91,4.15,3.21,9.06,2.65||0.00,0.01,0.50,0.60,0.00||43.61,72.76,358.37,55.03,10.03||3.45,1.33,3.11||7.21,17.60,96.86,29.35,32.50,9.23||
3.10,20.09,12.99,4.94,6.64,5.34,3.14||0.00,0.00,0.00,0.04,0.04,0.04||3.88,8.14,1.17,24.31,18.80,12.34||7.04,1.02,1.31,0.27,0.50||14.84,4.14,3.18,9.03,2.65||0.00,0.01,0.50,0.60,0.00||56.85,211.25,1251.32,61.31,18.77||4.35,1.62,3.74||0.96,2.67,9.29,5.36,7.40,1.20||
3.09,20.04,12.97,4.93,6.63,5.33,3.13||0.00,0.00,0.00,0.04,0.04,0.04||3.88,8.14,1.17,24.31,18.80,12.34||6.94,1.01,1.28,0.27,0.50||14.83,4.14,3.17,9.03,2.65||0.00,0.01,0.50,0.60,0.00||43.34,70.93,347.83,54.89,9.88||5.56,2.00,4.56||0.69,1.97,6.36,4.07,5.83,0.86||
3.07,19.86,12.87,4.89,6.57,5.30,3.11||0.00,0.00,0.00,0.04,0.04,0.04||3.88,8.14,1.17,24.31,18.80,12.34||6.81,1.00,1.25,0.26,0.50||14.83,4.14,3.17,9.03,2.65||0.00,0.01,0.50,0.60,0.00||77.53,736.02,5410.89,69.58,39.11||5.85,2.09,4.75||0.37,1.10,3.10,2.41,3.70,0.46||
3.07,19.83,12.86,4.88,6.56,5.29,3.11||0.00,0.00,0.00,0.04,0.04,0.04||3.88,8.14,1.17,24.31,18.80,12.34||6.79,1.00,1.24,0.26,0.49||14.83,4.14,3.17,9.03,2.64||0.00,0.01,0.50,0.60,0.00||47.56,103.10,539.39,57.01,12.31||4.71,1.73,3.99||0.91,2.53,8.70,5.11,7.10,1.13||
3.07,19.82,12.85,4.88,6.56,5.29,3.11||0.00,0.00,0.00,0.04,0.04,0.04||3.88,8.14,1.17,24.31,18.80,12.34||6.68,0.99,1.21,0.26,0.49||14.92,4.15,3.21,9.06,2.65||0.00,0.01,0.50,0.60,0.00||51.91,146.55,814.83,59.08,15.14||4.60,1.70,3.91||2.19,5.79,24.31,10.76,13.58,2.77||
3.07,19.82,12.85,4.88,6.56,5.29,3.11||0.00,0.00,0.00,0.04,0.04,0.04||3.88,8.14,1.17,24.31,18.80,12.34||6.56,0.98,1.18,0.25,0.49||14.75,4.13,3.14,9.00,2.64||0.00,0.01,0.50,0.60,0.00||27.08,10.70,37.84,45.31,3.25||5.47,1.97,4.49||2.71,7.05,31.03,12.85,15.85,3.43||
3.07,19.82,12.85,4.88,6.56,5.29,3.11||0.00,0.00,0.00,0.04,0.04,0.04||3.88,8.14,1.17,24.31,18.80,12.34||6.50,0.98,1.16,0.25,0.48||14.62,4.11,3.08,8.95,2.63||0.00,0.01,0.50,0.60,0.00||61.60,291.87,1828.28,63.35,22.70||5.22,1.89,4.33||0.31,0.93,2.50,2.07,3.23,0.38||
3.05,19.65,12.77,4.85,6.51,5.26,3.09||0.00,0.00,0.00,0.04,0.04,0.04||3.88,8.14,1.17,24.31,18.80,12.34||6.43,0.97,1.14,0.25,0.48||14.60,4.11,3.07,8.94,2.63||0.00,0.01,0.50,0.60,0.00||53.17,161.47,912.96,59.66,16.02||5.71,2.04,4.65||0.32,0.97,2.64,2.15,3.34,0.40||
3.04,19.57,12.73,4.83,6.49,5.24,3.08||0.00,0.00,0.00,0.04,0.04,0.04||3.88,8.14,1.17,24.31,18.80,12.34||6.32,0.96,1.11,0.25,0.48||14.78,4.13,3.15,9.01,2.64||0.00,0.01,0.50,0.60,0.00||63.18,323.15,2060.20,64.01,24.10||7.40,2.55,5.73||0.80,2.25,7.50,4.59,6.47,1.00||
3.04,19.56,12.72,4.83,6.48,5.24,3.08||0.00,0.00,0.00,0.04,0.04,0.04||3.78,8.10,1.12,24.03,18.68,12.11||6.30,0.96,1.11,0.25,0.48||14.72,4.13,3.12,8.99,2.64||0.00,0.01,0.50,0.60,0.00||38.26,42.98,193.25,52.17,7.36||5.36,1.94,4.42||1.06,2.93,10.44,5.83,7.97,1.33||
3.04,19.56,12.72,4.82,6.48,5.24,3.08||0.00,0.00,0.00,0.04,0.04,0.04||3.69,8.05,1.08,23.78,18.57,11.91||6.20,0.95,1.08,0.24,0.47||14.52,4.10,3.03,8.91,2.62||0.00,0.01,0.50,0.60,0.00||36.05,33.83,145.92,50.92,6.39||3.87,1.47,3.40||0.24,0.72,1.82,1.64,2.65,0.29||
3.04,19.56,12.72,4.82,6.48,5.24,3.08||0.00,0.00,0.00,0.04,0.04,0.04||3.67,8.05,1.07,23.74,18.55,11.87||6.18,0.95,1.07,0.24,0.47||14.58,4.11,3.06,8.93,2.63||0.00,0.01,0.50,0.60,0.00||19.71,2.98,8.44,39.80,1.53||6.10,2.16,4.91||1.49,4.02,15.46,7.75,10.21,1.87||
3.04,19.56,12.72,4.82,6.48,5.24,3.08||0.00,0.00,0.00,0.04,0.04,0.04||3.67,8.04,1.07,23.73,18.55,11.86||6.09,0.94,1.05,0.24,0.47||14.68,4.12,3.10,8.97,2.63||0.00,0.01,0.50,0.60,0.00||34.79,29.29,123.27,50.18,5.87||3.87,1.47,3.40||2.43,6.37,27.38,11.74,14.64,3.07||
3.04,19.56,12.72,4.82,6.48,5.24,3.08||0.00,0.00,0.00,0.04,0.04,0.04||3.66,8.04,1.07,23.72,18.55,11.86||6.07,0.94,1.04,0.24,0.47||14.80,4.13,3.16,9.02,2.64||0.00,0.01,0.50,0.60,0.00||19.48,2.84,7.98,39.61,1.49||2.88,1.14,2.68||0.53,1.54,4.70,3.27,4.82,0.66||
3.02,19.39,12.63,4.79,6.43,5.21,3.06||0.00,0.00,0.00,0.04,0.04,0.04||3.66,8.04,1.07,23.72,18.55,11.86||5.98,0.93,1.02,0.23,0.46||14.72,4.13,3.12,8.99,2.64||0.00,0.01,0.50,0.60,0.00||37.04,37.71,165.75,51.48,6.81||3.35,1.30,3.03||0.59,1.68,5.23,3.53,5.15,0.73||
3.02,19.36,12.62,4.78,6.42,5.20,3.05||0.00,0.00,0.00,0.04,0.04,0.04||3.66,8.04,1.07,23.72,18.55,11.86||5.96,0.93,1.01,0.23,0.46||14.81,4.13,3.16,9.02,2.64||0.00,0.01,0.50,0.60,0.00||41.95,62.21,298.19,54.16,9.14||4.34,1.62,3.73||0.69,1.96,6.30,4.04,5.80,0.86||
3.01,19.31,12.59,4.77,6.41,5.19,3.05||0.00,0.00,0.00,0.04,0.04,0.04||3.66,8.04,1.07,23.72,18.55,11.86||5.95,0.93,1.01,0.23,0.46||14.54,4.10,3.04,8.92,2.62||0.00,0.01,0.50,0.60,0.00||42.08,63.02,302.78,54.23,9.21||3.82,1.45,3.37||0.59,1.69,5.25,3.54,5.17,0.73||
3.01,19.30,12.59,4.77,6.41,5.19,3.05||0.00,0.00,0.00,0.04,0.04,0.04||3.66,8.04,1.07,23.72,18.55,11.86||5.86,0.92,0.99,0.23,0.46||14.67,4.12,3.10,8.97,2.63||0.00,0.01,0.50,0.60,0.00||33.93,26.49,109.53,49.67,5.53||5.39,1.95,4.44||1.00,2.78,9.78,5.56,7.65,1.26||
3.01,19.30,12.59,4.77,6.41,5.19,3.05||0.00,0.00,0.00,0.04,0.04,0.04||3.66,8.04,1.07,23.72,18.55,11.86||5.85,0.92,0.98,0.23,0.46||14.79,4.13,3.16,9.01,2.64||0.00,0.01,0.50,0.60,0.00||30.66,17.63,67.96,47.66,4.36||4.14,1.55,3.59||3.57,9.13,42.85,16.24,19.43,4.54||
3.01,19.30,12.58,4.77,6.41,5.19,3.05||0.00,0.00,0.00,0.04,0.04,0.04||3.66,8.04,1.07,23.72,18.55,11.86||5.76,0.91,0.96,0.23,0.45||14.82,4.14,3.17,9.02,2.64||0.00,0.01,0.50,0.60,0.00||62.81,315.49,2003.02,63.85,23.76||4.42,1.64,3.79||0.53,1.53,4.65,3.24,4.78,0.66||
3.01,19.30,12.58,4.77,6.41,5.19,3.05||0.00,0.00,0.00,0.04,0.04,0.04||3.66,8.04,1.07,23.72,18.55,11.86||5.74,0.91,0.96,0.23,0.45||14.63,4.11,3.08,8.95,2.63||0.00,0.01,0.50,0.60,0.00||23.80,6.37,20.57,42.99,2.39||2.67,1.07,2.52||1.88,5.00,20.27,9.43,12.11,2.37||
3.01,19.30,12.58,4.77,6.41,5.19,3.05||0.00,0.00,0.00,0.04,0.04,0.04||3.66,8.04,1.07,23.72,18.55,11.86||5.74,0.91,0.96,0.23,0.45||14.50,4.10,3.03,8.90,2.62||0.00,0.01,0.50,0.60,0.00||49.99,125.93,682.00,58.18,13.84||4.74,1.74,4.01||1.12,3.08,11.09,6.09,8.28,1.40||
3.00,19.26,12.56,4.76,6.39,5.18,3.04||0.00,0.00,0.00,0.04,0.04,0.04||3.66,8.04,1.07,23.72,18.55,11.86||5.67,0.90,0.94,0.22,0.45||14.57,4.11,3.06,8.93,2.63||0.00,0.01,0.50,0.60,0.00||27.10,10.72,37.91,45.32,3.25||4.55,1.69,3.88||1.62,4.37,17.11,8.34,10.88,2.04||
2.99,19.12,12.50,4.73,6.36,5.16,3.03||0.00,0.00,0.00,0.04,0.04,0.04||3.66,8.04,1.07,23.72,18.55,11.86||5.64,0.90,0.93,0.22,0.45||14.59,4.11,3.06,8.94,2.63||0.00,0.01,0.50,0.60,0.00||44.83,81.24,407.84,55.65,10.70||5.88,2.10,4.77||0.28,0.83,2.18,1.87,2.96,0.34||
2.98,19.06,12.46,4.71,6.34,5.15,3.02||0.00,0.00,0.00,0.04,0.04,0.04||3.66,8.04,1.07,23.72,18.55,11.86||5.61,0.90,0.92,0.22,0.45||14.31,4.08,2.94,8.83,2.61||0.00,0.01,0.50,0.60,0.00||61.51,290.01,1814.67,63.31,22.61||4.83,1.77,4.07||0.31,0.94,2.54,2.09,3.27,0.39||
2.98,19.04,12.46,4.71,6.33,5.14,3.02||0.00,0.00,0.00,0.04,0.04,0.04||3.56,8.00,1.03,23.45,18.43,11.64||5.54,0.89,0.91,0.22,0.44||14.53,4.10,3.04,8.92,2.62||0.00,0.01,0.50,0.60,0.00||28.40,12.95,47.31,46.19,3.63||3.90,1.48,3.42||8.80,21.20,122.10,34.72,37.61,11.28||
2.98,19.04,12.45,4.71,6.33,5.14,3.02||0.00,0.00,0.00,0.04,0.04,0.04||3.54,7.99,1.02,23.39,18.41,11.60||5.53,0.89,0.90,0.22,0.44||14.48,4.10,3.02,8.90,2.62||0.00,0.01,0.50,0.60,0.00||20.93,3.79,11.21,40.79,1.76||4.90,1.79,4.11||10.05,24.01,142.50,38.84,41.47,12.91||
2.98,19.04,12.45,4.71,6.33,5.14,3.02||0.00,0.00,0.00,0.04,0.04,0.04||3.61,8.02,1.05,23.56,18.48,11.73||5.61,0.90,0.92,0.22,0.45||14.57,4.11,3.05,8.93,2.63||0.00,0.01,0.50,0.60,0.00||52.63,154.94,869.77,59.41,15.64||4.78,1.76,4.03||0.21,0.65,1.61,1.50,2.45,0.26||
2.98,19.04,12.45,4.71,6.33,5.14,3.02||0.00,0.00,0.00,0.04,0.04,0.04||3.59,8.01,1.04,23.51,18.46,11.69||5.62,0.90,0.93,0.22,0.45||14.49,4.10,3.02,8.90,2.62||0.00,0.01,0.50,0.60,0.00||54.05,172.42,986.00,60.06,16.65||5.75,2.05,4.68||1.57,4.24,16.48,8.12,10.63,1.98||
2.98,19.04,12.45,4.71,6.33,5.14,3.02||0.00,0.00,0.00,0.04,0.04,0.04||3.65,8.04,1.07,23.68,18.53,11.83||5.63,0.90,0.93,0.22,0.45||14.76,4.13,3.14,9.00,2.64||0.00,0.01,0.50,0.60,0.00||23.59,6.14,19.71,42.83,2.34||6.02,2.14,4.85||1.29,3.52,13.09,6.87,9.19,1.62||
2.98,19.04,12.45,4.71,6.33,5.14,3.02||0.00,0.00,0.00,0.04,0.04,0.04||3.59,8.01,1.04,23.53,18.47,11.71||5.63,0.90,0.93,0.22,0.45||14.62,4.11,3.08,8.95,2.63||0.00,0.01,0.50,0.60,0.00||25.50,8.40,28.47,44.21,2.82||4.00,1.51,3.49||1.35,3.69,13.86,7.16,9.53,1.70||
2.98,19.04,12.45,4.71,6.33,5.14,3.02||0.00,0.00,0.00,0.04,0.04,0.04||3.55,7.99,1.02,23.41,18.41,11.61||5.58,0.90,0.92,0.22,0.44||14.60,4.11,3.07,8.94,2.63||0.00,0.01,0.50,0.60,0.00||49.56,121.67,655.07,57.97,13.57||3.96,1.50,3.46||1.18,3.25,11.87,6.40,8.64,1.49||
2.98,19.04,12.45,4.71,6.33,5.14,3.02||0.00,0.00,0.00,0.04,0.04,0.04||3.54,7.99,1.02,23.38,18.40,11.59||5.53,0.89,0.90,0.22,0.44||14.59,4.11,3.06,8.94,2.63||0.00,0.01,0.50,0.60,0.00||53.21,161.90,915.79,59.68,16.05||3.43,1.32,3.09||0.34,1.00,2.74,2.21,3.43,0.42||
2.98,19.04,12.45,4.71,6.33,5.14,3.02||0.00,0.00,0.00,0.04,0.04,0.04||3.54,7.99,1.02,23.38,18.40,11.59||5.53,0.89,0.90,0.22,0.44||14.59,4.11,3.06,8.94,2.63||0.00,0.01,0.50,0.60,0.00||73.45,592.02,4191.37,68.06,34.41||3.46,1.33,3.11||0.22,0.67,1.66,1.54,2.50,0.27||
2.98,19.04,12.45,4.71,6.33,5.14,3.02||0.00,0.00,0.00,0.04,0.04,0.04||3.51,7.97,1.00,23.29,18.36,11.51||5.52,0.89,0.90,0.22,0.44||14.40,4.09,2.98,8.87,2.61||0.00,0.01,0.50,0.60,0.00||19.62,2.93,8.27,39.73,1.51||3.25,1.26,2.96||1.17,3.22,11.73,6.34,8.58,1.47||
2.98,19.04,12.45,4.71,6.33,5.14,3.02||0.00,0.00,0.00,0.04,0.04,0.04||3.50,7.97,1.00,23.27,18.35,11.50||5.52,0.89,0.90,0.22,0.44||14.36,4.08,2.97,8.85,2.61||0.00,0.01,0.50,0.60,0.00||39.59,49.30,227.01,52.90,7.97||5.22,1.89,4.33||0.62,1.79,5.63,3.73,5.40,0.78||
2.98,19.04,12.45,4.71,6.33,5.14,3.02||0.00,0.00,0.00,0.04,0.04,0.04||3.47,7.95,0.99,23.17,18.31,11.42||5.47,0.89,0.89,0.22,0.44||14.45,4.09,3.00,8.88,2.62||0.00,0.01,0.50,0.60,0.00||67.02,409.67,2721.29,65.57,27.71||4.68,1.72,3.96||0.34,1.02,2.80,2.24,3.47,0.42||
2.97,18.96,12.41,4.69,6.31,5.13,3.01||0.00,0.00,0.00,0.04,0.04,0.04||3.49,7.96,1.00,23.25,18.34,11.48||5.43,0.88,0.88,0.21,0.44||14.47,4.10,3.01,8.89,2.62||0.00,0.01,0.50,0.60,0.00||43.13,69.56,339.95,54.78,9.76||3.44,1.33,3.09||1.67,4.50,17.74,8.57,11.14,2.11||
2.97,18.94,12.40,4.69,6.30,5.12,3.00||0.00,0.00,0.00,0.04,0.04,0.04||3.47,7.95,0.99,23.17,18.31,11.42||5.42,0.88,0.88,0.21,0.44||14.56,4.11,3.05,8.93,2.63||0.00,0.01,0.50,0.60,0.00||40.09,51.83,240.71,53.17,8.21||5.15,1.87,4.28||1.02,2.83,9.98,5.64,7.74,1.28||
2.96,18.82,12.34,4.66,6.27,5.10,2.99||0.00,0.00,0.00,0.04,0.04,0.04||3.46,7.95,0.98,23.15,18.30,11.41||5.42,0.88,0.88,0.21,0.44||14.58,4.11,3.06,8.94,2.63||0.00,0.01,0.50,0.60,0.00||45.75,88.17,448.95,56.11,11.23||4.80,1.76,4.05||0.40,1.17,3.33,2.55,3.88,0.49||
2.95,18.80,12.33,4.66,6.26,5.10,2.99||0.00,0.00,0.00,0.04,0.04,0.04||3.46,7.95,0.98,23.15,18.30,11.41||5.42,0.88,0.88,0.21,0.44||14.59,4.11,3.06,8.94,2.63||0.00,0.01,0.50,0.60,0.00||35.38,31.34,133.43,50.52,6.11||4.49,1.67,3.83||0.31,0.93,2.49,2.06,3.22,0.38||
2.95,18.79,12.33,4.65,6.26,5.09,2.99||0.00,0.00,0.00,0.04,0.04,0.04||3.46,7.95,0.98,23.15,18.30,11.41||5.42,0.88,0.88,0.21,0.44||14.68,4.12,3.11,8.97,2.63||0.00,0.01,0.50,0.60,0.00||28.70,13.52,49.75,46.40,3.73||4.48,1.66,3.83||0.79,2.22,7.38,4.53,6.40,0.98||
2.96,18.83,12.35,4.66,6.27,5.10,2.99||0.00,0.00,0.00,0.04,0.04,0.04||3.46,7.95,0.98,23.15,18.30,11.41||5.42,0.88,0.88,0.21,0.44||14.51,4.10,3.03,8.91,2.62||0.00,0.01,0.50,0.60,0.00||29.74,15.60,58.88,47.08,4.05||5.49,1.98,4.51||1.28,3.51,13.05,6.85,9.17,1.61||
2.95,18.80,12.33,4.66,6.26,5.10,2.99||0.00,0.00,0.00,0.04,0.04,0.04||3.46,7.95,0.98,23.15,18.30,11.41||5.42,0.88,0.88,0.21,0.44||14.39,4.09,2.97,8.86,2.61||0.00,0.01,0.50,0.60,0.00||103.34,2338.17,20996.30,78.23,77.18||3.98,1.50,3.48||1.28,3.49,12.93,6.81,9.12,1.60||
2.95,18.79,12.33,4.65,6.26,5.09,2.99||0.00,0.00,0.00,0.04,0.04,0.04||3.46,7.95,0.98,23.15,18.30,11.41||5.42,0.88,0.88,0.21,0.44||14.55,4.10,3.05,8.92,2.63||0.00,0.01,0.50,0.60,0.00||25.59,8.52,28.94,44.27,2.84||5.71,2.04,4.65||1.13,3.12,11.27,6.16,8.36,1.42||
2.95,18.79,12.32,4.65,6.26,5.09,2.99||0.00,0.00,0.00,0.04,0.04,0.04||3.46,7.95,0.98,23.15,18.30,11.41||5.40,0.88,0.87,0.21,0.44||14.67,4.12,3.10,8.97,2.63||0.00,0.01,0.50,0.60,0.00||60.70,275.06,1705.43,62.97,21.92||5.10,1.86,4.25||0.38,1.12,3.15,2.44,3.74,0.47||
2.95,18.79,12.32,4.65,6.26,5.09,2.99||0.00,0.00,0.00,0.04,0.04,0.04||3.46,7.95,0.98,23.15,18.30,11.41||5.34,0.87,0.85,0.21,0.43||14.70,4.12,3.11,8.98,2.64||0.00,0.01,0.50,0.60,0.00||117.14,3871.52,37936.05,82.33,103.83||4.36,1.62,3.75||1.77,4.75,18.99,9.00,11.62,2.24||
2.95,18.79,12.32,4.65,6.26,5.09,2.99||0.00,0.00,0.00,0.04,0.04,0.04||3.46,7.95,0.98,23.15,18.30,11.41||5.34,0.87,0.86,0.21,0.43||14.33,4.08,2.95,8.84,2.61||0.00,0.01,0.50,0.60,0.00||38.67,44.83,203.06,52.39,7.54||5.03,1.83,4.20||1.94,5.15,21.00,9.68,12.39,2.44||
2.95,18.79,12.32,4.65,6.26,5.09,2.99||0.00,0.00,0.00,0.04,0.04,0.04||3.46,7.95,0.98,23.15,18.30,11.41||5.34,0.87,0.86,0.21,0.43||14.44,4.09,3.00,8.88,2.62||0.00,0.01,0.50,0.60,0.00||33.83,26.19,108.11,49.61,5.50||4.90,1.79,4.12||0.35,1.03,2.85,2.27,3.51,0.43||
2.95,18.79,12.32,4.65,6.26,5.09,2.99||0.00,0.00,0.00,0.04,0.04,0.04||3.46,7.95,0.98,23.15,18.30,11.41||5.32,0.87,0.85,0.21,0.43||14.47,4.10,3.01,8.89,2.62||0.00,0.01,0.50,0.60,0.00||44.71,80.42,403.03,55.59,10.63||3.22,1.25,2.93||0.89,2.50,8.56,5.05,7.03,1.12||
2.95,18.79,12.32,4.65,6.26,5.09,2.99||0.00,0.00,0.00,0.04,0.04,0.04||3.46,7.95,0.98,23.15,18.30,11.41||5.32,0.87,0.85,0.21,0.43||14.47,4.10,3.01,8.89,2.62||0.00,0.01,0.50,0.60,0.00||36.12,34.08,147.22,50.96,6.42||3.97,1.50,3.47||1.65,4.43,17.45,8.46,11.02,2.08||
2.95,18.79,12.32,4.65,6.26,5.09,2.99||0.00,0.00,0.00,0.04,0.04,0.04||3.46,7.95,0.98,23.15,18.30,11.41||5.32,0.87,0.85,0.21,0.43||14.85,4.14,3.18,9.04,2.65||0.00,0.01,0.50,0.60,0.00||44.17,76.58,380.56,55.31,10.33||4.00,1.51,3.49||0.81,2.29,7.67,4.66,6.56,1.02||
2.95,18.79,12.32,4.65,6.26,5.09,2.99||0.00,0.00,0.00,0.04,0.04,0.04||3.46,7.95,0.98,23.15,18.30,11.41||5.32,0.87,0.85,0.21,0.43||14.55,4.10,3.05,8.92,2.63||0.00,0.01,0.50,0.60,0.00||86.76,1157.32,9201.49,72.84,51.04||5.05,1.84,4.22||0.33,0.99,2.71,2.19,3.40,0.41||
2.94,18.71,12.28,4.64,6.23,5.08,2.98||0.00,0.00,0.00,0.04,0.04,0.04||3.46,7.95,0.98,23.15,18.30,11.41||5.32,0.87,0.85,0.21,0.43||14.39,4.09,2.98,8.86,2.61||0.00,0.01,0.50,0.60,0.00||47.41,101.76,531.17,56.93,12.21||6.28,2.22,5.03||0.12,0.40,0.86,0.96,1.65,0.15||
2.95,18.73,12.30,4.64,6.24,5.08,2.98||0.00,0.00,0.00,0.04,0.04,0.04||3.46,7.95,0.98,23.15,18.30,11.41||5.32,0.87,0.85,0.21,0.43||14.36,4.08,2.96,8.85,2.61||0.00,0.01,0.50,0.60,0.00||34.82,29.41,123.83,50.20,5.88||4.83,1.77,4.07||0.55,1.58,4.84,3.34,4.90,0.68||
2.94,18.66,12.26,4.62,6.22,5.07,2.97||0.00,0.00,0.00,0.04,0.04,0.04||3.46,7.95,0.98,23.15,18.30,11.41||5.32,0.87,0.85,0.21,0.43||14.45,4.09,3.00,8.88,2.62||0.00,0.01,0.50,0.60,0.00||42.39,64.90,313.38,54.39,9.37||4.51,1.67,3.85||0.12,0.37,0.79,0.90,1.57,0.14||
2.94,18.72,12.29,4.64,6.24,5.08,2.98||0.00,0.00,0.00,0.04,0.04,0.04||3.46,7.95,0.98,23.15,18.30,11.41||5.32,0.87,0.85,0.21,0.43||14.37,4.08,2.97,8.86,2.61||0.00,0.01,0.50,0.60,0.00||18.86,2.50,6.86,39.09,1.38||5.74,2.05,4.67||7.97,19.32,108.77,31.93,34.97,10.20||
2.94,18.66,12.26,4.62,6.22,5.07,2.97||0.00,0.00,0.00,0.04,0.04,0.04||3.46,7.95,0.98,23.15,18.30,11.41||5.29,0.87,0.84,0.21,0.43||14.45,4.09,3.00,8.89,2.62||0.00,0.01,0.50,0.60,0.00||37.69,40.44,179.91,51.85,7.10||5.02,1.83,4.20||0.55,1.59,4.89,3.36,4.94,0.69||
2.93,18.56,12.21,4.60,6.19,5.05,2.96||0.00,0.00,0.00,0.04,0.04,0.04||3.46,7.95,0.98,23.15,18.30,11.41||5.25,0.87,0.83,0.21,0.43||14.56,4.11,3.05,8.93,2.63||0.00,0.01,0.50,0.60,0.00||47.23,100.24,521.87,56.85,12.11||4.13,1.55,3.58||0.94,2.63,9.10,5.28,7.31,1.18||
2.92,18.55,12.20,4.60,6.18,5.05,2.96||0.00,0.00,0.00,0.04,0.04,0.04||3.46,7.95,0.98,23.15,18.30,11.41||5.26,0.87,0.84,0.21,0.43||14.39,4.09,2.98,8.86,2.61||0.00,0.01,0.50,0.60,0.00||54.69,180.75,1042.14,60.35,17.12||5.07,1.85,4.23||0.41,1.22,3.51,2.64,4.00,0.51||
2.92,18.54,12.20,4.60,6.18,5.05,2.96||0.00,0.00,0.00,0.04,0.04,0.04||3.46,7.95,0.98,23.15,18.30,11.41||5.23,0.86,0.83,0.21,0.43||14.46,4.09,3.01,8.89,2.62||0.00,0.01,0.50,0.60,0.00||37.05,37.73,165.89,51.48,6.81||4.38,1.63,3.76||2.36,6.21,26.51,11.46,14.35,2.99||
2.92,18.54,12.20,4.60,6.18,5.05,2.96||0.00,0.00,0.00,0.04,0.04,0.04||3.46,7.95,0.98,23.15,18.30,11.41||5.22,0.86,0.83,0.21,0.43||14.66,4.12,3.09,8.96,2.63||0.00,0.01,0.50,0.60,0.00||40.92,56.29,265.18,53.61,8.62||4.59,1.70,3.90||0.95,2.66,9.23,5.33,7.37,1.19||
2.92,18.54,12.20,4.60,6.18,5.05,2.96||0.00,0.00,0.00,0.04,0.04,0.04||3.46,7.95,0.98,23.15,18.30,11.41||5.22,0.86,0.83,0.21,0.43||14.60,4.11,3.07,8.94,2.63||0.00,0.01,0.50,0.60,0.00||28.51,13.16,48.20,46.27,3.67||7.03,2.44,5.50||1.18,3.24,11.82,6.38,8.62,1.48||
2.92,18.54,12.20,4.60,6.18,5.05,2.96||0.00,0.00,0.00,0.04,0.04,0.04||3.43,7.93,0.97,23.06,18.26,11.33||5.22,0.86,0.83,0.21,0.43||14.59,4.11,3.07,8.94,2.63||0.00,0.01,0.50,0.60,0.00||52.16,149.42,833.57,59.19,15.31||3.10,1.21,2.84||2.69,6.99,30.74,12.77,15.75,3.40||
2.92,18.54,12.20,4.60,6.18,5.05,2.96||0.00,0.00,0.00,0.04,0.04,0.04||3.39,7.91,0.95,22.95,18.22,11.25||5.22,0.86,0.83,0.21,0.43||14.50,4.10,3.02,8.90,2.62||0.00,0.01,0.50,0.60,0.00||41.72,60.86,290.64,54.04,9.03||3.55,1.36,3.18||0.27,0.82,2.15,1.85,2.94,0.34||
2.92,18.54,12.20,4.60,6.18,5.05,2.96||0.00,0.00,0.00,0.04,0.04,0.04||3.35,7.89,0.94,22.84,18.17,11.16||5.22,0.86,0.83,0.21,0.43||14.48,4.10,3.01,8.89,2.62||0.00,0.01,0.50,0.60,0.00||26.39,9.65,33.49,44.84,3.05||5.16,1.88,4.29||0.30,0.90,2.39,2.00,3.14,0.37||
2.92,18.54,12.20,4.60,6.18,5.05,2.96||0.00,0.00,0.00,0.04,0.04,0.04||3.34,7.89,0.94,22.82,18.16,11.14||5.22,0.86,0.83,0.21,0.43||14.57,4.11,3.05,8.93,2.63||0.00,0.01,0.50,0.60,0.00||44.97,82.32,414.22,55.72,10.78||3.56,1.37,3.18||0.28,0.85,2.24,1.91,3.02,0.35||
2.92,18.54,12.20,4.60,6.18,5.05,2.96||0.00,0.00,0.00,0.04,0.04,0.04||3.28,7.86,0.91,22.64,18.08,11.00||5.22,0.86,0.83,0.21,0.43||14.58,4.11,3.06,8.94,2.63||0.00,0.01,0.50,0.60,0.00||42.75,67.16,326.22,54.58,9.56||3.49,1.34,3.13||1.08,2.99,10.70,5.94,8.09,1.36||
2.92,18.54,12.20,4.60,6.18,5.05,2.96||0.00,0.00,0.00,0.04,0.04,0.04||3.30,7.87,0.92,22.69,18.10,11.04||5.22,0.86,0.83,0.21,0.43||14.59,4.11,3.06,8.94,2.63||0.00,0.01,0.50,0.60,0.00||39.65,49.61,228.67,52.93,8.00||4.51,1.67,3.85||4.24,10.71,52.23,18.75,22.01,5.39||
2.92,18.54,12.20,4.60,6.18,5.05,2.96||0.00,0.00,0.00,0.04,0.04,0.04||3.27,7.85,0.91,22.61,18.07,10.98||5.17,0.86,0.81,0.21,0.43||14.49,4.10,3.02,8.90,2.62||0.00,0.01,0.50,0.60,0.00||54.42,177.25,1018.46,60.23,16.93||4.13,1.55,3.59||0.94,2.62,9.08,5.27,7.30,1.18||
2.92,18.54,12.20,4.60,6.18,5.05,2.96||0.00,0.00,0.00,0.04,0.04,0.04||3.27,7.85,0.90,22.59,18.06,10.97||5.15,0.86,0.81,0.20,0.43||14.48,4.10,3.01,8.89,2.62||0.00,0.01,0.50,0.60,0.00||52.78,156.65,881.09,59.48,15.74||2.84,1.13,2.65||2.88,7.47,33.35,13.54,16.58,3.65||
2.92,18.54,12.20,4.60,6.18,5.05,2.96||0.00,0.00,0.00,0.03,0.04,0.04||3.27,7.85,0.90,22.59,18.06,10.97||5.13,0.85,0.80,0.20,0.42||14.47,4.10,3.01,8.89,2.62||0.00,0.00,0.50,0.60,0.00||25.01,7.77,25.97,43.86,2.69||4.39,1.63,3.77||2.49,6.50,28.09,11.96,14.88,3.14||
2.92,18.54,12.20,4.60,6.18,5.05,2.96||0.00,0.00,0.00,0.03,0.04,0.04||3.27,7.85,0.90,22.59,18.06,10.97||5.13,0.85,0.80,0.20,0.42||14.57,4.11,3.05,8.93,2.63||0.00,0.00,0.50,0.60,0.00||26.71,10.11,35.41,45.05,3.14||3.47,1.34,3.11||5.76,14.27,74.63,24.29,27.57,7.35||
2.92,18.46,12.16,4.58,6.16,5.03,2.95||0.00,0.00,0.00,0.03,0.04,0.04||3.27,7.85,0.90,22.59,18.06,10.97||5.12,0.85,0.80,0.20,0.42||14.58,4.11,3.06,8.94,2.63||0.00,0.01,0.50,0.60,0.00||66.65,400.69,2651.49,65.42,27.35||4.23,1.58,3.65||2.60,6.77,29.55,12.40,15.37,3.29||
2.91,18.45,12.15,4.58,6.15,5.03,2.95||0.00,0.00,0.00,0.03,0.04,0.04||3.30,7.87,0.92,22.68,18.10,11.03||5.14,0.86,0.81,0.20,0.43||14.49,4.10,3.02,8.90,2.62||0.00,0.01,0.50,0.60,0.00||62.93,318.02,2021.88,63.90,23.87||4.71,1.73,3.98||0.72,2.04,6.64,4.20,5.99,0.90||
