4.49,33.66,19.48,7.87,10.51,7.72,4.57||0.00,0.00,0.00,0.08,0.07,0.08||50.73,14.00,52.97,72.29,34.09,70.90||11.38,1.33,2.77,0.42,0.65||52.40,6.98,45.80,19.68,4.35||0.02,0.05,0.69,0.80,0.01||231.26,59714.80,939508.69,108.65,519.07||31.17,8.65,18.25||17.78,40.92,276.60,62.85,63.02,22.98||
3.04,19.54,12.71,4.82,6.48,5.24,3.07||0.00,0.00,0.00,0.04,0.04,0.04||4.43,8.37,1.42,25.72,19.38,13.50||4.86,0.83,0.74,0.19,0.41||17.07,4.39,4.27,9.85,2.80||0.00,0.01,0.53,0.63,0.00||98.87,1957.01,17040.44,76.83,69.51||22.11,6.46,13.84||41.55,90.47,741.74,128.56,117.43,54.20||
2.83,17.72,11.77,4.41,5.94,4.89,2.86||0.00,0.00,0.00,0.03,0.04,0.04||2.81,7.60,0.72,21.19,17.44,9.89||4.17,0.76,0.58,0.17,0.38||14.04,4.05,2.83,8.73,2.59||0.00,0.01,0.50,0.60,0.00||91.78,1450.95,11996.45,74.53,58.30||12.08,3.87,8.51||1.81,4.84,19.46,9.16,11.80,2.28||
2.79,17.38,11.59,4.34,5.84,4.82,2.82||0.00,0.00,0.00,0.03,0.04,0.04||2.54,7.45,0.62,20.32,17.04,9.25||4.05,0.75,0.56,0.16,0.37||13.52,3.98,2.61,8.53,2.55||0.00,0.00,0.50,0.59,0.00||79.27,804.76,6008.42,70.21,41.22||14.70,4.57,9.97||2.50,6.54,28.26,12.01,14.94,3.16||
2.78,17.32,11.56,4.32,5.82,4.81,2.81||0.00,0.00,0.00,0.03,0.04,0.04||2.47,7.40,0.60,20.07,16.93,9.07||4.02,0.75,0.55,0.16,0.37||13.58,3.99,2.63,8.55,2.56||0.00,0.00,0.50,0.59,0.00||54.84,182.80,1055.98,60.42,17.24||12.78,4.05,8.90||1.05,2.91,10.34,5.79,7.92,1.32||
2.78,17.30,11.55,4.32,5.81,4.80,2.81||0.00,0.00,0.00,0.03,0.04,0.04||2.46,7.39,0.59,20.02,16.91,9.03||4.02,0.75,0.55,0.16,0.37||13.43,3.97,2.57,8.49,2.54||0.00,0.00,0.50,0.59,0.00||56.50,206.06,1215.33,61.15,18.50||10.16,3.34,7.40||0.90,2.52,8.63,5.08,7.07,1.13||
2.78,17.30,11.55,4.32,5.81,4.80,2.81||0.00,0.00,0.00,0.03,0.04,0.04||2.45,7.39,0.59,20.01,16.90,9.03||4.02,0.75,0.55,0.16,0.37||13.48,3.98,2.59,8.51,2.55||0.00,0.00,0.50,0.59,0.00||83.24,979.38,7564.95,71.62,46.26||12.78,4.05,8.90||2.41,6.33,27.15,11.66,14.56,3.05||
2.78,17.30,11.55,4.32,5.81,4.80,2.81||0.00,0.00,0.00,0.03,0.04,0.04||2.45,7.39,0.59,20.01,16.90,9.03||4.02,0.75,0.55,0.16,0.37||13.49,3.98,2.60,8.52,2.55||0.00,0.00,0.50,0.59,0.00||95.53,1704.14,14487.50,75.76,64.08||16.83,5.12,11.11||3.15,8.13,37.05,14.62,17.72,4.00||
2.78,17.30,11.55,4.32,5.81,4.80,2.81||0.00,0.00,0.00,0.03,0.04,0.04||2.45,7.39,0.59,20.01,16.90,9.03||4.02,0.75,0.55,0.16,0.37||13.25,3.95,2.50,8.42,2.53||0.00,0.00,0.50,0.59,0.00||62.91,317.63,2018.96,63.90,23.86||10.48,3.42,7.59||0.70,1.99,6.43,4.10,5.87,0.87||
2.78,17.30,11.55,4.32,5.81,4.80,2.81||0.00,0.00,0.00,0.03,0.04,0.04||2.45,7.39,0.59,20.01,16.90,9.03||4.02,0.75,0.55,0.16,0.37||13.44,3.97,2.58,8.50,2.54||0.00,0.00,0.50,0.59,0.00||71.19,522.17,3617.38,67.20,31.96||12.87,4.08,8.95||3.31,8.49,39.13,15.21,18.34,4.19||
2.78,17.30,11.55,4.32,5.81,4.80,2.81||0.00,0.00,0.00,0.03,0.04,0.04||2.45,7.39,0.59,20.01,16.90,9.03||3.99,0.74,0.54,0.16,0.37||13.32,3.96,2.53,8.45,2.54||0.00,0.00,0.50,0.59,0.00||109.51,2952.77,27608.08,80.10,88.54||19.20,5.73,12.35||7.92,19.23,108.11,31.79,34.83,10.15||
2.78,17.30,11.55,4.32,5.81,4.80,2.81||0.00,0.00,0.00,0.03,0.04,0.04||2.45,7.39,0.59,20.01,16.90,9.03||3.95,0.74,0.54,0.16,0.37||13.46,3.97,2.58,8.50,2.55||0.00,0.00,0.50,0.59,0.00||69.46,473.07,3221.70,66.53,30.15||10.95,3.56,7.86||1.52,4.11,15.86,7.90,10.38,1.91||
2.78,17.26,11.53,4.31,5.80,4.79,2.81||0.00,0.00,0.00,0.03,0.04,0.04||2.45,7.39,0.59,20.01,16.90,9.03||3.94,0.74,0.53,0.16,0.37||13.57,3.99,2.63,8.55,2.55||0.00,0.00,0.50,0.59,0.00||94.07,1602.05,13474.78,75.29,61.79||12.90,4.09,8.97||3.23,8.32,38.13,14.92,18.05,4.10||
2.78,17.29,11.55,4.32,5.81,4.80,2.81||0.00,0.00,0.00,0.03,0.04,0.04||2.45,7.39,0.59,20.01,16.90,9.03||3.94,0.74,0.53,0.16,0.37||13.34,3.96,2.54,8.46,2.54||0.00,0.00,0.50,0.59,0.00||71.26,524.31,3634.80,67.23,32.03||12.00,3.84,8.46||1.29,3.51,13.07,6.86,9.18,1.62||
2.77,17.18,11.49,4.29,5.78,4.78,2.80||0.00,0.00,0.00,0.03,0.04,0.04||2.45,7.39,0.59,20.01,16.90,9.03||3.94,0.74,0.53,0.16,0.37||13.38,3.96,2.55,8.47,2.54||0.00,0.00,0.50,0.59,0.00||95.31,1689.04,14337.07,75.69,63.75||13.95,4.37,9.55||21.73,49.37,349.29,74.44,73.01,28.15||
2.76,17.07,11.43,4.27,5.74,4.76,2.79||0.00,0.00,0.00,0.03,0.04,0.04||2.45,7.39,0.59,20.01,16.90,9.03||3.94,0.74,0.53,0.16,0.37||13.14,3.94,2.46,8.38,2.52||0.00,0.00,0.50,0.59,0.00||80.38,850.93,6414.77,70.61,42.59||10.82,3.52,7.78||2.49,6.53,28.21,11.99,14.92,3.16||
2.75,17.05,11.42,4.26,5.74,4.75,2.78||0.00,0.00,0.00,0.03,0.04,0.04||2.43,7.38,0.58,19.93,16.87,8.97||3.94,0.74,0.53,0.16,0.37||13.18,3.94,2.47,8.39,2.53||0.00,0.00,0.50,0.59,0.00||104.36,2432.66,21995.00,78.54,79.00||20.98,6.18,13.27||4.23,10.69,52.10,18.72,21.98,5.38||
2.76,17.09,11.44,4.27,5.75,4.76,2.79||0.00,0.00,0.00,0.03,0.04,0.04||2.36,7.33,0.56,19.68,16.75,8.79||3.94,0.74,0.53,0.16,0.37||13.43,3.97,2.57,8.49,2.54||0.00,0.00,0.50,0.59,0.00||65.14,365.42,2379.84,64.81,25.91||12.58,4.00,8.79||1.74,4.67,18.60,8.87,11.47,2.20||
2.75,17.05,11.42,4.26,5.74,4.75,2.78||0.00,0.00,0.00,0.03,0.04,0.04||2.32,7.31,0.55,19.56,16.69,8.70||3.94,0.74,0.53,0.16,0.37||13.23,3.95,2.49,8.42,2.53||0.00,0.00,0.50,0.59,0.00||77.59,738.25,5430.15,69.60,39.18||11.58,3.73,8.22||1.13,3.11,11.20,6.14,8.33,1.41||
2.75,17.05,11.42,4.26,5.74,4.75,2.78||0.00,0.00,0.00,0.03,0.04,0.04||2.32,7.30,0.54,19.53,16.68,8.69||3.94,0.74,0.53,0.16,0.37||13.36,3.96,2.54,8.46,2.54||0.00,0.00,0.50,0.59,0.00||56.41,204.75,1206.26,61.11,18.43||14.68,4.56,9.95||0.75,2.11,6.93,4.33,6.15,0.93||
2.76,17.09,11.44,4.27,5.75,4.76,2.79||0.00,0.00,0.00,0.03,0.04,0.04||2.32,7.30,0.54,19.53,16.68,8.68||3.91,0.73,0.53,0.16,0.37||13.30,3.96,2.52,8.44,2.53||0.00,0.00,0.50,0.59,0.00||82.24,933.24,7148.58,71.27,44.97||20.98,6.18,13.27||10.70,25.45,153.21,40.94,43.41,13.75||
2.75,17.05,11.42,4.26,5.74,4.75,2.78||0.00,0.00,0.00,0.03,0.04,0.04||2.32,7.30,0.54,19.53,16.68,8.68||3.87,0.73,0.52,0.16,0.37||13.29,3.95,2.52,8.44,2.53||0.00,0.00,0.50,0.59,0.00||115.65,3676.75,35706.93,81.90,100.73||15.54,4.79,10.42||1.44,3.92,14.95,7.56,9.99,1.82||
2.75,17.05,11.42,4.26,5.74,4.75,2.78||0.00,0.00,0.00,0.03,0.04,0.04||2.32,7.30,0.54,19.53,16.68,8.68||3.87,0.73,0.52,0.16,0.36||13.13,3.93,2.45,8.37,2.52||0.00,0.00,0.50,0.59,0.00||96.23,1755.11,14997.17,75.99,65.20||12.54,3.99,8.77||0.99,2.75,9.64,5.50,7.58,1.24||
2.75,17.05,11.42,4.26,5.74,4.75,2.78||0.00,0.00,0.00,0.03,0.04,0.04||2.32,7.30,0.54,19.53,16.68,8.68||3.87,0.73,0.52,0.16,0.36||13.09,3.93,2.44,8.36,2.52||0.00,0.00,0.50,0.59,0.00||76.46,695.85,5066.19,69.18,37.84||10.24,3.36,7.45||1.11,3.06,11.01,6.06,8.24,1.39||
2.75,17.05,11.42,4.26,5.74,4.75,2.78||0.00,0.00,0.00,0.03,0.04,0.04||2.32,7.30,0.54,19.53,16.68,8.68||3.87,0.73,0.52,0.16,0.36||13.17,3.94,2.47,8.39,2.52||0.00,0.00,0.50,0.59,0.00||67.29,416.24,2772.53,65.67,27.97||10.83,3.52,7.79||1.50,4.05,15.61,7.81,10.27,1.89||
2.75,17.05,11.42,4.26,5.74,4.75,2.78||0.00,0.00,0.00,0.03,0.04,0.04||2.32,7.30,0.54,19.53,16.68,8.68||3.87,0.73,0.52,0.16,0.36||13.10,3.93,2.44,8.36,2.52||0.00,0.00,0.50,0.59,0.00||63.84,336.81,2162.77,64.28,24.69||10.48,3.43,7.59||1.56,4.20,16.32,8.06,10.57,1.96||
2.75,17.05,11.42,4.26,5.74,4.75,2.78||0.00,0.00,0.00,0.03,0.04,0.04||2.32,7.30,0.54,19.53,16.68,8.68||3.87,0.73,0.52,0.16,0.36||13.09,3.93,2.44,8.36,2.52||0.00,0.00,0.49,0.59,0.00||65.80,380.47,2495.18,65.08,26.53||10.61,3.46,7.66||1.18,3.25,11.86,6.40,8.64,1.49||
2.77,17.21,11.50,4.30,5.79,4.78,2.80||0.00,0.00,0.00,0.03,0.04,0.04||2.32,7.30,0.54,19.53,16.68,8.68||4.01,0.75,0.55,0.16,0.37||13.25,3.95,2.50,8.42,2.53||0.00,0.00,0.49,0.59,0.00||128.82,5673.97,59400.31,85.58,130.01||18.02,5.43,11.74||2.57,6.71,29.20,12.30,15.25,3.25||
2.81,17.53,11.67,4.37,5.88,4.85,2.84||0.00,0.00,0.00,0.03,0.04,0.04||2.63,7.50,0.66,20.62,17.18,9.47||4.72,0.82,0.71,0.19,0.41||13.69,4.00,2.68,8.59,2.56||0.00,0.00,0.50,0.59,0.00||77.58,737.78,5426.13,69.59,39.16||12.62,4.01,8.81||1.40,3.79,14.36,7.35,9.75,1.75||
2.86,17.97,11.90,4.47,6.01,4.94,2.89||0.00,0.00,0.00,0.03,0.04,0.04||2.99,7.70,0.79,21.75,17.69,10.32||5.65,0.90,0.93,0.22,0.45||14.47,4.10,3.01,8.89,2.62||0.00,0.00,0.50,0.59,0.00||69.71,479.80,3275.54,66.62,30.41||11.04,3.58,7.91||1.03,2.86,10.13,5.70,7.82,1.29||
2.89,18.28,12.06,4.54,6.11,5.00,2.93||0.00,0.00,0.00,0.03,0.04,0.04||3.35,7.90,0.94,22.85,18.17,11.17||6.61,0.98,1.19,0.26,0.49||14.99,4.16,3.24,9.09,2.66||0.00,0.00,0.50,0.59,0.00||68.02,434.79,2918.07,65.96,28.69||14.78,4.59,10.00||3.14,8.10,36.91,14.58,17.68,3.99||
2.91,18.43,12.14,4.57,6.15,5.02,2.95||0.00,0.00,0.00,0.04,0.04,0.04||3.59,8.01,1.04,23.52,18.46,11.70||7.46,1.05,1.44,0.29,0.52||15.28,4.19,3.38,9.20,2.68||0.00,0.00,0.50,0.59,0.00||66.06,386.61,2542.53,65.18,26.78||12.81,4.06,8.92||1.14,3.14,11.36,6.20,8.40,1.43||
2.93,18.60,12.22,4.61,6.20,5.06,2.96||0.00,0.00,0.00,0.04,0.04,0.04||3.95,8.17,1.20,24.50,18.88,12.49||8.19,1.11,1.66,0.31,0.55||15.71,4.24,3.58,9.36,2.71||0.00,0.00,0.50,0.59,0.00||61.55,290.79,1820.37,63.33,22.65||13.37,4.21,9.23||3.47,8.89,41.45,15.85,19.02,4.41||
2.93,18.63,12.24,4.62,6.21,5.06,2.97||0.00,0.00,0.00,0.04,0.04,0.04||4.25,8.30,1.34,25.27,19.20,13.13||8.72,1.15,1.83,0.33,0.57||15.80,4.25,3.63,9.39,2.71||0.00,0.00,0.50,0.59,0.00||142.67,8555.14,96160.19,89.22,165.53||17.88,5.39,11.66||4.16,10.52,51.05,18.44,21.70,5.29||
2.96,18.86,12.36,4.67,6.28,5.11,2.99||0.00,0.00,0.00,0.04,0.04,0.04||4.52,8.41,1.46,25.92,19.47,13.67||9.24,1.19,2.00,0.35,0.58||16.00,4.27,3.73,9.46,2.73||0.00,0.00,0.50,0.59,0.00||81.33,892.10,6780.35,70.95,43.79||14.36,4.48,9.78||1.36,3.70,13.94,7.19,9.56,1.71||
2.97,18.91,12.38,4.68,6.29,5.12,3.00||0.00,0.00,0.00,0.04,0.04,0.04||4.61,8.44,1.51,26.15,19.56,13.87||9.57,1.21,2.12,0.36,0.60||16.34,4.31,3.89,9.58,2.75||0.00,0.00,0.50,0.59,0.00||82.80,958.68,7377.71,71.47,45.68||12.21,3.90,8.58||1.47,3.99,15.28,7.69,10.13,1.85||
2.97,18.92,12.39,4.68,6.29,5.12,3.00||0.00,0.00,0.00,0.04,0.04,0.04||4.80,8.52,1.60,26.60,19.75,14.26||9.84,1.23,2.21,0.37,0.60||16.31,4.30,3.88,9.57,2.75||0.00,0.00,0.50,0.59,0.00||161.36,14040.87,171950.30,93.82,221.53||16.54,5.05,10.96||8.03,19.45,109.71,32.13,35.16,10.28||
2.97,18.92,12.39,4.68,6.29,5.12,3.00||0.00,0.00,0.00,0.04,0.04,0.04||4.88,8.55,1.64,26.80,19.83,14.42||10.04,1.24,2.28,0.37,0.61||16.50,4.32,3.97,9.64,2.76||0.00,0.00,0.50,0.59,0.00||91.18,1413.00,11629.17,74.33,57.39||11.95,3.83,8.43||1.73,4.62,18.38,8.79,11.39,2.17||
2.97,18.96,12.41,4.69,6.31,5.13,3.01||0.00,0.00,0.00,0.04,0.04,0.04||5.08,8.62,1.74,27.25,20.01,14.82||10.23,1.26,2.35,0.38,0.62||16.44,4.32,3.94,9.62,2.75||0.00,0.00,0.50,0.59,0.00||65.27,368.24,2401.40,64.86,26.02||12.19,3.89,8.57||1.32,3.60,13.47,7.01,9.36,1.66||
2.97,18.97,12.42,4.69,6.31,5.13,3.01||0.00,0.00,0.00,0.04,0.04,0.04||5.12,8.63,1.76,27.34,20.04,14.90||10.30,1.26,2.37,0.38,0.62||16.33,4.31,3.89,9.58,2.75||0.00,0.00,0.50,0.59,0.00||60.33,268.28,1656.21,62.81,21.60||10.42,3.41,7.55||2.42,6.34,27.22,11.69,14.59,3.06||
2.99,19.11,12.49,4.73,6.35,5.16,3.02||0.00,0.00,0.00,0.04,0.04,0.04||5.37,8.72,1.89,27.89,20.26,15.38||10.44,1.27,2.42,0.39,0.62||16.21,4.29,3.83,9.54,2.74||0.00,0.00,0.50,0.59,0.00||93.89,1589.68,13352.79,75.23,61.51||13.99,4.38,9.58||5.13,12.80,65.17,22.02,25.31,6.54||
3.00,19.19,12.53,4.74,6.37,5.17,3.03||0.00,0.00,0.00,0.04,0.04,0.04||5.42,8.74,1.92,28.00,20.31,15.48||10.46,1.27,2.43,0.39,0.63||16.28,4.30,3.87,9.56,2.74||0.00,0.00,0.50,0.59,0.00||77.74,744.13,5480.92,69.66,39.36||12.10,3.87,8.52||4.01,10.17,48.98,17.90,21.14,5.10||
3.00,19.20,12.54,4.75,6.38,5.17,3.03||0.00,0.00,0.00,0.04,0.04,0.04||5.43,8.74,1.92,28.02,20.32,15.49||10.62,1.28,2.49,0.39,0.63||16.49,4.32,3.97,9.64,2.76||0.00,0.00,0.50,0.59,0.00||56.89,211.86,1255.53,61.33,18.80||9.21,3.07,6.84||1.25,3.41,12.59,6.68,8.97,1.56||
3.00,19.20,12.54,4.75,6.38,5.17,3.03||0.00,0.00,0.00,0.04,0.04,0.04||5.58,8.79,2.00,28.35,20.44,15.79||10.66,1.28,2.50,0.39,0.63||16.44,4.32,3.94,9.62,2.75||0.00,0.00,0.50,0.59,0.00||122.52,4638.03,46890.12,83.85,115.47||15.77,4.85,10.54||3.03,7.83,35.39,14.14,17.22,3.84||
3.00,19.20,12.54,4.75,6.38,5.17,3.03||0.00,0.00,0.00,0.04,0.04,0.05||5.71,8.83,2.07,28.63,20.56,16.04||10.66,1.29,2.50,0.39,0.63||16.33,4.31,3.89,9.58,2.75||0.00,0.00,0.50,0.59,0.00||89.37,1303.39,10578.23,73.73,54.73||17.20,5.22,11.31||13.14,30.85,194.61,48.70,50.48,16.93||
3.00,19.20,12.54,4.75,6.38,5.17,3.03||0.00,0.00,0.00,0.04,0.04,0.05||5.74,8.84,2.09,28.69,20.58,16.09||10.82,1.30,2.56,0.40,0.64||16.40,4.31,3.93,9.61,2.75||0.00,0.00,0.50,0.59,0.00||80.26,845.77,6369.18,70.57,42.44||20.04,5.94,12.79||5.11,12.76,64.94,21.96,25.25,6.52||
3.00,19.20,12.54,4.75,6.38,5.17,3.03||0.00,0.00,0.00,0.04,0.04,0.05||5.74,8.84,2.09,28.70,20.58,16.10||10.85,1.30,2.57,0.40,0.64||16.32,4.31,3.89,9.58,2.75||0.00,0.00,0.50,0.59,0.00||98.04,1891.71,16375.40,76.57,68.14||12.45,3.97,8.72||3.59,9.18,43.10,16.31,19.50,4.56||
3.00,19.20,12.54,4.75,6.38,5.17,3.03||0.00,0.00,0.00,0.04,0.04,0.05||6.01,8.93,2.23,29.26,20.80,16.60||10.86,1.30,2.58,0.40,0.64||16.70,4.35,4.08,9.72,2.77||0.00,0.00,0.50,0.59,0.00||109.39,2939.68,27464.51,80.06,88.31||12.54,3.99,8.77||2.62,6.82,29.81,12.48,15.45,3.31||
3.00,19.20,12.54,4.75,6.38,5.17,3.03||0.00,0.00,0.00,0.04,0.04,0.05||6.06,8.95,2.26,29.37,20.84,16.71||10.86,1.30,2.58,0.40,0.64||16.68,4.34,4.07,9.71,2.77||0.00,0.00,0.50,0.59,0.00||123.41,4775.30,48522.25,84.10,117.47||19.24,5.74,12.37||0.98,2.73,9.54,5.46,7.53,1.23||
3.00,19.20,12.54,4.75,6.38,5.17,3.03||0.00,0.00,0.00,0.04,0.04,0.05||6.07,8.95,2.27,29.39,20.85,16.73||10.99,1.31,2.63,0.41,0.64||16.97,4.38,4.22,9.81,2.79||0.00,0.00,0.50,0.59,0.00||60.14,264.90,1631.72,62.73,21.44||13.23,4.17,9.15||4.59,11.54,57.33,20.06,23.34,5.85||
3.00,19.25,12.56,4.76,6.39,5.18,3.04||0.00,0.00,0.00,0.04,0.04,0.05||6.08,8.95,2.27,29.40,20.85,16.73||11.05,1.31,2.65,0.41,0.64||17.03,4.38,4.25,9.83,2.79||0.00,0.00,0.50,0.59,0.00||111.36,3157.83,29870.45,80.65,92.11||16.39,5.01,10.87||13.13,30.82,194.43,48.67,50.45,16.91||
3.00,19.21,12.54,4.75,6.38,5.18,3.04||0.00,0.00,0.00,0.04,0.04,0.05||6.08,8.95,2.27,29.40,20.85,16.73||11.06,1.31,2.65,0.41,0.64||16.84,4.36,4.15,9.77,2.78||0.00,0.00,0.50,0.59,0.00||104.48,2443.64,22111.50,78.58,79.21||13.22,4.17,9.15||3.35,8.61,39.80,15.40,18.54,4.26||
3.00,19.25,12.56,4.76,6.39,5.18,3.04||0.00,0.00,0.00,0.04,0.04,0.05||6.36,9.04,2.43,29.96,21.07,17.25||11.06,1.31,2.65,0.41,0.64||16.81,4.36,4.13,9.75,2.78||0.00,0.00,0.50,0.59,0.00||73.01,577.91,4074.38,67.89,33.92||10.96,3.56,7.86||0.58,1.67,5.17,3.50,5.12,0.72||
3.02,19.40,12.64,4.79,6.44,5.21,3.06||0.00,0.00,0.00,0.04,0.04,0.05||6.41,9.05,2.46,30.08,21.12,17.36||11.10,1.31,2.66,0.41,0.65||16.90,4.37,4.18,9.79,2.78||0.00,0.00,0.50,0.59,0.00||61.33,286.58,1789.52,63.23,22.46||11.76,3.78,8.32||2.12,5.61,23.36,10.46,13.25,2.68||
3.03,19.48,12.68,4.81,6.46,5.23,3.07||0.00,0.00,0.00,0.04,0.04,0.05||6.42,9.06,2.47,30.10,21.12,17.38||11.17,1.32,2.69,0.41,0.65||16.72,4.35,4.09,9.72,2.77||0.00,0.00,0.50,0.59,0.00||90.25,1356.19,11082.59,74.03,56.02||14.07,4.40,9.62||3.55,9.07,42.46,16.14,19.31,4.50||
3.02,19.40,12.64,4.79,6.44,5.21,3.06||0.00,0.00,0.00,0.04,0.04,0.05||6.43,9.06,2.47,30.10,21.13,17.38||11.25,1.32,2.72,0.41,0.65||16.98,4.38,4.22,9.82,2.79||0.00,0.00,0.50,0.59,0.00||156.19,12316.21,147446.33,92.58,205.10||17.87,5.39,11.66||4.39,11.07,54.43,19.32,22.59,5.59||
3.03,19.48,12.68,4.81,6.46,5.23,3.07||0.00,0.00,0.00,0.04,0.04,0.05||6.49,9.07,2.50,30.22,21.17,17.49||11.27,1.33,2.73,0.42,0.65||17.04,4.38,4.25,9.84,2.79||0.00,0.00,0.50,0.59,0.00||83.58,995.88,7714.70,71.74,46.72||10.68,3.48,7.70||1.23,3.37,12.40,6.61,8.88,1.54||
3.03,19.49,12.68,4.81,6.46,5.23,3.07||0.00,0.00,0.00,0.04,0.04,0.05||6.44,9.06,2.47,30.13,21.14,17.41||11.27,1.33,2.73,0.42,0.65||16.94,4.37,4.21,9.80,2.79||0.00,0.00,0.50,0.59,0.00||138.85,7670.52,84603.47,88.24,155.24||15.24,4.71,10.26||2.72,7.09,31.25,12.92,15.92,3.45||
3.03,19.49,12.69,4.81,6.46,5.23,3.07||0.00,0.00,0.00,0.04,0.04,0.05||6.66,9.13,2.60,30.57,21.30,17.82||11.27,1.33,2.73,0.42,0.65||17.03,4.38,4.25,9.83,2.79||0.00,0.00,0.50,0.59,0.00||73.62,597.78,4239.26,68.13,34.60||11.99,3.84,8.45||1.04,2.88,10.19,5.73,7.85,1.30||
3.03,19.50,12.69,4.81,6.47,5.23,3.07||0.00,0.00,0.00,0.04,0.04,0.05||6.77,9.16,2.67,30.78,21.38,18.01||11.27,1.33,2.73,0.42,0.65||16.94,4.37,4.20,9.80,2.79||0.00,0.00,0.50,0.59,0.00||52.13,149.04,831.07,59.18,15.29||11.25,3.64,8.03||0.86,2.42,8.21,4.90,6.85,1.08||
3.03,19.50,12.69,4.81,6.47,5.23,3.07||0.00,0.00,0.00,0.04,0.04,0.05||6.79,9.16,2.68,30.82,21.40,18.05||11.27,1.33,2.73,0.42,0.65||16.93,4.37,4.20,9.80,2.79||0.00,0.00,0.50,0.59,0.00||68.22,439.84,2957.84,66.04,28.89||14.31,4.46,9.75||2.75,7.15,31.61,13.03,16.03,3.48||
3.03,19.50,12.69,4.81,6.47,5.23,3.07||0.00,0.00,0.00,0.04,0.04,0.05||6.80,9.16,2.68,30.83,21.40,18.06||11.40,1.33,2.78,0.42,0.66||17.02,4.38,4.25,9.83,2.79||0.00,0.00,0.50,0.59,0.00||76.71,705.28,5146.82,69.28,38.14||16.21,4.96,10.78||2.24,5.91,24.95,10.97,13.81,2.84||
3.03,19.50,12.69,4.81,6.47,5.23,3.07||0.00,0.00,0.00,0.04,0.05,0.05||6.80,9.16,2.68,30.83,21.40,18.06||11.46,1.34,2.80,0.42,0.66||17.04,4.38,4.26,9.84,2.79||0.00,0.00,0.50,0.59,0.00||89.12,1289.01,10441.48,73.65,54.38||16.02,4.91,10.68||3.72,9.47,44.85,16.79,19.99,4.72||
3.03,19.50,12.69,4.81,6.47,5.23,3.07||0.00,0.00,0.00,0.04,0.04,0.05||6.80,9.16,2.68,30.83,21.40,18.06||11.48,1.34,2.81,0.42,0.66||17.05,4.38,4.26,9.84,2.79||0.00,0.00,0.50,0.59,0.00||84.37,1033.88,8061.07,72.02,47.76||16.81,5.12,11.10||20.11,45.92,319.21,69.73,68.98,26.03||
3.03,19.50,12.69,4.81,6.47,5.23,3.07||0.00,0.00,0.00,0.04,0.05,0.05||6.86,9.18,2.72,30.95,21.45,18.17||11.48,1.34,2.81,0.42,0.66||17.05,4.38,4.26,9.84,2.79||0.00,0.00,0.50,0.59,0.00||95.30,1687.89,14325.62,75.69,63.72||16.57,5.06,10.97||3.99,10.13,48.76,17.84,21.08,5.08||
3.03,19.50,12.69,4.81,6.47,5.23,3.07||0.00,0.00,0.00,0.04,0.05,0.05||7.06,9.24,2.84,31.33,21.59,18.53||11.48,1.34,2.81,0.42,0.66||17.05,4.38,4.26,9.84,2.79||0.00,0.00,0.50,0.59,0.00||66.25,391.01,2576.48,65.26,26.96||10.48,3.42,7.59||1.32,3.61,13.49,7.02,9.37,1.66||
3.03,19.50,12.69,4.81,6.47,5.23,3.07||0.00,0.00,0.00,0.04,0.05,0.05||7.16,9.27,2.90,31.52,21.66,18.72||11.48,1.34,2.81,0.42,0.66||16.85,4.36,4.15,9.77,2.78||0.00,0.00,0.50,0.59,0.00||58.96,244.58,1485.94,62.23,20.46||13.47,4.24,9.29||1.00,2.78,9.75,5.55,7.63,1.25||
3.03,19.50,12.69,4.81,6.47,5.23,3.07||0.00,0.00,0.00,0.04,0.05,0.05||7.18,9.27,2.91,31.56,21.68,18.75||11.51,1.34,2.82,0.42,0.66||17.01,4.38,4.24,9.83,2.79||0.00,0.00,0.50,0.59,0.00||56.93,212.50,1260.00,61.34,18.83||11.61,3.74,8.24||1.64,4.41,17.35,8.43,10.98,2.07||
3.03,19.50,12.69,4.81,6.47,5.23,3.07||0.00,0.00,0.00,0.05,0.05,0.05||7.19,9.27,2.91,31.57,21.68,18.76||11.66,1.35,2.88,0.43,0.66||17.04,4.38,4.26,9.84,2.79||0.00,0.00,0.50,0.59,0.00||63.30,325.63,2078.80,64.06,24.21||10.88,3.53,7.82||1.22,3.35,12.29,6.56,8.84,1.53||
3.04,19.54,12.71,4.82,6.48,5.24,3.07||0.00,0.00,0.00,0.05,0.05,0.05||7.19,9.27,2.92,31.57,21.68,18.76||11.69,1.35,2.89,0.43,0.66||17.15,4.39,4.31,9.88,2.80||0.00,0.00,0.50,0.59,0.00||68.90,457.72,3099.37,66.31,29.57||12.07,3.86,8.50||0.91,2.54,8.73,5.12,7.12,1.14||
3.03,19.51,12.69,4.81,6.47,5.23,3.07||0.00,0.00,0.00,0.04,0.05,0.05||7.19,9.27,2.92,31.57,21.68,18.76||11.69,1.35,2.89,0.43,0.66||16.97,4.37,4.22,9.81,2.79||0.00,0.00,0.50,0.59,0.00||60.45,270.45,1671.95,62.86,21.70||11.00,3.57,7.89||1.13,3.11,11.21,6.14,8.33,1.41||
3.04,19.59,12.74,4.83,6.49,5.25,3.08||0.00,0.00,0.00,0.05,0.05,0.05||7.19,9.27,2.92,31.57,21.68,18.76||11.69,1.35,2.89,0.43,0.66||17.03,4.38,4.25,9.83,2.79||0.00,0.00,0.50,0.59,0.00||92.16,1475.19,12231.84,74.66,58.87||15.39,4.75,10.34||1.91,5.08,20.64,9.56,12.25,2.40||
3.06,19.75,12.82,4.87,6.54,5.28,3.10||0.00,0.00,0.00,0.05,0.05,0.05||7.32,9.31,2.99,31.81,21.77,18.99||11.69,1.35,2.89,0.43,0.66||17.25,4.41,4.37,9.91,2.81||0.00,0.00,0.50,0.59,0.00||169.59,17149.07,217410.28,95.74,249.18||16.96,5.16,11.18||2.60,6.79,29.65,12.43,15.40,3.29||
3.06,19.74,12.81,4.86,6.54,5.28,3.10||0.00,0.00,0.00,0.05,0.05,0.05||7.55,9.37,3.13,32.23,21.93,19.39||11.69,1.35,2.89,0.43,0.66||16.99,4.38,4.23,9.82,2.79||0.00,0.00,0.50,0.59,0.00||100.25,2069.64,18196.54,77.27,71.84||21.15,6.22,13.35||3.20,8.25,37.74,14.81,17.93,4.06||
3.06,19.78,12.83,4.87,6.55,5.28,3.10||0.00,0.00,0.00,0.05,0.05,0.05||7.59,9.38,3.16,32.31,21.96,19.47||11.76,1.36,2.92,0.43,0.67||17.24,4.40,4.36,9.91,2.81||0.00,0.00,0.50,0.59,0.00||64.47,350.38,2265.29,64.53,25.27||14.81,4.60,10.02||4.86,12.17,61.21,21.04,24.33,6.19||
3.06,19.79,12.84,4.88,6.55,5.29,3.10||0.00,0.00,0.00,0.05,0.05,0.05||7.60,9.38,3.17,32.33,21.96,19.49||11.88,1.37,2.96,0.44,0.67||16.88,4.37,4.17,9.78,2.78||0.00,0.00,0.50,0.60,0.00||61.68,293.29,1838.76,63.38,22.76||11.33,3.66,8.08||1.76,4.71,18.80,8.94,11.55,2.22||
3.06,19.79,12.84,4.88,6.55,5.29,3.10||0.00,0.00,0.00,0.05,0.05,0.05||7.60,9.38,3.17,32.33,21.97,19.49||11.90,1.37,2.97,0.44,0.67||17.32,4.41,4.41,9.94,2.81||0.00,0.01,0.50,0.60,0.00||87.32,1187.65,9484.97,73.04,51.82||21.52,6.31,13.54||5.48,13.61,70.39,23.28,26.57,6.99||
3.06,19.79,12.84,4.88,6.55,5.29,3.10||0.00,0.00,0.00,0.05,0.05,0.05||7.60,9.38,3.17,32.33,21.97,19.49||11.91,1.37,2.97,0.44,0.67||17.31,4.41,4.40,9.93,2.81||0.00,0.00,0.50,0.60,0.00||141.31,8231.75,91910.24,88.87,161.82||17.99,5.42,11.72||18.12,41.66,282.78,63.86,63.90,23.43||
3.06,19.79,12.84,4.88,6.55,5.29,3.10||0.00,0.00,0.00,0.05,0.05,0.05||7.60,9.38,3.17,32.33,21.97,19.49||11.91,1.37,2.97,0.44,0.67||17.41,4.42,4.45,9.97,2.82||0.00,0.01,0.50,0.60,0.00||92.26,1481.58,12294.00,74.69,59.02||21.52,6.32,13.54||11.68,27.64,169.76,44.10,46.31,15.03||
3.06,19.79,12.84,4.88,6.55,5.29,3.10||0.00,0.00,0.00,0.05,0.05,0.05||7.60,9.38,3.17,32.33,21.97,19.49||11.91,1.37,2.97,0.44,0.67||17.12,4.39,4.30,9.87,2.80||0.00,0.01,0.50,0.60,0.00||165.29,15467.81,192624.72,94.74,234.51||16.56,5.05,10.97||7.93,19.23,108.16,31.80,34.84,10.15||
3.06,19.74,12.81,4.87,6.54,5.28,3.10||0.00,0.00,0.00,0.05,0.05,0.05||7.60,9.38,3.17,32.33,21.97,19.49||11.67,1.35,2.88,0.43,0.66||16.96,4.37,4.21,9.81,2.79||0.00,0.01,0.50,0.60,0.00||66.38,394.02,2599.76,65.31,27.08||13.97,4.37,9.56||1.80,4.80,19.26,9.09,11.73,2.26||
3.05,19.64,12.76,4.84,6.51,5.26,3.08||0.00,0.00,0.00,0.05,0.05,0.05||7.60,9.38,3.17,32.33,21.97,19.49||11.35,1.33,2.76,0.42,0.65||16.93,4.37,4.20,9.80,2.79||0.00,0.00,0.50,0.60,0.00||91.47,1431.07,11803.87,74.43,57.82||17.89,5.40,11.67||17.26,39.80,267.21,61.29,61.66,22.30||
3.03,19.52,12.70,4.82,6.47,5.24,3.07||0.00,0.00,0.00,0.04,0.05,0.05||7.27,9.30,2.96,31.72,21.74,18.91||10.96,1.31,2.61,0.40,0.64||17.03,4.38,4.25,9.83,2.79||0.00,0.01,0.50,0.60,0.00||96.42,1769.07,15137.22,76.05,65.50||17.60,5.32,11.52||28.49,63.59,478.46,93.53,89.05,37.01||
3.03,19.50,12.69,4.81,6.47,5.23,3.07||0.00,0.00,0.00,0.04,0.04,0.05||7.21,9.28,2.93,31.60,21.69,18.79||10.57,1.28,2.47,0.39,0.63||16.94,4.37,4.20,9.80,2.79||0.00,0.01,0.50,0.60,0.00||88.28,1241.01,9986.77,73.36,53.18||22.95,6.67,14.26||2.46,6.43,27.72,11.84,14.76,3.11||
3.03,19.50,12.69,4.81,6.47,5.23,3.07||0.00,0.00,0.00,0.04,0.04,0.05||7.13,9.26,2.88,31.46,21.64,18.65||10.33,1.26,2.39,0.38,0.62||16.63,4.34,4.04,9.69,2.77||0.00,0.00,0.50,0.60,0.00||61.65,292.77,1834.95,63.37,22.74||13.35,4.21,9.22||1.67,4.48,17.68,8.54,11.11,2.10||
3.03,19.50,12.69,4.81,6.47,5.23,3.07||0.00,0.00,0.00,0.04,0.04,0.05||6.86,9.18,2.72,30.95,21.45,18.18||9.99,1.24,2.26,0.37,0.61||16.86,4.36,4.16,9.77,2.78||0.00,0.00,0.50,0.60,0.00||95.75,1720.64,14652.21,75.83,64.44||20.20,5.98,12.87||1.02,2.82,9.92,5.62,7.72,1.27||
3.03,19.50,12.69,4.81,6.47,5.23,3.07||0.00,0.00,0.00,0.04,0.04,0.05||6.81,9.17,2.69,30.86,21.41,18.08||9.78,1.22,2.19,0.37,0.60||16.51,4.33,3.98,9.65,2.76||0.00,0.01,0.50,0.60,0.00||107.73,2764.54,25555.13,79.57,85.17||21.19,6.23,13.37||2.18,5.75,24.07,10.69,13.50,2.75||
3.01,19.31,12.59,4.77,6.41,5.19,3.05||0.00,0.00,0.00,0.04,0.04,0.05||6.80,9.17,2.68,30.84,21.41,18.07||9.45,1.20,2.08,0.35,0.59||16.24,4.30,3.85,9.55,2.74||0.00,0.00,0.50,0.60,0.00||52.47,153.09,857.62,59.34,15.53||12.46,3.97,8.72||0.80,2.25,7.49,4.58,6.46,1.00||
3.01,19.27,12.57,4.76,6.40,5.19,3.04||0.00,0.00,0.00,0.04,0.04,0.05||6.50,9.08,2.51,30.25,21.18,17.52||9.25,1.19,2.01,0.35,0.58||16.39,4.31,3.92,9.60,2.75||0.00,0.00,0.50,0.60,0.00||85.00,1065.42,8350.40,72.24,48.61||16.36,5.00,10.86||7.79,18.93,106.02,31.34,34.41,9.98||
3.00,19.22,12.54,4.75,6.38,5.18,3.04||0.00,0.00,0.00,0.04,0.04,0.05||6.44,9.06,2.48,30.13,21.14,17.41||9.07,1.17,1.95,0.34,0.58||16.12,4.28,3.79,9.51,2.73||0.00,0.00,0.50,0.60,0.00||51.43,141.19,779.95,58.85,14.81||16.44,5.02,10.90||5.53,13.73,71.12,23.46,26.74,7.05||
3.00,19.21,12.54,4.75,6.38,5.17,3.04||0.00,0.00,0.00,0.04,0.04,0.05||6.37,9.04,2.44,30.00,21.09,17.28||8.91,1.16,1.89,0.34,0.57||15.98,4.27,3.71,9.45,2.72||0.00,0.00,0.50,0.59,0.00||83.74,1003.60,7784.90,71.80,46.93||11.98,3.84,8.45||1.61,4.34,16.96,8.29,10.83,2.03||
3.00,19.20,12.54,4.75,6.38,5.17,3.03||0.00,0.00,0.00,0.04,0.04,0.05||6.13,8.97,2.30,29.52,20.90,16.84||8.74,1.15,1.84,0.33,0.57||15.85,4.25,3.65,9.41,2.72||0.00,0.00,0.50,0.59,0.00||109.09,2907.02,27106.94,79.97,87.73||16.70,5.09,11.04||25.01,56.29,411.17,83.79,80.93,32.44||
3.00,19.20,12.54,4.75,6.38,5.17,3.03||0.00,0.00,0.00,0.04,0.04,0.04||6.09,8.95,2.28,29.42,20.86,16.75||8.58,1.14,1.79,0.32,0.56||15.83,4.25,3.64,9.40,2.71||0.00,0.00,0.50,0.59,0.00||94.76,1649.68,13945.91,75.51,62.87||22.39,6.53,13.98||3.05,7.88,35.64,14.21,17.29,3.87||
3.00,19.20,12.54,4.75,6.38,5.17,3.03||0.00,0.00,0.00,0.04,0.04,0.04||6.08,8.95,2.27,29.40,20.86,16.74||8.42,1.13,1.74,0.32,0.56||15.82,4.25,3.64,9.40,2.71||0.00,0.00,0.50,0.59,0.00||57.31,218.32,1300.52,61.51,19.13||14.51,4.52,9.86||1.20,3.29,12.05,6.47,8.72,1.51||
3.00,19.20,12.54,4.75,6.38,5.17,3.03||0.00,0.00,0.00,0.04,0.04,0.04||5.86,8.88,2.15,28.95,20.68,16.33||8.27,1.12,1.69,0.31,0.55||15.82,4.25,3.64,9.40,2.71||0.00,0.00,0.50,0.59,0.00||131.05,6080.40,64421.95,86.19,135.41||17.81,5.38,11.63||0.87,2.44,8.29,4.93,6.89,1.09||
2.99,19.11,12.49,4.73,6.35,5.16,3.02||0.00,0.00,0.00,0.04,0.04,0.04||5.77,8.85,2.10,28.75,20.60,16.15||8.12,1.10,1.64,0.31,0.54||15.63,4.23,3.54,9.33,2.70||0.00,0.00,0.50,0.60,0.00||102.37,2251.45,20085.65,77.93,75.49||19.98,5.93,12.75||3.63,9.26,43.61,16.45,19.64,4.61||
2.98,19.05,12.46,4.71,6.33,5.14,3.02||0.00,0.00,0.00,0.04,0.04,0.04||5.75,8.85,2.09,28.71,20.59,16.11||7.97,1.09,1.59,0.30,0.54||15.78,4.25,3.62,9.38,2.71||0.00,0.00,0.50,0.60,0.00||100.19,2064.44,18142.90,77.25,71.73||16.51,5.04,10.94||18.24,41.91,284.93,64.22,64.21,23.58||
2.97,18.94,12.40,4.69,6.30,5.12,3.00||0.00,0.00,0.00,0.04,0.04,0.04||5.75,8.84,2.09,28.71,20.58,16.11||7.82,1.08,1.55,0.30,0.53||15.72,4.24,3.59,9.36,2.71||0.00,0.00,0.50,0.59,0.00||79.00,793.89,5913.32,70.11,40.89||17.79,5.37,11.62||3.75,9.55,45.26,16.90,20.11,4.76||
2.97,18.92,12.39,4.68,6.30,5.12,3.00||0.00,0.00,0.00,0.04,0.04,0.04||5.54,8.78,1.98,28.27,20.41,15.72||7.67,1.07,1.50,0.29,0.53||15.61,4.23,3.54,9.32,2.70||0.00,0.00,0.50,0.59,0.00||54.11,173.25,991.60,60.09,16.70||13.99,4.38,9.57||0.85,2.39,8.09,4.85,6.79,1.07||
2.97,18.92,12.39,4.68,6.29,5.12,3.00||0.00,0.00,0.00,0.04,0.04,0.04||5.45,8.75,1.93,28.08,20.34,15.54||7.58,1.06,1.47,0.29,0.53||15.59,4.22,3.52,9.31,2.70||0.00,0.00,0.50,0.59,0.00||53.67,167.65,954.08,59.89,16.38||10.98,3.56,7.87||2.10,5.57,23.15,10.39,13.17,2.66||
2.97,18.92,12.39,4.68,6.29,5.12,3.00||0.00,0.00,0.00,0.04,0.04,0.04||5.43,8.74,1.92,28.04,20.32,15.51||7.51,1.06,1.45,0.29,0.52||15.30,4.19,3.39,9.21,2.68||0.00,0.00,0.50,0.59,0.00||49.08,116.98,625.51,57.74,13.26||11.54,3.72,8.20||2.03,5.38,22.17,10.07,12.82,2.56||
2.97,18.92,12.39,4.68,6.29,5.12,3.00||0.00,0.00,0.00,0.04,0.04,0.04||5.43,8.74,1.92,28.03,20.32,15.50||7.39,1.05,1.42,0.28,0.52||15.34,4.20,3.41,9.22,2.68||0.00,0.00,0.50,0.59,0.00||123.94,4857.01,49497.60,84.25,118.65||16.35,5.00,10.85||3.67,9.36,44.20,16.61,19.81,4.66||
2.97,18.92,12.39,4.68,6.29,5.12,3.00||0.00,0.00,0.00,0.04,0.04,0.04||5.24,8.67,1.82,27.60,20.15,15.12||7.26,1.04,1.38,0.28,0.51||15.16,4.18,3.33,9.15,2.67||0.00,0.00,0.50,0.59,0.00||104.51,2446.64,22143.38,78.59,79.27||16.53,5.05,10.95||12.87,30.25,189.96,47.85,49.71,16.57||
2.97,18.92,12.39,4.68,6.29,5.12,3.00||0.00,0.00,0.00,0.04,0.04,0.04||5.15,8.64,1.78,27.41,20.07,14.96||7.12,1.03,1.34,0.27,0.51||15.13,4.17,3.31,9.14,2.67||0.00,0.00,0.50,0.59,0.00||134.16,6681.80,71958.82,87.01,143.13||16.10,4.94,10.72||9.61,23.02,135.27,37.40,40.13,12.34||
2.95,18.74,12.30,4.64,6.24,5.08,2.98||0.00,0.00,0.00,0.04,0.04,0.04||5.14,8.64,1.77,27.38,20.06,14.93||7.01,1.02,1.31,0.27,0.50||15.21,4.18,3.35,9.17,2.67||0.00,0.00,0.50,0.59,0.00||63.85,337.00,2164.16,64.28,24.70||14.07,4.40,9.62||4.01,10.18,49.03,17.91,21.15,5.10||
2.94,18.66,12.26,4.62,6.22,5.07,2.97||0.00,0.00,0.00,0.04,0.04,0.04||5.13,8.64,1.77,27.37,20.05,14.92||6.95,1.01,1.29,0.27,0.50||15.23,4.18,3.36,9.18,2.67||0.00,0.00,0.50,0.59,0.00||99.50,2008.13,17563.82,77.03,70.57||15.80,4.86,10.56||3.22,8.29,38.00,14.89,18.01,4.09||
2.94,18.64,12.25,4.62,6.21,5.07,2.97||0.00,0.00,0.00,0.04,0.04,0.04||4.95,8.57,1.68,26.95,19.89,14.55||6.85,1.00,1.26,0.27,0.50||15.14,4.17,3.32,9.15,2.67||0.00,0.00,0.50,0.59,0.00||69.63,477.57,3257.65,66.59,30.32||18.43,5.53,11.95||4.19,10.59,51.52,18.57,21.82,5.33||
2.94,18.64,12.25,4.62,6.21,5.06,2.97||0.00,0.00,0.00,0.04,0.04,0.04||4.87,8.54,1.64,26.77,19.81,14.39||6.73,0.99,1.23,0.26,0.49||15.12,4.17,3.31,9.14,2.67||0.00,0.00,0.50,0.59,0.00||73.18,583.37,4119.59,67.96,34.11||13.09,4.14,9.07||1.23,3.36,12.36,6.59,8.86,1.54||
2.93,18.64,12.25,4.62,6.21,5.06,2.97||0.00,0.00,0.00,0.04,0.04,0.04||4.85,8.54,1.63,26.73,19.80,14.36||6.65,0.99,1.20,0.26,0.49||15.21,4.18,3.35,9.17,2.67||0.00,0.00,0.50,0.59,0.00||64.80,357.61,2320.29,64.67,25.58||13.19,4.16,9.13||3.44,8.81,40.98,15.73,18.89,4.37||
2.93,18.64,12.25,4.62,6.21,5.06,2.97||0.00,0.00,0.00,0.04,0.04,0.04||4.85,8.53,1.63,26.72,19.79,14.36||6.59,0.98,1.19,0.26,0.49||15.23,4.18,3.36,9.18,2.67||0.00,0.00,0.50,0.59,0.00||157.57,12759.50,153691.23,92.91,209.41||20.00,5.93,12.76||3.44,8.82,41.05,15.74,18.91,4.37||
2.93,18.64,12.25,4.62,6.21,5.06,2.97||0.00,0.00,0.00,0.04,0.04,0.04||4.85,8.53,1.63,26.72,19.79,14.36||6.48,0.97,1.16,0.25,0.48||15.14,4.17,3.32,9.15,2.67||0.00,0.00,0.50,0.59,0.00||58.13,231.10,1390.33,61.87,19.79||10.47,3.42,7.58||1.13,3.11,11.21,6.14,8.34,1.41||
2.93,18.64,12.25,4.62,6.21,5.06,2.97||0.00,0.00,0.00,0.04,0.04,0.04||4.81,8.52,1.60,26.62,19.75,14.27||6.42,0.97,1.14,0.25,0.48||15.12,4.17,3.31,9.14,2.67||0.00,0.00,0.50,0.59,0.00||60.37,269.08,1661.97,62.83,21.64||11.86,3.80,8.38||1.40,3.81,14.45,7.38,9.78,1.76||
2.93,18.64,12.25,4.62,6.21,5.06,2.97||0.00,0.00,0.00,0.04,0.04,0.04||4.63,8.45,1.52,26.19,19.58,13.90||6.35,0.96,1.12,0.25,0.48||15.03,4.16,3.26,9.10,2.66||0.00,0.00,0.50,0.59,0.00||61.49,289.68,1812.24,63.30,22.60||11.11,3.60,7.95||0.77,2.17,7.18,4.44,6.29,0.96||
2.93,18.64,12.25,4.62,6.21,5.06,2.97||0.00,0.00,0.00,0.04,0.04,0.04||4.59,8.44,1.50,26.11,19.55,13.83||6.24,0.95,1.09,0.24,0.47||15.01,4.16,3.25,9.10,2.66||0.00,0.00,0.50,0.59,0.00||114.97,3590.32,34724.42,81.70,99.33||15.72,4.83,10.51||2.62,6.84,29.92,12.52,15.49,3.32||
2.92,18.55,12.20,4.60,6.18,5.05,2.96||0.00,0.00,0.00,0.04,0.04,0.04||4.59,8.43,1.50,26.09,19.54,13.82||6.22,0.95,1.08,0.24,0.47||15.01,4.16,3.25,9.09,2.66||0.00,0.00,0.50,0.59,0.00||60.44,270.34,1671.09,62.86,21.70||10.27,3.37,7.47||4.47,11.27,55.62,19.63,22.90,5.69||
2.92,18.53,12.19,4.60,6.18,5.04,2.96||0.00,0.00,0.00,0.04,0.04,0.04||4.58,8.43,1.50,26.09,19.54,13.81||6.13,0.94,1.06,0.24,0.47||15.01,4.16,3.25,9.09,2.66||0.00,0.00,0.50,0.59,0.00||144.08,8900.54,100730.03,89.58,169.43||16.76,5.11,11.07||3.97,10.07,48.40,17.74,20.98,5.05||
2.91,18.39,12.12,4.57,6.14,5.02,2.94||0.00,0.00,0.00,0.04,0.04,0.04||4.54,8.42,1.47,25.99,19.50,13.73||6.11,0.94,1.05,0.24,0.47||14.65,4.12,3.09,8.96,2.63||0.00,0.00,0.50,0.59,0.00||59.12,247.38,1505.88,62.30,20.59||11.96,3.83,8.44||3.98,10.11,48.60,17.80,21.03,5.06||
2.90,18.37,12.11,4.56,6.13,5.01,2.94||0.00,0.00,0.00,0.04,0.04,0.04||4.41,8.37,1.41,25.67,19.37,13.46||6.01,0.93,1.03,0.24,0.46||14.75,4.13,3.14,9.00,2.64||0.00,0.00,0.50,0.59,0.00||78.77,784.45,5830.96,70.03,40.60||16.02,4.91,10.68||2.89,7.49,33.46,13.57,16.62,3.66||
2.91,18.40,12.13,4.57,6.14,5.02,2.94||0.00,0.00,0.00,0.04,0.04,0.04||4.35,8.34,1.38,25.51,19.30,13.33||5.99,0.93,1.02,0.23,0.46||14.60,4.11,3.07,8.94,2.63||0.00,0.00,0.50,0.59,0.00||101.02,2133.66,18858.67,77.51,73.14||18.84,5.64,12.16||2.96,7.65,34.35,13.84,16.90,3.74||
2.90,18.37,12.11,4.56,6.13,5.01,2.94||0.00,0.00,0.00,0.04,0.04,0.04||4.34,8.33,1.38,25.48,19.29,13.30||5.90,0.92,1.00,0.23,0.46||14.65,4.12,3.09,8.96,2.63||0.00,0.00,0.50,0.59,0.00||59.66,256.52,1571.36,62.53,21.04||10.62,3.46,7.67||2.20,5.79,24.33,10.77,13.59,2.77||
2.90,18.36,12.10,4.56,6.13,5.01,2.94||0.00,0.00,0.00,0.04,0.04,0.04||4.33,8.33,1.37,25.47,19.28,13.29||5.85,0.92,0.98,0.23,0.46||14.76,4.13,3.14,9.00,2.64||0.00,0.00,0.50,0.59,0.00||112.65,3308.20,31545.79,81.03,94.66||15.55,4.79,10.42||3.14,8.10,36.89,14.57,17.67,3.98||
2.90,18.36,12.10,4.56,6.13,5.01,2.94||0.00,0.00,0.00,0.04,0.04,0.04||4.33,8.33,1.37,25.47,19.28,13.29||5.78,0.91,0.97,0.23,0.45||14.51,4.10,3.03,8.91,2.62||0.00,0.00,0.50,0.59,0.00||65.15,365.65,2381.55,64.81,25.92||12.36,3.94,8.66||1.78,4.75,19.02,9.01,11.63,2.24||
2.90,18.36,12.10,4.56,6.13,5.01,2.94||0.00,0.00,0.00,0.04,0.04,0.04||4.22,8.29,1.32,25.18,19.16,13.05||5.77,0.91,0.96,0.23,0.45||14.64,4.12,3.09,8.96,2.63||0.00,0.00,0.50,0.59,0.00||120.28,4305.69,42973.63,83.22,110.53||17.54,5.31,11.49||12.79,30.08,188.59,47.60,49.49,16.47||
2.90,18.36,12.10,4.56,6.13,5.01,2.94||0.00,0.00,0.00,0.04,0.04,0.04||4.12,8.24,1.27,24.93,19.06,12.84||5.68,0.90,0.94,0.22,0.45||14.66,4.12,3.10,8.97,2.63||0.00,0.00,0.50,0.59,0.00||47.84,105.51,554.21,57.14,12.48||13.25,4.18,9.17||0.96,2.68,9.31,5.36,7.41,1.20||
2.90,18.36,12.10,4.56,6.13,5.01,2.94||0.00,0.00,0.00,0.04,0.04,0.04||4.10,8.24,1.27,24.88,19.04,12.80||5.66,0.90,0.94,0.22,0.45||14.49,4.10,3.02,8.90,2.62||0.00,0.00,0.50,0.59,0.00||93.45,1559.81,13058.91,75.08,60.83||12.16,3.89,8.55||5.85,14.48,75.97,24.61,27.88,7.47||
2.90,18.32,12.08,4.55,6.12,5.00,2.93||0.00,0.00,0.00,0.04,0.04,0.04||4.09,8.23,1.26,24.87,19.03,12.79||5.57,0.90,0.91,0.22,0.44||14.55,4.10,3.04,8.92,2.63||0.00,0.00,0.50,0.59,0.00||75.01,644.36,4629.31,68.65,36.16||20.22,5.99,12.88||4.19,10.59,51.51,18.56,21.82,5.33||
2.89,18.22,12.03,4.53,6.09,4.98,2.92||0.00,0.00,0.00,0.04,0.04,0.04||4.06,8.22,1.25,24.77,18.99,12.71||5.56,0.89,0.91,0.22,0.44||14.56,4.11,3.05,8.92,2.63||0.00,0.00,0.50,0.59,0.00||90.04,1343.21,10958.33,73.95,55.71||12.92,4.09,8.98||1.19,3.28,11.99,6.45,8.70,1.50||
2.89,18.24,12.04,4.53,6.09,4.99,2.92||0.00,0.00,0.00,0.04,0.04,0.04||4.09,8.23,1.26,24.85,19.02,12.77||5.55,0.89,0.91,0.22,0.44||14.65,4.12,3.09,8.96,2.63||0.00,0.00,0.50,0.59,0.00||60.41,269.78,1667.05,62.85,21.67||10.58,3.45,7.65||2.66,6.93,30.37,12.65,15.63,3.36||
2.88,18.16,12.00,4.51,6.07,4.97,2.91||0.00,0.00,0.00,0.04,0.04,0.04||4.02,8.20,1.23,24.67,18.95,12.63||5.47,0.89,0.89,0.22,0.44||14.49,4.10,3.02,8.90,2.62||0.00,0.00,0.50,0.59,0.00||69.70,479.56,3273.57,66.62,30.40||15.63,4.81,10.47||4.77,11.97,59.96,20.73,24.01,6.08||
2.87,18.10,11.97,4.50,6.05,4.96,2.91||0.00,0.00,0.00,0.04,0.04,0.04||3.93,8.17,1.19,24.45,18.86,12.45||5.45,0.88,0.88,0.22,0.44||14.37,4.08,2.97,8.85,2.61||0.00,0.00,0.50,0.59,0.00||117.42,3909.23,38369.76,82.41,104.43||15.36,4.74,10.32||3.54,9.06,42.41,16.12,19.30,4.50||
2.87,18.09,11.96,4.50,6.05,4.96,2.91||0.00,0.00,0.00,0.04,0.04,0.04||3.88,8.14,1.17,24.31,18.80,12.33||5.42,0.88,0.87,0.21,0.44||14.61,4.11,3.07,8.95,2.63||0.00,0.00,0.50,0.59,0.00||87.12,1176.73,9382.72,72.97,51.54||12.80,4.06,8.91||2.89,7.49,33.47,13.58,16.62,3.66||
2.87,18.09,11.96,4.50,6.05,4.96,2.91||0.00,0.00,0.00,0.04,0.04,0.04||3.87,8.14,1.16,24.28,18.79,12.31||5.36,0.88,0.86,0.21,0.44||14.48,4.10,3.02,8.90,2.62||0.00,0.00,0.50,0.59,0.00||147.49,9779.95,112502.55,90.44,179.08||19.17,5.72,12.34||13.43,31.47,199.55,49.59,51.28,17.30||
2.87,18.09,11.96,4.50,6.05,4.96,2.91||0.00,0.00,0.00,0.04,0.04,0.04||3.87,8.14,1.16,24.28,18.78,12.31||5.35,0.88,0.86,0.21,0.43||14.45,4.09,3.00,8.89,2.62||0.00,0.00,0.50,0.59,0.00||81.74,910.23,6942.28,71.09,44.31||9.97,3.28,7.29||1.38,3.75,14.15,7.27,9.65,1.73||
2.87,18.09,11.96,4.50,6.05,4.96,2.91||0.00,0.00,0.00,0.04,0.04,0.04||3.87,8.14,1.16,24.27,18.78,12.31||5.28,0.87,0.84,0.21,0.43||14.63,4.11,3.08,8.95,2.63||0.00,0.00,0.50,0.59,0.00||85.27,1079.28,8477.90,72.33,48.98||14.57,4.53,9.89||3.35,8.60,39.74,15.38,18.52,4.25||
2.87,18.09,11.96,4.50,6.05,4.96,2.91||0.00,0.00,0.00,0.04,0.04,0.04||3.80,8.11,1.13,24.09,18.70,12.16||5.25,0.87,0.83,0.21,0.43||14.31,4.08,2.94,8.83,2.61||0.00,0.00,0.50,0.59,0.00||89.15,1290.47,10455.31,73.65,54.41||19.62,5.84,12.57||4.17,10.55,51.26,18.50,21.75,5.30||
2.87,18.09,11.96,4.50,6.05,4.96,2.91||0.00,0.00,0.00,0.04,0.04,0.04||3.75,8.08,1.11,23.96,18.65,12.05||5.25,0.87,0.83,0.21,0.43||14.60,4.11,3.07,8.94,2.63||0.00,0.00,0.50,0.59,0.00||53.48,165.20,937.75,59.80,16.24||12.31,3.93,8.64||1.01,2.81,9.87,5.60,7.69,1.27||
2.87,18.09,11.96,4.50,6.05,4.96,2.91||0.00,0.00,0.00,0.03,0.04,0.04||3.71,8.06,1.09,23.84,18.60,11.96||5.17,0.86,0.81,0.21,0.43||14.13,4.06,2.86,8.76,2.60||0.00,0.00,0.50,0.59,0.00||54.21,174.53,1000.16,60.13,16.77||12.02,3.85,8.47||0.82,2.31,7.75,4.70,6.60,1.03||
2.87,18.09,11.96,4.50,6.05,4.96,2.91||0.00,0.00,0.00,0.04,0.04,0.04||3.67,8.04,1.07,23.73,18.55,11.86||5.15,0.86,0.81,0.20,0.43||14.47,4.10,3.01,8.89,2.62||0.00,0.00,0.50,0.59,0.00||74.49,626.56,4479.62,68.45,35.57||14.48,4.51,9.84||2.51,6.57,28.46,12.07,15.01,3.18||
2.87,18.09,11.96,4.50,6.05,4.96,2.91||0.00,0.00,0.00,0.04,0.04,0.04||3.66,8.04,1.07,23.70,18.54,11.85||5.15,0.86,0.81,0.20,0.43||14.37,4.08,2.97,8.85,2.61||0.00,0.00,0.50,0.59,0.00||129.60,5813.70,61119.88,85.80,131.88||15.62,4.81,10.46||7.81,18.97,106.33,31.41,34.47,10.01||
2.87,18.09,11.96,4.50,6.05,4.96,2.91||0.00,0.00,0.00,0.04,0.04,0.04||3.66,8.04,1.07,23.70,18.54,11.84||5.10,0.85,0.80,0.20,0.42||14.34,4.08,2.96,8.84,2.61||0.00,0.00,0.50,0.59,0.00||101.10,2141.03,18935.11,77.53,73.29||11.43,3.69,8.14||4.22,10.68,52.02,18.70,21.96,5.37||
2.87,18.09,11.96,4.50,6.05,4.96,2.91||0.00,0.00,0.00,0.03,0.04,0.04||3.66,8.04,1.07,23.70,18.54,11.84||5.06,0.85,0.79,0.20,0.42||14.52,4.10,3.03,8.91,2.62||0.00,0.00,0.50,0.59,0.00||54.24,174.86,1002.41,60.14,16.79||11.25,3.64,8.03||1.05,2.90,10.28,5.77,7.89,1.31||
2.85,17.92,11.87,4.46,6.00,4.92,2.89||0.00,0.00,0.00,0.03,0.04,0.04||3.66,8.04,1.07,23.70,18.54,11.84||5.05,0.85,0.79,0.20,0.42||14.37,4.08,2.97,8.86,2.61||0.00,0.00,0.50,0.59,0.00||72.18,552.08,3861.62,67.58,33.02||12.48,3.97,8.73||5.24,13.05,66.80,22.42,25.71,6.68||
2.85,17.88,11.85,4.45,5.99,4.92,2.88||0.00,0.00,0.00,0.03,0.04,0.04||3.62,8.02,1.05,23.61,18.50,11.77||5.04,0.85,0.78,0.20,0.42||14.35,4.08,2.96,8.85,2.61||0.00,0.00,0.50,0.59,0.00||66.87,405.89,2691.84,65.50,27.56||11.89,3.81,8.40||0.94,2.63,9.11,5.28,7.31,1.18||
2.85,17.88,11.85,4.45,5.98,4.92,2.88||0.00,0.00,0.00,0.03,0.04,0.04||3.52,7.98,1.01,23.32,18.37,11.54||4.97,0.84,0.77,0.20,0.42||14.43,4.09,2.99,8.88,2.62||0.00,0.00,0.50,0.59,0.00||124.73,4983.64,51014.79,84.47,120.46||16.17,4.95,10.76||10.91,25.91,156.70,41.61,44.03,14.02||
2.84,17.83,11.83,4.44,5.97,4.91,2.88||0.00,0.00,0.00,0.03,0.04,0.04||3.50,7.97,1.00,23.26,18.35,11.49||4.96,0.84,0.76,0.20,0.42||14.10,4.05,2.85,8.75,2.59||0.00,0.00,0.50,0.59,0.00||58.73,240.83,1459.22,62.13,20.27||12.49,3.98,8.74||3.75,9.55,45.28,16.91,20.11,4.76||
2.84,17.82,11.82,4.44,5.97,4.91,2.87||0.00,0.00,0.00,0.03,0.04,0.04||3.46,7.95,0.99,23.16,18.31,11.41||4.96,0.84,0.76,0.20,0.42||14.38,4.08,2.97,8.86,2.61||0.00,0.00,0.50,0.59,0.00||120.70,4366.64,43688.11,83.34,111.45||14.78,4.59,10.01||10.71,25.48,153.44,40.98,43.45,13.76||
2.84,17.82,11.82,4.44,5.97,4.91,2.87||0.00,0.00,0.00,0.03,0.04,0.04||3.45,7.95,0.98,23.14,18.30,11.40||4.88,0.83,0.74,0.20,0.41||14.26,4.07,2.92,8.81,2.60||0.00,0.00,0.50,0.59,0.00||57.54,221.83,1325.08,61.61,19.31||12.76,4.05,8.89||1.25,3.42,12.65,6.70,8.99,1.57||
2.84,17.82,11.82,4.44,5.97,4.91,2.87||0.00,0.00,0.00,0.03,0.04,0.04||3.45,7.94,0.98,23.13,18.30,11.39||4.87,0.83,0.74,0.19,0.41||14.15,4.06,2.87,8.77,2.60||0.00,0.00,0.50,0.59,0.00||74.16,615.66,4388.31,68.33,35.21||10.86,3.53,7.81||2.63,6.86,30.02,12.55,15.52,3.33||
2.84,17.82,11.82,4.44,5.97,4.91,2.87||0.00,0.00,0.00,0.03,0.04,0.04||3.45,7.94,0.98,23.13,18.30,11.39||4.86,0.83,0.74,0.19,0.41||14.22,4.07,2.90,8.80,2.60||0.00,0.00,0.50,0.59,0.00||82.45,942.61,7232.89,71.35,45.23||17.01,5.17,11.21||5.02,12.55,63.63,21.64,24.93,6.40||
2.84,17.82,11.82,4.44,5.97,4.91,2.87||0.00,0.00,0.00,0.03,0.04,0.04||3.45,7.94,0.98,23.13,18.30,11.39||4.86,0.83,0.74,0.19,0.41||14.23,4.07,2.91,8.80,2.60||0.00,0.00,0.50,0.59,0.00||153.58,11507.20,136150.61,91.94,197.06||17.51,5.30,11.47||1.47,3.98,15.25,7.68,10.12,1.85||
2.84,17.82,11.82,4.44,5.97,4.91,2.87||0.00,0.00,0.00,0.03,0.04,0.04||3.45,7.94,0.98,23.13,18.30,11.39||4.82,0.83,0.73,0.19,0.41||14.06,4.05,2.83,8.74,2.59||0.00,0.00,0.50,0.59,0.00||114.21,3496.49,33662.30,81.49,97.79||17.77,5.37,11.61||1.80,4.81,19.32,9.11,11.75,2.27||
2.84,17.82,11.82,4.44,5.97,4.91,2.87||0.00,0.00,0.00,0.03,0.04,0.04||3.33,7.88,0.93,22.78,18.14,11.11||4.78,0.82,0.72,0.19,0.41||14.28,4.07,2.93,8.82,2.61||0.00,0.00,0.50,0.59,0.00||68.98,460.01,3117.60,66.34,29.66||10.49,3.43,7.59||0.94,2.61,9.04,5.25,7.27,1.17||
2.84,17.82,11.82,4.44,5.97,4.91,2.87||0.00,0.00,0.00,0.03,0.04,0.04||3.28,7.86,0.91,22.62,18.07,10.99||4.77,0.82,0.72,0.19,0.41||14.15,4.06,2.87,8.77,2.60||0.00,0.00,0.50,0.59,0.00||72.28,555.13,3886.67,67.62,33.13||11.56,3.72,8.21||2.17,5.73,23.99,10.66,13.47,2.74||
2.84,17.82,11.82,4.44,5.97,4.91,2.87||0.00,0.00,0.00,0.03,0.04,0.04||3.26,7.85,0.90,22.59,18.06,10.97||4.76,0.82,0.72,0.19,0.41||14.13,4.06,2.86,8.76,2.60||0.00,0.00,0.50,0.59,0.00||58.53,237.47,1435.39,62.04,20.10||11.04,3.58,7.91||0.94,2.62,9.05,5.25,7.28,1.17||
2.84,17.82,11.82,4.44,5.97,4.91,2.87||0.00,0.00,0.00,0.03,0.04,0.04||3.26,7.85,0.90,22.58,18.06,10.96||4.74,0.82,0.71,0.19,0.41||14.13,4.05,2.86,8.76,2.60||0.00,0.00,0.50,0.59,0.00||99.40,2000.05,17480.96,77.00,70.41||17.74,5.36,11.59||2.96,7.66,34.44,13.86,16.93,3.75||
2.84,17.82,11.82,4.44,5.97,4.91,2.87||0.00,0.00,0.00,0.03,0.04,0.04||3.26,7.85,0.90,22.58,18.06,10.96||4.69,0.81,0.70,0.19,0.41||14.12,4.05,2.86,8.76,2.60||0.00,0.00,0.50,0.59,0.00||62.69,313.16,1985.71,63.80,23.66||12.43,3.96,8.71||1.16,3.18,11.55,6.28,8.49,1.45||
