081020;19:50:29;4.56;34.49;19.85;8.04;10.74;7.86;4.65;0.00;0.00;0.00;0.08;0.07;0.08;61.60;14.59;70.65;78.50;35.66;80.91;12.86;1.43;3.35;0.47;0.70;53.94;7.06;48.70;20.04;4.40;0.02;0.05;0.70;0.81;0.01;101.32;2159.69;19128.83;77.60;73.66;30.91;8.59;18.12;3.36;8.63;39.94;15.43;18.58;4.27;
081020;19:50:29;3.09;20.02;12.95;4.93;6.62;5.33;3.13;0.00;0.00;0.00;0.04;0.04;0.04;5.33;8.71;1.87;27.81;20.23;15.31;5.53;0.89;0.90;0.22;0.44;17.92;4.47;4.73;10.15;2.85;0.00;0.01;0.53;0.63;0.00;96.78;1796.06;15408.43;76.16;66.09;22.92;6.66;14.25;2.35;6.18;26.36;11.42;14.30;2.97;
081020;19:50:31;2.88;18.15;12.00;4.51;6.07;4.97;2.91;0.00;0.00;0.00;0.04;0.04;0.04;3.40;7.92;0.96;22.98;18.23;11.27;4.76;0.82;0.72;0.19;0.41;14.59;4.11;3.06;8.94;2.63;0.00;0.01;0.50;0.60;0.00;99.83;2034.43;17833.98;77.13;71.12;21.86;6.40;13.71;0.85;2.40;8.11;4.86;6.80;1.07;
081020;19:50:34;2.84;17.77;11.80;4.43;5.95;4.90;2.87;0.00;0.00;0.00;0.03;0.04;0.04;3.11;7.77;0.84;22.14;17.86;10.62;4.57;0.80;0.67;0.18;0.40;14.32;4.08;2.95;8.83;2.61;0.00;0.00;0.50;0.60;0.00;106.14;2603.66;23819.51;79.09;82.22;19.02;5.68;12.26;3.47;8.88;41.35;15.83;18.99;4.40;
081020;19:50:36;2.83;17.73;11.78;4.42;5.94;4.89;2.86;0.00;0.00;0.00;0.03;0.04;0.04;3.06;7.74;0.82;21.98;17.79;10.49;4.52;0.80;0.66;0.18;0.40;14.27;4.07;2.92;8.81;2.61;0.00;0.00;0.50;0.59;0.00;102.44;2257.71;20151.16;77.95;75.61;19.92;5.91;12.73;1.34;3.65;13.72;7.11;9.47;1.69;
081020;19:50:38;2.83;17.73;11.77;4.42;5.94;4.89;2.86;0.00;0.00;0.00;0.03;0.04;0.04;3.11;7.77;0.84;22.12;17.85;10.60;4.51;0.80;0.66;0.18;0.40;14.05;4.05;2.83;8.73;2.59;0.00;0.00;0.50;0.59;0.00;111.00;3116.89;29416.74;80.54;91.40;20.81;6.14;13.18;2.03;5.38;22.19;10.08;12.83;2.56;
081020;19:50:41;2.83;17.72;11.77;4.42;5.94;4.89;2.86;0.00;0.00;0.00;0.03;0.04;0.04;3.09;7.76;0.83;22.06;17.83;10.55;4.51;0.80;0.66;0.18;0.40;14.21;4.07;2.90;8.79;2.60;0.00;0.01;0.50;0.60;0.00;84.05;1018.58;7921.41;71.91;47.34;20.44;6.04;12.99;4.63;11.64;57.95;20.22;23.50;5.90;
081020;19:50:43;2.84;17.76;11.79;4.42;5.95;4.89;2.87;0.00;0.00;0.00;0.03;0.04;0.04;3.05;7.74;0.82;21.96;17.78;10.48;4.49;0.79;0.65;0.18;0.40;14.14;4.06;2.87;8.77;2.60;0.00;0.01;0.50;0.60;0.00;98.69;1943.04;16897.84;76.77;69.22;18.54;5.56;12.01;3.21;8.27;37.86;14.85;17.97;4.08;
081020;19:50:45;2.83;17.73;11.78;4.42;5.94;4.89;2.86;0.00;0.00;0.00;0.03;0.04;0.04;2.99;7.71;0.79;21.77;17.70;10.33;4.49;0.79;0.65;0.18;0.40;14.23;4.07;2.91;8.80;2.60;0.00;0.01;0.50;0.60;0.00;79.76;824.87;6184.93;70.39;41.82;18.07;5.44;11.76;1.30;3.56;13.28;6.94;9.28;1.64;
081020;19:50:48;2.83;17.73;11.77;4.42;5.94;4.89;2.86;0.00;0.00;0.00;0.03;0.04;0.04;3.01;7.72;0.80;21.82;17.72;10.37;4.49;0.79;0.65;0.18;0.40;14.15;4.06;2.87;8.77;2.60;0.00;0.00;0.50;0.60;0.00;90.39;1364.62;11163.50;74.07;56.23;13.95;4.37;9.55;1.19;3.27;11.94;6.43;8.67;1.49;
081020;19:50:50;2.83;17.72;11.77;4.42;5.94;4.89;2.86;0.00;0.00;0.00;0.03;0.04;0.04;3.04;7.73;0.81;21.91;17.76;10.44;4.43;0.79;0.64;0.18;0.39;14.23;4.07;2.91;8.80;2.60;0.00;0.00;0.50;0.60;0.00;129.25;5750.07;60336.01;85.70;131.03;16.96;5.16;11.18;1.91;5.09;20.71;9.58;12.28;2.41;
081020;19:50:52;2.83;17.69;11.75;4.41;5.93;4.88;2.86;0.00;0.00;0.00;0.03;0.04;0.04;2.99;7.71;0.79;21.76;17.69;10.32;4.42;0.79;0.64;0.18;0.39;13.94;4.03;2.78;8.69;2.58;0.00;0.00;0.50;0.60;0.00;112.42;3280.62;31237.52;80.96;94.20;22.30;6.51;13.93;0.91;2.53;8.69;5.11;7.10;1.13;
081020;19:50:55;2.82;17.64;11.73;4.40;5.91;4.87;2.85;0.00;0.00;0.00;0.03;0.04;0.04;2.98;7.70;0.79;21.73;17.68;10.30;4.42;0.79;0.64;0.18;0.39;13.89;4.03;2.76;8.67;2.58;0.00;0.00;0.50;0.59;0.00;76.69;704.32;5138.60;69.27;38.11;15.65;4.82;10.48;2.34;6.14;26.17;11.36;14.23;2.96;
081020;19:50:57;2.82;17.63;11.72;4.39;5.91;4.87;2.85;0.00;0.00;0.00;0.03;0.04;0.04;3.00;7.71;0.80;21.81;17.72;10.36;4.40;0.79;0.63;0.18;0.39;14.18;4.06;2.88;8.78;2.60;0.00;0.00;0.50;0.59;0.00;112.74;3318.42;31660.23;81.05;94.83;19.27;5.75;12.39;1.82;4.86;19.57;9.20;11.85;2.30;
081020;19:50:59;2.83;17.70;11.76;4.41;5.93;4.88;2.86;0.00;0.00;0.00;0.03;0.04;0.04;2.98;7.70;0.79;21.74;17.68;10.31;4.39;0.78;0.63;0.18;0.39;14.24;4.07;2.91;8.80;2.60;0.00;0.00;0.50;0.59;0.00;123.32;4760.76;48348.99;84.08;117.26;22.38;6.53;13.98;1.97;5.24;21.48;9.84;12.56;2.49;
081020;19:51:02;2.82;17.60;11.71;4.39;5.90;4.86;2.85;0.00;0.00;0.00;0.03;0.04;0.04;2.98;7.70;0.79;21.72;17.68;10.30;4.36;0.78;0.62;0.18;0.39;14.04;4.05;2.83;8.73;2.59;0.00;0.00;0.50;0.59;0.00;119.23;4156.98;41237.74;82.93;108.27;14.61;4.54;9.92;0.79;2.24;7.46;4.57;6.44;0.99;
081020;19:51:04;2.82;17.58;11.70;4.38;5.90;4.86;2.85;0.00;0.00;0.00;0.03;0.04;0.04;3.00;7.71;0.80;21.81;17.71;10.36;4.34;0.78;0.62;0.18;0.39;14.21;4.07;2.90;8.79;2.60;0.00;0.00;0.50;0.59;0.00;108.85;2881.19;26824.68;79.90;87.27;20.06;5.95;12.79;0.84;2.35;7.94;4.78;6.70;1.05;
081020;19:51:06;2.81;17.54;11.68;4.37;5.89;4.85;2.84;0.00;0.00;0.00;0.03;0.04;0.04;2.95;7.69;0.78;21.65;17.65;10.24;4.33;0.78;0.62;0.18;0.39;14.04;4.04;2.83;8.73;2.59;0.00;0.00;0.50;0.59;0.00;88.28;1240.78;9984.59;73.36;53.17;19.72;5.86;12.62;0.94;2.62;9.08;5.27;7.29;1.18;
081020;19:51:09;2.81;17.57;11.69;4.38;5.89;4.86;2.84;0.00;0.00;0.00;0.03;0.04;0.04;3.00;7.71;0.80;21.79;17.71;10.35;4.33;0.78;0.62;0.18;0.39;14.01;4.04;2.81;8.71;2.59;0.00;0.00;0.50;0.59;0.00;100.29;2072.77;18228.87;77.28;71.90;22.52;6.56;14.05;0.80;2.25;7.49;4.58;6.46;1.00;
081020;19:51:11;2.81;17.54;11.68;4.37;5.88;4.85;2.84;0.00;0.00;0.00;0.03;0.04;0.04;2.95;7.69;0.78;21.65;17.64;10.24;4.33;0.78;0.62;0.18;0.39;14.00;4.04;2.81;8.71;2.59;0.00;0.00;0.50;0.59;0.00;77.86;748.49;5518.65;69.70;39.50;16.25;4.97;10.80;2.19;5.78;24.28;10.76;13.57;2.77;
081020;19:51:13;2.80;17.50;11.65;4.36;5.87;4.84;2.84;0.00;0.00;0.00;0.03;0.04;0.04;3.00;7.71;0.80;21.79;17.71;10.35;4.33;0.78;0.62;0.18;0.39;14.10;4.05;2.85;8.75;2.59;0.00;0.00;0.50;0.59;0.00;130.34;5948.92;62790.82;86.00;133.68;23.88;6.90;14.73;1.59;4.29;16.76;8.22;10.74;2.01;
081020;19:51:15;2.81;17.52;11.67;4.37;5.88;4.85;2.84;0.00;0.00;0.00;0.03;0.04;0.04;2.95;7.69;0.78;21.65;17.64;10.24;4.30;0.78;0.61;0.17;0.39;13.82;4.02;2.73;8.64;2.57;0.00;0.00;0.50;0.59;0.00;84.02;1016.75;7904.72;71.89;47.29;20.79;6.13;13.17;1.98;5.26;21.57;9.87;12.60;2.50;
081020;19:51:18;2.81;17.57;11.69;4.38;5.89;4.86;2.84;0.00;0.00;0.00;0.03;0.04;0.04;2.94;7.68;0.77;21.62;17.63;10.22;4.27;0.77;0.60;0.17;0.38;13.86;4.02;2.75;8.66;2.58;0.00;0.00;0.50;0.59;0.00;79.44;811.80;6070.10;70.27;41.43;17.72;5.35;11.58;2.40;6.30;26.99;11.61;14.51;3.04;
081020;19:51:20;2.81;17.50;11.66;4.37;5.87;4.84;2.84;0.00;0.00;0.00;0.03;0.04;0.04;2.94;7.68;0.77;21.61;17.63;10.22;4.29;0.77;0.61;0.17;0.39;14.07;4.05;2.84;8.74;2.59;0.00;0.00;0.50;0.59;0.00;88.98;1280.64;10361.95;73.60;54.17;22.03;6.44;13.80;8.16;19.76;111.89;32.59;35.60;10.46;
081020;19:51:22;2.80;17.49;11.65;4.36;5.87;4.84;2.83;0.00;0.00;0.00;0.03;0.04;0.04;2.94;7.68;0.77;21.61;17.63;10.21;4.27;0.77;0.60;0.17;0.38;14.11;4.05;2.86;8.76;2.59;0.00;0.00;0.50;0.59;0.00;74.81;637.33;4570.08;68.57;35.93;20.64;6.10;13.09;3.12;8.04;36.57;14.48;17.58;3.95;
081020;19:51:25;2.80;17.48;11.65;4.36;5.87;4.84;2.83;0.00;0.00;0.00;0.03;0.04;0.04;2.94;7.68;0.77;21.61;17.63;10.21;4.26;0.77;0.60;0.17;0.38;13.82;4.02;2.73;8.64;2.57;0.00;0.00;0.50;0.59;0.00;98.66;1940.59;16872.88;76.76;69.17;18.13;5.46;11.79;1.72;4.62;18.35;8.78;11.38;2.17;
081020;19:51:27;2.80;17.48;11.65;4.36;5.87;4.84;2.83;0.00;0.00;0.00;0.03;0.04;0.04;2.94;7.68;0.77;21.61;17.63;10.21;4.25;0.77;0.60;0.17;0.38;13.96;4.04;2.79;8.70;2.58;0.00;0.00;0.50;0.59;0.00;85.90;1111.76;8777.96;72.55;49.84;17.08;5.19;11.24;1.45;3.93;15.02;7.59;10.03;1.82;
081020;19:51:29;2.81;17.56;11.69;4.38;5.89;4.85;2.84;0.00;0.00;0.00;0.03;0.04;0.04;2.91;7.66;0.76;21.53;17.59;10.15;4.29;0.77;0.61;0.17;0.39;13.99;4.04;2.80;8.71;2.59;0.00;0.00;0.50;0.59;0.00;119.91;4252.62;42352.94;83.12;109.73;20.10;5.96;12.81;1.62;4.35;17.03;8.32;10.85;2.03;
081020;19:51:32;2.85;17.85;11.84;4.44;5.98;4.91;2.88;0.00;0.00;0.00;0.03;0.04;0.04;2.94;7.68;0.77;21.60;17.62;10.20;4.49;0.79;0.65;0.18;0.40;14.10;4.05;2.85;8.75;2.59;0.00;0.00;0.50;0.59;0.00;80.43;853.31;6435.78;70.63;42.66;17.36;5.26;11.39;2.66;6.92;30.35;12.65;15.63;3.36;
081020;19:51:34;2.88;18.14;11.99;4.51;6.06;4.97;2.91;0.00;0.00;0.00;0.03;0.04;0.04;3.02;7.72;0.81;21.87;17.74;10.41;4.85;0.83;0.74;0.19;0.41;14.32;4.08;2.95;8.84;2.61;0.00;0.00;0.50;0.59;0.00;109.59;2961.12;27699.68;80.12;88.69;19.92;5.91;12.73;2.81;7.28;32.34;13.24;16.26;3.55;
081020;19:51:36;2.91;18.40;12.12;4.57;6.14;5.02;2.94;0.00;0.00;0.00;0.04;0.04;0.04;3.10;7.76;0.84;22.10;17.84;10.58;5.20;0.86;0.82;0.21;0.43;14.58;4.11;3.06;8.93;2.63;0.00;0.00;0.50;0.59;0.00;100.50;2090.17;18408.53;77.34;72.26;22.10;6.46;13.84;1.08;2.99;10.67;5.92;8.08;1.35;
081020;19:51:39;2.94;18.70;12.28;4.63;6.23;5.08;2.98;0.00;0.00;0.00;0.04;0.04;0.04;3.11;7.77;0.84;22.14;17.86;10.62;5.57;0.89;0.91;0.22;0.44;14.73;4.13;3.13;8.99;2.64;0.00;0.00;0.50;0.59;0.00;138.04;7493.45;82317.02;88.03;153.12;20.17;5.98;12.85;1.91;5.10;20.74;9.59;12.29;2.41;
081020;19:51:41;2.96;18.88;12.37;4.67;6.28;5.11;3.00;0.00;0.00;0.00;0.04;0.04;0.04;3.15;7.79;0.85;22.24;17.91;10.69;5.90;0.92;1.00;0.23;0.46;14.77;4.13;3.14;9.00;2.64;0.00;0.00;0.50;0.59;0.00;118.89;4108.94;40679.29;82.83;107.53;14.95;4.63;10.10;2.00;5.31;21.85;9.96;12.70;2.53;
081020;19:51:43;2.99;19.17;12.52;4.74;6.37;5.17;3.03;0.00;0.00;0.00;0.04;0.04;0.04;3.21;7.82;0.88;22.43;17.99;10.84;6.19;0.95;1.08;0.24;0.47;14.88;4.14;3.19;9.05;2.65;0.00;0.00;0.50;0.59;0.00;154.51;11791.62;140106.91;92.17;199.91;26.32;7.50;15.92;2.17;5.74;24.03;10.68;13.49;2.74;
081020;19:51:46;3.01;19.27;12.57;4.76;6.40;5.19;3.04;0.00;0.00;0.00;0.04;0.04;0.05;3.23;7.83;0.89;22.47;18.01;10.87;6.49;0.97;1.16;0.25;0.48;14.90;4.15;3.20;9.06;2.65;0.00;0.00;0.50;0.59;0.00;110.04;3010.81;28245.81;80.26;89.56;27.36;7.75;16.43;3.83;9.73;46.38;17.20;20.42;4.86;
081020;19:51:48;3.03;19.46;12.67;4.80;6.45;5.22;3.06;0.00;0.00;0.00;0.04;0.04;0.05;3.29;7.86;0.91;22.66;18.09;11.02;6.77;1.00;1.24;0.26;0.49;14.91;4.15;3.21;9.06;2.65;0.00;0.00;0.50;0.59;0.00;156.00;12255.34;146592.27;92.53;204.50;22.63;6.59;14.10;3.01;7.77;35.06;14.04;17.12;3.81;
081020;19:51:50;3.04;19.58;12.73;4.83;6.49;5.25;3.08;0.00;0.00;0.00;0.04;0.04;0.05;3.30;7.87;0.92;22.70;18.11;11.05;6.98;1.01;1.30;0.27;0.50;14.91;4.15;3.21;9.06;2.65;0.00;0.00;0.50;0.59;0.00;135.99;7054.77;76693.17;87.50;147.78;19.69;5.85;12.60;2.15;5.69;23.79;10.60;13.40;2.72;
081020;19:51:53;3.05;19.70;12.79;4.86;6.52;5.27;3.09;0.00;0.00;0.00;0.04;0.05;0.05;3.33;7.89;0.93;22.79;18.15;11.12;7.22;1.03;1.37;0.28;0.51;15.23;4.18;3.36;9.18;2.67;0.00;0.00;0.50;0.59;0.00;142.10;8419.91;94379.63;89.08;163.99;17.61;5.32;11.52;2.83;7.35;32.69;13.35;16.38;3.59;
081020;19:51:55;3.07;19.85;12.87;4.89;6.57;5.30;3.11;0.00;0.00;0.00;0.05;0.05;0.05;3.40;7.92;0.96;22.99;18.23;11.28;7.40;1.05;1.42;0.28;0.52;14.97;4.15;3.24;9.08;2.66;0.00;0.00;0.50;0.59;0.00;111.77;3204.87;30393.07;80.77;92.91;16.89;5.14;11.14;4.06;10.28;49.64;18.07;21.31;5.16;
081020;19:51:57;3.07;19.84;12.86;4.89;6.57;5.29;3.11;0.00;0.00;0.00;0.05;0.05;0.05;3.45;7.94;0.98;23.12;18.29;11.38;7.67;1.07;1.50;0.29;0.53;15.03;4.16;3.26;9.10;2.66;0.00;0.00;0.50;0.59;0.00;96.06;1742.97;14875.56;75.93;64.93;21.79;6.38;13.68;1.04;2.88;10.19;5.73;7.85;1.30;
081020;19:51:59;3.08;19.92;12.90;4.91;6.59;5.31;3.12;0.00;0.00;0.00;0.05;0.05;0.05;3.49;7.96;1.00;23.24;18.34;11.48;7.84;1.08;1.55;0.30;0.53;15.15;4.17;3.32;9.15;2.67;0.00;0.00;0.50;0.59;0.00;112.40;3278.99;31219.35;80.96;94.17;18.57;5.57;12.02;2.40;6.29;26.92;11.59;14.49;3.03;
081020;19:52:02;3.09;20.03;12.96;4.93;6.62;5.33;3.13;0.00;0.00;0.00;0.05;0.05;0.05;3.53;7.98;1.02;23.36;18.39;11.57;8.00;1.09;1.60;0.30;0.54;15.06;4.16;3.28;9.11;2.66;0.00;0.00;0.50;0.59;0.00;106.84;2672.99;24565.34;79.30;83.50;22.91;6.66;14.24;3.84;9.78;46.64;17.27;20.49;4.89;
081020;19:52:04;3.12;20.27;13.08;4.98;6.69;5.38;3.16;0.00;0.00;0.00;0.05;0.05;0.05;3.61;8.02;1.05;23.56;18.48;11.73;8.15;1.11;1.65;0.31;0.55;15.48;4.21;3.47;9.27;2.69;0.00;0.00;0.50;0.59;0.00;96.33;1762.27;15068.89;76.02;65.36;23.46;6.80;14.51;4.36;11.00;53.99;19.21;22.48;5.55;
081020;19:52:06;3.12;20.32;13.11;4.99;6.71;5.39;3.16;0.00;0.00;0.00;0.05;0.05;0.05;3.69;8.06;1.08;23.79;18.58;11.92;8.31;1.12;1.70;0.32;0.55;15.02;4.16;3.26;9.10;2.66;0.00;0.00;0.50;0.59;0.00;108.18;2810.78;26057.32;79.70;86.01;21.40;6.28;13.48;3.85;9.80;46.77;17.31;20.53;4.90;
081020;19:52:09;3.12;20.33;13.11;5.00;6.71;5.39;3.16;0.00;0.00;0.00;0.05;0.05;0.05;3.71;8.06;1.09;23.84;18.60;11.95;8.47;1.13;1.75;0.32;0.56;15.25;4.19;3.37;9.19;2.67;0.00;0.00;0.50;0.59;0.00;95.58;1708.13;14527.35;75.78;64.17;18.88;5.65;12.19;3.10;8.00;36.33;14.41;17.51;3.93;
081020;19:52:11;3.14;20.47;13.18;5.03;6.75;5.41;3.18;0.00;0.00;0.00;0.05;0.05;0.05;3.74;8.08;1.11;23.94;18.64;12.04;8.63;1.14;1.80;0.33;0.56;15.30;4.19;3.39;9.20;2.68;0.00;0.00;0.50;0.59;0.00;106.32;2621.06;24006.35;79.14;82.55;20.31;6.01;12.93;2.15;5.69;23.77;10.59;13.39;2.72;
081020;19:52:13;3.15;20.54;13.22;5.04;6.77;5.43;3.19;0.00;0.00;0.00;0.05;0.05;0.05;3.82;8.12;1.14;24.15;18.73;12.21;8.79;1.15;1.86;0.33;0.57;15.31;4.19;3.39;9.21;2.68;0.00;0.00;0.50;0.59;0.00;127.23;5397.35;56017.69;85.15;126.24;21.90;6.41;13.74;2.46;6.45;27.78;11.86;14.78;3.11;
081020;19:52:16;3.15;20.60;13.25;5.06;6.79;5.44;3.19;0.00;0.00;0.00;0.05;0.05;0.05;3.91;8.15;1.18;24.38;18.83;12.40;8.96;1.17;1.91;0.34;0.58;15.42;4.21;3.45;9.25;2.69;0.00;0.00;0.50;0.59;0.00;135.69;6993.57;75913.19;87.42;147.03;24.53;7.06;15.05;1.71;4.58;18.18;8.72;11.31;2.15;
081020;19:52:18;3.16;20.61;13.25;5.06;6.79;5.44;3.20;0.00;0.00;0.00;0.05;0.05;0.06;3.93;8.16;1.19;24.43;18.85;12.43;9.13;1.18;1.97;0.34;0.58;15.33;4.20;3.40;9.22;2.68;0.00;0.00;0.50;0.59;0.00;176.69;20223.37;263807.97;97.35;274.56;18.90;5.66;12.20;1.01;2.80;9.84;5.59;7.68;1.26;
081020;19:52:20;3.16;20.66;13.28;5.07;6.81;5.45;3.20;0.00;0.00;0.00;0.05;0.05;0.06;4.00;8.20;1.22;24.63;18.93;12.60;9.22;1.19;2.00;0.35;0.58;15.43;4.21;3.45;9.25;2.69;0.00;0.00;0.50;0.59;0.00;119.59;4207.03;41820.79;83.03;109.04;18.09;5.45;11.78;0.84;2.35;7.93;4.78;6.70;1.05;
081020;19:52:23;3.17;20.72;13.31;5.08;6.82;5.46;3.21;0.00;0.00;0.00;0.05;0.05;0.06;4.02;8.20;1.23;24.67;18.95;12.63;9.33;1.19;2.03;0.35;0.59;15.44;4.21;3.46;9.26;2.69;0.00;0.00;0.50;0.59;0.00;132.20;6297.16;67124.23;86.49;138.23;20.61;6.09;13.08;0.76;2.15;7.09;4.40;6.24;0.95;
081020;19:52:25;3.17;20.77;13.34;5.09;6.84;5.47;3.21;0.00;0.00;0.00;0.05;0.05;0.06;4.10;8.24;1.27;24.88;19.04;12.80;9.49;1.20;2.09;0.36;0.59;15.34;4.20;3.41;9.22;2.68;0.00;0.00;0.50;0.59;0.00;87.97;1223.34;9820.23;73.26;52.73;18.57;5.57;12.02;2.51;6.56;28.40;12.05;14.98;3.17;
081020;19:52:27;3.18;20.88;13.39;5.12;6.87;5.49;3.23;0.00;0.00;0.00;0.05;0.05;0.06;4.15;8.26;1.29;25.01;19.09;12.91;9.64;1.21;2.14;0.36;0.60;15.32;4.19;3.40;9.21;2.68;0.00;0.00;0.50;0.59;0.00;172.85;18514.24;237849.55;96.49;260.67;21.44;6.30;13.50;0.72;2.05;6.69;4.22;6.02;0.90;
081020;19:52:30;3.19;20.90;13.40;5.12;6.88;5.50;3.23;0.00;0.00;0.00;0.05;0.05;0.06;4.16;8.26;1.30;25.04;19.11;12.94;9.70;1.22;2.16;0.36;0.60;15.31;4.19;3.39;9.21;2.68;0.00;0.00;0.50;0.59;0.00;119.83;4241.84;42226.97;83.10;109.57;22.07;6.45;13.82;0.76;2.16;7.14;4.42;6.27;0.95;
081020;19:52:32;3.19;20.95;13.42;5.13;6.89;5.51;3.23;0.00;0.00;0.00;0.06;0.05;0.06;4.17;8.26;1.30;25.05;19.11;12.94;9.86;1.23;2.22;0.37;0.61;15.09;4.17;3.29;9.13;2.66;0.00;0.00;0.50;0.59;0.00;94.67;1643.23;13882.00;75.48;62.72;21.83;6.39;13.70;0.91;2.55;8.78;5.14;7.14;1.14;
081020;19:52:34;3.19;20.96;13.43;5.14;6.90;5.51;3.23;0.00;0.00;0.00;0.06;0.05;0.06;4.28;8.31;1.35;25.34;19.23;13.19;9.92;1.23;2.24;0.37;0.61;15.38;4.20;3.42;9.23;2.68;0.00;0.00;0.50;0.59;0.00;132.22;6301.69;67180.78;86.50;138.29;20.99;6.18;13.27;0.92;2.56;8.82;5.16;7.16;1.15;
081020;19:52:36;3.20;21.06;13.48;5.16;6.92;5.53;3.25;0.00;0.00;0.00;0.06;0.05;0.06;4.35;8.34;1.38;25.50;19.30;13.32;10.05;1.24;2.28;0.37;0.61;15.32;4.19;3.40;9.21;2.68;0.00;0.00;0.50;0.59;0.00;104.26;2422.72;21889.63;78.51;78.81;16.27;4.98;10.81;0.58;1.66;5.14;3.49;5.09;0.72;
081020;19:52:39;3.22;21.22;13.56;5.19;6.97;5.56;3.26;0.00;0.00;0.00;0.06;0.05;0.06;4.40;8.36;1.41;25.64;19.35;13.43;10.11;1.25;2.30;0.38;0.61;15.54;4.22;3.50;9.29;2.69;0.00;0.00;0.50;0.60;0.00;115.46;3652.48;35430.74;81.85;100.34;20.64;6.10;13.09;1.30;3.54;13.19;6.91;9.24;1.63;
081020;19:52:41;3.22;21.25;13.57;5.20;6.98;5.56;3.27;0.00;0.00;0.00;0.06;0.05;0.06;4.53;8.41;1.47;25.97;19.49;13.71;10.27;1.26;2.36;0.38;0.62;15.47;4.21;3.47;9.27;2.69;0.00;0.01;0.50;0.60;0.00;119.58;4206.02;41809.07;83.03;109.02;18.43;5.54;11.95;0.98;2.73;9.56;5.47;7.54;1.23;
081020;19:52:43;3.24;21.40;13.65;5.23;7.02;5.59;3.28;0.00;0.00;0.00;0.06;0.05;0.06;4.56;8.42;1.48;26.03;19.51;13.77;10.37;1.27;2.40;0.39;0.62;15.56;4.22;3.51;9.30;2.70;0.00;0.01;0.50;0.60;0.00;104.22;2418.85;21848.67;78.50;78.74;21.85;6.40;13.71;1.21;3.31;12.11;6.50;8.75;1.51;
081020;19:52:46;3.24;21.38;13.64;5.23;7.02;5.59;3.28;0.00;0.00;0.00;0.06;0.05;0.06;4.65;8.46;1.53;26.25;19.60;13.95;10.45;1.27;2.43;0.39;0.62;15.58;4.22;3.52;9.31;2.70;0.00;0.01;0.50;0.60;0.00;126.12;5211.33;53759.73;84.85;123.67;20.09;5.96;12.81;1.62;4.36;17.10;8.34;10.88;2.04;
081020;19:52:48;3.24;21.43;13.66;5.24;7.03;5.59;3.29;0.00;0.00;0.00;0.06;0.05;0.06;4.67;8.47;1.54;26.29;19.62;13.99;10.59;1.28;2.48;0.39;0.63;15.59;4.22;3.52;9.31;2.70;0.00;0.01;0.50;0.60;0.00;127.45;5434.52;56470.53;85.21;126.76;19.33;5.77;12.42;1.76;4.72;18.85;8.95;11.57;2.22;
081020;19:52:50;3.25;21.48;13.69;5.25;7.05;5.60;3.29;0.00;0.00;0.00;0.06;0.05;0.06;4.67;8.47;1.54;26.30;19.62;14.00;10.69;1.29;2.51;0.40;0.63;15.70;4.24;3.58;9.35;2.71;0.00;0.01;0.50;0.60;0.00;85.48;1089.81;8575.08;72.40;49.26;20.61;6.09;13.08;2.81;7.29;32.36;13.25;16.27;3.56;
081020;19:52:53;3.25;21.49;13.70;5.25;7.05;5.61;3.29;0.00;0.00;0.00;0.06;0.06;0.06;4.81;8.52;1.60;26.61;19.75;14.26;10.74;1.29;2.53;0.40;0.63;15.61;4.23;3.54;9.32;2.70;0.00;0.01;0.50;0.60;0.00;89.46;1308.85;10630.23;73.76;54.87;21.35;6.27;13.45;1.44;3.89;14.85;7.53;9.95;1.81;
081020;19:52:55;3.28;21.74;13.82;5.31;7.12;5.65;3.32;0.00;0.00;0.00;0.06;0.06;0.06;4.92;8.56;1.66;26.89;19.86;14.50;10.91;1.30;2.60;0.40;0.64;15.70;4.24;3.58;9.35;2.71;0.00;0.01;0.50;0.60;0.00;102.46;2259.34;20168.25;77.96;75.64;18.07;5.44;11.77;4.65;11.68;58.18;20.28;23.56;5.92;
081020;19:52:57;3.34;22.33;14.11;5.44;7.29;5.76;3.39;0.00;0.00;0.00;0.06;0.06;0.06;5.18;8.65;1.79;27.47;20.10;15.01;11.21;1.32;2.71;0.41;0.65;16.18;4.29;3.81;9.53;2.74;0.00;0.01;0.51;0.60;0.00;107.14;2703.99;24899.83;79.39;84.07;21.03;6.19;13.29;3.21;8.27;37.87;14.85;17.97;4.08;
081020;19:53:00;3.35;22.45;14.17;5.46;7.33;5.78;3.40;0.00;0.00;0.00;0.06;0.06;0.06;5.38;8.72;1.89;27.91;20.27;15.40;11.44;1.34;2.79;0.42;0.66;16.27;4.30;3.86;9.56;2.74;0.00;0.01;0.51;0.60;0.00;75.76;670.61;4851.29;68.92;37.02;23.97;6.92;14.77;3.29;8.46;38.97;15.16;18.30;4.18;
081020;19:53:02;3.37;22.63;14.26;5.50;7.38;5.82;3.42;0.00;0.00;0.00;0.06;0.06;0.06;5.47;8.75;1.94;28.11;20.35;15.58;11.49;1.34;2.81;0.42;0.66;16.29;4.30;3.87;9.57;2.74;0.00;0.01;0.51;0.61;0.00;76.34;691.73;5031.00;69.14;37.71;19.29;5.75;12.40;1.88;5.02;20.34;9.46;12.14;2.37;
081020;19:53:04;3.37;22.56;14.23;5.49;7.36;5.80;3.41;0.00;0.00;0.00;0.06;0.06;0.06;5.54;8.78;1.98;28.26;20.41;15.71;11.53;1.34;2.83;0.42;0.66;16.30;4.30;3.87;9.57;2.75;0.00;0.01;0.51;0.60;0.00;107.90;2781.88;25743.26;79.62;85.49;19.74;5.87;12.63;0.94;2.63;9.12;5.29;7.32;1.18;
081020;19:53:07;3.37;22.60;14.25;5.50;7.37;5.81;3.42;0.00;0.00;0.00;0.06;0.06;0.06;5.55;8.78;1.99;28.29;20.42;15.74;11.68;1.35;2.89;0.43;0.66;16.30;4.30;3.87;9.57;2.75;0.00;0.01;0.51;0.61;0.00;107.79;2769.78;25611.95;79.58;85.27;18.74;5.61;12.11;1.37;3.73;14.08;7.24;9.63;1.72;
081020;19:53:09;3.38;22.71;14.30;5.52;7.40;5.83;3.43;0.00;0.00;0.00;0.06;0.06;0.06;5.66;8.82;2.04;28.52;20.51;15.94;11.71;1.35;2.90;0.43;0.66;16.41;4.32;3.93;9.61;2.75;0.00;0.01;0.51;0.61;0.00;89.44;1307.94;10621.53;73.75;54.84;23.35;6.77;14.46;3.48;8.91;41.54;15.88;19.05;4.42;
081020;19:53:11;3.38;22.68;14.29;5.51;7.40;5.83;3.43;0.00;0.00;0.00;0.06;0.06;0.06;5.78;8.86;2.11;28.79;20.62;16.18;11.79;1.36;2.93;0.43;0.67;16.32;4.31;3.88;9.58;2.75;0.00;0.01;0.51;0.61;0.00;98.37;1917.49;16637.47;76.67;68.68;18.40;5.53;11.94;1.59;4.29;16.73;8.21;10.73;2.00;
081020;19:53:14;3.37;22.62;14.26;5.50;7.38;5.82;3.42;0.00;0.00;0.00;0.06;0.06;0.06;5.81;8.87;2.12;28.84;20.64;16.23;11.80;1.36;2.93;0.43;0.67;16.42;4.32;3.93;9.61;2.75;0.00;0.01;0.51;0.61;0.00;93.46;1560.75;13068.17;75.09;60.85;19.12;5.71;12.31;1.84;4.90;19.77;9.27;11.92;2.32;
081020;19:53:16;3.38;22.66;14.28;5.51;7.39;5.82;3.42;0.00;0.00;0.00;0.06;0.06;0.07;5.81;8.87;2.13;28.85;20.64;16.24;11.88;1.36;2.96;0.44;0.67;16.09;4.28;3.77;9.49;2.73;0.00;0.01;0.51;0.61;0.00;95.09;1672.96;14177.11;75.62;63.39;22.17;6.48;13.87;2.19;5.79;24.31;10.77;13.58;2.77;
081020;19:53:18;3.38;22.67;14.28;5.51;7.39;5.82;3.42;0.00;0.00;0.00;0.06;0.06;0.07;5.82;8.87;2.13;28.86;20.64;16.24;11.86;1.36;2.95;0.43;0.67;16.25;4.30;3.85;9.55;2.74;0.00;0.01;0.51;0.61;0.00;82.77;957.38;7366.03;71.46;45.65;28.26;7.96;16.86;5.43;13.50;69.64;23.10;26.39;6.92;
081020;19:53:20;3.37;22.57;14.23;5.49;7.36;5.81;3.41;0.00;0.00;0.00;0.06;0.06;0.07;5.87;8.88;2.16;28.97;20.69;16.34;11.92;1.37;2.98;0.44;0.67;16.40;4.31;3.93;9.61;2.75;0.00;0.01;0.51;0.61;0.00;121.44;4475.22;44965.17;83.55;113.07;20.75;6.12;13.15;3.34;8.58;39.64;15.35;18.50;4.24;
081020;19:53:23;3.38;22.70;14.30;5.52;7.40;5.83;3.43;0.00;0.00;0.00;0.06;0.06;0.07;5.88;8.89;2.16;28.99;20.70;16.36;11.94;1.37;2.98;0.44;0.67;16.32;4.30;3.88;9.58;2.75;0.00;0.01;0.51;0.61;0.00;109.60;2961.68;27705.85;80.13;88.70;14.20;4.43;9.69;0.64;1.83;5.82;3.82;5.51;0.80;
081020;19:53:25;3.38;22.73;14.31;5.52;7.41;5.84;3.43;0.00;0.00;0.00;0.07;0.06;0.07;5.88;8.89;2.16;29.00;20.70;16.37;11.94;1.37;2.98;0.44;0.67;16.42;4.32;3.93;9.61;2.75;0.00;0.01;0.51;0.61;0.00;88.96;1279.81;10354.05;73.59;54.15;19.17;5.72;12.34;0.91;2.53;8.68;5.10;7.09;1.13;
081020;19:53:27;3.38;22.73;14.31;5.53;7.41;5.84;3.43;0.00;0.00;0.00;0.07;0.06;0.07;6.10;8.96;2.29;29.45;20.87;16.78;11.97;1.37;3.00;0.44;0.67;16.32;4.30;3.88;9.58;2.75;0.00;0.01;0.51;0.61;0.00;125.58;5121.95;52679.73;84.70;122.41;25.04;7.18;15.30;0.75;2.13;7.03;4.38;6.21;0.94;
081020;19:53:30;3.39;22.79;14.34;5.54;7.43;5.85;3.44;0.00;0.00;0.00;0.07;0.06;0.07;6.20;8.99;2.34;29.66;20.95;16.97;12.13;1.38;3.06;0.44;0.68;16.42;4.32;3.93;9.61;2.75;0.00;0.01;0.51;0.61;0.00;99.39;1998.70;17467.08;76.99;70.38;22.09;6.46;13.83;1.34;3.64;13.65;7.08;9.44;1.68;
081020;19:53:32;3.39;22.80;14.35;5.54;7.43;5.85;3.44;0.00;0.00;0.00;0.07;0.06;0.07;6.22;9.00;2.35;29.70;20.97;17.01;11.98;1.37;3.00;0.44;0.67;16.32;4.31;3.88;9.58;2.75;0.00;0.01;0.51;0.61;0.00;90.91;1396.30;11468.12;74.24;56.99;14.49;4.51;9.85;2.55;6.67;28.96;12.22;15.17;3.23;
081020;19:53:34;3.39;22.75;14.32;5.53;7.42;5.84;3.43;0.00;0.00;0.00;0.06;0.06;0.07;6.23;9.00;2.36;29.71;20.97;17.02;11.84;1.36;2.95;0.43;0.67;16.19;4.29;3.82;9.53;2.74;0.00;0.01;0.51;0.61;0.00;103.02;2308.93;20688.51;78.13;76.61;17.24;5.23;11.33;1.05;2.91;10.34;5.79;7.92;1.32;
081020;19:53:37;3.39;22.74;14.32;5.53;7.41;5.84;3.43;0.00;0.00;0.00;0.06;0.06;0.06;6.23;9.00;2.36;29.71;20.97;17.02;11.60;1.35;2.86;0.43;0.66;16.04;4.27;3.75;9.48;2.73;0.00;0.01;0.51;0.61;0.00;95.34;1690.98;14356.38;75.70;63.79;21.14;6.22;13.35;0.97;2.69;9.37;5.39;7.45;1.21;
081020;19:53:39;3.36;22.53;14.21;5.48;7.35;5.80;3.41;0.00;0.00;0.00;0.06;0.06;0.06;6.23;9.00;2.36;29.71;20.97;17.02;11.32;1.33;2.75;0.42;0.65;16.02;4.27;3.73;9.47;2.73;0.00;0.01;0.51;0.61;0.00;109.15;2914.03;27183.72;79.99;87.85;20.72;6.11;13.13;2.30;6.04;25.60;11.18;14.04;2.90;
081020;19:53:41;3.36;22.49;14.19;5.47;7.34;5.79;3.41;0.00;0.00;0.00;0.06;0.06;0.06;6.23;9.00;2.36;29.71;20.97;17.02;11.06;1.31;2.65;0.41;0.64;15.78;4.25;3.62;9.38;2.71;0.00;0.01;0.51;0.61;0.00;83.55;994.42;7701.40;71.73;46.68;15.79;4.85;10.56;0.61;1.75;5.48;3.65;5.31;0.76;
081020;19:53:44;3.35;22.38;14.14;5.45;7.31;5.77;3.39;0.00;0.00;0.00;0.06;0.06;0.06;6.23;9.00;2.36;29.71;20.97;17.02;10.78;1.29;2.55;0.40;0.64;15.74;4.24;3.60;9.37;2.71;0.00;0.01;0.51;0.61;0.00;124.14;4888.66;49876.26;84.30;119.10;23.05;6.70;14.31;1.39;3.77;14.25;7.31;9.70;1.74;
081020;19:53:46;3.34;22.31;14.10;5.43;7.29;5.76;3.39;0.00;0.00;0.00;0.06;0.05;0.06;6.23;9.00;2.36;29.71;20.97;17.02;10.53;1.28;2.46;0.39;0.63;15.73;4.24;3.59;9.36;2.71;0.00;0.01;0.51;0.61;0.00;107.55;2745.68;25350.75;79.51;84.83;20.73;6.12;13.14;3.24;8.34;38.28;14.97;18.09;4.11;
081020;19:53:48;3.33;22.20;14.05;5.41;7.26;5.74;3.37;0.00;0.00;0.00;0.06;0.05;0.06;6.23;9.00;2.36;29.71;20.97;17.02;10.30;1.26;2.37;0.38;0.62;15.62;4.23;3.54;9.32;2.70;0.00;0.01;0.51;0.61;0.00;101.46;2171.96;19256.39;77.65;73.91;16.10;4.93;10.72;0.71;2.01;6.51;4.14;5.92;0.88;
081020;19:53:51;3.32;22.12;14.01;5.39;7.23;5.72;3.36;0.00;0.00;0.00;0.06;0.05;0.06;6.23;9.00;2.36;29.71;20.97;17.02;10.04;1.24;2.28;0.37;0.61;15.82;4.25;3.64;9.39;2.71;0.00;0.01;0.51;0.61;0.00;73.46;592.37;4194.24;68.06;34.42;16.47;5.03;10.92;1.48;4.01;15.39;7.73;10.18;1.86;
081020;19:53:53;3.31;22.01;13.96;5.37;7.20;5.70;3.35;0.00;0.00;0.00;0.06;0.05;0.06;6.23;9.00;2.36;29.71;20.97;17.02;9.80;1.23;2.20;0.37;0.60;15.74;4.24;3.60;9.37;2.71;0.00;0.01;0.51;0.61;0.00;95.15;1677.12;14218.42;75.64;63.48;25.61;7.32;15.58;1.25;3.43;12.67;6.71;9.01;1.57;
081020;19:53:55;3.30;21.94;13.92;5.35;7.18;5.69;3.34;0.00;0.00;0.00;0.06;0.05;0.06;6.23;9.00;2.36;29.71;20.97;17.02;9.61;1.21;2.13;0.36;0.60;15.40;4.20;3.43;9.24;2.68;0.00;0.01;0.51;0.61;0.00;102.49;2261.91;20195.20;77.97;75.69;21.28;6.25;13.42;1.77;4.73;18.88;8.96;11.58;2.22;
081020;19:53:58;3.28;21.78;13.84;5.32;7.13;5.66;3.33;0.00;0.00;0.00;0.05;0.05;0.06;6.23;9.00;2.36;29.71;20.97;17.02;9.40;1.20;2.06;0.35;0.59;15.44;4.21;3.45;9.26;2.69;0.00;0.01;0.51;0.61;0.00;114.41;3520.89;33938.03;81.54;98.19;23.67;6.85;14.62;1.23;3.38;12.46;6.63;8.91;1.55;
081020;19:54:00;3.28;21.75;13.82;5.31;7.12;5.65;3.32;0.00;0.00;0.00;0.05;0.05;0.06;6.23;9.00;2.36;29.71;20.97;17.02;9.22;1.19;2.00;0.35;0.58;15.45;4.21;3.46;9.26;2.69;0.00;0.01;0.51;0.61;0.00;104.12;2409.81;21752.80;78.47;78.57;20.79;6.13;13.17;1.68;4.50;17.79;8.58;11.15;2.11;
081020;19:54:02;3.27;21.69;13.80;5.30;7.11;5.64;3.32;0.00;0.00;0.00;0.05;0.05;0.06;6.23;9.00;2.36;29.71;20.97;17.02;9.05;1.17;1.94;0.34;0.58;15.56;4.22;3.51;9.30;2.70;0.00;0.01;0.51;0.61;0.00;87.05;1172.66;9344.68;72.94;51.43;20.69;6.11;13.12;2.13;5.62;23.43;10.48;13.27;2.68;
081020;19:54:04;3.26;21.53;13.72;5.26;7.06;5.61;3.30;0.00;0.00;0.00;0.05;0.05;0.06;6.23;9.00;2.36;29.71;20.97;17.02;8.88;1.16;1.88;0.33;0.57;15.47;4.21;3.47;9.27;2.69;0.00;0.01;0.51;0.61;0.00;101.42;2168.12;19216.42;77.63;73.83;17.75;5.36;11.60;0.94;2.61;9.03;5.25;7.27;1.17;
081020;19:54:07;3.25;21.50;13.70;5.26;7.05;5.61;3.30;0.00;0.00;0.00;0.05;0.05;0.06;6.23;9.00;2.36;29.71;20.97;17.02;8.74;1.15;1.84;0.33;0.57;15.56;4.22;3.51;9.30;2.70;0.00;0.01;0.51;0.61;0.00;101.37;2163.72;19170.66;77.62;73.74;16.63;5.07;11.00;0.76;2.16;7.13;4.42;6.27;0.95;
081020;19:54:09;3.25;21.45;13.68;5.24;7.04;5.60;3.29;0.00;0.00;0.00;0.05;0.05;0.06;6.23;9.00;2.36;29.71;20.97;17.02;8.58;1.14;1.79;0.32;0.56;15.58;4.22;3.52;9.31;2.70;0.00;0.01;0.51;0.61;0.00;101.14;2144.49;18970.92;77.55;73.36;14.70;4.57;9.96;1.17;3.22;11.74;6.35;8.58;1.47;
081020;19:54:11;3.23;21.30;13.60;5.21;6.99;5.57;3.27;0.00;0.00;0.00;0.05;0.05;0.06;6.12;8.96;2.29;29.48;20.89;16.81;8.42;1.13;1.74;0.32;0.56;15.37;4.20;3.42;9.23;2.68;0.00;0.01;0.51;0.61;0.00;105.87;2576.70;23530.53;79.00;81.72;15.53;4.78;10.41;1.41;3.83;14.56;7.42;9.83;1.78;
081020;19:54:14;3.23;21.27;13.58;5.20;6.98;5.56;3.27;0.00;0.00;0.00;0.05;0.05;0.05;6.15;8.97;2.31;29.55;20.91;16.87;8.34;1.12;1.71;0.32;0.55;15.10;4.17;3.30;9.13;2.66;0.00;0.01;0.51;0.61;0.00;169.89;17270.85;219222.58;95.81;250.22;23.53;6.81;14.55;1.23;3.37;12.42;6.61;8.89;1.55;
081020;19:54:16;3.22;21.21;13.56;5.19;6.97;5.55;3.26;0.00;0.00;0.00;0.05;0.05;0.05;6.16;8.97;2.32;29.56;20.92;16.88;8.19;1.11;1.66;0.31;0.55;15.27;4.19;3.37;9.19;2.68;0.00;0.01;0.51;0.61;0.00;108.93;2889.60;26916.60;79.93;87.42;26.05;7.43;15.79;0.71;2.02;6.58;4.17;5.96;0.89;
081020;19:54:18;3.22;21.20;13.55;5.19;6.97;5.55;3.26;0.00;0.00;0.00;0.05;0.05;0.05;6.22;8.99;2.35;29.68;20.96;16.99;8.07;1.10;1.62;0.31;0.54;15.30;4.19;3.39;9.21;2.68;0.00;0.01;0.52;0.62;0.00;85.18;1074.67;8435.50;72.30;48.86;19.76;5.87;12.64;1.27;3.47;12.85;6.78;9.09;1.59;
081020;19:54:21;3.21;21.15;13.53;5.18;6.95;5.54;3.26;0.00;0.00;0.00;0.05;0.05;0.05;6.17;8.98;2.32;29.59;20.93;16.91;7.92;1.09;1.58;0.30;0.54;15.20;4.18;3.34;9.17;2.67;0.00;0.01;0.52;0.62;0.00;76.71;705.30;5146.94;69.28;38.14;15.45;4.76;10.37;1.77;4.74;18.95;8.98;11.61;2.23;
081020;19:54:23;3.22;21.19;13.54;5.19;6.96;5.55;3.26;0.00;0.00;0.00;0.05;0.05;0.05;6.22;8.99;2.35;29.69;20.97;17.00;7.87;1.08;1.56;0.30;0.54;15.18;4.18;3.33;9.16;2.67;0.00;0.01;0.52;0.62;0.00;87.42;1193.15;9536.55;73.07;51.96;17.17;5.21;11.29;1.18;3.25;11.86;6.39;8.63;1.48;
081020;19:54:25;3.20;21.06;13.48;5.16;6.92;5.53;3.25;0.00;0.00;0.00;0.05;0.05;0.05;6.23;9.00;2.36;29.70;20.97;17.01;7.76;1.08;1.53;0.30;0.53;15.18;4.18;3.33;9.16;2.67;0.00;0.01;0.52;0.62;0.00;86.41;1138.22;9023.54;72.72;50.54;20.37;6.03;12.96;1.32;3.59;13.41;6.99;9.33;1.65;
081020;19:54:28;3.22;21.17;13.53;5.18;6.96;5.55;3.26;0.00;0.00;0.00;0.05;0.05;0.05;6.23;9.00;2.36;29.71;20.97;17.02;7.69;1.07;1.51;0.29;0.53;15.39;4.20;3.43;9.24;2.68;0.00;0.01;0.52;0.62;0.00;71.87;542.66;3784.45;67.46;32.69;18.59;5.58;12.04;1.01;2.81;9.89;5.61;7.70;1.27;
081020;19:54:30;3.20;21.05;13.48;5.16;6.92;5.52;3.24;0.00;0.00;0.00;0.05;0.05;0.05;6.12;8.96;2.29;29.48;20.89;16.81;7.61;1.07;1.48;0.29;0.53;15.22;4.18;3.35;9.17;2.67;0.00;0.01;0.52;0.62;0.00;82.40;940.58;7214.56;71.33;45.18;17.15;5.21;11.28;1.40;3.79;14.37;7.35;9.75;1.76;
081020;19:54:32;3.20;20.98;13.44;5.14;6.90;5.51;3.24;0.00;0.00;0.00;0.05;0.05;0.05;6.15;8.97;2.31;29.55;20.91;16.87;7.48;1.05;1.44;0.29;0.52;14.97;4.15;3.24;9.08;2.65;0.00;0.01;0.52;0.61;0.00;76.98;715.22;5232.03;69.38;38.45;17.01;5.17;11.21;1.10;3.02;10.84;5.99;8.16;1.37;
081020;19:54:35;3.19;20.92;13.41;5.13;6.88;5.50;3.23;0.00;0.00;0.00;0.05;0.05;0.05;5.99;8.92;2.22;29.22;20.78;16.57;7.39;1.05;1.42;0.28;0.52;14.92;4.15;3.21;9.06;2.65;0.00;0.01;0.52;0.62;0.00;84.65;1048.18;8192.11;72.12;48.15;20.81;6.14;13.18;1.25;3.41;12.58;6.68;8.97;1.56;
081020;19:54:37;3.19;20.91;13.40;5.12;6.88;5.50;3.23;0.00;0.00;0.00;0.05;0.05;0.05;6.18;8.98;2.33;29.61;20.94;16.93;7.32;1.04;1.40;0.28;0.52;15.12;4.17;3.31;9.14;2.67;0.00;0.01;0.52;0.62;0.00;58.65;239.58;1450.32;62.09;20.21;18.57;5.57;12.03;1.46;3.96;15.14;7.64;10.08;1.84;
081020;19:54:39;3.19;20.91;13.40;5.12;6.88;5.50;3.23;0.00;0.00;0.00;0.05;0.05;0.05;6.11;8.96;2.29;29.46;20.88;16.79;7.24;1.04;1.37;0.28;0.51;14.95;4.15;3.23;9.07;2.65;0.00;0.01;0.52;0.62;0.00;80.76;867.37;6560.44;70.75;43.07;20.65;6.10;13.10;0.75;2.12;6.98;4.35;6.18;0.94;
081020;19:54:41;3.18;20.81;13.36;5.10;6.85;5.48;3.22;0.00;0.00;0.00;0.05;0.05;0.05;6.09;8.95;2.28;29.43;20.87;16.76;7.14;1.03;1.34;0.28;0.51;14.92;4.15;3.21;9.06;2.65;0.00;0.01;0.52;0.62;0.00;69.47;473.27;3223.27;66.53;30.16;15.21;4.70;10.24;1.71;4.58;18.14;8.71;11.29;2.15;
081020;19:54:44;3.17;20.79;13.35;5.10;6.85;5.48;3.22;0.00;0.00;0.00;0.05;0.05;0.05;6.09;8.95;2.28;29.42;20.86;16.76;7.05;1.02;1.32;0.27;0.51;14.91;4.15;3.21;9.06;2.65;0.00;0.01;0.52;0.62;0.00;84.30;1030.63;8031.38;71.99;47.67;19.33;5.76;12.42;1.66;4.46;17.58;8.51;11.07;2.09;
081020;19:54:46;3.17;20.79;13.34;5.10;6.85;5.48;3.22;0.00;0.00;0.00;0.05;0.05;0.05;6.14;8.97;2.31;29.54;20.91;16.86;7.04;1.02;1.31;0.27;0.50;15.01;4.16;3.26;9.10;2.66;0.00;0.01;0.52;0.61;0.00;83.28;981.21;7581.50;71.64;46.31;16.31;4.99;10.83;0.46;1.36;4.00;2.90;4.35;0.58;
081020;19:54:48;3.16;20.70;13.30;5.08;6.82;5.46;3.20;0.00;0.00;0.00;0.05;0.05;0.05;5.93;8.91;2.19;29.10;20.74;16.47;6.93;1.01;1.28;0.27;0.50;14.93;4.15;3.22;9.07;2.65;0.00;0.01;0.52;0.61;0.00;100.48;2088.65;18392.75;77.34;72.23;14.83;4.60;10.03;0.51;1.49;4.50;3.16;4.68;0.64;
081020;19:54:51;3.16;20.63;13.26;5.06;6.80;5.45;3.20;0.00;0.00;0.00;0.05;0.05;0.05;5.95;8.91;2.20;29.13;20.75;16.49;6.84;1.00;1.26;0.26;0.50;14.91;4.15;3.21;9.06;2.65;0.00;0.01;0.52;0.61;0.00;84.43;1037.25;8091.97;72.04;47.85;16.47;5.03;10.92;0.38;1.11;3.12;2.43;3.72;0.47;
081020;19:54:53;3.15;20.57;13.23;5.05;6.78;5.43;3.19;0.00;0.00;0.00;0.05;0.05;0.05;5.90;8.89;2.17;29.02;20.71;16.39;6.78;1.00;1.24;0.26;0.49;14.91;4.15;3.21;9.06;2.65;0.00;0.01;0.52;0.61;0.00;65.92;383.30;2516.95;65.12;26.64;18.33;5.51;11.90;0.86;2.42;8.22;4.90;6.85;1.08;
081020;19:54:55;3.14;20.47;13.18;5.03;6.75;5.42;3.18;0.00;0.00;0.00;0.05;0.05;0.05;5.89;8.89;2.17;29.00;20.70;16.37;6.71;0.99;1.22;0.26;0.49;15.01;4.16;3.26;9.10;2.66;0.00;0.01;0.52;0.61;0.00;58.46;236.44;1428.08;62.01;20.05;18.35;5.51;11.91;1.90;5.07;20.59;9.54;12.23;2.40;
081020;19:54:58;3.13;20.36;13.13;5.00;6.72;5.39;3.17;0.00;0.00;0.00;0.05;0.05;0.05;5.88;8.89;2.16;29.00;20.70;16.37;6.65;0.99;1.20;0.26;0.49;14.93;4.15;3.22;9.07;2.65;0.00;0.01;0.52;0.61;0.00;75.17;649.84;4675.48;68.70;36.35;18.34;5.51;11.91;0.67;1.92;6.15;3.97;5.70;0.84;
081020;19:55:00;3.12;20.34;13.12;5.00;6.71;5.39;3.16;0.00;0.00;0.00;0.05;0.05;0.05;5.88;8.89;2.16;29.00;20.70;16.37;6.56;0.98;1.18;0.25;0.49;14.91;4.15;3.21;9.06;2.65;0.00;0.01;0.52;0.61;0.00;84.30;1030.91;8033.93;72.00;47.68;19.51;5.81;12.51;0.90;2.51;8.60;5.07;7.05;1.12;
081020;19:55:02;3.12;20.33;13.11;5.00;6.71;5.39;3.16;0.00;0.00;0.00;0.05;0.05;0.05;5.88;8.89;2.16;29.00;20.70;16.37;6.52;0.98;1.17;0.25;0.48;14.91;4.15;3.21;9.06;2.65;0.00;0.01;0.52;0.61;0.00;55.38;190.20;1106.31;60.66;17.64;16.34;5.00;10.85;1.29;3.53;13.14;6.89;9.21;1.62;
081020;19:55:05;3.12;20.33;13.11;5.00;6.71;5.39;3.16;0.00;0.00;0.00;0.05;0.05;0.05;5.88;8.89;2.16;29.00;20.70;16.37;6.42;0.97;1.14;0.25;0.48;14.69;4.12;3.11;8.98;2.64;0.00;0.01;0.52;0.61;0.00;66.12;388.05;2553.59;65.21;26.84;18.06;5.44;11.76;0.78;2.21;7.33;4.51;6.38;0.98;
081020;19:55:07;3.12;20.29;13.09;4.99;6.70;5.38;3.16;0.00;0.00;0.00;0.05;0.05;0.05;5.88;8.89;2.16;29.00;20.70;16.37;6.39;0.97;1.13;0.25;0.48;14.86;4.14;3.19;9.04;2.65;0.00;0.01;0.52;0.61;0.00;51.32;139.94;771.86;58.80;14.73;17.10;5.19;11.26;0.76;2.14;7.05;4.39;6.22;0.94;
081020;19:55:09;3.12;20.28;13.09;4.98;6.70;5.38;3.16;0.00;0.00;0.00;0.05;0.05;0.05;5.88;8.89;2.16;29.00;20.70;16.37;6.33;0.96;1.11;0.25;0.48;14.90;4.15;3.20;9.05;2.65;0.00;0.01;0.52;0.61;0.00;78.86;788.23;5863.94;70.06;40.72;12.42;3.96;8.70;0.51;1.48;4.47;3.15;4.66;0.64;
081020;19:55:12;3.10;20.10;12.99;4.94;6.64;5.34;3.14;0.00;0.00;0.00;0.05;0.05;0.05;5.83;8.87;2.14;28.88;20.65;16.27;6.28;0.96;1.10;0.25;0.47;14.69;4.12;3.11;8.98;2.64;0.00;0.01;0.52;0.61;0.00;87.93;1221.38;9801.77;73.24;52.68;17.60;5.32;11.52;0.54;1.57;4.81;3.32;4.89;0.68;
081020;19:55:14;3.10;20.11;13.00;4.95;6.64;5.35;3.14;0.00;0.00;0.00;0.05;0.05;0.05;5.82;8.87;2.13;28.86;20.65;16.25;6.21;0.95;1.08;0.24;0.47;14.86;4.14;3.19;9.04;2.65;0.00;0.01;0.52;0.61;0.00;67.11;411.88;2738.51;65.60;27.79;17.62;5.33;11.53;0.91;2.53;8.69;5.11;7.10;1.13;
081020;19:55:16;3.09;20.06;12.98;4.94;6.63;5.34;3.13;0.00;0.00;0.00;0.05;0.05;0.05;5.82;8.87;2.13;28.86;20.64;16.24;6.16;0.95;1.07;0.24;0.47;14.69;4.12;3.11;8.97;2.64;0.00;0.01;0.52;0.61;0.00;65.34;369.89;2414.00;64.89;26.09;16.97;5.16;11.18;0.51;1.47;4.42;3.12;4.63;0.63;
081020;19:55:19;3.09;20.06;12.97;4.94;6.63;5.34;3.13;0.00;0.00;0.00;0.05;0.05;0.05;5.76;8.85;2.10;28.74;20.60;16.14;6.15;0.95;1.07;0.24;0.47;14.65;4.12;3.09;8.96;2.63;0.00;0.01;0.52;0.61;0.00;80.31;847.94;6388.33;70.58;42.50;14.33;4.47;9.76;0.66;1.90;6.07;3.93;5.66;0.83;
081020;19:55:21;3.09;20.01;12.95;4.93;6.62;5.33;3.13;0.00;0.00;0.00;0.05;0.05;0.05;5.81;8.86;2.12;28.83;20.63;16.22;6.07;0.94;1.04;0.24;0.47;14.75;4.13;3.14;9.00;2.64;0.00;0.01;0.52;0.61;0.00;82.74;956.07;7354.17;71.45;45.61;19.94;5.92;12.74;1.09;3.01;10.77;5.96;8.13;1.37;
081020;19:55:23;3.09;20.04;12.97;4.93;6.63;5.33;3.13;0.00;0.00;0.00;0.04;0.05;0.05;5.71;8.83;2.07;28.63;20.55;16.04;6.04;0.94;1.04;0.24;0.46;14.56;4.11;3.05;8.93;2.63;0.00;0.01;0.52;0.61;0.00;78.09;757.72;5598.57;69.78;39.78;16.90;5.14;11.15;1.36;3.71;13.97;7.20;9.58;1.71;
081020;19:55:25;3.08;19.92;12.90;4.90;6.59;5.31;3.12;0.00;0.00;0.00;0.04;0.05;0.05;5.59;8.79;2.00;28.37;20.45;15.80;5.96;0.93;1.01;0.23;0.46;14.62;4.11;3.08;8.95;2.63;0.00;0.01;0.51;0.61;0.00;54.53;178.67;1028.06;60.28;17.01;13.40;4.22;9.25;0.50;1.44;4.32;3.07;4.56;0.62;
081020;19:55:28;3.07;19.85;12.87;4.89;6.57;5.30;3.11;0.00;0.00;0.00;0.04;0.05;0.05;5.61;8.80;2.02;28.42;20.47;15.85;5.92;0.93;1.00;0.23;0.46;14.74;4.13;3.13;9.00;2.64;0.00;0.01;0.51;0.61;0.00;48.45;111.10;588.80;57.44;12.86;16.39;5.01;10.87;0.99;2.76;9.65;5.51;7.58;1.24;
081020;19:55:30;3.07;19.88;12.88;4.90;6.58;5.30;3.11;0.00;0.00;0.00;0.04;0.05;0.05;5.72;8.84;2.08;28.66;20.57;16.06;5.92;0.93;1.00;0.23;0.46;14.56;4.11;3.05;8.93;2.63;0.00;0.01;0.51;0.61;0.00;73.78;602.94;4282.19;68.19;34.78;15.46;4.77;10.38;0.52;1.49;4.51;3.17;4.69;0.64;
081020;19:55:32;3.07;19.80;12.84;4.88;6.55;5.29;3.10;0.00;0.00;0.00;0.04;0.05;0.05;5.59;8.79;2.01;28.37;20.45;15.81;5.84;0.92;0.98;0.23;0.46;14.42;4.09;2.99;8.87;2.62;0.00;0.01;0.51;0.61;0.00;65.61;376.02;2461.02;65.00;26.35;16.38;5.01;10.87;0.83;2.32;7.80;4.72;6.63;1.03;
081020;19:55:35;3.07;19.83;12.86;4.88;6.56;5.29;3.11;0.00;0.00;0.00;0.04;0.05;0.05;5.61;8.80;2.02;28.42;20.47;15.85;5.81;0.92;0.98;0.23;0.45;14.39;4.09;2.98;8.86;2.61;0.00;0.01;0.52;0.61;0.00;72.83;572.23;4027.46;67.82;33.73;16.44;5.02;10.90;0.60;1.72;5.37;3.60;5.24;0.75;
081020;19:55:37;3.06;19.79;12.84;4.88;6.55;5.29;3.10;0.00;0.00;0.00;0.04;0.04;0.05;5.57;8.79;1.99;28.33;20.43;15.76;5.77;0.91;0.96;0.23;0.45;14.59;4.11;3.06;8.94;2.63;0.00;0.01;0.52;0.61;0.00;41.89;61.88;296.35;54.13;9.11;12.75;4.05;8.88;0.80;2.26;7.53;4.60;6.48;1.00;
081020;19:55:39;3.06;19.78;12.83;4.87;6.55;5.28;3.10;0.00;0.00;0.00;0.04;0.04;0.05;5.56;8.78;1.99;28.31;20.43;15.75;5.71;0.91;0.95;0.22;0.45;14.63;4.11;3.08;8.95;2.63;0.00;0.01;0.51;0.61;0.00;60.66;274.25;1699.53;62.95;21.88;14.43;4.50;9.82;0.95;2.65;9.20;5.32;7.36;1.19;
081020;19:55:42;3.06;19.73;12.81;4.86;6.54;5.28;3.10;0.00;0.00;0.00;0.04;0.04;0.05;5.56;8.78;1.99;28.30;20.43;15.74;5.69;0.91;0.95;0.22;0.45;14.64;4.12;3.09;8.96;2.63;0.00;0.01;0.51;0.61;0.00;89.51;1312.06;10660.78;73.78;54.95;15.69;4.83;10.50;0.82;2.31;7.77;4.71;6.62;1.03;
081020;19:55:44;3.06;19.77;12.83;4.87;6.55;5.28;3.10;0.00;0.00;0.00;0.04;0.04;0.05;5.56;8.78;1.99;28.30;20.43;15.74;5.69;0.91;0.94;0.22;0.45;14.43;4.09;2.99;8.88;2.62;0.00;0.01;0.52;0.61;0.00;69.21;466.21;3166.92;66.43;29.90;15.75;4.84;10.53;1.47;3.98;15.24;7.67;10.12;1.85;
081020;19:55:46;3.06;19.78;12.83;4.87;6.55;5.28;3.10;0.00;0.00;0.00;0.04;0.04;0.05;5.56;8.78;1.99;28.30;20.43;15.74;5.64;0.90;0.93;0.22;0.45;14.70;4.12;3.12;8.98;2.64;0.00;0.01;0.51;0.61;0.00;73.15;582.53;4112.63;67.95;34.08;20.55;6.07;13.05;0.57;1.63;5.02;3.43;5.02;0.70;
081020;19:55:49;3.05;19.69;12.79;4.85;6.52;5.27;3.09;0.00;0.00;0.00;0.04;0.04;0.05;5.56;8.78;1.99;28.30;20.43;15.74;5.59;0.90;0.92;0.22;0.45;14.44;4.09;3.00;8.88;2.62;0.00;0.01;0.51;0.61;0.00;51.92;146.65;815.44;59.08;15.14;15.82;4.86;10.57;0.46;1.35;3.99;2.90;4.34;0.58;
081020;19:55:51;3.04;19.54;12.71;4.82;6.48;5.24;3.07;0.00;0.00;0.00;0.04;0.04;0.05;5.56;8.78;1.99;28.30;20.43;15.74;5.58;0.90;0.92;0.22;0.44;14.39;4.09;2.98;8.86;2.61;0.00;0.01;0.51;0.61;0.00;69.83;483.06;3301.68;66.67;30.53;13.63;4.28;9.38;0.40;1.17;3.34;2.55;3.88;0.49;
081020;19:55:53;3.04;19.56;12.72;4.82;6.48;5.24;3.08;0.00;0.00;0.00;0.04;0.04;0.05;5.56;8.78;1.99;28.30;20.43;15.74;5.50;0.89;0.89;0.22;0.44;14.59;4.11;3.07;8.94;2.63;0.00;0.01;0.51;0.61;0.00;74.39;623.38;4453.00;68.42;35.47;19.08;5.70;12.29;0.82;2.30;7.69;4.67;6.57;1.02;
081020;19:55:56;3.03;19.52;12.70;4.82;6.47;5.23;3.07;0.00;0.00;0.00;0.04;0.04;0.05;5.56;8.78;1.99;28.30;20.43;15.74;5.48;0.89;0.89;0.22;0.44;14.74;4.13;3.13;8.99;2.64;0.00;0.01;0.52;0.61;0.00;55.86;196.83;1151.71;60.87;18.00;15.88;4.88;10.60;1.04;2.89;10.25;5.75;7.88;1.31;
081020;19:55:58;3.03;19.51;12.69;4.81;6.47;5.23;3.07;0.00;0.00;0.00;0.04;0.04;0.05;5.56;8.78;1.99;28.30;20.43;15.74;5.46;0.88;0.89;0.22;0.44;14.66;4.12;3.10;8.96;2.63;0.00;0.01;0.52;0.62;0.00;49.12;117.41;628.21;57.76;13.28;13.36;4.21;9.22;0.45;1.30;3.81;2.81;4.22;0.55;
081020;19:56:00;3.04;19.55;12.71;4.82;6.48;5.24;3.07;0.00;0.00;0.00;0.04;0.04;0.05;5.56;8.78;1.99;28.30;20.43;15.74;5.42;0.88;0.88;0.21;0.44;14.54;4.10;3.04;8.92;2.62;0.00;0.01;0.52;0.62;0.00;55.43;190.87;1110.86;60.68;17.68;12.33;3.93;8.65;0.64;1.84;5.84;3.83;5.52;0.80;
081020;19:56:02;3.04;19.56;12.72;4.83;6.48;5.24;3.08;0.00;0.00;0.00;0.04;0.04;0.05;5.56;8.78;1.99;28.30;20.43;15.74;5.40;0.88;0.87;0.21;0.44;14.62;4.11;3.08;8.95;2.63;0.00;0.01;0.52;0.62;0.00;71.27;524.56;3636.79;67.23;32.04;18.96;5.67;12.23;1.00;2.77;9.74;5.54;7.63;1.25;
081020;19:56:05;3.03;19.52;12.70;4.82;6.47;5.23;3.07;0.00;0.00;0.00;0.04;0.04;0.05;5.50;8.77;1.96;28.19;20.38;15.64;5.37;0.88;0.86;0.21;0.44;14.64;4.12;3.09;8.96;2.63;0.00;0.01;0.52;0.62;0.00;59.58;255.13;1561.37;62.49;20.97;12.64;4.02;8.82;0.50;1.46;4.38;3.10;4.61;0.62;
081020;19:56:07;3.03;19.51;12.69;4.81;6.47;5.23;3.07;0.00;0.00;0.00;0.04;0.04;0.05;5.49;8.76;1.96;28.17;20.37;15.62;5.35;0.88;0.86;0.21;0.43;14.75;4.13;3.13;9.00;2.64;0.00;0.01;0.52;0.62;0.00;62.47;308.81;1953.37;63.71;23.46;11.99;3.84;8.45;0.39;1.15;3.24;2.50;3.81;0.48;
081020;19:56:09;3.03;19.51;12.69;4.81;6.47;5.23;3.07;0.00;0.00;0.00;0.04;0.04;0.05;5.54;8.78;1.98;28.27;20.41;15.72;5.32;0.87;0.85;0.21;0.43;14.77;4.13;3.14;9.00;2.64;0.00;0.01;0.52;0.62;0.00;79.35;808.02;6036.99;70.24;41.31;16.69;5.09;11.04;3.07;7.91;35.85;14.27;17.36;3.89;
081020;19:56:12;3.02;19.42;12.65;4.79;6.44;5.22;3.06;0.00;0.00;0.00;0.04;0.04;0.05;5.45;8.75;1.93;28.07;20.34;15.54;5.29;0.87;0.84;0.21;0.43;14.67;4.12;3.10;8.97;2.63;0.00;0.01;0.52;0.62;0.00;103.08;2314.25;20744.49;78.15;76.72;20.41;6.04;12.98;1.52;4.11;15.89;7.91;10.39;1.92;
081020;19:56:14;3.02;19.40;12.64;4.79;6.44;5.21;3.06;0.00;0.00;0.00;0.04;0.04;0.05;5.43;8.74;1.92;28.04;20.32;15.51;5.27;0.87;0.84;0.21;0.43;14.65;4.12;3.09;8.96;2.63;0.00;0.01;0.52;0.62;0.00;68.30;442.08;2975.53;66.07;28.98;11.86;3.80;8.38;0.76;2.16;7.13;4.42;6.27;0.95;
081020;19:56:16;3.02;19.36;12.62;4.78;6.42;5.20;3.05;0.00;0.00;0.00;0.04;0.04;0.05;5.48;8.76;1.95;28.14;20.36;15.60;5.27;0.87;0.84;0.21;0.43;14.43;4.09;3.00;8.88;2.62;0.00;0.01;0.52;0.62;0.00;81.19;885.89;6725.04;70.90;43.61;17.83;5.38;11.64;1.27;3.47;12.86;6.78;9.09;1.59;
081020;19:56:19;3.02;19.39;12.63;4.79;6.43;5.21;3.06;0.00;0.00;0.00;0.04;0.04;0.05;5.44;8.74;1.93;28.05;20.33;15.52;5.18;0.86;0.82;0.21;0.43;14.60;4.11;3.07;8.94;2.63;0.00;0.01;0.52;0.62;0.00;102.32;2247.08;20040.00;77.91;75.40;19.16;5.72;12.33;0.77;2.18;7.20;4.45;6.30;0.96;
081020;19:56:21;3.02;19.36;12.62;4.78;6.42;5.20;3.05;0.00;0.00;0.00;0.04;0.04;0.05;5.48;8.76;1.95;28.14;20.36;15.60;5.17;0.86;0.81;0.21;0.43;14.42;4.09;2.99;8.87;2.62;0.00;0.01;0.52;0.61;0.00;88.03;1226.69;9851.73;73.28;52.81;22.98;6.68;14.28;1.11;3.05;10.96;6.04;8.22;1.39;
081020;19:56:23;3.02;19.39;12.63;4.79;6.43;5.21;3.06;0.00;0.00;0.00;0.04;0.04;0.05;5.49;8.76;1.95;28.16;20.37;15.62;5.17;0.86;0.81;0.21;0.43;14.49;4.10;3.02;8.90;2.62;0.00;0.01;0.52;0.62;0.00;101.41;2167.00;19204.75;77.63;73.81;19.89;5.91;12.71;0.72;2.05;6.67;4.21;6.01;0.90;
081020;19:56:26;3.01;19.31;12.59;4.77;6.41;5.19;3.05;0.00;0.00;0.00;0.04;0.04;0.05;5.44;8.74;1.93;28.05;20.33;15.52;5.15;0.86;0.81;0.20;0.43;14.72;4.12;3.12;8.99;2.64;0.00;0.01;0.52;0.61;0.00;130.96;6061.94;64192.56;86.16;135.17;23.12;6.71;14.35;0.98;2.72;9.49;5.44;7.50;1.22;
081020;19:56:28;3.02;19.38;12.63;4.79;6.43;5.21;3.06;0.00;0.00;0.00;0.04;0.04;0.05;5.28;8.69;1.85;27.71;20.19;15.21;5.11;0.85;0.80;0.20;0.42;14.55;4.11;3.05;8.92;2.63;0.00;0.01;0.52;0.61;0.00;96.60;1782.78;15274.88;76.11;65.80;26.87;7.63;16.19;1.44;3.90;14.86;7.53;9.96;1.81;
