081020;18:36:38;4.56;34.48;19.85;8.04;10.74;7.86;4.65;0.00;0.00;0.00;0.08;0.07;0.08;60.90;14.55;69.45;78.12;35.56;80.28;12.86;1.43;3.35;0.47;0.70;52.53;6.99;46.04;19.71;4.35;0.02;0.05;0.70;0.80;0.01;21.33;4.10;12.26;41.11;1.85;12.53;3.99;8.76;0.02;0.06;0.08;0.16;0.35;0.02;
081020;18:36:38;3.09;20.02;12.95;4.93;6.62;5.33;3.13;0.00;0.00;0.00;0.04;0.04;0.04;5.32;8.70;1.86;27.79;20.22;15.29;5.53;0.89;0.90;0.22;0.44;17.71;4.45;4.62;10.07;2.84;0.00;0.01;0.53;0.63;0.00;11.69;0.36;0.72;32.16;0.44;7.02;2.43;5.49;0.03;0.09;0.15;0.26;0.54;0.03;
081020;18:36:40;2.88;18.19;12.02;4.52;6.08;4.98;2.92;0.00;0.00;0.00;0.04;0.04;0.04;3.50;7.96;1.00;23.25;18.35;11.49;4.78;0.82;0.72;0.19;0.41;14.98;4.15;3.24;9.08;2.66;0.00;0.01;0.51;0.60;0.00;14.15;0.79;1.77;34.77;0.70;5.57;2.00;4.56;0.02;0.08;0.12;0.23;0.47;0.03;
081020;18:36:43;2.86;17.97;11.90;4.47;6.01;4.94;2.89;0.00;0.00;0.00;0.03;0.04;0.04;3.25;7.84;0.90;22.54;18.04;10.93;4.66;0.81;0.69;0.19;0.40;14.70;4.12;3.11;8.98;2.64;0.00;0.01;0.50;0.60;0.00;11.13;0.30;0.57;31.52;0.40;6.50;2.28;5.16;0.01;0.04;0.05;0.11;0.26;0.01;
081020;18:36:45;2.84;17.81;11.82;4.43;5.97;4.90;2.87;0.00;0.00;0.00;0.03;0.04;0.04;3.17;7.80;0.87;22.32;17.94;10.75;4.59;0.80;0.68;0.18;0.40;14.65;4.12;3.09;8.96;2.63;0.00;0.00;0.50;0.60;0.00;12.98;0.56;1.18;33.57;0.57;5.26;1.91;4.36;0.03;0.10;0.15;0.27;0.56;0.03;
081020;18:36:47;2.84;17.82;11.82;4.44;5.97;4.90;2.87;0.00;0.00;0.00;0.03;0.04;0.04;3.25;7.84;0.90;22.53;18.03;10.92;4.59;0.80;0.68;0.18;0.40;14.64;4.12;3.08;8.96;2.63;0.00;0.00;0.50;0.60;0.00;14.02;0.76;1.69;34.64;0.68;6.88;2.39;5.41;0.01;0.03;0.03;0.09;0.21;0.01;
081020;18:36:49;2.84;17.82;11.82;4.44;5.97;4.91;2.87;0.00;0.00;0.00;0.03;0.04;0.04;3.23;7.83;0.89;22.49;18.02;10.89;4.58;0.80;0.67;0.18;0.40;14.63;4.11;3.08;8.95;2.63;0.00;0.01;0.50;0.60;0.00;11.01;0.29;0.54;31.39;0.39;5.37;1.94;4.43;0.01;0.05;0.06;0.14;0.32;0.02;
081020;18:36:52;2.85;17.86;11.84;4.45;5.98;4.91;2.88;0.00;0.00;0.00;0.03;0.04;0.04;3.14;7.79;0.85;22.22;17.90;10.68;4.58;0.80;0.67;0.18;0.40;14.95;4.15;3.22;9.07;2.65;0.00;0.01;0.50;0.60;0.00;17.61;1.89;4.96;38.01;1.17;5.01;1.83;4.19;0.02;0.07;0.11;0.21;0.44;0.02;
081020;18:36:54;2.84;17.83;11.83;4.44;5.97;4.91;2.87;0.00;0.00;0.00;0.03;0.04;0.04;3.12;7.78;0.85;22.16;17.87;10.64;4.58;0.80;0.67;0.18;0.40;14.80;4.13;3.16;9.02;2.64;0.00;0.01;0.50;0.60;0.00;13.40;0.63;1.37;34.01;0.61;5.67;2.03;4.63;0.02;0.05;0.07;0.16;0.35;0.02;
081020;18:36:56;2.84;17.78;11.80;4.43;5.96;4.90;2.87;0.00;0.00;0.00;0.03;0.04;0.04;3.12;7.78;0.84;22.15;17.87;10.63;4.56;0.80;0.67;0.18;0.40;14.87;4.14;3.19;9.04;2.65;0.00;0.00;0.50;0.60;0.00;9.60;0.16;0.28;29.68;0.28;5.66;2.03;4.62;0.01;0.04;0.06;0.13;0.29;0.01;
081020;18:36:59;2.81;17.54;11.68;4.37;5.88;4.85;2.84;0.00;0.00;0.00;0.03;0.04;0.04;2.84;7.63;0.74;21.30;17.49;9.98;4.44;0.79;0.64;0.18;0.39;13.48;3.98;2.59;8.51;2.55;0.00;0.00;0.50;0.59;0.00;11.48;0.34;0.66;31.93;0.43;5.80;2.07;4.71;0.02;0.07;0.10;0.20;0.42;0.02;
081020;18:37:01;2.81;17.53;11.67;4.37;5.88;4.85;2.84;0.00;0.00;0.00;0.03;0.04;0.04;2.79;7.60;0.72;21.14;17.42;9.86;4.40;0.78;0.63;0.18;0.39;13.22;3.94;2.49;8.41;2.53;0.00;0.00;0.49;0.59;0.00;12.63;0.50;1.03;33.20;0.53;5.66;2.03;4.62;0.01;0.03;0.04;0.10;0.24;0.01;
081020;18:37:03;2.80;17.49;11.65;4.36;5.87;4.84;2.83;0.00;0.00;0.00;0.03;0.04;0.04;2.78;7.59;0.71;21.11;17.40;9.83;4.41;0.79;0.63;0.18;0.39;13.07;3.93;2.43;8.35;2.52;0.00;0.00;0.49;0.59;0.00;9.98;0.19;0.34;30.16;0.31;5.69;2.04;4.64;0.01;0.03;0.03;0.09;0.22;0.01;
081020;18:37:06;2.80;17.48;11.65;4.36;5.87;4.84;2.83;0.00;0.00;0.00;0.03;0.04;0.04;2.78;7.59;0.71;21.10;17.40;9.83;4.39;0.78;0.63;0.18;0.39;13.04;3.92;2.42;8.34;2.51;0.00;0.00;0.49;0.59;0.00;8.08;0.08;0.13;27.66;0.19;4.20;1.57;3.63;0.03;0.09;0.14;0.25;0.51;0.03;
081020;18:37:08;2.80;17.48;11.64;4.36;5.87;4.84;2.83;0.00;0.00;0.00;0.03;0.04;0.04;2.78;7.59;0.71;21.10;17.40;9.83;4.35;0.78;0.62;0.18;0.39;13.04;3.92;2.42;8.34;2.51;0.00;0.00;0.49;0.59;0.00;11.99;0.40;0.81;32.50;0.47;4.34;1.62;3.73;0.01;0.05;0.07;0.15;0.34;0.02;
081020;18:37:10;2.80;17.48;11.64;4.36;5.87;4.84;2.83;0.00;0.00;0.00;0.03;0.04;0.04;2.78;7.59;0.71;21.10;17.40;9.83;4.34;0.78;0.62;0.18;0.39;12.85;3.90;2.34;8.26;2.50;0.00;0.00;0.49;0.59;0.00;10.86;0.27;0.51;31.21;0.37;4.60;1.70;3.91;0.02;0.07;0.11;0.21;0.44;0.02;
081020;18:37:13;2.80;17.48;11.64;4.36;5.87;4.84;2.83;0.00;0.00;0.00;0.03;0.04;0.04;2.73;7.56;0.69;20.93;17.32;9.70;4.33;0.78;0.62;0.18;0.39;12.91;3.91;2.36;8.29;2.50;0.00;0.00;0.49;0.59;0.00;15.23;1.06;2.50;35.83;0.83;6.99;2.43;5.47;0.03;0.12;0.19;0.32;0.63;0.04;
081020;18:37:15;2.80;17.48;11.64;4.36;5.87;4.84;2.83;0.00;0.00;0.00;0.03;0.04;0.04;2.72;7.55;0.69;20.90;17.31;9.68;4.33;0.78;0.62;0.18;0.39;13.01;3.92;2.40;8.33;2.51;0.00;0.00;0.49;0.59;0.00;15.59;1.16;2.79;36.17;0.88;5.13;1.87;4.27;0.01;0.05;0.06;0.14;0.32;0.02;
081020;18:37:17;2.80;17.48;11.64;4.36;5.87;4.84;2.83;0.00;0.00;0.00;0.03;0.04;0.04;2.72;7.55;0.69;20.89;17.31;9.68;4.31;0.78;0.61;0.17;0.39;13.03;3.92;2.41;8.33;2.51;0.00;0.00;0.49;0.59;0.00;13.30;0.61;1.32;33.90;0.60;5.12;1.86;4.26;0.01;0.05;0.06;0.14;0.31;0.01;
081020;18:37:20;2.80;17.48;11.64;4.36;5.87;4.84;2.83;0.00;0.00;0.00;0.03;0.04;0.04;2.77;7.58;0.71;21.06;17.38;9.80;4.32;0.78;0.62;0.17;0.39;13.04;3.92;2.41;8.34;2.51;0.00;0.00;0.49;0.59;0.00;13.16;0.59;1.26;33.76;0.59;6.49;2.28;5.16;0.02;0.07;0.10;0.20;0.42;0.02;
081020;18:37:22;2.80;17.48;11.64;4.36;5.87;4.84;2.83;0.00;0.00;0.00;0.03;0.04;0.04;2.75;7.57;0.70;21.01;17.36;9.76;4.31;0.78;0.61;0.17;0.39;13.04;3.92;2.42;8.34;2.51;0.00;0.00;0.49;0.59;0.00;12.84;0.53;1.12;33.42;0.56;5.85;2.09;4.75;0.05;0.16;0.28;0.43;0.82;0.06;
081020;18:37:24;2.80;17.48;11.64;4.36;5.87;4.84;2.83;0.00;0.00;0.00;0.03;0.04;0.04;2.77;7.59;0.71;21.08;17.39;9.81;4.32;0.78;0.62;0.17;0.39;13.04;3.92;2.41;8.34;2.51;0.00;0.00;0.49;0.59;0.00;16.05;1.31;3.21;36.61;0.94;7.13;2.47;5.56;0.01;0.03;0.04;0.09;0.22;0.01;
081020;18:37:26;2.80;17.48;11.64;4.36;5.87;4.84;2.83;0.00;0.00;0.00;0.03;0.04;0.04;2.70;7.54;0.68;20.85;17.29;9.64;4.30;0.77;0.61;0.17;0.39;13.04;3.92;2.42;8.34;2.51;0.00;0.00;0.49;0.59;0.00;12.27;0.44;0.90;32.81;0.50;6.13;2.17;4.93;0.01;0.03;0.04;0.10;0.24;0.01;
081020;18:37:29;2.80;17.48;11.64;4.36;5.87;4.84;2.83;0.00;0.00;0.00;0.03;0.04;0.04;2.74;7.56;0.70;20.97;17.34;9.73;4.31;0.78;0.61;0.17;0.39;13.04;3.92;2.42;8.34;2.51;0.00;0.00;0.49;0.59;0.00;11.36;0.32;0.63;31.79;0.42;6.39;2.25;5.10;0.02;0.06;0.09;0.18;0.39;0.02;
081020;18:37:31;2.80;17.48;11.64;4.36;5.87;4.84;2.83;0.00;0.00;0.00;0.03;0.04;0.04;2.75;7.57;0.70;20.99;17.35;9.75;4.31;0.78;0.61;0.17;0.39;13.04;3.92;2.42;8.34;2.51;0.00;0.00;0.49;0.59;0.00;13.01;0.56;1.19;33.60;0.57;7.60;2.61;5.86;0.02;0.06;0.08;0.17;0.36;0.02;
081020;18:37:33;2.80;17.48;11.64;4.36;5.87;4.84;2.83;0.00;0.00;0.00;0.03;0.04;0.04;2.65;7.51;0.66;20.67;17.20;9.51;4.26;0.77;0.60;0.17;0.38;13.13;3.93;2.45;8.37;2.52;0.00;0.00;0.49;0.59;0.00;13.87;0.73;1.61;34.49;0.67;6.47;2.27;5.15;0.01;0.03;0.03;0.09;0.20;0.01;
081020;18:37:36;2.80;17.48;11.64;4.36;5.87;4.84;2.83;0.00;0.00;0.00;0.03;0.04;0.04;2.75;7.57;0.70;21.01;17.36;9.76;4.26;0.77;0.60;0.17;0.38;13.15;3.94;2.46;8.38;2.52;0.00;0.00;0.49;0.59;0.00;14.69;0.91;2.11;35.30;0.76;6.33;2.23;5.06;0.02;0.06;0.09;0.18;0.39;0.02;
081020;18:37:38;2.80;17.48;11.64;4.36;5.87;4.84;2.83;0.00;0.00;0.00;0.03;0.04;0.04;2.72;7.56;0.69;20.92;17.32;9.69;4.27;0.77;0.60;0.17;0.38;12.87;3.90;2.35;8.27;2.50;0.00;0.00;0.49;0.59;0.00;14.26;0.81;1.83;34.88;0.71;7.80;2.66;5.98;0.01;0.04;0.06;0.13;0.30;0.01;
081020;18:37:40;2.83;17.67;11.75;4.40;5.92;4.88;2.86;0.00;0.00;0.00;0.03;0.04;0.04;2.77;7.58;0.71;21.06;17.38;9.80;4.45;0.79;0.64;0.18;0.39;13.29;3.95;2.51;8.44;2.53;0.00;0.00;0.49;0.59;0.00;14.33;0.83;1.88;34.96;0.72;7.09;2.46;5.54;0.01;0.05;0.07;0.15;0.33;0.02;
081020;18:37:43;2.85;17.87;11.85;4.45;5.98;4.91;2.88;0.00;0.00;0.00;0.03;0.04;0.04;2.78;7.59;0.71;21.09;17.39;9.82;4.62;0.81;0.68;0.19;0.40;13.66;4.00;2.67;8.58;2.56;0.00;0.00;0.50;0.59;0.00;16.88;1.60;4.07;37.37;1.06;6.39;2.25;5.09;0.02;0.07;0.11;0.21;0.45;0.02;
081020;18:37:45;2.88;18.11;11.97;4.50;6.05;4.96;2.91;0.00;0.00;0.00;0.03;0.04;0.04;2.78;7.59;0.71;21.10;17.40;9.83;4.85;0.83;0.74;0.19;0.41;13.93;4.03;2.78;8.69;2.58;0.00;0.00;0.50;0.59;0.00;14.60;0.89;2.05;35.22;0.75;8.11;2.75;6.17;0.03;0.09;0.13;0.25;0.51;0.03;
081020;18:37:47;2.89;18.20;12.02;4.52;6.08;4.98;2.92;0.00;0.00;0.00;0.04;0.04;0.04;2.78;7.59;0.71;21.10;17.40;9.83;5.07;0.85;0.79;0.20;0.42;13.99;4.04;2.80;8.71;2.58;0.00;0.00;0.50;0.59;0.00;13.18;0.59;1.27;33.78;0.59;6.87;2.39;5.40;0.03;0.10;0.15;0.27;0.55;0.03;
081020;18:37:50;2.90;18.30;12.07;4.54;6.11;5.00;2.93;0.00;0.00;0.00;0.04;0.04;0.04;2.83;7.62;0.73;21.26;17.47;9.95;5.27;0.87;0.84;0.21;0.43;14.00;4.04;2.81;8.71;2.59;0.00;0.00;0.50;0.59;0.00;15.81;1.23;2.98;36.38;0.91;8.90;2.98;6.65;0.02;0.08;0.11;0.22;0.46;0.03;
081020;18:37:52;2.91;18.44;12.14;4.58;6.15;5.03;2.95;0.00;0.00;0.00;0.04;0.04;0.04;2.79;7.59;0.72;21.13;17.41;9.85;5.41;0.88;0.87;0.21;0.44;14.20;4.06;2.89;8.79;2.60;0.00;0.00;0.49;0.59;0.00;13.57;0.66;1.45;34.18;0.63;8.15;2.76;6.19;0.02;0.07;0.09;0.19;0.40;0.02;
081020;18:37:54;2.92;18.47;12.16;4.58;6.16;5.03;2.95;0.00;0.00;0.00;0.04;0.04;0.04;2.81;7.60;0.72;21.19;17.44;9.89;5.58;0.90;0.92;0.22;0.44;14.14;4.06;2.87;8.77;2.60;0.00;0.00;0.49;0.59;0.00;15.15;1.03;2.44;35.75;0.82;5.23;1.90;4.34;0.01;0.04;0.05;0.12;0.28;0.01;
081020;18:37:57;2.92;18.52;12.18;4.59;6.18;5.04;2.96;0.00;0.00;0.00;0.04;0.04;0.04;2.89;7.65;0.75;21.45;17.56;10.09;5.70;0.91;0.95;0.22;0.45;14.23;4.07;2.91;8.80;2.60;0.00;0.00;0.49;0.59;0.00;12.53;0.48;1.00;33.09;0.52;5.83;2.08;4.73;0.02;0.07;0.10;0.20;0.42;0.02;
081020;18:37:59;2.94;18.69;12.27;4.63;6.23;5.08;2.98;0.00;0.00;0.00;0.04;0.04;0.04;2.91;7.66;0.76;21.50;17.58;10.13;5.81;0.92;0.98;0.23;0.45;14.24;4.07;2.91;8.81;2.60;0.00;0.00;0.49;0.59;0.00;14.28;0.82;1.85;34.91;0.71;7.12;2.46;5.56;0.01;0.05;0.07;0.15;0.33;0.02;
081020;18:38:01;2.95;18.73;12.29;4.64;6.24;5.08;2.98;0.00;0.00;0.00;0.04;0.04;0.04;2.94;7.68;0.77;21.59;17.62;10.20;5.92;0.93;1.01;0.23;0.46;14.35;4.08;2.96;8.85;2.61;0.00;0.00;0.49;0.59;0.00;16.19;1.35;3.33;36.73;0.96;5.51;1.98;4.52;0.01;0.05;0.06;0.14;0.31;0.02;
081020;18:38:03;2.95;18.73;12.30;4.64;6.24;5.08;2.98;0.00;0.00;0.00;0.04;0.04;0.05;2.94;7.68;0.77;21.61;17.63;10.22;6.05;0.94;1.04;0.24;0.46;14.37;4.08;2.97;8.85;2.61;0.00;0.00;0.49;0.59;0.00;20.00;3.16;9.04;40.04;1.58;5.27;1.91;4.36;0.01;0.03;0.04;0.11;0.24;0.01;
081020;18:38:06;2.97;18.90;12.38;4.68;6.29;5.12;3.00;0.00;0.00;0.00;0.04;0.04;0.05;2.94;7.68;0.77;21.62;17.63;10.22;6.15;0.95;1.07;0.24;0.47;14.37;4.08;2.97;8.86;2.61;0.00;0.00;0.49;0.59;0.00;17.09;1.68;4.31;37.55;1.09;6.69;2.34;5.29;0.02;0.06;0.08;0.17;0.36;0.02;
081020;18:38:08;2.97;18.98;12.42;4.70;6.31;5.13;3.01;0.00;0.00;0.00;0.04;0.04;0.05;2.94;7.68;0.77;21.62;17.63;10.22;6.27;0.96;1.10;0.24;0.47;14.38;4.08;2.97;8.86;2.61;0.00;0.00;0.49;0.59;0.00;17.56;1.87;4.90;37.97;1.17;6.45;2.27;5.13;0.02;0.07;0.11;0.21;0.44;0.02;
081020;18:38:10;2.98;19.00;12.43;4.70;6.32;5.13;3.01;0.00;0.00;0.00;0.04;0.04;0.05;2.94;7.68;0.77;21.62;17.63;10.22;6.38;0.97;1.13;0.25;0.48;14.48;4.10;3.01;8.89;2.62;0.00;0.00;0.49;0.59;0.00;15.09;1.02;2.39;35.69;0.81;5.67;2.03;4.63;0.03;0.10;0.15;0.27;0.55;0.03;
081020;18:38:13;2.97;18.96;12.41;4.69;6.31;5.13;3.01;0.00;0.00;0.00;0.04;0.04;0.05;2.97;7.70;0.79;21.70;17.67;10.28;6.46;0.97;1.15;0.25;0.48;14.29;4.08;2.93;8.83;2.61;0.00;0.00;0.49;0.59;0.00;14.24;0.81;1.82;34.86;0.71;6.98;2.42;5.47;0.03;0.10;0.16;0.28;0.57;0.04;
081020;18:38:15;2.97;18.99;12.43;4.70;6.32;5.13;3.01;0.00;0.00;0.00;0.04;0.04;0.05;3.06;7.74;0.82;21.98;17.79;10.49;6.56;0.98;1.18;0.25;0.49;14.56;4.11;3.05;8.93;2.63;0.00;0.00;0.49;0.59;0.00;16.09;1.32;3.24;36.64;0.95;6.69;2.34;5.28;0.05;0.17;0.31;0.45;0.86;0.06;
081020;18:38:17;2.99;19.08;12.48;4.72;6.34;5.15;3.02;0.00;0.00;0.00;0.04;0.05;0.05;3.08;7.75;0.83;22.03;17.81;10.53;6.64;0.99;1.20;0.26;0.49;14.62;4.11;3.08;8.95;2.63;0.00;0.00;0.49;0.59;0.00;14.96;0.98;2.30;35.57;0.80;6.54;2.29;5.19;0.02;0.09;0.13;0.24;0.50;0.03;
081020;18:38:20;2.98;19.06;12.46;4.71;6.34;5.15;3.02;0.00;0.00;0.00;0.04;0.05;0.05;3.08;7.76;0.83;22.04;17.82;10.54;6.73;0.99;1.23;0.26;0.49;14.53;4.10;3.04;8.91;2.62;0.00;0.00;0.49;0.59;0.00;10.87;0.27;0.51;31.23;0.37;4.74;1.74;4.01;0.03;0.10;0.15;0.27;0.55;0.03;
081020;18:38:22;3.00;19.23;12.55;4.75;6.39;5.18;3.04;0.00;0.00;0.00;0.05;0.05;0.05;3.11;7.77;0.84;22.13;17.86;10.61;6.79;1.00;1.24;0.26;0.49;14.51;4.10;3.03;8.91;2.62;0.00;0.00;0.49;0.59;0.00;12.51;0.48;0.99;33.07;0.52;5.38;1.94;4.44;0.02;0.07;0.10;0.19;0.41;0.02;
081020;18:38:24;3.00;19.22;12.54;4.75;6.38;5.18;3.04;0.00;0.00;0.00;0.05;0.05;0.05;3.12;7.77;0.84;22.15;17.87;10.62;6.88;1.01;1.27;0.27;0.50;14.61;4.11;3.07;8.94;2.63;0.00;0.00;0.49;0.59;0.00;19.29;2.73;7.62;39.45;1.45;5.34;1.93;4.41;0.02;0.07;0.10;0.19;0.41;0.02;
081020;18:38:27;3.01;19.30;12.59;4.77;6.41;5.19;3.05;0.00;0.00;0.00;0.05;0.05;0.05;3.12;7.77;0.84;22.15;17.87;10.63;7.01;1.02;1.30;0.27;0.50;14.52;4.10;3.04;8.91;2.62;0.00;0.00;0.49;0.59;0.00;18.05;2.09;5.58;38.40;1.24;8.65;2.91;6.50;0.08;0.26;0.52;0.66;1.19;0.10;
081020;18:38:29;3.01;19.27;12.57;4.76;6.40;5.19;3.04;0.00;0.00;0.00;0.05;0.05;0.05;3.15;7.79;0.85;22.24;17.91;10.69;7.03;1.02;1.31;0.27;0.50;14.61;4.11;3.07;8.95;2.63;0.00;0.00;0.49;0.59;0.00;17.02;1.65;4.23;37.49;1.08;6.25;2.21;5.00;0.04;0.12;0.20;0.33;0.66;0.04;
081020;18:38:31;3.02;19.36;12.62;4.78;6.42;5.20;3.05;0.00;0.00;0.00;0.05;0.05;0.05;3.21;7.82;0.88;22.43;17.99;10.84;7.12;1.03;1.34;0.27;0.51;14.53;4.10;3.04;8.91;2.62;0.00;0.00;0.49;0.59;0.00;17.14;1.70;4.37;37.60;1.10;6.41;2.26;5.11;0.03;0.10;0.15;0.27;0.55;0.03;
081020;18:38:34;3.03;19.50;12.69;4.81;6.47;5.23;3.07;0.00;0.00;0.00;0.05;0.05;0.05;3.25;7.84;0.90;22.55;18.04;10.94;7.18;1.03;1.35;0.28;0.51;14.51;4.10;3.03;8.91;2.62;0.00;0.00;0.49;0.59;0.00;10.35;0.22;0.40;30.61;0.33;6.97;2.42;5.46;0.03;0.11;0.18;0.30;0.61;0.04;
081020;18:38:36;3.04;19.53;12.71;4.82;6.48;5.24;3.07;0.00;0.00;0.00;0.05;0.05;0.05;3.29;7.86;0.91;22.67;18.09;11.03;7.28;1.04;1.38;0.28;0.51;14.71;4.12;3.12;8.98;2.64;0.00;0.00;0.49;0.59;0.00;15.59;1.16;2.79;36.17;0.88;5.27;1.91;4.36;0.01;0.05;0.07;0.15;0.33;0.02;
081020;18:38:38;3.04;19.54;12.71;4.82;6.48;5.24;3.07;0.00;0.00;0.00;0.05;0.05;0.05;3.30;7.87;0.92;22.69;18.10;11.04;7.34;1.04;1.40;0.28;0.52;14.54;4.10;3.04;8.92;2.63;0.00;0.00;0.49;0.59;0.00;14.52;0.87;2.00;35.14;0.74;6.56;2.30;5.20;0.01;0.04;0.05;0.12;0.28;0.01;
081020;18:38:40;3.04;19.54;12.71;4.82;6.48;5.24;3.07;0.00;0.00;0.00;0.05;0.05;0.05;3.30;7.87;0.92;22.70;18.11;11.05;7.42;1.05;1.43;0.28;0.52;14.72;4.12;3.12;8.99;2.64;0.00;0.00;0.49;0.59;0.00;12.24;0.44;0.89;32.78;0.50;4.28;1.60;3.69;0.02;0.07;0.10;0.20;0.42;0.02;
081020;18:38:43;3.04;19.58;12.73;4.83;6.49;5.25;3.08;0.00;0.00;0.00;0.05;0.05;0.05;3.33;7.88;0.93;22.78;18.14;11.12;7.44;1.05;1.43;0.29;0.52;14.65;4.12;3.09;8.96;2.63;0.00;0.00;0.49;0.59;0.00;17.46;1.83;4.77;37.88;1.15;6.24;2.20;5.00;0.01;0.03;0.04;0.10;0.23;0.01;
081020;18:38:45;3.05;19.64;12.76;4.84;6.51;5.26;3.08;0.00;0.00;0.00;0.05;0.05;0.05;3.43;7.93;0.97;23.07;18.27;11.34;7.53;1.06;1.46;0.29;0.52;14.53;4.10;3.04;8.92;2.62;0.00;0.00;0.49;0.59;0.00;16.44;1.44;3.59;36.97;1.00;7.28;2.51;5.66;0.01;0.05;0.07;0.15;0.34;0.02;
081020;18:38:47;3.04;19.60;12.74;4.83;6.50;5.25;3.08;0.00;0.00;0.00;0.05;0.05;0.05;3.48;7.96;0.99;23.22;18.33;11.46;7.59;1.06;1.48;0.29;0.53;14.82;4.14;3.17;9.02;2.64;0.00;0.00;0.50;0.59;0.00;14.74;0.93;2.14;35.35;0.77;5.61;2.01;4.59;0.02;0.05;0.07;0.16;0.35;0.02;
081020;18:38:50;3.06;19.77;12.83;4.87;6.55;5.28;3.10;0.00;0.00;0.00;0.05;0.05;0.05;3.49;7.96;1.00;23.25;18.34;11.48;7.67;1.07;1.50;0.29;0.53;14.98;4.16;3.24;9.09;2.66;0.00;0.00;0.49;0.59;0.00;16.64;1.51;3.80;37.15;1.03;5.69;2.04;4.64;0.01;0.03;0.04;0.09;0.22;0.01;
081020;18:38:52;3.07;19.81;12.85;4.88;6.56;5.29;3.10;0.00;0.00;0.00;0.05;0.05;0.05;3.46;7.95;0.99;23.16;18.31;11.42;7.71;1.07;1.51;0.29;0.53;15.02;4.16;3.26;9.10;2.66;0.00;0.00;0.49;0.59;0.00;16.80;1.57;3.97;37.29;1.05;6.10;2.16;4.91;0.01;0.02;0.02;0.07;0.18;0.01;
081020;18:38:54;3.08;19.90;12.90;4.90;6.59;5.31;3.11;0.00;0.00;0.00;0.05;0.05;0.05;3.49;7.96;1.00;23.24;18.34;11.47;7.79;1.08;1.54;0.30;0.53;15.02;4.16;3.26;9.10;2.66;0.00;0.00;0.50;0.59;0.00;15.80;1.22;2.97;36.37;0.91;8.22;2.79;6.24;0.03;0.12;0.19;0.32;0.64;0.04;
081020;18:38:57;3.07;19.83;12.86;4.89;6.56;5.29;3.11;0.00;0.00;0.00;0.05;0.05;0.05;3.53;7.98;1.01;23.34;18.39;11.56;7.83;1.08;1.55;0.30;0.53;14.92;4.15;3.21;9.06;2.65;0.00;0.00;0.49;0.59;0.00;18.52;2.32;6.29;38.80;1.32;7.45;2.56;5.76;0.03;0.10;0.15;0.27;0.55;0.03;
081020;18:38:59;3.08;19.91;12.90;4.90;6.59;5.31;3.12;0.00;0.00;0.00;0.05;0.05;0.05;3.53;7.98;1.02;23.36;18.39;11.57;7.86;1.08;1.56;0.30;0.54;15.00;4.16;3.25;9.09;2.66;0.00;0.00;0.50;0.59;0.00;15.93;1.26;3.09;36.49;0.92;5.93;2.11;4.80;0.02;0.07;0.10;0.20;0.43;0.02;
081020;18:39:01;3.07;19.83;12.86;4.89;6.57;5.29;3.11;0.00;0.00;0.00;0.05;0.05;0.05;3.60;8.01;1.04;23.55;18.47;11.72;7.91;1.09;1.57;0.30;0.54;15.13;4.17;3.31;9.14;2.67;0.00;0.00;0.50;0.59;0.00;16.64;1.51;3.80;37.15;1.03;7.54;2.59;5.82;0.03;0.10;0.16;0.28;0.56;0.03;
081020;18:39:04;3.07;19.86;12.88;4.89;6.57;5.30;3.11;0.00;0.00;0.00;0.05;0.05;0.05;3.61;8.02;1.05;23.59;18.49;11.75;7.99;1.09;1.60;0.30;0.54;15.26;4.19;3.37;9.19;2.68;0.00;0.00;0.50;0.59;0.00;14.57;0.88;2.03;35.19;0.75;5.08;1.85;4.24;0.01;0.03;0.04;0.10;0.24;0.01;
081020;18:39:06;3.08;19.92;12.90;4.90;6.59;5.31;3.12;0.00;0.00;0.00;0.05;0.05;0.05;3.65;8.04;1.07;23.69;18.53;11.83;8.01;1.10;1.60;0.31;0.54;15.07;4.17;3.28;9.12;2.66;0.00;0.00;0.50;0.59;0.00;18.06;2.09;5.58;38.40;1.24;6.62;2.32;5.24;0.03;0.10;0.16;0.28;0.57;0.03;
081020;18:39:08;3.07;19.88;12.88;4.90;6.58;5.30;3.11;0.00;0.00;0.00;0.05;0.05;0.06;3.69;8.06;1.08;23.80;18.58;11.92;8.08;1.10;1.63;0.31;0.54;15.25;4.19;3.36;9.18;2.67;0.00;0.00;0.50;0.59;0.00;20.05;3.19;9.16;40.08;1.59;4.01;1.51;3.50;0.02;0.06;0.08;0.17;0.36;0.02;
081020;18:39:11;3.09;20.05;12.97;4.93;6.63;5.34;3.13;0.00;0.00;0.00;0.05;0.05;0.06;3.84;8.12;1.15;24.19;18.75;12.24;8.14;1.11;1.65;0.31;0.55;15.72;4.24;3.59;9.36;2.71;0.00;0.00;0.50;0.59;0.00;13.42;0.64;1.38;34.03;0.62;5.85;2.08;4.74;0.03;0.09;0.14;0.25;0.51;0.03;
081020;18:39:13;3.10;20.09;12.99;4.94;6.64;5.34;3.14;0.00;0.00;0.00;0.05;0.05;0.06;3.90;8.15;1.18;24.37;18.82;12.38;8.25;1.11;1.68;0.31;0.55;16.03;4.27;3.74;9.47;2.73;0.00;0.00;0.50;0.59;0.00;12.88;0.54;1.13;33.46;0.56;7.46;2.57;5.77;0.05;0.15;0.27;0.41;0.79;0.05;
081020;18:39:15;3.11;20.19;13.04;4.96;6.67;5.36;3.15;0.00;0.00;0.00;0.05;0.05;0.06;3.92;8.16;1.18;24.40;18.84;12.41;8.30;1.12;1.70;0.32;0.55;16.21;4.29;3.83;9.54;2.74;0.00;0.00;0.50;0.60;0.00;10.81;0.27;0.50;31.16;0.37;5.65;2.02;4.61;0.03;0.11;0.18;0.31;0.61;0.04;
081020;18:39:17;3.11;20.21;13.05;4.97;6.67;5.37;3.15;0.00;0.00;0.00;0.05;0.05;0.06;3.99;8.19;1.22;24.60;18.92;12.57;8.31;1.12;1.70;0.32;0.55;16.25;4.30;3.85;9.55;2.74;0.00;0.00;0.50;0.60;0.00;14.44;0.85;1.95;35.06;0.73;4.98;1.82;4.17;0.03;0.10;0.15;0.27;0.56;0.03;
081020;18:39:20;3.12;20.26;13.07;4.98;6.69;5.37;3.16;0.00;0.00;0.00;0.05;0.05;0.06;4.12;8.24;1.27;24.93;19.06;12.84;8.41;1.13;1.73;0.32;0.56;16.60;4.34;4.03;9.68;2.77;0.00;0.00;0.50;0.60;0.00;12.03;0.41;0.82;32.55;0.48;4.54;1.68;3.87;0.02;0.08;0.11;0.22;0.46;0.03;
081020;18:39:22;3.12;20.31;13.10;4.99;6.71;5.39;3.16;0.00;0.00;0.00;0.06;0.05;0.06;4.14;8.26;1.29;24.99;19.08;12.90;8.46;1.13;1.75;0.32;0.56;16.79;4.36;4.12;9.75;2.78;0.00;0.00;0.50;0.60;0.00;11.19;0.31;0.58;31.60;0.40;5.28;1.91;4.37;0.01;0.05;0.06;0.14;0.31;0.01;
081020;18:39:24;3.13;20.37;13.13;5.00;6.72;5.40;3.17;0.00;0.00;0.00;0.06;0.05;0.06;4.19;8.27;1.31;25.10;19.13;12.99;8.47;1.13;1.75;0.32;0.56;16.48;4.32;3.96;9.63;2.76;0.00;0.00;0.50;0.60;0.00;13.67;0.68;1.50;34.28;0.64;6.30;2.22;5.04;0.01;0.04;0.04;0.11;0.25;0.01;
081020;18:39:27;3.12;20.33;13.11;5.00;6.71;5.39;3.16;0.00;0.00;0.00;0.06;0.05;0.06;4.16;8.26;1.29;25.03;19.10;12.92;8.57;1.14;1.78;0.32;0.56;16.53;4.33;3.99;9.65;2.76;0.00;0.00;0.50;0.60;0.00;14.76;0.93;2.16;35.38;0.77;6.25;2.21;5.01;0.02;0.07;0.09;0.19;0.41;0.02;
081020;18:39:29;3.13;20.37;13.13;5.01;6.72;5.40;3.17;0.00;0.00;0.00;0.06;0.05;0.06;4.15;8.26;1.29;25.01;19.09;12.91;8.61;1.14;1.80;0.33;0.56;16.77;4.35;4.11;9.74;2.78;0.00;0.00;0.50;0.60;0.00;11.83;0.38;0.76;32.32;0.46;6.56;2.30;5.20;0.02;0.08;0.13;0.24;0.49;0.03;
081020;18:39:31;3.12;20.34;13.11;5.00;6.71;5.39;3.16;0.00;0.00;0.00;0.06;0.05;0.06;4.19;8.27;1.31;25.11;19.13;12.99;8.62;1.14;1.80;0.33;0.56;16.82;4.36;4.14;9.76;2.78;0.00;0.00;0.50;0.60;0.00;13.75;0.70;1.55;34.37;0.65;6.38;2.25;5.09;0.02;0.08;0.12;0.23;0.47;0.03;
081020;18:39:34;3.13;20.37;13.13;5.01;6.72;5.40;3.17;0.00;0.00;0.00;0.06;0.05;0.06;4.35;8.34;1.38;25.52;19.30;13.33;8.70;1.15;1.83;0.33;0.57;17.07;4.39;4.27;9.85;2.80;0.00;0.01;0.50;0.60;0.00;15.15;1.03;2.44;35.75;0.82;5.65;2.03;4.62;0.01;0.04;0.05;0.13;0.29;0.01;
081020;18:39:36;3.13;20.38;13.14;5.01;6.73;5.40;3.17;0.00;0.00;0.00;0.06;0.05;0.06;4.38;8.35;1.40;25.60;19.34;13.40;8.72;1.15;1.83;0.33;0.57;17.11;4.39;4.30;9.86;2.80;0.00;0.01;0.50;0.60;0.00;15.19;1.05;2.47;35.79;0.83;5.60;2.01;4.58;0.02;0.07;0.11;0.21;0.44;0.02;
081020;18:39:38;3.11;20.24;13.07;4.98;6.69;5.37;3.15;0.00;0.00;0.00;0.06;0.05;0.06;4.20;8.28;1.31;25.12;19.14;13.01;8.64;1.14;1.81;0.33;0.56;16.77;4.35;4.11;9.74;2.78;0.00;0.00;0.50;0.60;0.00;26.80;10.26;36.00;45.12;3.17;4.61;1.70;3.92;0.02;0.08;0.13;0.24;0.49;0.03;
081020;18:39:41;3.12;20.31;13.10;4.99;6.70;5.38;3.16;0.00;0.00;0.00;0.06;0.05;0.06;4.35;8.34;1.38;25.52;19.30;13.34;8.76;1.15;1.84;0.33;0.57;17.17;4.40;4.33;9.88;2.80;0.00;0.01;0.50;0.60;0.00;35.23;30.81;130.78;50.44;6.05;8.03;2.73;6.12;0.04;0.14;0.23;0.36;0.71;0.05;
081020;18:39:43;3.12;20.28;13.08;4.98;6.69;5.38;3.16;0.00;0.00;0.00;0.06;0.05;0.06;4.39;8.35;1.40;25.60;19.34;13.40;8.75;1.15;1.84;0.33;0.57;17.25;4.41;4.37;9.91;2.81;0.00;0.00;0.50;0.60;0.00;25.89;8.92;30.56;44.48;2.92;8.66;2.91;6.51;0.02;0.07;0.10;0.19;0.41;0.02;
081020;18:39:45;3.10;20.13;13.01;4.95;6.65;5.35;3.14;0.00;0.00;0.00;0.06;0.05;0.06;4.39;8.36;1.40;25.62;19.34;13.42;8.60;1.14;1.79;0.33;0.56;16.92;4.37;4.19;9.79;2.79;0.00;0.00;0.50;0.60;0.00;22.12;4.74;14.55;41.72;2.01;8.48;2.86;6.40;0.03;0.12;0.19;0.32;0.63;0.04;
081020;18:39:48;3.08;19.97;12.93;4.92;6.60;5.32;3.12;0.00;0.00;0.00;0.05;0.05;0.06;4.12;8.25;1.28;24.93;19.06;12.85;8.29;1.12;1.70;0.31;0.55;15.71;4.24;3.58;9.36;2.71;0.00;0.00;0.50;0.59;0.00;37.61;40.08;178.06;51.80;7.06;9.23;3.07;6.85;0.01;0.05;0.07;0.16;0.35;0.02;
081020;18:39:50;3.07;19.85;12.87;4.89;6.57;5.30;3.11;0.00;0.00;0.00;0.05;0.05;0.05;3.92;8.16;1.19;24.42;18.84;12.42;8.07;1.10;1.62;0.31;0.54;15.16;4.18;3.32;9.15;2.67;0.00;0.00;0.49;0.59;0.00;38.93;46.08;209.71;52.54;7.66;6.76;2.36;5.33;0.05;0.16;0.29;0.43;0.83;0.06;
081020;18:39:52;3.07;19.82;12.85;4.88;6.56;5.29;3.11;0.00;0.00;0.00;0.05;0.05;0.05;3.92;8.16;1.19;24.41;18.84;12.42;7.90;1.09;1.57;0.30;0.54;14.84;4.14;3.18;9.03;2.65;0.00;0.00;0.50;0.59;0.00;32.56;22.46;90.24;48.85;5.02;6.60;2.31;5.23;0.03;0.10;0.16;0.28;0.57;0.04;
081020;18:39:55;3.06;19.77;12.83;4.87;6.55;5.28;3.10;0.00;0.00;0.00;0.05;0.05;0.05;3.92;8.16;1.18;24.41;18.84;12.42;7.78;1.08;1.53;0.30;0.53;14.88;4.14;3.20;9.05;2.65;0.00;0.00;0.50;0.59;0.00;30.99;18.40;71.44;47.87;4.47;7.03;2.44;5.50;0.02;0.09;0.13;0.24;0.50;0.03;
081020;18:39:57;3.05;19.67;12.78;4.85;6.52;5.26;3.09;0.00;0.00;0.00;0.05;0.05;0.05;3.96;8.18;1.20;24.50;18.88;12.49;7.64;1.07;1.49;0.29;0.53;15.00;4.16;3.25;9.09;2.66;0.00;0.00;0.50;0.59;0.00;34.72;29.06;122.11;50.14;5.84;8.96;3.00;6.69;0.02;0.08;0.11;0.22;0.45;0.03;
081020;18:39:59;3.04;19.57;12.72;4.83;6.49;5.24;3.08;0.00;0.00;0.00;0.05;0.05;0.05;4.04;8.21;1.24;24.71;18.97;12.67;7.59;1.06;1.48;0.29;0.53;15.12;4.17;3.31;9.14;2.67;0.00;0.00;0.50;0.59;0.00;41.99;62.44;299.50;54.18;9.16;8.58;2.89;6.46;0.02;0.06;0.08;0.17;0.37;0.02;
081020;18:40:01;3.05;19.63;12.76;4.84;6.51;5.26;3.08;0.00;0.00;0.00;0.05;0.05;0.05;4.05;8.22;1.24;24.76;18.99;12.70;7.49;1.06;1.45;0.29;0.52;15.36;4.20;3.42;9.23;2.68;0.00;0.00;0.50;0.60;0.00;16.43;1.43;3.58;36.96;1.00;7.04;2.44;5.51;0.02;0.06;0.08;0.17;0.36;0.02;
081020;18:40:04;3.05;19.65;12.76;4.84;6.51;5.26;3.09;0.00;0.00;0.00;0.05;0.05;0.05;4.17;8.27;1.30;25.05;19.11;12.95;7.45;1.05;1.43;0.29;0.52;15.85;4.25;3.65;9.41;2.72;0.00;0.00;0.50;0.60;0.00;13.12;0.58;1.24;33.72;0.58;5.95;2.12;4.81;0.02;0.08;0.13;0.24;0.49;0.03;
081020;18:40:06;3.05;19.65;12.77;4.85;6.51;5.26;3.09;0.00;0.00;0.00;0.05;0.05;0.05;4.35;8.34;1.38;25.51;19.30;13.32;7.42;1.05;1.43;0.28;0.52;16.52;4.33;3.98;9.65;2.76;0.00;0.01;0.50;0.60;0.00;11.54;0.35;0.68;32.00;0.43;6.23;2.20;4.99;0.03;0.10;0.15;0.27;0.55;0.03;
081020;18:40:08;3.05;19.65;12.77;4.85;6.51;5.26;3.09;0.00;0.00;0.00;0.05;0.05;0.05;4.38;8.35;1.40;25.60;19.34;13.40;7.33;1.04;1.40;0.28;0.52;16.77;4.35;4.11;9.74;2.78;0.00;0.01;0.50;0.60;0.00;19.97;3.14;8.98;40.02;1.58;5.49;1.98;4.51;0.02;0.07;0.10;0.21;0.43;0.02;
081020;18:40:11;3.05;19.69;12.79;4.86;6.52;5.27;3.09;0.00;0.00;0.00;0.05;0.05;0.05;4.31;8.33;1.36;25.42;19.26;13.25;7.18;1.03;1.35;0.28;0.51;16.47;4.32;3.96;9.63;2.76;0.00;0.01;0.50;0.60;0.00;11.66;0.36;0.71;32.13;0.44;4.66;1.72;3.95;0.19;0.59;1.41;1.37;2.26;0.23;
081020;18:40:13;3.04;19.57;12.73;4.83;6.49;5.24;3.08;0.00;0.00;0.00;0.05;0.05;0.05;4.18;8.27;1.30;25.09;19.12;12.98;7.06;1.02;1.32;0.27;0.51;16.30;4.30;3.87;9.57;2.75;0.00;0.01;0.50;0.60;0.00;21.23;4.02;12.00;41.03;1.83;5.78;2.07;4.70;0.05;0.15;0.27;0.41;0.79;0.05;
081020;18:40:15;3.04;19.59;12.73;4.83;6.49;5.25;3.08;0.00;0.00;0.00;0.05;0.05;0.05;4.27;8.31;1.35;25.32;19.22;13.16;7.04;1.02;1.31;0.27;0.50;16.38;4.31;3.91;9.60;2.75;0.00;0.01;0.50;0.60;0.00;16.91;1.61;4.10;37.39;1.07;5.93;2.11;4.80;0.10;0.31;0.65;0.78;1.38;0.12;
081020;18:40:18;3.06;19.77;12.83;4.87;6.55;5.28;3.10;0.00;0.00;0.00;0.05;0.05;0.05;4.53;8.41;1.47;25.96;19.48;13.70;7.06;1.02;1.32;0.27;0.51;16.97;4.38;4.22;9.81;2.79;0.00;0.01;0.50;0.60;0.00;18.23;2.18;5.85;38.56;1.27;6.97;2.42;5.47;0.05;0.16;0.27;0.41;0.80;0.06;
081020;18:40:20;3.06;19.72;12.80;4.86;6.53;5.27;3.09;0.00;0.00;0.00;0.05;0.05;0.05;4.54;8.42;1.47;25.99;19.50;13.73;7.02;1.02;1.31;0.27;0.50;17.22;4.40;4.35;9.90;2.81;0.00;0.01;0.50;0.60;0.00;22.39;4.98;15.42;41.93;2.07;7.92;2.70;6.05;0.03;0.11;0.17;0.30;0.60;0.04;
081020;18:40:22;3.04;19.58;12.73;4.83;6.49;5.25;3.08;0.00;0.00;0.00;0.05;0.05;0.05;4.59;8.43;1.50;26.09;19.54;13.82;6.95;1.01;1.29;0.27;0.50;17.14;4.39;4.31;9.87;2.80;0.00;0.01;0.51;0.60;0.00;49.66;122.67;661.36;58.02;13.63;6.27;2.21;5.02;0.01;0.03;0.04;0.10;0.24;0.01;
081020;18:40:25;3.03;19.46;12.67;4.80;6.45;5.22;3.06;0.00;0.00;0.00;0.05;0.05;0.05;4.39;8.36;1.40;25.61;19.34;13.41;6.79;1.00;1.24;0.26;0.49;16.54;4.33;4.00;9.66;2.76;0.00;0.01;0.50;0.60;0.00;59.80;259.05;1589.57;62.59;21.16;6.31;2.22;5.04;0.02;0.07;0.10;0.20;0.42;0.02;
081020;18:40:27;3.02;19.35;12.61;4.78;6.42;5.20;3.05;0.00;0.00;0.00;0.04;0.05;0.05;4.12;8.25;1.28;24.93;19.06;12.85;6.60;0.98;1.19;0.26;0.49;15.53;4.22;3.50;9.29;2.69;0.00;0.01;0.50;0.60;0.00;34.84;29.47;124.14;50.21;5.89;4.49;1.66;3.83;0.02;0.08;0.11;0.22;0.45;0.03;
081020;18:40:29;3.01;19.28;12.58;4.76;6.40;5.19;3.04;0.00;0.00;0.00;0.04;0.04;0.05;4.03;8.21;1.24;24.70;18.96;12.66;6.55;0.98;1.17;0.25;0.49;15.34;4.20;3.41;9.22;2.68;0.00;0.01;0.50;0.60;0.00;18.16;2.14;5.73;38.49;1.26;7.12;2.46;5.56;0.13;0.42;0.92;1.00;1.72;0.16;
081020;18:40:32;3.01;19.27;12.57;4.76;6.40;5.19;3.04;0.00;0.00;0.00;0.04;0.04;0.05;4.05;8.22;1.24;24.75;18.99;12.70;6.52;0.98;1.17;0.25;0.48;15.51;4.22;3.49;9.28;2.69;0.00;0.01;0.50;0.60;0.00;25.05;7.81;26.16;43.89;2.70;6.96;2.42;5.46;0.21;0.63;1.55;1.46;2.39;0.25;
081020;18:40:34;3.01;19.27;12.57;4.76;6.40;5.19;3.04;0.00;0.00;0.00;0.04;0.04;0.05;3.95;8.17;1.20;24.48;18.87;12.47;6.36;0.96;1.12;0.25;0.48;14.91;4.15;3.21;9.06;2.65;0.00;0.00;0.50;0.60;0.00;19.36;2.78;7.77;39.52;1.47;7.94;2.71;6.07;0.12;0.38;0.83;0.93;1.61;0.15;
081020;18:40:36;3.00;19.22;12.55;4.75;6.38;5.18;3.04;0.00;0.00;0.00;0.04;0.04;0.05;3.92;8.16;1.19;24.42;18.85;12.43;6.31;0.96;1.11;0.25;0.48;14.79;4.13;3.15;9.01;2.64;0.00;0.00;0.50;0.60;0.00;16.36;1.41;3.50;36.89;0.98;5.12;1.86;4.26;0.05;0.17;0.30;0.45;0.85;0.06;
081020;18:40:38;2.98;19.04;12.46;4.71;6.33;5.14;3.02;0.00;0.00;0.00;0.04;0.04;0.05;3.88;8.14;1.17;24.32;18.80;12.34;6.26;0.96;1.09;0.24;0.47;14.56;4.11;3.05;8.93;2.63;0.00;0.00;0.50;0.59;0.00;19.45;2.83;7.94;39.59;1.48;6.03;2.14;4.86;0.01;0.05;0.06;0.13;0.30;0.01;
081020;18:40:41;2.99;19.09;12.48;4.72;6.35;5.15;3.02;0.00;0.00;0.00;0.04;0.04;0.05;3.95;8.17;1.20;24.49;18.87;12.48;6.25;0.95;1.09;0.24;0.47;14.93;4.15;3.22;9.07;2.65;0.00;0.01;0.50;0.60;0.00;29.26;14.61;54.52;46.76;3.90;6.53;2.29;5.18;0.01;0.04;0.06;0.13;0.30;0.01;
081020;18:40:43;2.99;19.10;12.49;4.72;6.35;5.15;3.02;0.00;0.00;0.00;0.04;0.04;0.05;3.93;8.16;1.19;24.43;18.85;12.43;6.19;0.95;1.08;0.24;0.47;15.11;4.17;3.30;9.13;2.66;0.00;0.01;0.50;0.60;0.00;53.95;171.17;977.60;60.01;16.58;8.44;2.85;6.37;0.01;0.05;0.06;0.14;0.32;0.02;
081020;18:40:45;2.99;19.15;12.51;4.73;6.36;5.16;3.03;0.00;0.00;0.00;0.04;0.04;0.05;4.10;8.24;1.27;24.89;19.04;12.81;6.18;0.95;1.07;0.24;0.47;15.58;4.22;3.52;9.31;2.70;0.00;0.01;0.50;0.60;0.00;26.20;9.36;32.32;44.70;3.00;7.32;2.53;5.69;0.02;0.08;0.12;0.22;0.47;0.03;
081020;18:40:48;3.00;19.20;12.54;4.75;6.38;5.17;3.03;0.00;0.00;0.00;0.04;0.04;0.05;4.14;8.25;1.29;24.98;19.08;12.89;6.18;0.95;1.07;0.24;0.47;15.89;4.26;3.67;9.42;2.72;0.00;0.01;0.50;0.60;0.00;35.26;30.92;131.33;50.46;6.06;7.98;2.72;6.09;0.02;0.09;0.13;0.24;0.50;0.03;
081020;18:40:50;3.00;19.25;12.56;4.76;6.39;5.18;3.04;0.00;0.00;0.00;0.04;0.04;0.05;4.34;8.34;1.38;25.49;19.29;13.31;6.20;0.95;1.08;0.24;0.47;16.52;4.33;3.99;9.65;2.76;0.00;0.01;0.50;0.60;0.00;45.98;90.02;460.00;56.23;11.36;5.76;2.06;4.69;0.00;0.02;0.02;0.05;0.13;0.00;
081020;18:40:52;3.00;19.22;12.55;4.75;6.38;5.18;3.04;0.00;0.00;0.00;0.04;0.04;0.05;4.38;8.35;1.40;25.59;19.33;13.40;6.20;0.95;1.08;0.24;0.47;16.89;4.37;4.18;9.78;2.78;0.00;0.01;0.51;0.60;0.00;22.96;5.51;17.35;42.36;2.20;8.01;2.72;6.11;0.06;0.21;0.40;0.55;1.02;0.08;
081020;18:40:55;3.00;19.26;12.57;4.76;6.39;5.18;3.04;0.00;0.00;0.00;0.04;0.04;0.05;4.43;8.37;1.42;25.71;19.38;13.50;6.18;0.95;1.07;0.24;0.47;17.32;4.41;4.40;9.93;2.81;0.00;0.01;0.51;0.60;0.00;25.48;8.38;28.38;44.20;2.81;6.44;2.26;5.12;0.04;0.14;0.24;0.38;0.73;0.05;
081020;18:40:57;3.00;19.18;12.53;4.74;6.37;5.17;3.03;0.00;0.00;0.00;0.04;0.04;0.05;4.36;8.34;1.39;25.54;19.31;13.35;6.07;0.94;1.04;0.24;0.47;16.81;4.36;4.13;9.75;2.78;0.00;0.01;0.51;0.60;0.00;20.68;3.61;10.58;40.59;1.71;5.31;1.92;4.39;0.10;0.32;0.67;0.80;1.41;0.12;
081020;18:40:59;2.99;19.16;12.52;4.74;6.37;5.17;3.03;0.00;0.00;0.00;0.04;0.04;0.05;4.39;8.36;1.40;25.60;19.34;13.41;6.06;0.94;1.04;0.24;0.47;17.18;4.40;4.33;9.89;2.80;0.00;0.01;0.51;0.60;0.00;18.29;2.21;5.93;38.61;1.28;6.59;2.31;5.23;0.97;2.70;9.43;5.41;7.47;1.22;
081020;18:41:02;3.00;19.25;12.56;4.76;6.39;5.18;3.04;0.00;0.00;0.00;0.04;0.04;0.05;4.39;8.36;1.40;25.62;19.34;13.42;6.05;0.94;1.04;0.24;0.46;17.38;4.42;4.44;9.96;2.82;0.00;0.01;0.51;0.60;0.00;23.05;5.59;17.67;42.42;2.22;6.18;2.19;4.96;0.26;0.80;2.06;1.80;2.86;0.32;
081020;18:41:04;3.00;19.18;12.52;4.74;6.37;5.17;3.03;0.00;0.00;0.00;0.04;0.04;0.05;4.39;8.36;1.40;25.62;19.34;13.42;5.99;0.93;1.02;0.23;0.46;17.29;4.41;4.39;9.93;2.81;0.00;0.01;0.51;0.60;0.00;22.81;5.37;16.84;42.25;2.16;5.22;1.89;4.33;0.15;0.48;1.10;1.14;1.93;0.19;
081020;18:41:06;2.96;18.82;12.34;4.66;6.27;5.10;2.99;0.00;0.00;0.00;0.04;0.04;0.05;4.05;8.21;1.24;24.74;18.98;12.69;5.84;0.92;0.98;0.23;0.46;16.23;4.30;3.84;9.55;2.74;0.00;0.01;0.50;0.60;0.00;32.87;23.32;94.35;49.03;5.13;5.49;1.98;4.51;0.03;0.11;0.17;0.30;0.60;0.04;
081020;18:41:09;2.95;18.75;12.31;4.65;6.25;5.09;2.98;0.00;0.00;0.00;0.04;0.04;0.04;3.94;8.17;1.20;24.48;18.87;12.47;5.75;0.91;0.96;0.23;0.45;15.58;4.22;3.52;9.31;2.70;0.00;0.01;0.50;0.60;0.00;29.36;14.80;55.35;46.83;3.93;10.22;3.35;7.44;0.08;0.25;0.49;0.63;1.15;0.09;
081020;18:41:11;2.96;18.87;12.36;4.67;6.28;5.11;3.00;0.00;0.00;0.00;0.04;0.04;0.04;4.11;8.24;1.27;24.90;19.05;12.82;5.77;0.91;0.97;0.23;0.45;15.90;4.26;3.67;9.42;2.72;0.00;0.01;0.50;0.60;0.00;12.78;0.52;1.09;33.36;0.55;9.27;3.08;6.87;0.68;1.94;6.23;4.01;5.75;0.85;
081020;18:41:13;2.97;18.97;12.42;4.69;6.31;5.13;3.01;0.00;0.00;0.00;0.04;0.04;0.05;4.33;8.33;1.38;25.47;19.28;13.30;5.88;0.92;0.99;0.23;0.46;16.99;4.38;4.23;9.82;2.79;0.00;0.01;0.51;0.60;0.00;13.78;0.71;1.56;34.40;0.66;7.04;2.44;5.51;0.15;0.47;1.08;1.12;1.90;0.18;
081020;18:41:15;2.97;18.95;12.41;4.69;6.30;5.13;3.01;0.00;0.00;0.00;0.04;0.04;0.05;4.22;8.29;1.32;25.20;19.17;13.07;5.85;0.92;0.99;0.23;0.46;16.86;4.36;4.16;9.77;2.78;0.00;0.01;0.51;0.60;0.00;18.94;2.54;6.99;39.16;1.39;5.76;2.06;4.68;0.10;0.33;0.68;0.81;1.43;0.12;
081020;18:41:18;2.96;18.82;12.34;4.66;6.27;5.10;2.99;0.00;0.00;0.00;0.04;0.04;0.04;3.98;8.19;1.21;24.57;18.91;12.54;5.76;0.91;0.96;0.23;0.45;15.92;4.26;3.69;9.43;2.72;0.00;0.01;0.50;0.60;0.00;36.22;34.46;149.13;51.01;6.46;8.33;2.82;6.31;0.02;0.07;0.09;0.19;0.41;0.02;
081020;18:41:20;2.95;18.79;12.33;4.65;6.26;5.10;2.99;0.00;0.00;0.00;0.04;0.04;0.04;3.93;8.16;1.19;24.44;18.85;12.44;5.67;0.90;0.94;0.22;0.45;15.52;4.22;3.49;9.29;2.69;0.00;0.01;0.50;0.60;0.00;28.30;12.77;46.55;46.13;3.60;6.09;2.16;4.90;0.02;0.07;0.10;0.20;0.43;0.02;
081020;18:41:22;2.94;18.71;12.28;4.63;6.23;5.08;2.98;0.00;0.00;0.00;0.04;0.04;0.04;3.75;8.08;1.11;23.95;18.64;12.04;5.55;0.89;0.91;0.22;0.44;14.91;4.15;3.21;9.06;2.65;0.00;0.00;0.50;0.60;0.00;22.04;4.68;14.32;41.66;2.00;6.35;2.24;5.07;0.09;0.28;0.57;0.71;1.28;0.11;
081020;18:41:25;2.93;18.60;12.23;4.61;6.20;5.06;2.97;0.00;0.00;0.00;0.04;0.04;0.04;3.68;8.05;1.08;23.76;18.56;11.89;5.53;0.89;0.90;0.22;0.44;14.28;4.07;2.93;8.82;2.61;0.00;0.00;0.50;0.60;0.00;23.20;5.75;18.24;42.54;2.25;5.81;2.07;4.72;0.04;0.13;0.23;0.36;0.71;0.05;
081020;18:41:27;2.94;18.71;12.28;4.64;6.23;5.08;2.98;0.00;0.00;0.00;0.04;0.04;0.04;3.63;8.03;1.06;23.63;18.51;11.78;5.52;0.89;0.90;0.22;0.44;14.56;4.11;3.05;8.93;2.63;0.00;0.00;0.50;0.60;0.00;14.24;0.81;1.82;34.86;0.71;5.50;1.98;4.52;0.14;0.44;0.99;1.06;1.80;0.17;
081020;18:41:29;2.95;18.73;12.29;4.64;6.24;5.08;2.98;0.00;0.00;0.00;0.04;0.04;0.04;3.76;8.09;1.11;23.97;18.65;12.06;5.52;0.89;0.90;0.22;0.44;14.83;4.14;3.17;9.03;2.64;0.00;0.00;0.50;0.60;0.00;22.29;4.89;15.11;41.85;2.05;5.29;1.91;4.38;0.03;0.10;0.16;0.28;0.56;0.03;
081020;18:41:32;2.94;18.69;12.27;4.63;6.23;5.08;2.98;0.00;0.00;0.00;0.04;0.04;0.04;3.78;8.10;1.12;24.04;18.68;12.12;5.52;0.89;0.90;0.22;0.44;15.09;4.17;3.29;9.13;2.66;0.00;0.01;0.50;0.60;0.00;22.18;4.79;14.75;41.77;2.02;5.90;2.10;4.78;0.05;0.16;0.28;0.42;0.81;0.06;
081020;18:41:34;2.95;18.77;12.31;4.65;6.25;5.09;2.98;0.00;0.00;0.00;0.04;0.04;0.04;4.04;8.21;1.24;24.71;18.97;12.67;5.57;0.90;0.91;0.22;0.44;15.90;4.26;3.68;9.43;2.72;0.00;0.01;0.50;0.60;0.00;27.75;11.80;42.41;45.76;3.44;7.02;2.43;5.49;0.05;0.17;0.31;0.45;0.86;0.06;
081020;18:41:36;2.92;18.53;12.19;4.60;6.18;5.04;2.96;0.00;0.00;0.00;0.04;0.04;0.04;3.77;8.09;1.12;24.00;18.67;12.08;5.47;0.89;0.89;0.22;0.44;14.88;4.14;3.19;9.05;2.65;0.00;0.00;0.50;0.60;0.00;40.33;53.08;247.56;53.30;8.33;7.69;2.63;5.91;0.01;0.05;0.06;0.14;0.31;0.01;
081020;18:41:39;2.93;18.61;12.23;4.61;6.20;5.06;2.97;0.00;0.00;0.00;0.04;0.04;0.04;3.82;8.11;1.14;24.14;18.73;12.20;5.48;0.89;0.89;0.22;0.44;15.42;4.21;3.44;9.25;2.69;0.00;0.01;0.50;0.60;0.00;42.51;65.66;317.68;54.46;9.44;7.77;2.66;5.97;0.01;0.05;0.06;0.14;0.30;0.01;
081020;18:41:41;2.92;18.50;12.18;4.59;6.17;5.04;2.95;0.00;0.00;0.00;0.04;0.04;0.04;3.76;8.09;1.11;23.98;18.66;12.07;5.42;0.88;0.87;0.21;0.44;15.32;4.19;3.40;9.21;2.68;0.00;0.01;0.50;0.60;0.00;19.63;2.93;8.28;39.73;1.52;4.67;1.72;3.95;0.06;0.19;0.34;0.49;0.92;0.07;
081020;18:41:43;2.92;18.48;12.17;4.58;6.17;5.03;2.95;0.00;0.00;0.00;0.04;0.04;0.04;3.71;8.07;1.09;23.86;18.61;11.97;5.34;0.87;0.86;0.21;0.43;14.98;4.15;3.24;9.08;2.66;0.00;0.01;0.50;0.60;0.00;22.53;5.11;15.88;42.03;2.10;6.98;2.42;5.47;0.11;0.36;0.76;0.87;1.52;0.14;
081020;18:41:46;2.94;18.68;12.27;4.63;6.23;5.07;2.97;0.00;0.00;0.00;0.04;0.04;0.04;4.02;8.20;1.23;24.68;18.95;12.64;5.45;0.88;0.88;0.22;0.44;15.88;4.26;3.67;9.42;2.72;0.00;0.01;0.50;0.60;0.00;19.02;2.58;7.14;39.23;1.41;8.55;2.88;6.44;0.07;0.22;0.41;0.55;1.03;0.08;
081020;18:41:48;2.94;18.73;12.29;4.64;6.24;5.08;2.98;0.00;0.00;0.00;0.04;0.04;0.04;4.05;8.22;1.24;24.75;18.98;12.69;5.44;0.88;0.88;0.22;0.44;16.18;4.29;3.81;9.53;2.74;0.00;0.01;0.50;0.60;0.00;21.09;3.91;11.63;40.92;1.80;9.24;3.08;6.86;0.02;0.09;0.13;0.24;0.51;0.03;
081020;18:41:50;2.96;18.90;12.38;4.68;6.29;5.12;3.00;0.00;0.00;0.00;0.04;0.04;0.04;4.36;8.35;1.39;25.54;19.31;13.35;5.57;0.90;0.91;0.22;0.44;17.77;4.46;4.65;10.09;2.84;0.00;0.01;0.51;0.60;0.00;30.97;18.36;71.23;47.86;4.46;9.43;3.13;6.97;0.02;0.06;0.09;0.18;0.39;0.02;
081020;18:41:52;2.95;18.77;12.31;4.65;6.25;5.09;2.98;0.00;0.00;0.00;0.04;0.04;0.04;4.23;8.29;1.33;25.21;19.18;13.08;5.48;0.89;0.89;0.22;0.44;17.13;4.39;4.31;9.87;2.80;0.00;0.01;0.51;0.60;0.00;24.28;6.89;22.58;43.33;2.51;7.50;2.58;5.79;0.04;0.14;0.23;0.37;0.72;0.05;
081020;18:41:55;2.91;18.41;12.13;4.57;6.14;5.02;2.94;0.00;0.00;0.00;0.04;0.04;0.04;3.70;8.06;1.09;23.82;18.59;11.94;5.21;0.86;0.82;0.21;0.43;15.20;4.18;3.34;9.17;2.67;0.00;0.01;0.50;0.60;0.00;21.12;3.94;11.71;40.94;1.80;8.05;2.74;6.13;0.06;0.21;0.40;0.54;1.01;0.08;
081020;18:41:57;2.89;18.26;12.05;4.53;6.10;4.99;2.93;0.00;0.00;0.00;0.04;0.04;0.04;3.50;7.97;1.00;23.27;18.36;11.50;5.13;0.85;0.80;0.20;0.42;14.23;4.07;2.91;8.80;2.60;0.00;0.00;0.50;0.59;0.00;27.03;10.62;37.50;45.28;3.23;8.90;2.98;6.65;0.02;0.07;0.11;0.21;0.44;0.02;
081020;18:41:59;2.89;18.23;12.03;4.53;6.09;4.99;2.92;0.00;0.00;0.00;0.04;0.04;0.04;3.47;7.95;0.99;23.17;18.31;11.42;5.05;0.85;0.78;0.20;0.42;13.95;4.03;2.79;8.69;2.58;0.00;0.00;0.50;0.59;0.00;29.51;15.12;56.75;46.93;3.98;8.15;2.77;6.20;0.03;0.12;0.19;0.32;0.64;0.04;
081020;18:42:02;2.89;18.22;12.03;4.53;6.09;4.98;2.92;0.00;0.00;0.00;0.04;0.04;0.04;3.43;7.93;0.97;23.06;18.26;11.33;5.05;0.85;0.78;0.20;0.42;13.89;4.03;2.76;8.67;2.58;0.00;0.00;0.50;0.59;0.00;18.64;2.38;6.49;38.91;1.34;7.21;2.49;5.61;0.09;0.29;0.60;0.73;1.31;0.11;
081020;18:42:04;2.89;18.22;12.03;4.53;6.09;4.98;2.92;0.00;0.00;0.00;0.04;0.04;0.04;3.45;7.94;0.98;23.13;18.29;11.39;5.03;0.85;0.78;0.20;0.42;14.08;4.05;2.84;8.74;2.59;0.00;0.00;0.50;0.59;0.00;20.81;3.71;10.91;40.69;1.74;5.90;2.10;4.77;0.03;0.11;0.17;0.29;0.59;0.04;
081020;18:42:06;2.89;18.26;12.05;4.54;6.10;4.99;2.93;0.00;0.00;0.00;0.04;0.04;0.04;3.49;7.96;1.00;23.23;18.34;11.47;5.07;0.85;0.79;0.20;0.42;14.32;4.08;2.94;8.83;2.61;0.00;0.00;0.50;0.59;0.00;22.29;4.89;15.10;41.85;2.05;6.87;2.39;5.40;0.02;0.08;0.12;0.23;0.49;0.03;
081020;18:42:09;2.89;18.23;12.04;4.53;6.09;4.99;2.92;0.00;0.00;0.00;0.04;0.04;0.04;3.49;7.96;1.00;23.25;18.35;11.48;5.04;0.85;0.78;0.20;0.42;14.26;4.07;2.92;8.81;2.60;0.00;0.00;0.50;0.59;0.00;26.77;10.22;35.83;45.10;3.16;6.80;2.37;5.35;0.04;0.12;0.21;0.34;0.67;0.04;
081020;18:42:11;2.88;18.18;12.01;4.52;6.08;4.98;2.92;0.00;0.00;0.00;0.04;0.04;0.04;3.46;7.95;0.99;23.16;18.31;11.42;5.02;0.84;0.78;0.20;0.42;14.25;4.07;2.92;8.81;2.60;0.00;0.00;0.50;0.59;0.00;24.80;7.52;24.99;43.72;2.64;5.68;2.03;4.63;0.07;0.23;0.44;0.59;1.08;0.08;
081020;18:42:13;2.85;17.85;11.84;4.44;5.98;4.91;2.88;0.00;0.00;0.00;0.04;0.04;0.04;3.36;7.90;0.94;22.88;18.19;11.19;4.95;0.84;0.76;0.20;0.42;14.25;4.07;2.92;8.81;2.60;0.00;0.00;0.50;0.59;0.00;19.15;2.66;7.38;39.34;1.43;5.92;2.11;4.79;0.03;0.10;0.15;0.27;0.54;0.03;
081020;18:42:16;2.82;17.67;11.74;4.40;5.92;4.88;2.86;0.00;0.00;0.00;0.04;0.04;0.04;3.44;7.94;0.98;23.09;18.28;11.36;4.94;0.84;0.76;0.20;0.42;14.87;4.14;3.19;9.04;2.65;0.00;0.00;0.50;0.59;0.00;29.02;14.13;52.43;46.61;3.82;8.06;2.74;6.14;0.02;0.08;0.12;0.23;0.48;0.03;
081020;18:42:18;2.85;17.87;11.85;4.45;5.98;4.91;2.88;0.00;0.00;0.00;0.04;0.04;0.04;3.65;8.04;1.06;23.68;18.53;11.82;5.01;0.84;0.77;0.20;0.42;15.53;4.22;3.50;9.29;2.69;0.00;0.00;0.50;0.60;0.00;46.13;91.17;466.92;56.30;11.45;7.01;2.43;5.49;0.02;0.06;0.09;0.18;0.39;0.02;
081020;18:42:20;2.85;17.91;11.87;4.46;5.99;4.92;2.88;0.00;0.00;0.00;0.04;0.04;0.04;3.62;8.03;1.05;23.61;18.50;11.77;4.98;0.84;0.77;0.20;0.42;15.66;4.23;3.56;9.34;2.70;0.00;0.00;0.50;0.60;0.00;28.07;12.36;44.78;45.98;3.53;6.62;2.32;5.24;0.04;0.12;0.21;0.34;0.67;0.04;
081020;18:42:23;2.86;17.96;11.89;4.47;6.01;4.93;2.89;0.00;0.00;0.00;0.04;0.04;0.04;3.72;8.07;1.10;23.88;18.61;11.98;5.00;0.84;0.77;0.20;0.42;16.25;4.30;3.85;9.55;2.74;0.00;0.00;0.50;0.60;0.00;24.68;7.37;24.42;43.63;2.61;7.44;2.56;5.76;0.03;0.10;0.17;0.29;0.58;0.04;
081020;18:42:25;2.83;17.73;11.78;4.42;5.94;4.89;2.86;0.00;0.00;0.00;0.04;0.04;0.04;4.02;8.20;1.23;24.68;18.95;12.64;5.07;0.85;0.79;0.20;0.42;18.40;4.52;5.01;10.32;2.88;0.00;0.01;0.50;0.60;0.00;16.46;1.45;3.61;36.99;1.00;7.04;2.44;5.51;0.03;0.09;0.14;0.26;0.53;0.03;
081020;18:42:27;2.84;17.84;11.83;4.44;5.97;4.91;2.88;0.00;0.00;0.00;0.04;0.04;0.04;4.09;8.23;1.26;24.85;19.02;12.77;5.07;0.85;0.79;0.20;0.42;18.49;4.53;5.06;10.34;2.88;0.00;0.01;0.50;0.60;0.00;15.09;1.02;2.39;35.69;0.81;6.66;2.33;5.27;0.04;0.14;0.24;0.37;0.73;0.05;
081020;18:42:29;2.84;17.82;11.82;4.44;5.97;4.91;2.87;0.00;0.00;0.00;0.04;0.04;0.04;3.95;8.17;1.20;24.50;18.88;12.49;4.98;0.84;0.77;0.20;0.42;17.50;4.43;4.50;10.00;2.82;0.00;0.01;0.50;0.60;0.00;24.71;7.40;24.55;43.65;2.61;8.02;2.73;6.12;0.02;0.08;0.13;0.24;0.49;0.03;
081020;18:42:32;2.80;17.43;11.62;4.35;5.85;4.83;2.83;0.00;0.00;0.00;0.04;0.04;0.04;3.33;7.88;0.93;22.78;18.14;11.11;4.72;0.82;0.71;0.19;0.41;15.05;4.16;3.27;9.11;2.66;0.00;0.00;0.49;0.59;0.00;22.17;4.79;14.72;41.76;2.02;5.48;1.97;4.50;0.07;0.24;0.47;0.61;1.12;0.09;
081020;18:42:34;2.80;17.43;11.62;4.35;5.85;4.83;2.83;0.00;0.00;0.00;0.04;0.04;0.04;3.25;7.84;0.90;22.54;18.04;10.92;4.69;0.81;0.70;0.19;0.40;14.72;4.12;3.12;8.99;2.64;0.00;0.00;0.49;0.59;0.00;24.22;6.83;22.34;43.29;2.49;5.70;2.04;4.65;0.04;0.15;0.26;0.40;0.78;0.05;
081020;18:42:36;2.81;17.51;11.66;4.37;5.87;4.84;2.84;0.00;0.00;0.00;0.04;0.04;0.04;3.32;7.88;0.93;22.75;18.13;11.09;4.70;0.81;0.70;0.19;0.41;14.65;4.12;3.09;8.96;2.63;0.00;0.00;0.49;0.59;0.00;28.59;13.31;48.86;46.32;3.69;7.74;2.65;5.94;0.02;0.07;0.11;0.21;0.44;0.02;
