081020;17:57:34;4.58;34.68;19.94;8.08;10.79;7.89;4.67;0.00;0.00;0.00;0.08;0.07;0.08;60.90;14.55;69.46;78.12;35.56;80.28;12.91;1.43;3.37;0.47;0.70;53.97;7.07;48.74;20.04;4.40;0.02;0.05;0.70;0.81;0.01;104.22;2418.91;21849.30;78.50;78.74;22.04;6.45;13.81;0.84;2.36;7.94;4.78;6.71;1.05;
081020;17:57:35;3.10;20.13;13.01;4.95;6.65;5.35;3.14;0.00;0.00;0.00;0.04;0.04;0.04;5.32;8.70;1.86;27.79;20.22;15.29;5.55;0.89;0.91;0.22;0.44;18.05;4.49;4.81;10.19;2.86;0.00;0.01;0.53;0.63;0.00;94.93;1661.81;14066.27;75.57;63.14;13.70;4.30;9.41;3.67;9.36;44.17;16.61;19.80;4.66;
081020;17:57:37;2.89;18.25;12.05;4.53;6.10;4.99;2.92;0.00;0.00;0.00;0.04;0.04;0.04;3.43;7.93;0.97;23.07;18.27;11.34;4.71;0.82;0.70;0.19;0.41;14.92;4.15;3.22;9.06;2.65;0.00;0.01;0.51;0.60;0.00;106.90;2679.25;24632.75;79.32;83.62;13.08;4.14;9.07;1.77;4.75;18.98;9.00;11.62;2.24;
081020;17:57:39;2.85;17.91;11.87;4.46;5.99;4.92;2.88;0.00;0.00;0.00;0.03;0.04;0.04;3.18;7.81;0.87;22.33;17.95;10.76;4.55;0.80;0.67;0.18;0.40;14.18;4.06;2.89;8.78;2.60;0.00;0.00;0.50;0.60;0.00;71.18;522.02;3616.17;67.20;31.95;12.54;3.99;8.77;1.40;3.81;14.43;7.37;9.78;1.76;
081020;17:57:41;2.84;17.84;11.83;4.44;5.97;4.91;2.88;0.00;0.00;0.00;0.03;0.04;0.04;3.13;7.78;0.85;22.19;17.88;10.65;4.52;0.80;0.66;0.18;0.40;14.13;4.06;2.87;8.76;2.60;0.00;0.00;0.50;0.60;0.00;68.18;438.99;2951.13;66.03;28.86;9.54;3.16;7.03;0.49;1.42;4.23;3.02;4.50;0.61;
081020;17:57:44;2.84;17.82;11.82;4.44;5.97;4.91;2.87;0.00;0.00;0.00;0.03;0.04;0.04;3.09;7.76;0.83;22.07;17.83;10.57;4.48;0.79;0.65;0.18;0.40;14.13;4.06;2.86;8.76;2.60;0.00;0.01;0.50;0.60;0.00;49.44;120.50;647.67;57.92;13.49;11.16;3.61;7.98;0.76;2.14;7.07;4.39;6.23;0.95;
081020;17:57:46;2.84;17.82;11.82;4.44;5.97;4.91;2.87;0.00;0.00;0.00;0.03;0.04;0.04;3.11;7.77;0.84;22.14;17.86;10.61;4.46;0.79;0.65;0.18;0.39;14.12;4.05;2.86;8.76;2.60;0.00;0.01;0.50;0.60;0.00;43.75;73.66;363.57;55.10;10.10;8.42;2.84;6.36;0.98;2.73;9.53;5.46;7.53;1.23;
081020;17:57:48;2.84;17.82;11.82;4.44;5.97;4.91;2.87;0.00;0.00;0.00;0.03;0.04;0.04;3.09;7.76;0.83;22.06;17.83;10.56;4.43;0.79;0.64;0.18;0.39;13.93;4.03;2.78;8.69;2.58;0.00;0.01;0.50;0.60;0.00;83.26;980.60;7576.04;71.63;46.30;15.61;4.81;10.46;0.51;1.47;4.41;3.12;4.63;0.63;
081020;17:57:51;2.83;17.74;11.78;4.42;5.94;4.89;2.86;0.00;0.00;0.00;0.03;0.04;0.04;3.05;7.74;0.82;21.96;17.78;10.48;4.40;0.78;0.63;0.18;0.39;13.80;4.02;2.72;8.64;2.57;0.00;0.01;0.50;0.60;0.00;62.70;313.29;1986.68;63.81;23.66;14.39;4.49;9.80;0.28;0.84;2.21;1.89;2.99;0.34;
081020;17:57:53;2.84;17.76;11.79;4.42;5.95;4.89;2.87;0.00;0.00;0.00;0.03;0.04;0.04;3.05;7.74;0.82;21.94;17.77;10.47;4.40;0.78;0.63;0.18;0.39;14.06;4.05;2.83;8.74;2.59;0.00;0.01;0.50;0.60;0.00;65.06;363.60;2365.94;64.78;25.83;8.07;2.74;6.15;0.33;1.00;2.72;2.20;3.41;0.41;
081020;17:57:55;2.83;17.73;11.78;4.42;5.94;4.89;2.86;0.00;0.00;0.00;0.03;0.04;0.04;3.05;7.74;0.82;21.94;17.77;10.46;4.42;0.79;0.64;0.18;0.39;14.21;4.06;2.90;8.79;2.60;0.00;0.01;0.50;0.60;0.00;71.40;528.26;3666.94;67.28;32.18;9.47;3.14;6.99;0.78;2.21;7.34;4.52;6.38;0.98;
081020;17:57:58;2.84;17.80;11.81;4.43;5.96;4.90;2.87;0.00;0.00;0.00;0.03;0.04;0.04;3.10;7.77;0.84;22.11;17.85;10.59;4.37;0.78;0.63;0.18;0.39;14.53;4.10;3.04;8.92;2.62;0.00;0.01;0.50;0.60;0.00;69.25;467.36;3176.09;66.45;29.94;11.64;3.74;8.26;0.39;1.16;3.29;2.52;3.85;0.49;
081020;17:58:00;2.83;17.70;11.76;4.41;5.93;4.88;2.86;0.00;0.00;0.00;0.03;0.04;0.04;3.11;7.77;0.84;22.14;17.86;10.62;4.38;0.78;0.63;0.18;0.39;14.20;4.06;2.90;8.79;2.60;0.00;0.01;0.50;0.60;0.00;73.17;583.05;4116.99;67.95;34.10;11.64;3.74;8.26;0.32;0.95;2.57;2.11;3.29;0.39;
081020;17:58:02;2.83;17.72;11.77;4.41;5.94;4.88;2.86;0.00;0.00;0.00;0.03;0.04;0.04;3.12;7.77;0.84;22.15;17.87;10.62;4.35;0.78;0.62;0.18;0.39;14.63;4.11;3.08;8.95;2.63;0.00;0.01;0.50;0.60;0.00;69.70;479.54;3273.45;66.62;30.40;9.59;3.18;7.06;0.27;0.83;2.16;1.86;2.95;0.34;
081020;17:58:05;2.84;17.80;11.81;4.43;5.96;4.90;2.87;0.00;0.00;0.00;0.03;0.04;0.04;3.20;7.82;0.88;22.41;17.98;10.83;4.36;0.78;0.62;0.18;0.39;15.02;4.16;3.26;9.10;2.66;0.00;0.01;0.50;0.60;0.00;54.58;179.36;1032.75;60.30;17.05;10.70;3.48;7.71;0.80;2.24;7.48;4.58;6.46;0.99;
081020;17:58:07;2.84;17.78;11.80;4.43;5.96;4.90;2.87;0.00;0.00;0.00;0.03;0.04;0.04;3.22;7.83;0.89;22.46;18.00;10.87;4.36;0.78;0.62;0.18;0.39;15.30;4.19;3.39;9.20;2.68;0.00;0.01;0.50;0.60;0.00;61.20;284.20;1772.04;63.18;22.34;11.66;3.75;8.27;0.42;1.22;3.51;2.65;4.01;0.52;
081020;17:58:09;2.84;17.81;11.82;4.43;5.97;4.90;2.87;0.00;0.00;0.00;0.03;0.04;0.04;3.38;7.91;0.95;22.92;18.20;11.22;4.40;0.78;0.63;0.18;0.39;15.78;4.25;3.62;9.38;2.71;0.00;0.01;0.51;0.60;0.00;64.43;349.55;2259.02;64.52;25.24;8.66;2.91;6.50;0.57;1.63;5.04;3.44;5.04;0.71;
081020;17:58:12;2.83;17.70;11.76;4.41;5.93;4.88;2.86;0.00;0.00;0.00;0.03;0.04;0.04;3.20;7.82;0.88;22.39;17.97;10.81;4.30;0.78;0.61;0.17;0.39;14.93;4.15;3.22;9.06;2.65;0.00;0.01;0.50;0.60;0.00;69.06;462.18;3134.84;66.37;29.74;12.41;3.95;8.69;0.27;0.83;2.17;1.86;2.95;0.34;
081020;17:58:14;2.89;18.24;12.04;4.53;6.09;4.99;2.92;0.00;0.00;0.00;0.04;0.04;0.04;4.12;8.25;1.28;24.93;19.06;12.84;4.66;0.81;0.69;0.19;0.40;18.89;4.57;5.29;10.48;2.91;0.00;0.01;0.52;0.61;0.00;50.54;131.58;718.08;58.43;14.21;12.86;4.08;8.95;0.54;1.55;4.72;3.28;4.83;0.67;
081020;17:58:16;2.90;18.31;12.08;4.55;6.12;5.00;2.93;0.00;0.00;0.00;0.04;0.04;0.04;4.30;8.32;1.36;25.38;19.25;13.22;4.67;0.81;0.70;0.19;0.40;20.22;4.70;6.11;10.93;2.99;0.00;0.01;0.52;0.62;0.00;96.47;1772.79;15174.55;76.06;65.59;11.15;3.61;7.98;1.39;3.79;14.35;7.35;9.74;1.75;
081020;17:58:18;2.87;18.08;11.96;4.50;6.05;4.96;2.90;0.00;0.00;0.00;0.04;0.04;0.04;4.03;8.21;1.23;24.69;18.96;12.65;4.53;0.80;0.66;0.18;0.40;18.81;4.57;5.25;10.46;2.90;0.00;0.01;0.51;0.61;0.00;106.71;2660.32;24428.76;79.26;83.27;12.33;3.93;8.65;5.14;12.82;65.30;22.05;25.34;6.55;
081020;17:58:21;2.89;18.20;12.02;4.52;6.08;4.98;2.92;0.00;0.00;0.00;0.04;0.04;0.04;4.32;8.33;1.37;25.43;19.27;13.26;4.59;0.80;0.68;0.18;0.40;20.20;4.70;6.10;10.93;2.99;0.00;0.01;0.52;0.61;0.00;145.17;9174.98;104383.19;89.86;172.48;11.76;3.78;8.32;1.05;2.92;10.37;5.80;7.93;1.32;
081020;17:58:23;2.86;17.98;11.90;4.47;6.01;4.94;2.89;0.00;0.00;0.00;0.04;0.04;0.04;4.03;8.21;1.24;24.70;18.96;12.66;4.47;0.79;0.65;0.18;0.39;18.69;4.55;5.17;10.41;2.90;0.00;0.01;0.51;0.61;0.00;103.12;2317.89;20782.72;78.16;76.79;15.48;4.77;10.39;3.83;9.74;46.40;17.21;20.43;4.86;
081020;17:58:25;2.82;17.65;11.73;4.40;5.92;4.87;2.85;0.00;0.00;0.00;0.03;0.04;0.04;3.34;7.89;0.93;22.81;18.16;11.14;4.23;0.77;0.60;0.17;0.38;15.87;4.26;3.66;9.41;2.72;0.00;0.01;0.50;0.60;0.00;63.83;336.76;2162.36;64.28;24.69;13.41;4.22;9.25;32.17;71.23;550.97;103.62;97.34;41.85;
081020;17:58:28;2.79;17.39;11.60;4.34;5.84;4.82;2.82;0.00;0.00;0.00;0.03;0.04;0.04;2.96;7.69;0.78;21.68;17.66;10.27;4.07;0.75;0.56;0.17;0.38;14.26;4.07;2.92;8.81;2.60;0.00;0.00;0.50;0.60;0.00;95.97;1736.09;14806.71;75.90;64.78;11.70;3.76;8.29;2.43;6.37;27.37;11.73;14.64;3.07;
081020;17:58:30;2.77;17.18;11.49;4.29;5.78;4.78;2.80;0.00;0.00;0.00;0.03;0.03;0.04;2.74;7.56;0.70;20.97;17.34;9.73;3.99;0.74;0.54;0.16;0.37;13.30;3.96;2.52;8.44;2.53;0.00;0.00;0.50;0.59;0.00;138.78;7656.90;84427.27;88.22;155.07;13.13;4.15;9.10;1.92;5.12;20.85;9.63;12.33;2.43;
081020;17:58:32;2.76;17.14;11.47;4.28;5.77;4.77;2.79;0.00;0.00;0.00;0.03;0.03;0.04;2.65;7.51;0.66;20.66;17.20;9.50;3.97;0.74;0.54;0.16;0.37;12.76;3.89;2.31;8.23;2.49;0.00;0.00;0.50;0.59;0.00;117.75;3952.58;38869.38;82.50;105.11;13.09;4.14;9.08;0.48;1.39;4.12;2.97;4.43;0.59;
081020;17:58:35;2.78;17.29;11.54;4.32;5.81;4.80;2.81;0.00;0.00;0.00;0.03;0.03;0.04;2.58;7.47;0.64;20.44;17.10;9.34;3.99;0.74;0.54;0.16;0.37;12.66;3.87;2.27;8.19;2.49;0.00;0.00;0.50;0.59;0.00;154.03;11646.08;138080.27;92.06;198.46;16.85;5.13;11.12;2.38;6.25;26.72;11.53;14.42;3.01;
081020;17:58:37;2.80;17.47;11.64;4.36;5.87;4.84;2.83;0.00;0.00;0.00;0.03;0.03;0.04;2.57;7.46;0.63;20.40;17.08;9.31;4.15;0.76;0.58;0.17;0.38;12.64;3.87;2.26;8.18;2.48;0.00;0.00;0.49;0.59;0.00;140.26;7990.38;88756.84;88.61;159.01;15.33;4.73;10.30;2.53;6.62;28.73;12.15;15.10;3.21;
081020;17:58:39;2.83;17.75;11.79;4.42;5.95;4.89;2.87;0.00;0.00;0.00;0.03;0.04;0.04;2.61;7.49;0.65;20.55;17.15;9.42;4.38;0.78;0.63;0.18;0.39;12.81;3.89;2.33;8.25;2.50;0.00;0.00;0.50;0.59;0.00;116.77;3822.91;37377.87;82.23;103.06;12.66;4.02;8.83;0.84;2.35;7.92;4.77;6.69;1.04;
081020;17:58:42;2.85;17.89;11.86;4.45;5.99;4.92;2.88;0.00;0.00;0.00;0.03;0.04;0.04;2.67;7.52;0.67;20.74;17.24;9.56;4.63;0.81;0.69;0.19;0.40;12.93;3.91;2.37;8.30;2.51;0.00;0.00;0.49;0.59;0.00;95.92;1732.63;14772.05;75.89;64.71;13.64;4.29;9.38;1.51;4.09;15.78;7.87;10.34;1.90;
081020;17:58:44;2.87;18.08;11.96;4.49;6.04;4.96;2.90;0.00;0.00;0.00;0.04;0.04;0.04;2.71;7.55;0.68;20.86;17.29;9.65;4.88;0.83;0.74;0.20;0.41;12.96;3.91;2.38;8.31;2.51;0.00;0.00;0.49;0.59;0.00;105.02;2495.17;22659.49;78.75;80.19;12.24;3.91;8.60;1.85;4.94;19.96;9.33;11.99;2.33;
081020;17:58:46;2.89;18.28;12.06;4.54;6.11;5.00;2.93;0.00;0.00;0.00;0.04;0.04;0.04;2.64;7.51;0.66;20.64;17.19;9.49;5.08;0.85;0.79;0.20;0.42;12.96;3.91;2.39;8.31;2.51;0.00;0.00;0.49;0.59;0.00;109.14;2912.12;27162.78;79.99;87.82;11.99;3.84;8.46;8.27;20.00;113.58;32.95;35.94;10.60;
081020;17:58:49;2.90;18.36;12.10;4.56;6.13;5.01;2.94;0.00;0.00;0.00;0.04;0.04;0.04;2.68;7.53;0.67;20.76;17.25;9.58;5.31;0.87;0.85;0.21;0.43;12.96;3.91;2.39;8.31;2.51;0.00;0.00;0.49;0.59;0.00;65.54;374.53;2449.52;64.97;26.28;9.83;3.24;7.21;2.46;6.44;27.74;11.85;14.76;3.11;
081020;17:58:51;2.92;18.50;12.18;4.59;6.17;5.04;2.95;0.00;0.00;0.00;0.04;0.04;0.04;2.68;7.53;0.68;20.79;17.26;9.59;5.48;0.89;0.89;0.22;0.44;12.96;3.91;2.39;8.31;2.51;0.00;0.00;0.50;0.59;0.00;67.14;412.63;2744.35;65.61;27.82;13.57;4.27;9.34;9.87;23.61;139.55;38.26;40.92;12.67;
081020;17:58:53;2.92;18.53;12.19;4.60;6.18;5.04;2.96;0.00;0.00;0.00;0.04;0.04;0.04;2.68;7.53;0.68;20.79;17.26;9.60;5.60;0.90;0.92;0.22;0.45;12.87;3.90;2.35;8.27;2.50;0.00;0.00;0.50;0.60;0.00;87.52;1198.43;9586.08;73.10;52.09;12.76;4.05;8.89;12.11;28.58;176.98;45.45;47.54;15.58;
081020;17:58:56;2.93;18.58;12.22;4.61;6.19;5.05;2.96;0.00;0.00;0.00;0.04;0.04;0.05;2.71;7.55;0.68;20.87;17.30;9.66;5.75;0.91;0.96;0.23;0.45;12.86;3.90;2.35;8.27;2.50;0.00;0.01;0.50;0.60;0.00;191.47;27942.49;385479.19;100.60;332.07;14.40;4.49;9.80;0.59;1.70;5.28;3.56;5.19;0.73;
081020;17:58:58;2.93;18.63;12.24;4.62;6.21;5.06;2.97;0.00;0.00;0.00;0.04;0.04;0.05;2.71;7.55;0.69;20.89;17.30;9.67;5.89;0.92;1.00;0.23;0.46;13.03;3.92;2.41;8.34;2.51;0.00;0.01;0.50;0.60;0.00;112.83;3328.95;31778.07;81.08;95.01;13.25;4.18;9.16;3.66;9.33;44.01;16.56;19.76;4.65;
081020;17:59:00;2.95;18.81;12.34;4.66;6.26;5.10;2.99;0.00;0.00;0.00;0.04;0.04;0.05;2.74;7.57;0.70;20.97;17.34;9.73;6.02;0.93;1.03;0.24;0.46;12.98;3.92;2.39;8.31;2.51;0.00;0.01;0.50;0.60;0.00;109.97;3002.91;28158.83;80.24;89.42;17.09;5.19;11.25;2.98;7.71;34.69;13.93;17.00;3.78;
081020;17:59:02;2.96;18.85;12.36;4.67;6.27;5.11;2.99;0.00;0.00;0.00;0.04;0.04;0.05;2.72;7.55;0.69;20.91;17.31;9.69;6.07;0.94;1.04;0.24;0.47;12.97;3.91;2.39;8.31;2.51;0.00;0.01;0.50;0.60;0.00;116.07;3730.46;36319.64;82.02;101.59;17.16;5.21;11.28;2.52;6.59;28.58;12.11;15.04;3.19;
081020;17:59:05;2.96;18.90;12.38;4.68;6.29;5.12;3.00;0.00;0.00;0.00;0.04;0.04;0.05;2.77;7.58;0.71;21.06;17.38;9.80;6.15;0.95;1.06;0.24;0.47;12.96;3.91;2.39;8.31;2.51;0.00;0.00;0.50;0.60;0.00;103.35;2339.48;21009.97;78.23;77.21;13.14;4.15;9.10;3.90;9.91;47.43;17.48;20.71;4.96;
081020;17:59:07;2.98;19.00;12.43;4.70;6.32;5.13;3.01;0.00;0.00;0.00;0.04;0.05;0.05;2.85;7.63;0.74;21.34;17.51;10.01;6.26;0.95;1.09;0.24;0.47;12.70;3.88;2.28;8.20;2.49;0.00;0.00;0.50;0.59;0.00;164.89;15314.51;190387.34;94.65;233.14;14.86;4.61;10.05;0.42;1.23;3.54;2.66;4.03;0.52;
081020;17:59:09;2.98;19.06;12.46;4.71;6.34;5.15;3.02;0.00;0.00;0.00;0.04;0.05;0.05;2.87;7.64;0.75;21.40;17.53;10.05;6.35;0.96;1.12;0.25;0.48;12.73;3.88;2.30;8.22;2.49;0.00;0.01;0.50;0.60;0.00;115.09;3605.58;34897.63;81.74;99.58;18.32;5.51;11.90;1.53;4.13;15.97;7.94;10.42;1.92;
081020;17:59:12;2.99;19.11;12.49;4.73;6.35;5.16;3.02;0.00;0.00;0.00;0.05;0.05;0.05;2.88;7.64;0.75;21.41;17.54;10.06;6.41;0.97;1.14;0.25;0.48;12.74;3.89;2.30;8.22;2.49;0.00;0.01;0.50;0.60;0.00;124.70;4979.07;50959.99;84.46;120.39;13.77;4.32;9.45;3.83;9.73;46.37;17.20;20.42;4.86;
081020;17:59:14;2.99;19.13;12.50;4.73;6.36;5.16;3.03;0.00;0.00;0.00;0.05;0.05;0.05;2.88;7.64;0.75;21.41;17.54;10.06;6.44;0.97;1.14;0.25;0.48;12.74;3.89;2.30;8.22;2.49;0.00;0.01;0.50;0.60;0.00;134.64;6776.77;73160.11;87.14;144.33;14.83;4.60;10.04;1.84;4.91;19.79;9.27;11.93;2.32;
081020;17:59:16;3.00;19.17;12.52;4.74;6.37;5.17;3.03;0.00;0.00;0.00;0.05;0.05;0.05;2.88;7.64;0.75;21.41;17.54;10.06;6.50;0.98;1.16;0.25;0.48;12.65;3.87;2.27;8.19;2.49;0.00;0.01;0.50;0.60;0.00;97.66;1862.43;16078.49;76.44;67.52;13.79;4.33;9.46;4.75;11.92;59.65;20.65;23.94;6.05;
081020;17:59:19;2.99;19.14;12.50;4.73;6.36;5.16;3.03;0.00;0.00;0.00;0.05;0.05;0.05;2.88;7.64;0.75;21.41;17.54;10.06;6.59;0.98;1.19;0.26;0.49;12.64;3.87;2.26;8.18;2.48;0.00;0.01;0.50;0.60;0.00;96.99;1811.62;15565.15;76.23;66.43;10.45;3.42;7.57;6.02;14.87;78.54;25.21;28.47;7.69;
081020;17:59:21;3.00;19.17;12.52;4.74;6.37;5.17;3.03;0.00;0.00;0.00;0.05;0.05;0.05;2.93;7.67;0.77;21.58;17.61;10.19;6.63;0.99;1.20;0.26;0.49;12.72;3.88;2.29;8.21;2.49;0.00;0.00;0.50;0.60;0.00;57.01;213.72;1268.49;61.38;18.90;10.55;3.44;7.63;20.94;47.67;334.42;72.13;71.04;27.11;
081020;17:59:23;2.99;19.14;12.50;4.73;6.36;5.16;3.03;0.00;0.00;0.00;0.05;0.05;0.05;2.94;7.68;0.77;21.61;17.63;10.21;6.67;0.99;1.21;0.26;0.49;12.39;3.84;2.17;8.08;2.46;0.00;0.00;0.50;0.59;0.00;64.08;342.01;2201.95;64.38;24.92;18.52;5.56;12.00;8.30;20.09;114.16;33.07;36.05;10.64;
081020;17:59:26;3.00;19.17;12.52;4.74;6.37;5.17;3.03;0.00;0.00;0.00;0.05;0.05;0.05;2.97;7.70;0.78;21.70;17.67;10.28;6.70;0.99;1.22;0.26;0.49;12.50;3.85;2.21;8.12;2.47;0.00;0.00;0.50;0.59;0.00;109.34;2933.79;27400.00;80.05;88.20;12.47;3.97;8.73;2.78;7.23;32.02;13.15;16.17;3.52;
081020;17:59:28;3.00;19.22;12.55;4.75;6.39;5.18;3.04;0.00;0.00;0.00;0.05;0.05;0.05;2.92;7.67;0.77;21.55;17.60;10.17;6.75;1.00;1.23;0.26;0.49;12.26;3.82;2.12;8.03;2.45;0.00;0.00;0.50;0.59;0.00;110.43;3053.61;28717.33;80.37;90.31;16.97;5.16;11.19;0.89;2.48;8.47;5.01;6.99;1.11;
081020;17:59:30;3.01;19.32;12.60;4.77;6.41;5.20;3.05;0.00;0.00;0.00;0.05;0.05;0.05;2.99;7.71;0.79;21.77;17.70;10.34;6.78;1.00;1.24;0.26;0.49;12.21;3.82;2.10;8.01;2.45;0.00;0.00;0.50;0.59;0.00;154.45;11774.05;139861.69;92.16;199.74;14.79;4.59;10.01;0.44;1.30;3.79;2.79;4.20;0.55;
081020;17:59:33;3.01;19.34;12.61;4.78;6.42;5.20;3.05;0.00;0.00;0.00;0.05;0.05;0.05;3.04;7.73;0.81;21.90;17.76;10.44;6.80;1.00;1.25;0.26;0.50;12.29;3.83;2.13;8.04;2.46;0.00;0.00;0.50;0.59;0.00;90.24;1355.53;11076.33;74.02;56.01;9.99;3.29;7.30;4.76;11.94;59.76;20.68;23.96;6.06;
081020;17:59:35;3.02;19.39;12.63;4.79;6.43;5.21;3.06;0.00;0.00;0.00;0.05;0.05;0.05;3.04;7.74;0.81;21.93;17.77;10.46;6.87;1.01;1.26;0.27;0.50;12.39;3.84;2.17;8.08;2.46;0.00;0.00;0.50;0.59;0.00;75.98;678.42;4917.62;69.01;37.28;13.31;4.20;9.20;3.14;8.08;36.80;14.54;17.65;3.98;
081020;17:59:37;3.02;19.40;12.64;4.79;6.44;5.21;3.06;0.00;0.00;0.00;0.05;0.05;0.05;3.02;7.72;0.80;21.85;17.73;10.40;6.90;1.01;1.27;0.27;0.50;12.15;3.81;2.08;7.98;2.45;0.00;0.00;0.50;0.59;0.00;81.17;885.12;6718.19;70.89;43.59;10.70;3.49;7.72;6.60;16.20;87.39;27.24;30.46;8.44;
081020;17:59:40;3.02;19.40;12.64;4.79;6.44;5.21;3.06;0.00;0.00;0.00;0.05;0.05;0.05;3.04;7.73;0.81;21.92;17.76;10.45;6.95;1.01;1.29;0.27;0.50;12.11;3.80;2.07;7.97;2.44;0.00;0.00;0.50;0.59;0.00;79.43;811.18;6064.72;70.27;41.41;14.04;4.39;9.60;4.50;11.33;56.01;19.73;23.00;5.73;
081020;17:59:42;3.02;19.36;12.62;4.78;6.42;5.20;3.05;0.00;0.00;0.00;0.05;0.05;0.05;3.05;7.74;0.81;21.93;17.77;10.46;7.00;1.02;1.30;0.27;0.50;12.10;3.80;2.06;7.96;2.44;0.00;0.00;0.50;0.59;0.00;120.95;4403.25;44118.10;83.41;112.00;12.65;4.02;8.83;4.44;11.19;55.17;19.51;22.78;5.65;
081020;17:59:44;3.02;19.39;12.64;4.79;6.44;5.21;3.06;0.00;0.00;0.00;0.05;0.05;0.05;3.05;7.74;0.82;21.94;17.77;10.46;7.01;1.02;1.31;0.27;0.50;12.01;3.79;2.03;7.93;2.43;0.00;0.00;0.50;0.59;0.00;84.99;1065.02;8346.72;72.23;48.60;16.03;4.92;10.68;7.74;18.80;105.16;31.16;34.23;9.91;
081020;17:59:46;3.04;19.58;12.73;4.83;6.49;5.25;3.08;0.00;0.00;0.00;0.05;0.05;0.05;3.13;7.78;0.85;22.19;17.89;10.66;7.09;1.02;1.33;0.27;0.51;12.08;3.80;2.06;7.95;2.44;0.00;0.00;0.50;0.59;0.00;96.35;1764.12;15087.54;76.03;65.40;15.35;4.74;10.32;3.91;9.94;47.62;17.54;20.76;4.97;
081020;17:59:49;3.02;19.44;12.66;4.80;6.45;5.22;3.06;0.00;0.00;0.00;0.05;0.05;0.05;3.06;7.75;0.82;21.99;17.80;10.50;7.13;1.03;1.34;0.27;0.51;12.18;3.81;2.09;7.99;2.45;0.00;0.00;0.49;0.59;0.00;90.07;1345.32;10978.53;73.96;55.76;13.31;4.20;9.20;1.16;3.20;11.62;6.30;8.53;1.46;
081020;17:59:51;3.02;19.41;12.64;4.79;6.44;5.21;3.06;0.00;0.00;0.00;0.05;0.05;0.05;3.05;7.74;0.82;21.95;17.78;10.47;7.14;1.03;1.34;0.28;0.51;12.03;3.79;2.04;7.93;2.44;0.00;0.00;0.49;0.59;0.00;151.79;10977.73;128831.72;91.51;191.68;13.76;4.32;9.45;0.94;2.63;9.13;5.29;7.32;1.18;
081020;17:59:53;3.02;19.40;12.64;4.79;6.44;5.21;3.06;0.00;0.00;0.00;0.05;0.05;0.05;3.10;7.77;0.84;22.11;17.85;10.59;7.14;1.03;1.34;0.28;0.51;12.00;3.79;2.03;7.92;2.43;0.00;0.00;0.49;0.59;0.00;99.47;2005.74;17539.29;77.02;70.53;12.23;3.90;8.59;1.58;4.27;16.63;8.17;10.69;1.99;
081020;17:59:56;3.04;19.54;12.71;4.82;6.48;5.24;3.07;0.00;0.00;0.00;0.05;0.05;0.05;3.17;7.80;0.87;22.32;17.94;10.75;7.20;1.03;1.36;0.28;0.51;11.99;3.79;2.02;7.92;2.43;0.00;0.00;0.49;0.59;0.00;84.36;1033.80;8060.35;72.02;47.76;12.86;4.08;8.95;3.75;9.55;45.30;16.91;20.12;4.76;
081020;17:59:58;3.05;19.65;12.77;4.85;6.51;5.26;3.09;0.00;0.00;0.00;0.05;0.05;0.05;3.22;7.83;0.88;22.44;18.00;10.85;7.26;1.04;1.38;0.28;0.51;12.08;3.80;2.05;7.95;2.44;0.00;0.00;0.50;0.59;0.00;120.40;4323.42;43181.30;83.26;110.80;13.65;4.29;9.39;8.99;21.64;125.25;35.37;38.22;11.54;
081020;18:00:00;3.05;19.68;12.78;4.85;6.52;5.26;3.09;0.00;0.00;0.00;0.05;0.05;0.05;3.22;7.83;0.89;22.47;18.01;10.87;7.27;1.04;1.38;0.28;0.51;12.01;3.79;2.03;7.93;2.43;0.00;0.00;0.50;0.59;0.00;56.94;212.57;1260.44;61.35;18.84;8.57;2.88;6.45;6.76;16.57;89.83;27.79;30.99;8.64;
081020;18:00:03;3.05;19.68;12.78;4.85;6.52;5.27;3.09;0.00;0.00;0.00;0.05;0.05;0.06;3.29;7.86;0.91;22.65;18.09;11.01;7.29;1.04;1.39;0.28;0.51;12.25;3.82;2.12;8.02;2.45;0.00;0.00;0.50;0.59;0.00;112.61;3303.53;31493.66;81.02;94.58;12.53;3.99;8.76;5.40;13.44;69.25;23.01;26.30;6.89;
081020;18:00:05;3.05;19.68;12.78;4.85;6.52;5.27;3.09;0.00;0.00;0.00;0.05;0.05;0.06;3.30;7.87;0.92;22.69;18.10;11.04;7.32;1.04;1.40;0.28;0.52;11.88;3.77;1.98;7.87;2.42;0.00;0.00;0.50;0.59;0.00;117.44;3911.48;38395.74;82.42;104.46;16.30;4.99;10.83;1.45;3.93;15.03;7.60;10.03;1.82;
081020;18:00:07;3.06;19.77;12.83;4.87;6.55;5.28;3.10;0.00;0.00;0.00;0.05;0.05;0.06;3.36;7.90;0.94;22.87;18.18;11.19;7.39;1.05;1.42;0.28;0.52;12.14;3.81;2.08;7.98;2.44;0.00;0.00;0.50;0.59;0.00;107.21;2710.93;24974.84;79.41;84.20;13.13;4.15;9.10;11.83;27.97;172.30;44.58;46.74;15.22;
081020;18:00:10;3.06;19.79;12.84;4.88;6.55;5.29;3.10;0.00;0.00;0.00;0.05;0.05;0.06;3.31;7.88;0.92;22.73;18.12;11.08;7.40;1.05;1.42;0.28;0.52;12.02;3.79;2.03;7.93;2.44;0.00;0.00;0.50;0.59;0.00;142.11;8422.38;94411.95;89.08;164.01;13.76;4.32;9.44;4.60;11.56;57.43;20.09;23.37;5.85;
081020;18:00:12;3.06;19.75;12.82;4.87;6.54;5.28;3.10;0.00;0.00;0.00;0.05;0.05;0.06;3.36;7.90;0.94;22.88;18.19;11.19;7.43;1.05;1.43;0.29;0.52;11.91;3.78;2.00;7.89;2.43;0.00;0.00;0.50;0.59;0.00;158.67;13121.57;158819.36;93.18;212.88;19.11;5.71;12.31;2.62;6.83;29.86;12.50;15.47;3.31;
081020;18:00:14;3.06;19.74;12.81;4.87;6.54;5.28;3.10;0.00;0.00;0.00;0.05;0.05;0.06;3.41;7.92;0.96;23.00;18.24;11.29;7.48;1.05;1.44;0.29;0.52;11.98;3.79;2.02;7.91;2.43;0.00;0.00;0.50;0.59;0.00;169.56;17137.62;217239.91;95.73;249.08;16.98;5.16;11.19;1.52;4.11;15.85;7.89;10.37;1.91;
081020;18:00:17;3.06;19.74;12.81;4.87;6.54;5.28;3.10;0.00;0.00;0.00;0.05;0.05;0.06;3.41;7.93;0.97;23.02;18.25;11.31;7.53;1.06;1.46;0.29;0.52;12.07;3.80;2.05;7.95;2.44;0.00;0.00;0.50;0.59;0.00;94.79;1651.94;13968.39;75.52;62.92;10.92;3.55;7.84;1.10;3.03;10.84;5.99;8.16;1.37;
081020;18:00:19;3.07;19.83;12.86;4.89;6.56;5.29;3.11;0.00;0.00;0.00;0.05;0.05;0.06;3.42;7.93;0.97;23.03;18.25;11.31;7.54;1.06;1.46;0.29;0.52;11.76;3.76;1.94;7.82;2.41;0.00;0.00;0.50;0.59;0.00;99.32;1992.90;17407.64;76.97;70.26;16.80;5.11;11.09;0.39;1.16;3.30;2.53;3.85;0.49;
081020;18:00:21;3.07;19.85;12.87;4.89;6.57;5.30;3.11;0.00;0.00;0.00;0.05;0.05;0.06;3.45;7.94;0.98;23.12;18.29;11.38;7.54;1.06;1.46;0.29;0.52;11.86;3.77;1.98;7.87;2.42;0.00;0.00;0.50;0.59;0.00;131.41;6146.90;65249.14;86.28;136.28;10.54;3.44;7.62;2.14;5.66;23.65;10.55;13.35;2.71;
081020;18:00:23;3.08;19.90;12.89;4.90;6.58;5.31;3.11;0.00;0.00;0.00;0.05;0.05;0.06;3.52;7.98;1.01;23.32;18.37;11.54;7.54;1.06;1.46;0.29;0.52;11.88;3.77;1.99;7.87;2.42;0.00;0.00;0.50;0.59;0.00;92.71;1511.16;12582.45;74.84;59.71;13.04;4.13;9.05;2.24;5.90;24.88;10.95;13.78;2.83;
081020;18:00:26;3.08;19.95;12.92;4.91;6.60;5.32;3.12;0.00;0.00;0.00;0.05;0.05;0.06;3.47;7.95;0.99;23.18;18.31;11.43;7.57;1.06;1.47;0.29;0.52;11.97;3.79;2.02;7.91;2.43;0.00;0.00;0.50;0.59;0.00;78.70;781.73;5807.26;70.00;40.52;16.30;4.99;10.83;2.09;5.54;23.02;10.35;13.13;2.64;
081020;18:00:28;3.08;19.92;12.90;4.90;6.59;5.31;3.12;0.00;0.00;0.00;0.05;0.05;0.06;3.43;7.93;0.97;23.06;18.26;11.33;7.57;1.06;1.47;0.29;0.52;11.91;3.78;1.99;7.88;2.43;0.00;0.00;0.50;0.59;0.00;126.76;5318.07;55053.68;85.02;125.15;13.70;4.30;9.41;1.84;4.91;19.82;9.28;11.94;2.32;
081020;18:00:30;3.08;19.96;12.92;4.91;6.60;5.32;3.12;0.00;0.00;0.00;0.05;0.05;0.06;3.45;7.94;0.98;23.12;18.29;11.39;7.59;1.06;1.48;0.29;0.53;12.06;3.80;2.05;7.95;2.44;0.00;0.00;0.50;0.59;0.00;130.07;5898.91;62172.19;85.92;133.02;12.56;4.00;8.78;5.42;13.49;69.56;23.08;26.37;6.92;
081020;18:00:33;3.08;19.96;12.93;4.92;6.60;5.32;3.12;0.00;0.00;0.00;0.05;0.05;0.06;3.52;7.98;1.01;23.32;18.38;11.54;7.64;1.07;1.49;0.29;0.53;11.67;3.75;1.91;7.79;2.41;0.00;0.00;0.50;0.59;0.00;115.80;3696.04;35926.91;81.94;101.04;16.54;5.05;10.96;0.93;2.60;9.00;5.24;7.26;1.17;
081020;18:00:35;3.08;19.97;12.93;4.92;6.60;5.32;3.12;0.00;0.00;0.00;0.05;0.05;0.06;3.53;7.98;1.02;23.36;18.39;11.57;7.68;1.07;1.50;0.29;0.53;11.93;3.78;2.00;7.89;2.43;0.00;0.00;0.50;0.59;0.00;189.56;26834.88;367616.66;100.19;324.26;14.06;4.40;9.61;0.40;1.17;3.32;2.54;3.87;0.49;
081020;18:00:37;3.08;19.92;12.90;4.91;6.59;5.31;3.12;0.00;0.00;0.00;0.05;0.05;0.06;3.60;8.01;1.04;23.55;18.47;11.72;7.64;1.07;1.49;0.29;0.53;11.65;3.74;1.90;7.78;2.41;0.00;0.00;0.50;0.59;0.00;155.78;12186.69;145629.31;92.48;203.83;13.12;4.15;9.09;0.58;1.67;5.18;3.50;5.12;0.72;
081020;18:00:40;3.06;19.73;12.81;4.86;6.53;5.27;3.10;0.00;0.00;0.00;0.05;0.05;0.06;3.61;8.02;1.05;23.59;18.49;11.75;7.52;1.06;1.46;0.29;0.52;11.60;3.74;1.89;7.76;2.40;0.00;0.00;0.50;0.59;0.00;121.60;4498.51;45239.84;83.59;113.42;17.77;5.37;11.61;2.14;5.65;23.59;10.53;13.33;2.70;
081020;18:00:42;3.05;19.69;12.79;4.85;6.52;5.27;3.09;0.00;0.00;0.00;0.05;0.05;0.05;3.62;8.02;1.05;23.59;18.49;11.76;7.34;1.04;1.40;0.28;0.52;11.58;3.74;1.88;7.75;2.40;0.00;0.00;0.50;0.59;0.00;165.61;15587.85;194379.39;94.82;235.58;19.66;5.85;12.59;0.59;1.69;5.24;3.54;5.16;0.73;
081020;18:00:44;3.05;19.64;12.76;4.84;6.51;5.26;3.08;0.00;0.00;0.00;0.05;0.05;0.05;3.55;7.99;1.02;23.41;18.42;11.61;7.18;1.03;1.36;0.28;0.51;11.50;3.72;1.85;7.72;2.39;0.00;0.00;0.50;0.59;0.00;106.52;2641.62;24227.38;79.20;82.93;13.02;4.12;9.04;4.06;10.28;49.65;18.08;21.32;5.16;
081020;18:00:47;3.03;19.45;12.66;4.80;6.45;5.22;3.06;0.00;0.00;0.00;0.05;0.05;0.05;3.51;7.97;1.00;23.29;18.36;11.51;7.05;1.02;1.32;0.27;0.50;11.57;3.73;1.88;7.74;2.40;0.00;0.00;0.50;0.59;0.00;90.75;1386.73;11375.98;74.19;56.76;11.08;3.59;7.94;30.90;68.59;525.70;100.15;94.50;40.17;
081020;18:00:49;3.02;19.41;12.64;4.79;6.44;5.21;3.06;0.00;0.00;0.00;0.05;0.05;0.05;3.53;7.98;1.01;23.35;18.39;11.56;6.90;1.01;1.27;0.27;0.50;11.34;3.70;1.80;7.65;2.38;0.00;0.00;0.50;0.59;0.00;85.61;1096.45;8636.41;72.45;49.44;15.62;4.81;10.46;2.21;5.83;24.50;10.83;13.65;2.79;
081020;18:00:51;3.00;19.18;12.53;4.74;6.37;5.17;3.03;0.00;0.00;0.00;0.05;0.05;0.05;3.50;7.97;1.00;23.27;18.36;11.50;6.69;0.99;1.21;0.26;0.49;11.37;3.71;1.81;7.66;2.38;0.00;0.00;0.50;0.59;0.00;81.31;891.33;6773.45;70.94;43.77;16.24;4.97;10.79;4.64;11.66;58.07;20.25;23.53;5.91;
081020;18:00:54;2.99;19.14;12.50;4.73;6.36;5.16;3.03;0.00;0.00;0.00;0.05;0.05;0.05;3.50;7.97;1.00;23.26;18.35;11.49;6.59;0.98;1.19;0.26;0.49;11.30;3.70;1.79;7.63;2.38;0.00;0.00;0.50;0.59;0.00;172.86;18518.08;237907.73;96.49;260.70;14.93;4.63;10.09;0.20;0.62;1.52;1.44;2.36;0.25;
081020;18:00:56;2.99;19.09;12.48;4.72;6.34;5.15;3.02;0.00;0.00;0.00;0.04;0.05;0.05;3.43;7.93;0.97;23.08;18.27;11.35;6.46;0.97;1.15;0.25;0.48;11.37;3.71;1.81;7.66;2.38;0.00;0.00;0.50;0.59;0.00;55.45;191.15;1112.80;60.69;17.70;13.92;4.36;9.54;5.17;12.91;65.86;22.19;25.48;6.60;
081020;18:00:58;2.98;19.08;12.47;4.72;6.34;5.15;3.02;0.00;0.00;0.00;0.04;0.04;0.05;3.45;7.94;0.98;23.13;18.29;11.39;6.35;0.96;1.12;0.25;0.48;11.30;3.70;1.78;7.63;2.38;0.00;0.00;0.50;0.59;0.00;57.41;219.79;1310.80;61.55;19.21;12.52;3.98;8.75;20.76;47.30;331.16;71.62;70.60;26.88;
081020;18:01:01;2.96;18.90;12.38;4.68;6.29;5.12;3.00;0.00;0.00;0.00;0.04;0.04;0.05;3.42;7.93;0.97;23.05;18.26;11.33;6.21;0.95;1.08;0.24;0.47;11.13;3.67;1.73;7.56;2.36;0.00;0.00;0.50;0.59;0.00;102.43;2256.61;20139.67;77.95;75.59;16.57;5.06;10.97;1.25;3.43;12.68;6.72;9.01;1.57;
081020;18:01:03;2.96;18.82;12.34;4.66;6.27;5.10;2.99;0.00;0.00;0.00;0.04;0.04;0.05;3.42;7.93;0.97;23.03;18.25;11.31;6.10;0.94;1.05;0.24;0.47;11.33;3.70;1.79;7.65;2.38;0.00;0.00;0.50;0.59;0.00;108.15;2807.53;26021.92;79.69;85.95;10.51;3.43;7.61;2.15;5.69;23.77;10.59;13.39;2.72;
081020;18:01:05;2.95;18.81;12.33;4.66;6.26;5.10;2.99;0.00;0.00;0.00;0.04;0.04;0.05;3.42;7.93;0.97;23.03;18.25;11.31;5.99;0.93;1.02;0.23;0.46;10.98;3.65;1.68;7.50;2.35;0.00;0.00;0.50;0.59;0.00;44.84;81.31;408.26;55.65;10.70;8.98;3.00;6.70;14.41;33.63;216.68;52.65;54.02;18.58;
081020;18:01:07;2.94;18.68;12.27;4.63;6.22;5.07;2.97;0.00;0.00;0.00;0.04;0.04;0.05;3.39;7.91;0.95;22.94;18.21;11.24;5.89;0.92;1.00;0.23;0.46;10.99;3.65;1.68;7.50;2.35;0.00;0.00;0.50;0.59;0.00;101.44;2170.01;19236.13;77.64;73.87;13.41;4.22;9.25;1.02;2.82;9.92;5.62;7.72;1.27;
081020;18:01:10;2.93;18.61;12.23;4.61;6.20;5.06;2.97;0.00;0.00;0.00;0.04;0.04;0.05;3.41;7.92;0.96;23.01;18.24;11.30;5.83;0.92;0.98;0.23;0.46;10.99;3.65;1.68;7.50;2.35;0.00;0.00;0.50;0.59;0.00;107.65;2755.87;25461.20;79.54;85.02;13.59;4.27;9.35;0.70;1.98;6.41;4.09;5.86;0.87;
081020;18:01:12;2.94;18.64;12.25;4.62;6.21;5.06;2.97;0.00;0.00;0.00;0.04;0.04;0.04;3.35;7.90;0.94;22.85;18.17;11.17;5.75;0.91;0.96;0.23;0.45;10.91;3.64;1.66;7.47;2.34;0.00;0.00;0.50;0.59;0.00;47.04;98.66;512.24;56.75;11.99;10.68;3.48;7.70;9.43;22.63;132.38;36.82;39.58;12.11;
081020;18:01:14;2.93;18.60;12.23;4.61;6.20;5.06;2.97;0.00;0.00;0.00;0.04;0.04;0.04;3.34;7.89;0.94;22.81;18.16;11.14;5.65;0.90;0.93;0.22;0.45;10.90;3.64;1.65;7.46;2.34;0.00;0.00;0.50;0.59;0.00;73.33;588.28;4160.35;68.02;34.28;14.29;4.46;9.74;6.96;17.03;92.97;28.49;31.67;8.90;
081020;18:01:17;2.93;18.55;12.20;4.60;6.19;5.05;2.96;0.00;0.00;0.00;0.04;0.04;0.04;3.40;7.92;0.96;22.99;18.23;11.28;5.63;0.90;0.93;0.22;0.45;10.74;3.62;1.60;7.40;2.33;0.00;0.00;0.50;0.59;0.00;68.98;459.88;3116.54;66.34;29.66;15.19;4.70;10.23;8.52;20.57;117.59;33.79;36.73;10.92;
081020;18:01:19;2.92;18.54;12.20;4.60;6.18;5.05;2.96;0.00;0.00;0.00;0.04;0.04;0.04;3.35;7.89;0.94;22.84;18.17;11.16;5.55;0.89;0.91;0.22;0.44;10.79;3.63;1.62;7.42;2.33;0.00;0.00;0.50;0.59;0.00;125.23;5064.77;51990.43;84.60;121.61;12.06;3.86;8.49;1.20;3.29;12.02;6.46;8.71;1.50;
081020;18:01:21;2.92;18.50;12.17;4.59;6.17;5.04;2.95;0.00;0.00;0.00;0.04;0.04;0.04;3.34;7.89;0.94;22.81;18.16;11.14;5.53;0.89;0.90;0.22;0.44;10.87;3.64;1.65;7.45;2.34;0.00;0.00;0.50;0.59;0.00;113.61;3423.10;32834.98;81.31;96.58;14.92;4.62;10.08;2.19;5.79;24.28;10.76;13.58;2.77;
081020;18:01:24;2.92;18.53;12.19;4.60;6.18;5.04;2.96;0.00;0.00;0.00;0.04;0.04;0.04;3.31;7.87;0.92;22.72;18.12;11.07;5.44;0.88;0.88;0.22;0.44;10.81;3.63;1.63;7.43;2.34;0.00;0.00;0.50;0.59;0.00;155.11;11975.59;142674.48;92.32;201.74;12.53;3.99;8.76;0.86;2.40;8.15;4.87;6.82;1.07;
081020;18:01:26;2.91;18.41;12.13;4.57;6.14;5.02;2.94;0.00;0.00;0.00;0.04;0.04;0.04;3.33;7.89;0.93;22.79;18.15;11.12;5.38;0.88;0.87;0.21;0.44;10.88;3.64;1.65;7.46;2.34;0.00;0.00;0.50;0.59;0.00;130.85;6042.78;63954.61;86.13;134.92;11.20;3.62;8.00;0.82;2.30;7.72;4.68;6.59;1.02;
081020;18:01:28;2.90;18.35;12.10;4.55;6.13;5.01;2.94;0.00;0.00;0.00;0.04;0.04;0.04;3.34;7.89;0.93;22.80;18.15;11.13;5.34;0.87;0.85;0.21;0.43;10.81;3.63;1.63;7.43;2.34;0.00;0.00;0.50;0.59;0.00;135.59;6972.33;75642.89;87.39;146.76;10.45;3.42;7.57;0.78;2.20;7.31;4.50;6.37;0.98;
081020;18:01:31;2.90;18.33;12.09;4.55;6.12;5.01;2.93;0.00;0.00;0.00;0.04;0.04;0.04;3.25;7.84;0.90;22.54;18.04;10.93;5.28;0.87;0.84;0.21;0.43;10.73;3.62;1.60;7.39;2.33;0.00;0.00;0.50;0.59;0.00;89.16;1291.08;10461.13;73.66;54.43;14.27;4.45;9.73;0.80;2.24;7.47;4.57;6.45;0.99;
081020;18:01:33;2.90;18.29;12.07;4.54;6.11;5.00;2.93;0.00;0.00;0.00;0.04;0.04;0.04;3.23;7.83;0.89;22.49;18.02;10.89;5.22;0.86;0.83;0.21;0.43;10.63;3.60;1.57;7.35;2.32;0.00;0.00;0.50;0.59;0.00;94.45;1628.23;13733.48;75.41;62.39;17.80;5.38;11.63;5.31;13.23;67.95;22.70;25.99;6.78;
081020;18:01:35;2.89;18.24;12.04;4.53;6.09;4.99;2.92;0.00;0.00;0.00;0.04;0.04;0.04;3.23;7.83;0.89;22.48;18.01;10.88;5.17;0.86;0.81;0.21;0.43;10.76;3.62;1.61;7.41;2.33;0.00;0.00;0.50;0.59;0.00;137.14;7299.40;79822.07;87.80;150.77;18.81;5.63;12.15;1.49;4.04;15.54;7.78;10.24;1.88;
081020;18:01:38;2.89;18.23;12.04;4.53;6.09;4.99;2.92;0.00;0.00;0.00;0.04;0.04;0.04;3.23;7.83;0.89;22.48;18.01;10.88;5.14;0.86;0.81;0.20;0.43;10.79;3.63;1.62;7.42;2.33;0.00;0.00;0.50;0.59;0.00;116.57;3795.53;37064.02;82.17;102.63;13.53;4.25;9.32;2.06;5.47;22.64;10.22;12.99;2.61;
081020;18:01:40;2.88;18.19;12.01;4.52;6.08;4.98;2.92;0.00;0.00;0.00;0.04;0.04;0.04;3.23;7.83;0.89;22.48;18.01;10.88;5.09;0.85;0.79;0.20;0.42;10.72;3.62;1.60;7.39;2.33;0.00;0.00;0.50;0.59;0.00;117.09;3864.40;37854.14;82.32;103.72;12.33;3.93;8.65;2.93;7.58;33.96;13.72;16.77;3.71;
081020;18:01:42;2.87;18.10;11.97;4.50;6.05;4.96;2.91;0.00;0.00;0.00;0.04;0.04;0.04;3.23;7.83;0.89;22.48;18.01;10.88;5.05;0.85;0.78;0.20;0.42;10.71;3.62;1.59;7.38;2.33;0.00;0.00;0.50;0.59;0.00;142.78;8583.26;96530.98;89.25;165.85;10.93;3.55;7.85;1.34;3.65;13.68;7.09;9.45;1.68;
081020;18:01:45;2.87;18.08;11.96;4.49;6.05;4.96;2.90;0.00;0.00;0.00;0.04;0.04;0.04;3.23;7.83;0.89;22.48;18.01;10.88;5.00;0.84;0.77;0.20;0.42;10.63;3.60;1.57;7.35;2.32;0.00;0.00;0.50;0.59;0.00;129.69;5829.41;61313.75;85.82;132.09;10.17;3.34;7.41;0.85;2.38;8.04;4.83;6.76;1.06;
081020;18:01:47;2.87;18.07;11.95;4.49;6.04;4.96;2.90;0.00;0.00;0.00;0.04;0.04;0.04;3.23;7.83;0.89;22.48;18.01;10.88;4.96;0.84;0.76;0.20;0.42;10.46;3.58;1.52;7.28;2.31;0.00;0.00;0.50;0.59;0.00;159.25;13315.83;161581.53;93.32;214.73;19.06;5.70;12.28;0.82;2.30;7.70;4.67;6.57;1.02;
081020;18:01:49;2.86;17.99;11.91;4.48;6.02;4.94;2.89;0.00;0.00;0.00;0.04;0.04;0.04;3.20;7.82;0.88;22.39;17.97;10.81;4.92;0.84;0.75;0.20;0.42;10.81;3.63;1.62;7.43;2.34;0.00;0.00;0.50;0.59;0.00;64.25;345.62;2229.30;64.45;25.07;13.49;4.24;9.30;5.98;14.78;77.95;25.07;28.34;7.64;
081020;18:01:51;2.86;17.94;11.88;4.46;6.00;4.93;2.89;0.00;0.00;0.00;0.04;0.04;0.04;3.22;7.83;0.89;22.46;18.00;10.86;4.87;0.83;0.74;0.19;0.41;10.65;3.61;1.57;7.36;2.32;0.00;0.00;0.50;0.59;0.00;90.71;1384.24;11352.04;74.18;56.70;12.84;4.07;8.93;1.29;3.53;13.14;6.89;9.21;1.62;
081020;18:01:54;2.85;17.88;11.86;4.45;5.99;4.92;2.88;0.00;0.00;0.00;0.04;0.04;0.04;3.14;7.79;0.85;22.21;17.89;10.67;4.84;0.83;0.74;0.19;0.41;10.62;3.60;1.56;7.35;2.32;0.00;0.00;0.50;0.59;0.00;74.62;631.14;4518.05;68.50;35.73;14.31;4.46;9.75;3.79;9.64;45.81;17.05;20.26;4.81;
081020;18:01:56;2.84;17.83;11.83;4.44;5.97;4.91;2.88;0.00;0.00;0.00;0.04;0.04;0.04;3.09;7.76;0.83;22.08;17.83;10.57;4.78;0.82;0.72;0.19;0.41;10.61;3.60;1.56;7.34;2.32;0.00;0.00;0.50;0.59;0.00;113.84;3451.44;33154.07;81.38;97.05;9.42;3.13;6.96;11.04;26.21;158.93;42.04;44.42;14.19;
081020;18:01:58;2.84;17.82;11.82;4.44;5.97;4.91;2.87;0.00;0.00;0.00;0.04;0.04;0.04;3.08;7.76;0.83;22.05;17.82;10.55;4.77;0.82;0.72;0.19;0.41;10.54;3.59;1.54;7.31;2.31;0.00;0.00;0.50;0.59;0.00;182.66;23119.89;308660.34;98.68;297.05;12.41;3.95;8.69;1.93;5.13;20.93;9.66;12.36;2.43;
081020;18:02:01;2.84;17.82;11.82;4.44;5.97;4.91;2.87;0.00;0.00;0.00;0.04;0.04;0.04;3.08;7.76;0.83;22.05;17.82;10.54;4.70;0.81;0.70;0.19;0.41;10.45;3.58;1.51;7.27;2.30;0.00;0.00;0.50;0.59;0.00;168.66;16773.01;211828.27;95.52;245.95;10.01;3.29;7.31;0.52;1.50;4.51;3.17;4.69;0.64;
081020;18:02:03;2.84;17.82;11.82;4.44;5.97;4.91;2.87;0.00;0.00;0.00;0.03;0.04;0.04;3.11;7.77;0.84;22.13;17.86;10.61;4.68;0.81;0.70;0.19;0.40;10.43;3.58;1.51;7.26;2.30;0.00;0.00;0.50;0.59;0.00;99.83;2034.84;17838.17;77.13;71.13;13.18;4.16;9.13;1.24;3.40;12.56;6.67;8.95;1.56;
081020;18:02:05;2.84;17.82;11.82;4.44;5.97;4.91;2.87;0.00;0.00;0.00;0.03;0.04;0.04;3.06;7.74;0.82;21.98;17.79;10.49;4.67;0.81;0.69;0.19;0.40;10.57;3.60;1.55;7.33;2.32;0.00;0.00;0.50;0.59;0.00;109.91;2996.54;28088.83;80.22;89.31;15.41;4.75;10.35;2.87;7.45;33.25;13.51;16.55;3.64;
081020;18:02:08;2.83;17.70;11.76;4.41;5.93;4.88;2.86;0.00;0.00;0.00;0.03;0.04;0.04;3.05;7.74;0.82;21.94;17.78;10.47;4.61;0.81;0.68;0.19;0.40;10.45;3.58;1.51;7.28;2.31;0.00;0.00;0.50;0.59;0.00;122.76;4674.83;47326.90;83.92;116.01;14.21;4.44;9.69;2.07;5.48;22.68;10.24;13.00;2.61;
081020;18:02:10;2.83;17.76;11.79;4.42;5.95;4.89;2.87;0.00;0.00;0.00;0.03;0.04;0.04;3.05;7.74;0.82;21.94;17.77;10.46;4.60;0.80;0.68;0.18;0.40;10.36;3.57;1.48;7.23;2.30;0.00;0.00;0.50;0.59;0.00;114.69;3555.45;34329.10;81.62;98.76;14.36;4.48;9.78;0.61;1.75;5.50;3.66;5.32;0.76;
081020;18:02:12;2.83;17.69;11.75;4.41;5.93;4.88;2.86;0.00;0.00;0.00;0.03;0.04;0.04;3.05;7.74;0.82;21.94;17.77;10.46;4.57;0.80;0.67;0.18;0.40;10.48;3.58;1.52;7.29;2.31;0.00;0.00;0.50;0.59;0.00;173.67;18869.34;243210.16;96.67;263.60;12.82;4.07;8.93;1.54;4.16;16.11;7.99;10.48;1.94;
081020;18:02:15;2.82;17.63;11.73;4.39;5.91;4.87;2.85;0.00;0.00;0.00;0.03;0.04;0.04;3.02;7.72;0.80;21.85;17.73;10.40;4.53;0.80;0.66;0.18;0.40;10.29;3.56;1.46;7.20;2.29;0.00;0.00;0.50;0.59;0.00;67.73;427.24;2858.75;65.85;28.40;12.22;3.90;8.59;1.04;2.89;10.22;5.74;7.86;1.31;
081020;18:02:17;2.82;17.58;11.70;4.38;5.90;4.86;2.85;0.00;0.00;0.00;0.03;0.04;0.04;3.04;7.73;0.81;21.92;17.77;10.45;4.51;0.80;0.66;0.18;0.40;10.40;3.57;1.50;7.25;2.30;0.00;0.00;0.50;0.59;0.00;88.92;1277.68;10333.89;73.58;54.09;9.36;3.11;6.93;0.63;1.81;5.71;3.76;5.45;0.79;
081020;18:02:19;2.82;17.65;11.74;4.40;5.92;4.87;2.85;0.00;0.00;0.00;0.03;0.04;0.04;3.02;7.72;0.80;21.85;17.73;10.39;4.51;0.80;0.66;0.18;0.40;10.42;3.57;1.50;7.26;2.30;0.00;0.00;0.50;0.59;0.00;86.49;1142.49;9063.26;72.75;50.65;10.25;3.36;7.45;1.56;4.21;16.37;8.08;10.59;1.97;
081020;18:02:22;2.83;17.71;11.76;4.41;5.93;4.88;2.86;0.00;0.00;0.00;0.03;0.04;0.04;3.01;7.72;0.80;21.83;17.73;10.38;4.51;0.80;0.66;0.18;0.40;10.42;3.58;1.51;7.26;2.30;0.00;0.00;0.50;0.59;0.00;61.39;287.80;1798.44;63.26;22.51;12.22;3.90;8.59;13.94;32.60;208.45;51.19;52.71;17.97;
081020;18:02:24;2.82;17.60;11.71;4.39;5.90;4.86;2.85;0.00;0.00;0.00;0.03;0.04;0.04;3.01;7.72;0.80;21.83;17.73;10.38;4.46;0.79;0.65;0.18;0.39;10.57;3.60;1.55;7.33;2.32;0.00;0.00;0.50;0.59;0.00;145.10;9159.02;104170.19;89.84;172.31;9.08;3.03;6.76;0.37;1.10;3.07;2.40;3.68;0.46;
081020;18:02:26;2.81;17.58;11.70;4.38;5.90;4.86;2.85;0.00;0.00;0.00;0.03;0.04;0.04;3.04;7.73;0.81;21.92;17.76;10.45;4.43;0.79;0.64;0.18;0.39;10.45;3.58;1.51;7.28;2.31;0.00;0.00;0.50;0.59;0.00;81.68;907.75;6920.10;71.07;44.24;13.26;4.18;9.17;0.79;2.23;7.43;4.55;6.43;0.99;
081020;18:02:28;2.82;17.61;11.71;4.39;5.91;4.86;2.85;0.00;0.00;0.00;0.03;0.04;0.04;2.99;7.71;0.79;21.76;17.70;10.33;4.43;0.79;0.64;0.18;0.39;10.28;3.56;1.46;7.20;2.29;0.00;0.00;0.50;0.59;0.00;91.66;1443.18;11921.11;74.49;58.11;14.12;4.41;9.64;2.83;7.34;32.66;13.34;16.37;3.58;
081020;18:02:31;2.82;17.62;11.72;4.39;5.91;4.87;2.85;0.00;0.00;0.00;0.03;0.04;0.04;2.95;7.69;0.78;21.65;17.64;10.24;4.40;0.78;0.63;0.18;0.39;10.54;3.59;1.54;7.31;2.31;0.00;0.00;0.50;0.59;0.00;74.19;616.64;4396.51;68.34;35.24;11.46;3.69;8.15;5.33;13.27;68.21;22.76;26.05;6.80;
081020;18:02:33;2.81;17.58;11.70;4.38;5.90;4.86;2.85;0.00;0.00;0.00;0.03;0.04;0.04;2.92;7.67;0.76;21.54;17.60;10.16;4.36;0.78;0.62;0.18;0.39;10.45;3.58;1.51;7.27;2.30;0.00;0.00;0.50;0.59;0.00;114.56;3539.84;34152.35;81.59;98.50;9.60;3.18;7.07;2.96;7.65;34.37;13.84;16.90;3.75;
081020;18:02:35;2.81;17.57;11.69;4.38;5.89;4.86;2.84;0.00;0.00;0.00;0.03;0.04;0.04;2.94;7.68;0.77;21.60;17.62;10.21;4.35;0.78;0.62;0.18;0.39;10.21;3.54;1.44;7.17;2.28;0.00;0.00;0.50;0.59;0.00;153.76;11564.29;136943.47;91.99;197.64;16.00;4.91;10.66;2.79;7.26;32.18;13.20;16.22;3.54;
081020;18:02:38;2.81;17.53;11.67;4.37;5.88;4.85;2.84;0.00;0.00;0.00;0.03;0.04;0.04;2.89;7.65;0.75;21.45;17.56;10.09;4.32;0.78;0.62;0.17;0.39;10.24;3.55;1.45;7.18;2.29;0.00;0.00;0.50;0.59;0.00;61.58;291.46;1825.30;63.34;22.68;17.17;5.21;11.29;11.01;26.15;158.44;41.95;44.34;14.15;
081020;18:02:40;2.80;17.48;11.65;4.36;5.87;4.84;2.83;0.00;0.00;0.00;0.03;0.04;0.04;2.88;7.65;0.75;21.42;17.54;10.07;4.29;0.77;0.61;0.17;0.39;10.39;3.57;1.49;7.25;2.30;0.00;0.00;0.50;0.59;0.00;119.24;4158.55;41256.06;82.93;108.29;13.13;4.15;9.10;1.23;3.36;12.37;6.59;8.87;1.54;
081020;18:02:42;2.80;17.44;11.62;4.35;5.85;4.83;2.83;0.00;0.00;0.00;0.03;0.04;0.04;2.88;7.64;0.75;21.41;17.54;10.06;4.27;0.77;0.60;0.17;0.38;10.20;3.54;1.44;7.16;2.28;0.00;0.00;0.50;0.59;0.00;167.68;16385.95;206105.41;95.30;242.60;16.49;5.04;10.93;0.26;0.80;2.08;1.81;2.88;0.33;
081020;18:02:45;2.79;17.39;11.60;4.34;5.84;4.82;2.82;0.00;0.00;0.00;0.03;0.04;0.04;2.90;7.66;0.76;21.49;17.58;10.12;4.25;0.77;0.60;0.17;0.38;10.23;3.55;1.45;7.18;2.29;0.00;0.00;0.50;0.59;0.00;146.39;9488.94;108585.49;90.16;175.93;13.86;4.34;9.50;0.52;1.51;4.57;3.20;4.73;0.65;
081020;18:02:47;2.79;17.38;11.59;4.34;5.84;4.82;2.82;0.00;0.00;0.00;0.03;0.04;0.04;2.88;7.65;0.75;21.43;17.55;10.07;4.24;0.77;0.60;0.17;0.38;10.39;3.57;1.49;7.25;2.30;0.00;0.00;0.50;0.59;0.00;70.98;515.88;3566.33;67.12;31.73;9.72;3.21;7.14;1.51;4.07;15.68;7.83;10.30;1.89;
081020;18:02:49;2.79;17.38;11.59;4.34;5.84;4.82;2.82;0.00;0.00;0.00;0.03;0.04;0.04;2.88;7.64;0.75;21.41;17.54;10.06;4.21;0.77;0.59;0.17;0.38;10.20;3.54;1.44;7.16;2.28;0.00;0.00;0.50;0.59;0.00;65.93;383.44;2518.09;65.13;26.65;14.05;4.39;9.61;4.22;10.67;51.96;18.68;21.94;5.37;
081020;18:02:52;2.79;17.34;11.57;4.33;5.82;4.81;2.82;0.00;0.00;0.00;0.03;0.04;0.04;2.88;7.64;0.75;21.41;17.54;10.06;4.19;0.76;0.59;0.17;0.38;10.09;3.53;1.40;7.12;2.27;0.00;0.00;0.50;0.59;0.00;140.12;7958.19;88337.51;88.57;158.64;14.45;4.50;9.82;1.34;3.64;13.65;7.08;9.44;1.68;
081020;18:02:54;2.79;17.33;11.57;4.33;5.82;4.81;2.82;0.00;0.00;0.00;0.03;0.04;0.04;2.88;7.64;0.75;21.41;17.54;10.06;4.19;0.76;0.59;0.17;0.38;10.07;3.52;1.40;7.11;2.27;0.00;0.00;0.50;0.59;0.00;128.31;5583.43;58289.91;85.44;128.79;17.35;5.26;11.38;0.85;2.38;8.04;4.83;6.76;1.06;
081020;18:02:56;2.79;17.33;11.56;4.33;5.82;4.81;2.82;0.00;0.00;0.00;0.03;0.04;0.04;2.85;7.63;0.74;21.33;17.50;10.00;4.16;0.76;0.58;0.17;0.38;10.21;3.54;1.44;7.17;2.28;0.00;0.00;0.50;0.59;0.00;47.66;103.96;544.64;57.06;12.37;10.78;3.51;7.76;12.94;30.41;191.19;48.07;49.92;16.67;
081020;18:02:59;2.79;17.33;11.56;4.33;5.82;4.81;2.82;0.00;0.00;0.00;0.03;0.04;0.04;2.79;7.60;0.72;21.14;17.42;9.86;4.12;0.76;0.57;0.17;0.38;10.09;3.53;1.41;7.12;2.27;0.00;0.00;0.50;0.59;0.00;60.43;270.10;1669.38;62.85;21.69;10.04;3.30;7.33;21.92;49.77;352.77;74.98;73.47;28.39;
081020;18:03:01;2.79;17.33;11.56;4.33;5.82;4.81;2.82;0.00;0.00;0.00;0.03;0.04;0.04;2.78;7.59;0.71;21.11;17.40;9.83;4.11;0.76;0.57;0.17;0.38;10.07;3.52;1.40;7.11;2.27;0.00;0.00;0.50;0.59;0.00;69.89;484.99;3317.13;66.70;30.60;12.86;4.08;8.95;2.12;5.60;23.30;10.44;13.23;2.67;
081020;18:03:03;2.79;17.33;11.56;4.33;5.82;4.81;2.82;0.00;0.00;0.00;0.03;0.04;0.04;2.83;7.62;0.73;21.27;17.47;9.95;4.11;0.76;0.57;0.17;0.38;10.13;3.53;1.42;7.14;2.28;0.00;0.00;0.50;0.59;0.00;92.15;1474.28;12222.99;74.65;58.84;14.74;4.58;9.99;1.67;4.47;17.63;8.53;11.09;2.10;
081020;18:03:06;2.79;17.33;11.56;4.33;5.82;4.81;2.82;0.00;0.00;0.00;0.03;0.04;0.04;2.84;7.62;0.73;21.30;17.49;9.98;4.10;0.75;0.57;0.17;0.38;10.29;3.56;1.47;7.21;2.29;0.00;0.00;0.50;0.59;0.00;107.68;2758.50;25489.73;79.55;85.07;11.97;3.83;8.44;3.01;7.79;35.14;14.06;17.14;3.82;
081020;18:03:08;2.79;17.33;11.56;4.33;5.82;4.81;2.82;0.00;0.00;0.00;0.03;0.04;0.04;2.79;7.60;0.72;21.14;17.42;9.86;4.11;0.76;0.57;0.17;0.38;10.33;3.56;1.47;7.22;2.29;0.00;0.00;0.50;0.59;0.00;104.65;2459.81;22283.21;78.63;79.52;12.87;4.08;8.95;1.86;4.97;20.12;9.38;12.05;2.35;
081020;18:03:10;2.79;17.33;11.56;4.33;5.82;4.81;2.82;0.00;0.00;0.00;0.03;0.04;0.04;2.78;7.59;0.71;21.11;17.40;9.83;4.09;0.75;0.56;0.17;0.38;10.11;3.53;1.41;7.13;2.28;0.00;0.00;0.50;0.59;0.00;104.02;2400.20;21651.12;78.44;78.38;12.66;4.02;8.84;1.49;4.02;15.44;7.74;10.20;1.87;
081020;18:03:12;2.79;17.33;11.56;4.33;5.82;4.81;2.82;0.00;0.00;0.00;0.03;0.04;0.04;2.75;7.57;0.70;21.02;17.36;9.77;4.08;0.75;0.56;0.17;0.38;10.07;3.52;1.40;7.11;2.27;0.00;0.00;0.50;0.59;0.00;119.46;4188.37;41603.32;82.99;108.75;10.57;3.45;7.64;1.65;4.43;17.41;8.45;11.00;2.07;
081020;18:03:15;2.79;17.33;11.56;4.33;5.82;4.81;2.82;0.00;0.00;0.00;0.03;0.03;0.04;2.75;7.57;0.70;21.00;17.35;9.75;4.04;0.75;0.56;0.16;0.37;9.99;3.51;1.38;7.08;2.26;0.00;0.00;0.50;0.59;0.00;92.31;1484.83;12325.71;74.71;59.09;12.18;3.89;8.56;0.63;1.80;5.69;3.76;5.44;0.78;
081020;18:03:17;2.78;17.29;11.54;4.32;5.81;4.80;2.81;0.00;0.00;0.00;0.03;0.04;0.04;2.72;7.56;0.69;20.91;17.32;9.69;4.04;0.75;0.55;0.16;0.37;10.19;3.54;1.43;7.16;2.28;0.00;0.00;0.50;0.59;0.00;113.74;3438.06;33003.36;81.35;96.83;13.22;4.17;9.15;0.82;2.31;7.74;4.69;6.60;1.02;
081020;18:03:19;2.78;17.24;11.52;4.31;5.80;4.79;2.81;0.00;0.00;0.00;0.03;0.03;0.04;2.72;7.55;0.69;20.90;17.31;9.68;4.02;0.75;0.55;0.16;0.37;10.16;3.54;1.43;7.15;2.28;0.00;0.00;0.50;0.59;0.00;176.12;19962.09;259814.33;97.23;272.47;10.30;3.37;7.48;0.35;1.05;2.92;2.31;3.57;0.44;
081020;18:03:22;2.77;17.23;11.51;4.30;5.79;4.79;2.80;0.00;0.00;0.00;0.03;0.03;0.04;2.72;7.55;0.69;20.89;17.31;9.68;3.98;0.74;0.54;0.16;0.37;10.08;3.53;1.40;7.11;2.27;0.00;0.00;0.50;0.59;0.00;167.18;16188.31;203192.31;95.18;240.87;13.17;4.16;9.12;0.19;0.59;1.41;1.36;2.25;0.23;
081020;18:03:24;2.76;17.11;11.45;4.28;5.76;4.77;2.79;0.00;0.00;0.00;0.03;0.03;0.04;2.72;7.55;0.69;20.89;17.31;9.67;3.97;0.74;0.54;0.16;0.37;10.14;3.53;1.42;7.14;2.28;0.00;0.00;0.50;0.59;0.00;207.34;38487.14;561201.69;103.92;400.88;11.62;3.74;8.24;0.29;0.86;2.27;1.93;3.04;0.35;
081020;18:03:26;2.76;17.09;11.44;4.27;5.75;4.76;2.79;0.00;0.00;0.00;0.03;0.03;0.04;2.72;7.55;0.69;20.89;17.31;9.67;3.96;0.74;0.54;0.16;0.37;10.08;3.53;1.40;7.11;2.27;0.00;0.00;0.50;0.59;0.00;87.24;1183.21;9443.41;73.01;51.70;15.57;4.80;10.44;1.08;2.99;10.68;5.93;8.09;1.36;
081020;18:03:29;2.76;17.09;11.44;4.27;5.75;4.76;2.79;0.00;0.00;0.00;0.03;0.03;0.04;2.72;7.55;0.69;20.89;17.31;9.67;3.96;0.74;0.54;0.16;0.37;10.06;3.52;1.40;7.11;2.27;0.00;0.00;0.50;0.59;0.00;152.99;11331.80;133719.52;91.80;195.29;14.95;4.63;10.10;0.32;0.95;2.58;2.12;3.30;0.39;
081020;18:03:31;2.76;17.08;11.44;4.27;5.75;4.76;2.79;0.00;0.00;0.00;0.03;0.03;0.04;2.72;7.55;0.69;20.89;17.31;9.67;3.96;0.74;0.54;0.16;0.37;10.13;3.53;1.42;7.14;2.28;0.00;0.00;0.50;0.59;0.00;101.12;2142.29;18948.11;77.54;73.31;11.92;3.82;8.41;1.01;2.81;9.91;5.62;7.71;1.27;
081020;18:03:33;2.76;17.08;11.44;4.27;5.75;4.76;2.79;0.00;0.00;0.00;0.03;0.03;0.04;2.69;7.54;0.68;20.81;17.27;9.61;3.90;0.73;0.53;0.16;0.37;10.08;3.53;1.40;7.11;2.27;0.00;0.00;0.50;0.59;0.00;96.43;1769.88;15145.28;76.05;65.52;16.33;4.99;10.85;3.53;9.02;42.18;16.06;19.23;4.48;
