4.58,34.68,19.94,8.08,10.79,7.89,4.67||0.00,0.00,0.00,0.08,0.07,0.08||60.87,14.55,69.38,78.09,35.56,80.24||12.91,1.43,3.37,0.48,0.70||55.02,7.12,50.77,20.28,4.43||0.02,0.06,0.70,0.81,0.01||27.37,11.16,39.73,45.50,3.33||14.53,4.52,9.87||24.12,54.41,394.20,81.27,78.80,31.27||
3.10,20.13,13.01,4.95,6.65,5.35,3.14||0.00,0.00,0.00,0.04,0.04,0.04||5.27,8.68,1.84,27.67,20.17,15.18||5.55,0.89,0.91,0.22,0.44||18.60,4.54,5.12,10.38,2.89||0.00,0.01,0.53,0.63,0.00||37.18,38.27,168.66,51.56,6.87||9.11,3.04,6.78||10.35,24.68,147.48,39.82,42.38,13.30||
2.89,18.25,12.05,4.53,6.10,4.99,2.92||0.00,0.00,0.00,0.03,0.04,0.04||3.39,7.91,0.96,22.96,18.22,11.25||4.69,0.81,0.70,0.20,0.41||14.65,4.12,3.09,8.96,2.63||0.00,0.01,0.51,0.60,0.00||33.72,25.84,106.38,49.55,5.45||11.94,3.83,8.43||1.22,3.36,12.33,6.58,8.87,1.54||
2.87,17.91,11.87,4.46,5.99,4.92,2.88||0.00,0.00,0.00,0.03,0.04,0.04||3.11,7.77,0.84,22.13,17.86,10.61||4.54,0.80,0.67,0.18,0.42||14.35,4.08,2.96,8.87,2.61||0.00,0.01,0.50,0.60,0.00||52.96,158.92,896.06,59.56,15.87||10.68,3.48,7.70||0.94,2.63,9.09,5.27,7.30,1.18||
2.84,17.76,11.79,4.42,5.95,4.89,2.87||0.00,0.00,0.00,0.03,0.04,0.04||3.06,7.74,0.82,21.97,17.79,10.49||4.51,0.80,0.66,0.18,0.42||14.41,4.09,2.99,8.87,2.62||0.00,0.01,0.50,0.60,0.00||34.81,29.36,123.60,50.20,5.88||9.96,3.28,7.28||0.35,1.05,2.92,2.31,3.56,0.44||
2.82,17.66,11.74,4.42,5.92,4.87,2.87||0.00,0.00,0.00,0.03,0.04,0.04||3.05,7.74,0.82,21.94,17.77,10.46||4.49,0.79,0.65,0.18,0.42||14.18,4.06,2.88,8.78,2.60||0.00,0.01,0.50,0.60,0.00||34.59,28.62,119.94,50.06,5.79||7.83,2.67,6.00||0.32,0.97,2.62,2.14,3.33,0.42||
2.82,17.64,11.73,4.42,5.91,4.87,2.87||0.00,0.00,0.00,0.03,0.04,0.04||3.04,7.74,0.81,21.93,17.77,10.46||4.49,0.79,0.65,0.18,0.42||14.13,4.06,2.87,8.76,2.60||0.00,0.01,0.50,0.60,0.00||44.15,76.39,379.42,55.30,10.32||12.25,3.91,8.60||0.25,0.75,1.92,1.71,2.74,0.30||
2.82,17.60,11.71,4.39,5.90,4.86,2.87||0.00,0.00,0.00,0.03,0.04,0.04||3.04,7.74,0.81,21.93,17.77,10.46||4.48,0.79,0.65,0.18,0.39||14.13,4.06,2.86,8.76,2.60||0.00,0.01,0.50,0.60,0.00||39.16,47.18,215.58,52.66,7.77||11.44,3.69,8.14||0.25,0.77,1.97,1.74,2.79,0.31||
2.82,17.59,11.70,4.38,5.90,4.86,2.87||0.00,0.00,0.00,0.03,0.04,0.04||3.04,7.74,0.81,21.93,17.77,10.46||4.48,0.79,0.65,0.18,0.39||14.00,4.04,2.81,8.71,2.59||0.00,0.01,0.50,0.60,0.00||22.66,5.22,16.31,42.13,2.13||10.26,3.36,7.46||59.26,126.08,1120.68,173.44,152.37,77.60||
2.82,17.59,11.70,4.38,5.90,4.86,2.87||0.00,0.00,0.00,0.03,0.04,0.04||3.04,7.74,0.81,21.93,17.77,10.46||4.46,0.79,0.65,0.18,0.39||13.98,4.04,2.80,8.71,2.58||0.00,0.01,0.50,0.60,0.00||34.99,29.99,126.72,50.30,5.95||6.12,2.17,4.92||8.39,20.28,115.56,33.36,36.33,10.76||
2.82,17.59,11.70,4.38,5.90,4.86,2.87||0.00,0.00,0.00,0.03,0.04,0.04||3.01,7.72,0.80,21.84,17.73,10.39||4.48,0.79,0.65,0.18,0.39||14.10,4.05,2.87,8.75,2.59||0.00,0.01,0.50,0.60,0.00||33.43,24.97,102.18,49.37,5.35||10.36,3.39,7.52||1.52,4.11,15.87,7.90,10.38,1.91||
2.82,17.59,11.70,4.38,5.90,4.86,2.87||0.00,0.00,0.00,0.03,0.04,0.04||3.01,7.72,0.80,21.82,17.72,10.37||4.43,0.79,0.64,0.18,0.39||13.76,4.01,2.71,8.62,2.57||0.00,0.00,0.50,0.60,0.00||39.55,49.10,225.92,52.88,7.96||17.93,5.41,11.69||1.09,3.00,10.72,5.94,8.10,1.36||
2.82,17.59,11.70,4.38,5.90,4.86,2.87||0.00,0.00,0.00,0.03,0.04,0.04||2.95,7.68,0.78,21.64,17.64,10.23||4.43,0.79,0.64,0.18,0.39||13.81,4.02,2.73,8.64,2.57||0.00,0.00,0.50,0.59,0.00||39.21,47.41,216.81,52.69,7.79||20.87,6.15,13.21||0.24,0.73,1.84,1.66,2.67,0.29||
2.82,17.59,11.70,4.38,5.90,4.86,2.87||0.00,0.00,0.00,0.03,0.04,0.04||2.91,7.66,0.76,21.51,17.58,10.14||4.42,0.79,0.64,0.18,0.39||13.82,4.02,2.73,8.64,2.57||0.00,0.00,0.50,0.59,0.00||53.44,164.70,934.45,59.78,16.21||15.27,4.72,10.27||0.71,2.02,6.56,4.16,5.94,0.89||
2.82,17.59,11.70,4.38,5.90,4.86,2.87||0.00,0.00,0.00,0.03,0.04,0.04||2.96,7.69,0.78,21.66,17.65,10.25||4.49,0.79,0.65,0.18,0.42||13.94,4.03,2.78,8.69,2.58||0.00,0.00,0.50,0.59,0.00||29.61,15.32,57.61,46.99,4.01||13.51,4.25,9.31||0.17,0.53,1.24,1.25,2.08,0.21||
2.82,17.59,11.70,4.38,5.90,4.86,2.87||0.00,0.00,0.00,0.03,0.04,0.04||2.97,7.69,0.78,21.69,17.67,10.28||4.49,0.79,0.65,0.18,0.42||14.21,4.06,2.90,8.79,2.60||0.00,0.00,0.50,0.59,0.00||30.60,17.49,67.33,47.62,4.35||13.39,4.22,9.24||0.11,0.36,0.76,0.87,1.52,0.14||
2.82,17.59,11.70,4.38,5.90,4.86,2.87||0.00,0.00,0.00,0.03,0.04,0.04||2.94,7.68,0.77,21.61,17.63,10.21||4.50,0.79,0.66,0.18,0.42||14.38,4.09,2.97,8.86,2.61||0.00,0.00,0.50,0.59,0.00||31.08,18.63,72.48,47.93,4.50||8.65,2.91,6.50||0.48,1.42,4.18,3.00,4.48,0.60||
2.82,17.59,11.70,4.38,5.90,4.86,2.87||0.00,0.00,0.00,0.03,0.04,0.04||2.94,7.68,0.77,21.59,17.62,10.21||4.50,0.80,0.66,0.18,0.42||14.18,4.06,2.88,8.78,2.60||0.00,0.00,0.50,0.59,0.00||58.66,239.61,1450.55,62.10,20.21||10.09,3.32,7.36||0.16,0.49,1.14,1.17,1.97,0.20||
2.82,17.59,11.70,4.38,5.90,4.86,2.87||0.00,0.00,0.00,0.03,0.04,0.04||2.91,7.66,0.76,21.50,17.58,10.13||4.50,0.80,0.66,0.18,0.42||14.26,4.07,2.92,8.81,2.60||0.00,0.00,0.50,0.59,0.00||31.46,19.56,76.77,48.17,4.63||12.72,4.04,8.87||0.50,1.45,4.35,3.08,4.58,0.62||
2.82,17.59,11.70,4.38,5.90,4.86,2.87||0.00,0.00,0.00,0.03,0.04,0.04||2.90,7.66,0.76,21.48,17.57,10.12||4.50,0.80,0.66,0.18,0.42||14.27,4.07,2.92,8.82,2.61||0.00,0.00,0.50,0.59,0.00||47.28,100.66,524.44,56.87,12.14||8.25,2.79,6.26||0.81,2.28,7.63,4.65,6.54,1.01||
2.82,17.59,11.70,4.38,5.90,4.86,2.87||0.00,0.00,0.00,0.03,0.04,0.04||2.90,7.66,0.76,21.48,17.57,10.11||4.50,0.80,0.66,0.18,0.42||14.15,4.06,2.87,8.77,2.60||0.00,0.00,0.50,0.59,0.00||48.35,110.12,582.74,57.39,12.79||7.22,2.49,5.62||1.65,4.45,17.50,8.48,11.04,2.08||
2.82,17.59,11.70,4.38,5.90,4.86,2.87||0.00,0.00,0.00,0.03,0.04,0.04||2.87,7.64,0.75,21.39,17.53,10.05||4.50,0.80,0.66,0.18,0.42||14.25,4.07,2.92,8.81,2.60||0.00,0.00,0.50,0.59,0.00||51.93,146.81,816.53,59.09,15.15||9.06,3.03,6.75||0.51,1.48,4.41,3.12,4.63,0.63||
2.82,17.59,11.70,4.38,5.90,4.86,2.87||0.00,0.00,0.00,0.03,0.04,0.04||2.86,7.64,0.74,21.37,17.52,10.03||4.50,0.80,0.66,0.18,0.42||13.91,4.03,2.77,8.68,2.58||0.00,0.00,0.50,0.59,0.00||27.81,11.91,42.89,45.80,3.46||7.53,2.59,5.82||0.41,1.21,3.46,2.62,3.97,0.51||
2.82,17.59,11.70,4.38,5.90,4.86,2.87||0.00,0.00,0.00,0.03,0.04,0.04||2.86,7.64,0.74,21.37,17.52,10.03||4.50,0.80,0.66,0.18,0.42||14.21,4.06,2.89,8.79,2.60||0.00,0.00,0.50,0.59,0.00||23.91,6.49,21.02,43.07,2.42||12.02,3.87,8.48||0.18,0.55,1.30,1.28,2.14,0.22||
2.82,17.59,11.70,4.38,5.90,4.86,2.87||0.00,0.00,0.00,0.03,0.04,0.04||2.89,7.65,0.75,21.46,17.56,10.10||4.50,0.80,0.66,0.18,0.42||14.02,4.04,2.82,8.72,2.59||0.00,0.00,0.50,0.59,0.00||28.20,12.58,45.73,46.06,3.57||9.93,3.27,7.26||0.56,1.61,4.96,3.42,4.98,0.70||
2.82,17.59,11.70,4.38,5.90,4.86,2.87||0.00,0.00,0.00,0.03,0.04,0.04||2.87,7.64,0.75,21.38,17.53,10.04||4.50,0.80,0.66,0.18,0.42||14.10,4.05,2.87,8.75,2.59||0.00,0.00,0.50,0.59,0.00||35.95,33.44,143.98,50.86,6.35||8.72,2.93,6.55||0.52,1.50,4.53,3.18,4.71,0.64||
2.82,17.59,11.70,4.38,5.90,4.86,2.87||0.00,0.00,0.00,0.03,0.04,0.04||2.86,7.64,0.74,21.37,17.52,10.03||4.50,0.80,0.66,0.18,0.42||14.00,4.04,2.81,8.71,2.59||0.00,0.00,0.50,0.59,0.00||37.82,40.99,182.82,51.92,7.15||10.28,3.37,7.48||0.28,0.84,2.22,1.89,3.00,0.35||
2.82,17.59,11.70,4.38,5.90,4.86,2.87||0.00,0.00,0.00,0.03,0.04,0.04||2.86,7.64,0.74,21.37,17.52,10.03||4.50,0.80,0.66,0.18,0.42||13.98,4.04,2.80,8.70,2.58||0.00,0.00,0.50,0.59,0.00||37.13,38.08,167.67,51.53,6.87||8.96,3.00,6.69||2.35,6.16,26.27,11.39,14.27,2.97||
2.82,17.59,11.70,4.38,5.90,4.86,2.87||0.00,0.00,0.00,0.03,0.04,0.04||2.86,7.64,0.74,21.37,17.52,10.03||4.50,0.80,0.66,0.18,0.42||14.09,4.05,2.87,8.75,2.59||0.00,0.00,0.50,0.59,0.00||24.72,7.41,24.57,43.65,2.62||11.22,3.63,8.02||0.22,0.68,1.70,1.56,2.53,0.27||
2.84,17.77,11.80,4.43,5.95,4.90,2.87||0.00,0.00,0.00,0.03,0.04,0.04||2.86,7.64,0.74,21.37,17.52,10.03||4.52,0.80,0.66,0.18,0.42||14.00,4.04,2.81,8.71,2.59||0.00,0.00,0.50,0.59,0.00||41.48,59.42,282.45,53.91,8.90||10.12,3.32,7.38||0.16,0.49,1.14,1.17,1.97,0.20||
2.84,17.81,11.82,4.43,5.97,4.90,2.87||0.00,0.00,0.00,0.03,0.04,0.04||2.86,7.64,0.74,21.37,17.52,10.03||4.58,0.80,0.67,0.18,0.42||14.22,4.07,2.90,8.80,2.60||0.00,0.00,0.50,0.59,0.00||37.57,39.91,177.17,51.78,7.04||9.32,3.10,6.90||0.17,0.54,1.28,1.27,2.12,0.21||
2.87,17.93,11.88,4.46,6.00,4.93,2.89||0.00,0.00,0.00,0.03,0.04,0.04||2.89,7.65,0.75,21.46,17.56,10.10||4.66,0.81,0.69,0.20,0.42||14.02,4.04,2.82,8.72,2.59||0.00,0.00,0.50,0.59,0.00||30.01,16.17,61.38,47.25,4.14||13.79,4.32,9.46||2.11,5.58,23.20,10.42,13.20,2.66||
2.87,18.03,11.93,4.48,6.03,4.95,2.90||0.00,0.00,0.00,0.03,0.04,0.04||2.90,7.66,0.76,21.48,17.57,10.11||4.75,0.82,0.71,0.20,0.41||14.10,4.05,2.87,8.75,2.59||0.00,0.00,0.50,0.59,0.00||27.87,11.97,43.14,45.83,3.48||9.76,3.22,7.16||1.02,2.82,9.94,5.63,7.73,1.27||
2.87,18.05,11.94,4.49,6.04,4.95,2.90||0.00,0.00,0.00,0.03,0.04,0.04||2.90,7.66,0.76,21.48,17.57,10.11||4.87,0.83,0.74,0.20,0.41||14.00,4.04,2.81,8.71,2.59||0.00,0.00,0.50,0.59,0.00||42.23,63.93,307.89,54.31,9.29||8.63,2.90,6.49||1.89,5.02,20.38,9.48,12.15,2.38||
2.89,18.25,12.05,4.53,6.10,4.99,2.92||0.00,0.00,0.00,0.04,0.04,0.04||2.99,7.70,0.79,21.75,17.69,10.32||4.94,0.84,0.76,0.21,0.42||14.10,4.05,2.87,8.75,2.59||0.00,0.00,0.50,0.59,0.00||52.71,155.93,876.30,59.45,15.70||6.42,2.25,5.10||1.26,3.45,12.77,6.75,9.05,1.58||
2.90,18.29,12.07,4.54,6.11,5.00,2.93||0.00,0.00,0.00,0.04,0.04,0.04||3.03,7.73,0.81,21.89,17.75,10.43||5.04,0.87,0.78,0.21,0.42||14.12,4.05,2.86,8.76,2.59||0.00,0.00,0.50,0.59,0.00||46.75,96.22,497.44,56.61,11.82||7.28,2.51,5.66||0.50,1.46,4.42,3.11,4.62,0.63||
2.92,18.49,12.17,4.59,6.17,5.04,2.95||0.00,0.00,0.00,0.04,0.04,0.04||3.04,7.73,0.81,21.92,17.77,10.45||5.06,0.87,0.79,0.21,0.42||14.24,4.07,2.91,8.81,2.60||0.00,0.00,0.50,0.59,0.00||41.37,58.83,279.29,53.86,8.87||6.15,2.18,4.94||0.17,0.54,1.26,1.26,2.10,0.21||
2.92,18.53,12.20,4.60,6.18,5.04,2.96||0.00,0.00,0.00,0.04,0.04,0.04||3.04,7.74,0.81,21.93,17.77,10.45||5.14,0.86,0.81,0.21,0.43||14.39,4.09,2.98,8.86,2.61||0.00,0.00,0.50,0.59,0.00||21.10,3.92,11.66,40.93,1.80||8.39,2.83,6.35||0.58,1.67,5.18,3.51,5.12,0.72||
2.92,18.54,12.21,4.60,6.18,5.05,2.96||0.00,0.00,0.00,0.04,0.04,0.04||3.04,7.74,0.81,21.93,17.77,10.46||5.24,0.86,0.83,0.21,0.43||14.18,4.06,2.88,8.78,2.60||0.00,0.00,0.50,0.59,0.00||33.30,24.57,100.29,49.29,5.29||8.36,2.83,6.32||0.82,2.31,7.75,4.70,6.60,1.03||
2.93,18.62,12.24,4.62,6.21,5.06,2.97||0.00,0.00,0.00,0.04,0.04,0.04||3.04,7.74,0.81,21.93,17.77,10.46||5.31,0.87,0.87,0.21,0.43||14.38,4.08,2.97,8.86,2.61||0.00,0.00,0.50,0.59,0.00||32.32,21.79,87.10,48.70,4.93||7.00,2.43,5.48||2.84,7.38,32.86,13.42,16.43,3.60||
2.95,18.76,12.31,4.65,6.25,5.09,2.98||0.00,0.00,0.00,0.04,0.04,0.04||3.07,7.75,0.83,22.02,17.81,10.53||5.35,0.88,0.86,0.21,0.43||14.30,4.08,2.94,8.83,2.61||0.00,0.00,0.50,0.59,0.00||42.33,64.52,311.22,54.36,9.35||6.58,2.30,5.21||0.10,0.31,0.64,0.76,1.36,0.12||
2.95,18.79,12.32,4.65,6.26,5.09,2.99||0.00,0.00,0.00,0.04,0.04,0.04||3.05,7.74,0.82,21.95,17.78,10.48||5.41,0.88,0.87,0.21,0.44||14.28,4.07,2.93,8.82,2.61||0.00,0.00,0.50,0.59,0.00||29.49,15.08,56.55,46.91,3.97||6.48,2.27,5.15||0.42,1.22,3.52,2.65,4.01,0.52||
2.95,18.79,12.33,4.65,6.26,5.09,2.99||0.00,0.00,0.00,0.04,0.04,0.04||3.05,7.74,0.81,21.93,17.77,10.46||5.46,0.89,0.89,0.22,0.44||14.28,4.07,2.93,8.82,2.61||0.00,0.00,0.50,0.59,0.00||24.52,7.18,23.68,43.51,2.57||11.07,3.59,7.93||0.18,0.56,1.33,1.31,2.18,0.22||
2.96,18.83,12.35,4.66,6.27,5.10,2.99||0.00,0.00,0.00,0.04,0.04,0.04||3.07,7.75,0.83,22.02,17.81,10.53||5.50,0.89,0.90,0.22,0.44||14.42,4.09,2.98,8.87,2.61||0.00,0.00,0.50,0.60,0.00||40.05,51.62,239.59,53.15,8.20||11.99,3.84,8.46||1.28,3.49,12.96,6.82,9.13,1.60||
2.98,19.00,12.43,4.70,6.32,5.14,3.01||0.00,0.00,0.00,0.04,0.04,0.04||3.14,7.79,0.87,22.22,17.90,10.68||5.56,0.89,0.91,0.22,0.44||14.55,4.10,3.05,8.92,2.63||0.00,0.01,0.50,0.60,0.00||31.76,20.32,80.27,48.35,4.74||8.15,2.77,6.21||0.20,0.59,1.42,1.37,2.27,0.24||
2.98,19.04,12.45,4.71,6.33,5.14,3.02||0.00,0.00,0.00,0.04,0.04,0.04||3.22,7.83,0.88,22.45,18.00,10.86||5.57,0.90,0.91,0.22,0.44||14.45,4.09,3.00,8.89,2.62||0.00,0.01,0.50,0.60,0.00||24.82,7.54,25.08,43.73,2.64||13.69,4.30,9.41||0.21,0.65,1.60,1.50,2.44,0.26||
2.98,19.04,12.46,4.71,6.33,5.14,3.02||0.00,0.00,0.00,0.04,0.04,0.04||3.23,7.83,0.89,22.49,18.02,10.89||5.66,0.90,0.94,0.22,0.45||14.68,4.12,3.11,8.97,2.63||0.00,0.01,0.50,0.60,0.00||24.18,6.79,22.17,43.26,2.48||12.02,3.87,8.48||0.79,2.23,7.41,4.55,6.42,0.99||
2.98,19.04,12.46,4.71,6.33,5.14,3.02||0.00,0.00,0.00,0.04,0.04,0.04||3.24,7.84,0.89,22.50,18.02,10.90||5.68,0.90,0.94,0.22,0.45||14.48,4.10,3.02,8.90,2.62||0.00,0.01,0.50,0.60,0.00||44.11,76.17,378.13,55.28,10.30||11.14,3.61,7.97||0.45,1.31,3.82,2.81,4.23,0.55||
2.98,19.04,12.46,4.71,6.33,5.14,3.02||0.00,0.00,0.00,0.04,0.04,0.04||3.24,7.84,0.89,22.51,18.02,10.90||5.69,0.91,0.94,0.22,0.45||14.31,4.08,2.94,8.83,2.61||0.00,0.01,0.50,0.60,0.00||68.94,458.95,3109.21,66.32,29.62||11.79,3.78,8.35||0.36,1.05,2.93,2.32,3.57,0.44||
2.99,19.09,12.48,4.72,6.35,5.15,3.02||0.00,0.00,0.00,0.04,0.04,0.04||3.24,7.84,0.89,22.51,18.02,10.90||5.76,0.91,0.96,0.23,0.45||14.53,4.10,3.04,8.92,2.62||0.00,0.01,0.50,0.60,0.00||35.03,30.12,127.36,50.32,5.97||9.14,3.05,6.79||0.98,2.73,9.52,5.45,7.52,1.23||
3.00,19.22,12.54,4.75,6.38,5.18,3.04||0.00,0.00,0.00,0.04,0.04,0.04||3.24,7.84,0.89,22.51,18.02,10.90||5.79,0.91,0.97,0.23,0.45||14.57,4.11,3.06,8.93,2.63||0.00,0.01,0.50,0.60,0.00||22.44,5.02,15.57,41.96,2.08||9.50,3.15,7.01||5.58,13.87,71.92,23.65,26.93,7.12||
3.01,19.28,12.58,4.76,6.42,5.20,3.04||0.00,0.00,0.00,0.04,0.04,0.04||3.24,7.84,0.89,22.51,18.02,10.90||5.80,0.91,0.97,0.23,0.45||14.58,4.11,3.06,8.94,2.63||0.00,0.01,0.50,0.60,0.00||28.68,13.48,49.56,46.38,3.72||11.09,3.59,7.94||1.21,3.29,12.04,6.46,8.72,1.50||
3.01,19.30,12.59,4.77,6.41,5.20,3.05||0.00,0.00,0.00,0.04,0.04,0.05||3.24,7.84,0.89,22.51,18.02,10.90||5.80,0.92,0.97,0.23,0.45||14.58,4.11,3.06,8.94,2.63||0.00,0.01,0.50,0.60,0.00||35.17,30.61,129.81,50.42,6.03||12.45,3.96,8.72||2.91,7.53,33.69,13.64,16.69,3.68||
3.01,19.30,12.59,4.77,6.41,5.20,3.05||0.00,0.00,0.00,0.04,0.04,0.04||3.24,7.84,0.89,22.51,18.02,10.90||5.89,0.92,1.00,0.23,0.46||14.21,4.07,2.90,8.80,2.60||0.00,0.01,0.50,0.60,0.00||53.76,168.72,961.25,59.93,16.44||14.78,4.59,10.01||1.59,4.29,16.76,8.22,10.74,2.01||
3.01,19.30,12.59,4.77,6.41,5.20,3.05||0.00,0.00,0.00,0.04,0.04,0.05||3.27,7.87,0.90,22.60,18.06,10.97||5.91,0.92,1.00,0.23,0.46||14.39,4.09,2.97,8.86,2.61||0.00,0.01,0.50,0.60,0.00||34.73,29.10,122.29,50.15,5.87||10.61,3.46,7.66||0.39,1.14,3.23,2.49,3.80,0.48||
3.01,19.35,12.61,4.78,6.42,5.21,3.05||0.00,0.00,0.00,0.04,0.04,0.04||3.24,7.84,0.89,22.52,18.03,10.91||5.91,0.92,1.00,0.23,0.46||14.67,4.12,3.10,8.97,2.63||0.00,0.01,0.50,0.60,0.00||32.93,23.50,95.17,49.07,5.16||13.59,4.27,9.35||0.10,0.32,0.66,0.79,1.42,0.12||
3.02,19.43,12.66,4.80,6.45,5.22,3.06||0.00,0.00,0.00,0.04,0.04,0.05||3.30,7.87,0.92,22.70,18.11,11.05||5.93,0.93,1.01,0.23,0.46||14.48,4.10,3.01,8.89,2.62||0.00,0.01,0.50,0.60,0.00||47.98,106.77,562.00,57.21,12.56||8.84,2.96,6.62||0.07,0.25,0.48,0.62,1.14,0.09||
3.03,19.45,12.66,4.80,6.45,5.22,3.06||0.00,0.00,0.00,0.04,0.04,0.05||3.35,7.89,0.94,22.83,18.16,11.15||6.01,0.93,1.03,0.24,0.46||14.44,4.09,3.00,8.88,2.62||0.00,0.01,0.50,0.60,0.00||28.72,13.56,49.93,46.41,3.73||11.33,3.66,8.08||0.27,0.81,2.09,1.82,2.89,0.33||
3.04,19.54,12.71,4.82,6.48,5.24,3.07||0.00,0.00,0.00,0.04,0.04,0.05||3.42,7.93,0.97,23.04,18.26,11.32||6.02,0.93,1.03,0.24,0.46||14.56,4.11,3.05,8.92,2.63||0.00,0.01,0.50,0.60,0.00||17.35,1.78,4.63,37.79,1.13||11.71,3.76,8.30||0.38,1.12,3.14,2.44,3.74,0.48||
3.04,19.56,12.72,4.82,6.48,5.24,3.08||0.00,0.00,0.00,0.04,0.04,0.05||3.44,7.94,0.97,23.09,18.28,11.35||6.02,0.93,1.03,0.24,0.46||14.58,4.11,3.06,8.93,2.63||0.00,0.01,0.50,0.60,0.00||23.76,6.32,20.39,42.95,2.38||6.73,2.35,5.31||0.78,2.21,7.32,4.51,6.37,0.98||
3.04,19.56,12.72,4.83,6.48,5.24,3.08||0.00,0.00,0.00,0.04,0.04,0.05||3.44,7.94,0.98,23.09,18.28,11.36||6.02,0.93,1.03,0.24,0.46||14.46,4.09,3.01,8.89,2.62||0.00,0.01,0.50,0.60,0.00||33.93,26.51,109.62,49.67,5.54||10.81,3.52,7.78||0.18,0.56,1.33,1.31,2.17,0.22||
3.04,19.56,12.72,4.83,6.48,5.24,3.08||0.00,0.00,0.00,0.04,0.04,0.05||3.44,7.94,0.98,23.10,18.28,11.36||6.06,0.94,1.04,0.24,0.48||14.56,4.11,3.05,8.93,2.63||0.00,0.01,0.50,0.60,0.00||24.14,6.74,22.00,43.24,2.48||11.94,3.83,8.43||1.65,4.43,17.43,8.46,11.01,2.08||
3.04,19.56,12.72,4.83,6.48,5.24,3.08||0.00,0.00,0.00,0.04,0.04,0.05||3.44,7.94,0.98,23.10,18.28,11.36||6.13,0.94,1.06,0.24,0.48||14.58,4.11,3.06,8.93,2.63||0.00,0.01,0.50,0.60,0.00||45.00,82.50,415.25,55.73,10.79||7.43,2.56,5.75||4.87,12.21,61.46,21.10,24.39,6.21||
3.04,19.56,12.72,4.83,6.48,5.24,3.08||0.00,0.00,0.00,0.04,0.04,0.05||3.44,7.94,0.98,23.10,18.28,11.36||6.14,0.94,1.06,0.24,0.48||14.58,4.11,3.06,8.94,2.63||0.00,0.01,0.50,0.60,0.00||41.50,59.55,283.30,53.92,8.91||8.49,2.86,6.42||0.24,0.74,1.87,1.67,2.69,0.30||
3.04,19.56,12.72,4.83,6.48,5.24,3.08||0.00,0.00,0.00,0.04,0.04,0.05||3.44,7.94,0.98,23.10,18.28,11.36||6.14,0.94,1.06,0.24,0.48||14.58,4.11,3.06,8.94,2.63||0.00,0.01,0.50,0.60,0.00||27.35,11.13,39.62,45.49,3.32||8.10,2.75,6.17||0.35,1.03,2.84,2.27,3.51,0.43||
3.04,19.56,12.72,4.83,6.48,5.24,3.08||0.00,0.00,0.00,0.04,0.04,0.05||3.44,7.94,0.98,23.10,18.28,11.36||6.14,0.95,1.06,0.24,0.48||14.46,4.09,3.01,8.89,2.62||0.00,0.01,0.50,0.60,0.00||34.48,28.27,118.21,50.00,5.75||9.81,3.24,7.21||0.39,1.16,3.28,2.51,3.83,0.48||
3.04,19.56,12.72,4.83,6.48,5.24,3.08||0.00,0.00,0.00,0.04,0.05,0.05||3.44,7.94,0.98,23.10,18.28,11.36||6.14,0.95,1.06,0.24,0.48||14.68,4.12,3.11,8.97,2.63||0.00,0.01,0.50,0.60,0.00||46.76,96.29,497.84,56.61,11.82||9.08,3.03,6.76||0.11,0.37,0.78,0.89,1.55,0.14||
3.06,19.73,12.81,4.86,6.53,5.27,3.10||0.00,0.00,0.00,0.04,0.05,0.05||3.44,7.94,0.98,23.10,18.28,11.36||6.22,0.95,1.08,0.24,0.48||14.60,4.11,3.07,8.94,2.63||0.00,0.01,0.50,0.60,0.00||34.02,26.77,110.92,49.72,5.57||11.21,3.63,8.01||0.38,1.12,3.14,2.44,3.73,0.48||
3.07,19.81,12.87,4.88,6.56,5.29,3.10||0.00,0.00,0.00,0.04,0.04,0.05||3.44,7.94,0.98,23.10,18.28,11.36||6.25,0.95,1.09,0.24,0.48||14.46,4.09,3.01,8.89,2.62||0.00,0.01,0.50,0.60,0.00||32.36,21.91,87.67,48.72,4.95||7.87,2.68,6.02||0.61,1.76,5.52,3.67,5.33,0.76||
3.07,19.82,12.87,4.88,6.56,5.29,3.11||0.00,0.00,0.00,0.04,0.04,0.05||3.44,7.94,0.98,23.10,18.28,11.36||6.26,0.96,1.09,0.24,0.48||14.44,4.09,3.00,8.88,2.62||0.00,0.01,0.50,0.60,0.00||42.28,64.21,309.42,54.33,9.31||7.03,2.44,5.50||0.23,0.69,1.74,1.59,2.57,0.28||
3.07,19.82,12.87,4.88,6.56,5.29,3.11||0.00,0.00,0.00,0.04,0.05,0.05||3.44,7.94,0.98,23.10,18.28,11.36||6.26,0.96,1.10,0.24,0.48||14.56,4.11,3.05,8.92,2.63||0.00,0.01,0.50,0.60,0.00||30.88,18.14,70.24,47.80,4.43||10.38,3.42,7.53||0.67,1.90,6.07,3.93,5.66,0.83||
3.07,19.82,12.87,4.88,6.56,5.29,3.11||0.00,0.00,0.00,0.05,0.05,0.05||3.51,7.97,1.00,23.29,18.36,11.51||6.26,0.96,1.10,0.24,0.48||14.58,4.11,3.06,8.93,2.63||0.00,0.01,0.50,0.60,0.00||43.21,70.06,342.82,54.82,9.81||9.00,3.01,6.71||0.46,1.35,3.95,2.88,4.31,0.57||
3.07,19.82,12.87,4.88,6.56,5.29,3.11||0.00,0.00,0.00,0.05,0.05,0.05||3.56,7.99,1.03,23.42,18.42,11.62||6.26,0.96,1.10,0.24,0.48||14.46,4.09,3.01,8.89,2.62||0.00,0.01,0.50,0.60,0.00||32.79,23.10,93.30,48.99,5.11||7.28,2.51,5.66||11.41,27.03,165.16,43.23,45.51,14.67||
3.07,19.82,12.87,4.88,6.56,5.29,3.11||0.00,0.00,0.00,0.05,0.05,0.05||3.50,7.97,1.00,23.26,18.35,11.49||6.26,0.96,1.10,0.24,0.48||14.81,4.14,3.16,9.02,2.64||0.00,0.01,0.50,0.60,0.00||57.26,217.50,1294.79,61.49,19.09||7.48,2.57,5.78||23.45,53.01,381.59,79.37,77.21,30.42||
3.07,19.82,12.87,4.88,6.56,5.29,3.11||0.00,0.00,0.00,0.05,0.05,0.05||3.62,8.03,1.05,23.61,18.50,11.77||6.35,0.96,1.12,0.25,0.48||14.63,4.11,3.08,8.95,2.63||0.00,0.01,0.50,0.60,0.00||45.46,85.93,435.62,55.96,11.06||11.82,3.79,8.36||0.63,1.81,5.72,3.77,5.45,0.79||
3.07,19.82,12.87,4.88,6.56,5.29,3.11||0.00,0.00,0.00,0.05,0.05,0.05||3.65,8.04,1.07,23.68,18.53,11.83||6.30,0.96,1.10,0.25,0.48||14.48,4.10,3.01,8.89,2.62||0.00,0.01,0.50,0.60,0.00||50.13,127.36,691.13,58.24,13.94||13.25,4.18,9.16||0.13,0.42,0.92,1.00,1.72,0.16||
3.07,19.82,12.87,4.88,6.56,5.29,3.11||0.00,0.00,0.00,0.05,0.05,0.05||3.66,8.04,1.07,23.70,18.54,11.84||6.35,0.96,1.12,0.25,0.48||14.56,4.11,3.05,8.93,2.63||0.00,0.01,0.50,0.60,0.00||20.42,3.42,9.92,40.36,1.66||15.36,4.74,10.32||0.13,0.41,0.90,0.98,1.69,0.16||
3.07,19.82,12.87,4.88,6.56,5.29,3.11||0.00,0.00,0.00,0.05,0.05,0.05||3.66,8.04,1.07,23.70,18.54,11.84||6.37,0.96,1.13,0.25,0.48||14.70,4.12,3.12,8.98,2.64||0.00,0.01,0.50,0.60,0.00||32.28,21.68,86.61,48.67,4.92||11.86,3.81,8.38||0.37,1.08,3.03,2.38,3.65,0.45||
3.07,19.82,12.87,4.88,6.56,5.29,3.11||0.00,0.00,0.00,0.05,0.05,0.05||3.66,8.04,1.07,23.70,18.54,11.84||6.28,0.96,1.10,0.25,0.48||14.61,4.11,3.07,8.94,2.63||0.00,0.01,0.50,0.60,0.00||24.73,7.43,24.65,43.66,2.62||11.20,3.62,8.00||0.35,1.01,2.78,2.23,3.46,0.42||
3.07,19.82,12.87,4.88,6.56,5.29,3.11||0.00,0.00,0.00,0.05,0.05,0.05||3.66,8.04,1.07,23.70,18.54,11.84||6.17,0.95,1.07,0.24,0.48||14.71,4.12,3.12,8.98,2.64||0.00,0.01,0.50,0.60,0.00||39.79,50.32,232.50,53.01,8.07||11.30,3.65,8.06||1.36,3.70,13.91,7.18,9.55,1.71||
3.07,19.82,12.87,4.88,6.56,5.29,3.11||0.00,0.00,0.00,0.05,0.05,0.05||3.66,8.04,1.07,23.70,18.54,11.84||6.11,0.94,1.05,0.24,0.48||14.61,4.11,3.07,8.95,2.63||0.00,0.01,0.50,0.60,0.00||25.35,8.20,27.63,44.10,2.77||8.10,2.75,6.16||0.84,2.36,7.94,4.78,6.71,1.05||
3.05,19.70,12.79,4.86,6.52,5.27,3.09||0.00,0.00,0.00,0.05,0.05,0.05||3.62,8.02,1.05,23.60,18.50,11.77||6.04,0.94,1.04,0.24,0.46||14.35,4.08,2.96,8.84,2.61||0.00,0.01,0.50,0.60,0.00||44.28,77.32,384.88,55.37,10.39||9.76,3.22,7.17||2.68,6.98,30.67,12.74,15.73,3.39||
3.04,19.59,12.73,4.83,6.49,5.25,3.08||0.00,0.00,0.00,0.04,0.05,0.05||3.58,8.00,1.04,23.49,18.45,11.67||5.94,0.93,1.01,0.23,0.46||14.54,4.10,3.04,8.92,2.62||0.00,0.01,0.50,0.60,0.00||39.76,50.14,231.54,52.99,8.05||9.42,3.12,6.95||2.37,6.23,26.61,11.50,14.38,3.00||
3.04,19.57,12.72,4.83,6.49,5.24,3.08||0.00,0.00,0.00,0.04,0.04,0.05||3.48,7.95,0.99,23.17,18.31,11.42||5.82,0.92,0.98,0.23,0.46||14.58,4.11,3.06,8.93,2.63||0.00,0.01,0.50,0.60,0.00||22.51,5.08,15.80,42.02,2.10||8.66,2.91,6.50||0.80,2.27,7.57,4.62,6.51,1.01||
3.04,19.56,12.72,4.83,6.48,5.24,3.08||0.00,0.00,0.00,0.04,0.04,0.05||3.48,7.96,0.99,23.21,18.33,11.45||5.80,0.92,0.97,0.23,0.45||14.58,4.11,3.06,8.94,2.63||0.00,0.01,0.50,0.60,0.00||52.33,151.40,846.52,59.27,15.43||10.80,3.51,7.77||5.04,12.58,63.82,21.69,24.98,6.42||
3.04,19.56,12.72,4.83,6.48,5.24,3.08||0.00,0.00,0.00,0.04,0.04,0.05||3.45,7.94,0.98,23.12,18.29,11.38||5.71,0.91,0.95,0.22,0.45||14.34,4.08,2.95,8.84,2.61||0.00,0.01,0.50,0.60,0.00||44.51,78.99,394.61,55.49,10.52||11.98,3.84,8.45||0.23,0.71,1.80,1.63,2.63,0.29||
3.02,19.44,12.66,4.80,6.45,5.22,3.06||0.00,0.00,0.00,0.04,0.04,0.05||3.44,7.94,0.98,23.10,18.28,11.37||5.69,0.91,0.94,0.22,0.45||14.29,4.07,2.93,8.82,2.61||0.00,0.01,0.50,0.60,0.00||81.16,884.60,6713.55,70.89,43.57||12.05,3.86,8.49||0.20,0.63,1.54,1.45,2.38,0.25||
3.02,19.41,12.64,4.79,6.44,5.21,3.06||0.00,0.00,0.00,0.04,0.04,0.05||3.44,7.94,0.98,23.10,18.28,11.36||5.60,0.90,0.92,0.22,0.45||14.53,4.10,3.04,8.91,2.62||0.00,0.01,0.50,0.60,0.00||32.59,22.53,90.58,48.86,5.03||10.60,3.46,7.65||0.14,0.43,0.95,1.03,1.76,0.17||
3.01,19.32,12.60,4.77,6.41,5.20,3.05||0.00,0.00,0.00,0.04,0.04,0.04||3.44,7.94,0.98,23.10,18.28,11.36||5.58,0.90,0.92,0.22,0.44||14.57,4.11,3.06,8.93,2.63||0.00,0.01,0.50,0.60,0.00||28.76,13.64,50.26,46.44,3.74||7.61,2.61,5.87||0.43,1.25,3.63,2.71,4.09,0.53||
3.01,19.31,12.59,4.77,6.41,5.19,3.05||0.00,0.00,0.00,0.04,0.04,0.05||3.44,7.94,0.98,23.10,18.28,11.36||5.58,0.90,0.92,0.22,0.44||14.58,4.11,3.06,8.94,2.63||0.00,0.01,0.50,0.60,0.00||67.53,422.27,2819.76,65.77,28.21||10.19,3.34,7.42||0.25,0.76,1.93,1.71,2.75,0.31||
3.01,19.30,12.59,4.77,6.41,5.19,3.05||0.00,0.00,0.00,0.04,0.04,0.05||3.44,7.94,0.98,23.10,18.28,11.36||5.49,0.89,0.89,0.22,0.44||14.33,4.08,2.95,8.84,2.61||0.00,0.01,0.50,0.60,0.00||55.15,187.06,1084.93,60.56,17.47||11.28,3.65,8.05||0.23,0.71,1.78,1.61,2.61,0.29||
3.01,19.30,12.59,4.77,6.41,5.19,3.05||0.00,0.00,0.00,0.04,0.04,0.05||3.44,7.94,0.98,23.10,18.28,11.36||5.48,0.89,0.89,0.22,0.44||14.41,4.09,2.99,8.87,2.62||0.00,0.01,0.50,0.60,0.00||28.12,12.45,45.16,46.01,3.55||10.98,3.56,7.88||0.45,1.31,3.82,2.81,4.23,0.55||
3.01,19.30,12.59,4.77,6.41,5.19,3.05||0.00,0.00,0.00,0.04,0.04,0.04||3.44,7.94,0.98,23.10,18.28,11.36||5.42,0.88,0.88,0.21,0.44||14.30,4.08,2.94,8.83,2.61||0.00,0.01,0.50,0.60,0.00||39.75,50.09,231.26,52.98,8.05||11.61,3.74,8.24||0.20,0.61,1.48,1.42,2.33,0.24||
3.00,19.22,12.55,4.75,6.38,5.18,3.04||0.00,0.00,0.00,0.04,0.04,0.05||3.44,7.94,0.98,23.10,18.28,11.36||5.38,0.88,0.86,0.21,0.44||14.28,4.07,2.93,8.82,2.61||0.00,0.01,0.50,0.60,0.00||45.53,86.49,438.95,56.00,11.10||15.52,4.78,10.41||0.23,0.71,1.78,1.62,2.61,0.29||
2.98,19.08,12.47,4.72,6.34,5.15,3.02||0.00,0.00,0.00,0.04,0.04,0.05||3.44,7.94,0.98,23.10,18.28,11.36||5.37,0.88,0.86,0.21,0.44||14.40,4.09,2.98,8.87,2.61||0.00,0.01,0.50,0.60,0.00||33.42,24.94,102.07,49.37,5.34||10.01,3.29,7.31||5.68,14.09,73.43,24.01,27.29,7.25||
2.98,19.05,12.46,4.71,6.33,5.14,3.02||0.00,0.00,0.00,0.04,0.04,0.04||3.44,7.94,0.98,23.10,18.28,11.36||5.32,0.87,0.85,0.21,0.43||14.30,4.08,2.94,8.83,2.61||0.00,0.01,0.50,0.60,0.00||36.90,37.14,162.83,51.40,6.75||11.42,3.68,8.13||0.30,0.91,2.44,2.03,3.18,0.38||
2.98,19.05,12.46,4.71,6.33,5.14,3.02||0.00,0.00,0.00,0.04,0.04,0.04||3.44,7.94,0.98,23.10,18.28,11.36||5.27,0.87,0.84,0.21,0.43||14.28,4.07,2.93,8.82,2.61||0.00,0.01,0.50,0.60,0.00||41.30,58.44,277.11,53.82,8.81||12.01,3.85,8.47||1.21,3.32,12.17,6.52,8.78,1.52||
2.98,19.05,12.46,4.71,6.33,5.14,3.02||0.00,0.00,0.00,0.04,0.04,0.04||3.44,7.94,0.98,23.10,18.28,11.36||5.27,0.87,0.84,0.21,0.43||14.28,4.07,2.93,8.82,2.61||0.00,0.01,0.50,0.60,0.00||39.47,48.68,223.66,52.83,7.92||14.49,4.51,9.85||0.66,1.88,5.99,3.90,5.61,0.82||
2.98,19.05,12.46,4.71,6.33,5.14,3.02||0.00,0.00,0.00,0.04,0.04,0.04||3.44,7.94,0.98,23.10,18.28,11.36||5.26,0.87,0.84,0.21,0.43||14.28,4.07,2.93,8.82,2.61||0.00,0.01,0.50,0.60,0.00||32.43,22.09,88.51,48.76,4.97||11.15,3.61,7.98||0.96,2.66,9.25,5.34,7.38,1.20||
2.98,19.05,12.46,4.71,6.33,5.14,3.02||0.00,0.00,0.00,0.04,0.04,0.04||3.44,7.94,0.98,23.10,18.28,11.36||5.21,0.86,0.82,0.21,0.43||14.52,4.10,3.03,8.91,2.62||0.00,0.01,0.50,0.60,0.00||24.49,7.14,23.52,43.49,2.56||11.76,3.78,8.33||1.04,2.87,10.16,5.72,7.84,1.30||
2.98,19.00,12.44,4.70,6.32,5.14,3.01||0.00,0.00,0.00,0.04,0.04,0.04||3.41,7.92,0.96,23.00,18.24,11.29||5.17,0.86,0.81,0.21,0.43||14.32,4.08,2.95,8.84,2.61||0.00,0.00,0.50,0.60,0.00||43.77,73.80,364.40,55.11,10.11||10.54,3.44,7.62||0.66,1.90,6.07,3.93,5.66,0.83||
2.96,18.88,12.37,4.67,6.28,5.11,3.00||0.00,0.00,0.00,0.04,0.04,0.04||3.30,7.87,0.92,22.70,18.11,11.05||5.16,0.86,0.81,0.21,0.43||14.29,4.07,2.93,8.82,2.61||0.00,0.01,0.50,0.60,0.00||26.28,9.49,32.84,44.76,3.02||12.38,3.95,8.68||0.45,1.31,3.82,2.81,4.23,0.55||
2.95,18.81,12.33,4.66,6.26,5.10,2.99||0.00,0.00,0.00,0.04,0.04,0.04||3.25,7.84,0.90,22.54,18.04,10.93||5.16,0.86,0.81,0.21,0.43||14.52,4.10,3.04,8.91,2.62||0.00,0.01,0.50,0.60,0.00||36.10,34.00,146.82,50.94,6.41||9.62,3.18,7.08||0.23,0.72,1.81,1.63,2.63,0.29||
2.95,18.80,12.33,4.66,6.26,5.10,2.99||0.00,0.00,0.00,0.04,0.04,0.04||3.27,7.85,0.91,22.61,18.07,10.98||5.13,0.85,0.80,0.20,0.43||14.33,4.08,2.95,8.84,2.61||0.00,0.01,0.50,0.60,0.00||23.78,6.34,20.49,42.97,2.39||9.37,3.11,6.93||0.47,1.38,4.10,2.96,4.42,0.59||
2.95,18.79,12.33,4.65,6.26,5.09,2.99||0.00,0.00,0.00,0.04,0.04,0.04||3.34,7.89,0.93,22.81,18.15,11.14||5.08,0.85,0.79,0.20,0.42||14.29,4.07,2.93,8.82,2.61||0.00,0.01,0.50,0.60,0.00||45.29,84.64,427.93,55.88,10.96||12.19,3.89,8.57||0.43,1.25,3.62,2.71,4.09,0.53||
2.95,18.79,12.33,4.65,6.26,5.09,2.99||0.00,0.00,0.00,0.04,0.04,0.04||3.32,7.88,0.93,22.75,18.13,11.09||5.07,0.85,0.79,0.20,0.42||14.28,4.07,2.93,8.82,2.61||0.00,0.00,0.50,0.59,0.00||30.69,17.69,68.22,47.68,4.36||11.43,3.69,8.13||0.87,2.44,8.30,4.94,6.90,1.09||
2.95,18.79,12.33,4.65,6.26,5.09,2.99||0.00,0.00,0.00,0.04,0.04,0.04||3.25,7.84,0.90,22.56,18.04,10.94||5.06,0.85,0.79,0.20,0.42||14.40,4.09,2.98,8.87,2.61||0.00,0.00,0.50,0.60,0.00||70.08,490.32,3359.90,66.77,30.80||8.26,2.80,6.26||0.15,0.47,1.07,1.12,1.90,0.18||
2.95,18.79,12.33,4.65,6.26,5.09,2.99||0.00,0.00,0.00,0.04,0.04,0.04||3.24,7.84,0.89,22.52,18.03,10.91||5.06,0.85,0.79,0.20,0.42||14.30,4.08,2.94,8.83,2.61||0.00,0.00,0.50,0.59,0.00||49.29,119.05,638.51,57.84,13.39||10.04,3.30,7.33||0.16,0.50,1.15,1.18,1.98,0.20||
2.95,18.79,12.33,4.65,6.26,5.09,2.99||0.00,0.00,0.00,0.04,0.04,0.04||3.24,7.84,0.89,22.51,18.02,10.90||5.05,0.85,0.78,0.20,0.42||14.40,4.09,2.98,8.87,2.61||0.00,0.00,0.50,0.59,0.00||52.33,151.42,846.68,59.27,15.43||10.74,3.50,7.74||0.93,2.60,8.96,5.22,7.24,1.16||
2.94,18.67,12.26,4.63,6.22,5.07,2.97||0.00,0.00,0.00,0.04,0.04,0.04||3.24,7.84,0.89,22.51,18.02,10.90||4.98,0.84,0.77,0.20,0.42||14.18,4.06,2.88,8.78,2.60||0.00,0.00,0.50,0.59,0.00||43.49,71.90,353.44,54.96,9.96||9.65,3.19,7.10||0.33,0.99,2.70,2.18,3.39,0.41||
2.94,18.69,12.27,4.63,6.23,5.07,2.98||0.00,0.00,0.00,0.04,0.04,0.04||3.24,7.84,0.89,22.51,18.02,10.90||4.97,0.84,0.76,0.20,0.42||14.13,4.06,2.87,8.76,2.60||0.00,0.00,0.50,0.59,0.00||24.05,6.64,21.60,43.17,2.45||9.54,3.16,7.04||0.34,1.01,2.78,2.23,3.46,0.42||
2.93,18.61,12.23,4.61,6.20,5.06,2.97||0.00,0.00,0.00,0.04,0.04,0.04||3.24,7.84,0.89,22.51,18.02,10.90||4.97,0.84,0.76,0.20,0.42||14.01,4.04,2.81,8.72,2.59||0.00,0.00,0.50,0.59,0.00||37.76,40.76,181.62,51.89,7.13||8.42,2.84,6.36||0.19,0.59,1.41,1.37,2.25,0.23||
2.93,18.56,12.21,4.60,6.19,5.05,2.96||0.00,0.00,0.00,0.04,0.04,0.04||3.24,7.84,0.89,22.51,18.02,10.90||4.97,0.84,0.76,0.20,0.42||14.22,4.07,2.90,8.80,2.60||0.00,0.00,0.50,0.60,0.00||32.82,23.19,93.72,49.01,5.12||12.54,3.99,8.77||1.25,3.42,12.62,6.69,8.98,1.57||
2.93,18.59,12.22,4.61,6.20,5.05,2.96||0.00,0.00,0.00,0.04,0.04,0.04||3.24,7.84,0.89,22.51,18.02,10.90||4.97,0.84,0.76,0.20,0.42||14.02,4.04,2.82,8.72,2.59||0.00,0.00,0.50,0.59,0.00||50.11,127.13,689.67,58.23,13.92||13.96,4.37,9.56||1.60,4.32,16.87,8.26,10.79,2.02||
2.93,18.55,12.20,4.60,6.19,5.05,2.96||0.00,0.00,0.00,0.04,0.04,0.04||3.24,7.84,0.89,22.51,18.02,10.90||4.97,0.84,0.76,0.20,0.42||13.98,4.04,2.80,8.71,2.58||0.00,0.00,0.50,0.59,0.00||40.29,52.89,246.51,53.28,8.31||9.70,3.21,7.13||0.39,1.15,3.25,2.50,3.82,0.48||
2.92,18.55,12.20,4.60,6.18,5.05,2.96||0.00,0.00,0.00,0.04,0.04,0.04||3.24,7.84,0.89,22.51,18.02,10.90||4.90,0.83,0.75,0.20,0.41||14.46,4.09,3.01,8.89,2.62||0.00,0.00,0.50,0.59,0.00||37.24,38.53,170.00,51.59,6.90||7.49,2.57,5.79||0.94,2.62,9.06,5.26,7.29,1.18||
2.92,18.54,12.20,4.60,6.18,5.05,2.96||0.00,0.00,0.00,0.04,0.04,0.04||3.24,7.84,0.89,22.51,18.02,10.90||4.88,0.83,0.74,0.20,0.41||14.31,4.08,2.94,8.83,2.61||0.00,0.00,0.50,0.59,0.00||26.87,10.36,36.44,45.16,3.19||11.97,3.84,8.45||0.45,1.31,3.82,2.81,4.22,0.55||
2.92,18.54,12.20,4.60,6.18,5.05,2.96||0.00,0.00,0.00,0.04,0.04,0.04||3.24,7.84,0.89,22.51,18.02,10.90||4.87,0.83,0.74,0.19,0.41||14.28,4.07,2.93,8.82,2.61||0.00,0.00,0.50,0.60,0.00||42.56,65.91,319.15,54.48,9.46||12.44,3.96,8.71||0.14,0.43,0.97,1.04,1.78,0.17||
2.92,18.54,12.20,4.60,6.18,5.05,2.96||0.00,0.00,0.00,0.04,0.04,0.04||3.24,7.84,0.89,22.51,18.02,10.90||4.87,0.83,0.74,0.19,0.41||14.16,4.06,2.87,8.77,2.60||0.00,0.00,0.50,0.59,0.00||39.96,51.16,237.07,53.10,8.15||13.29,4.19,9.19||0.42,1.24,3.58,2.68,4.05,0.52||
2.92,18.54,12.20,4.60,6.18,5.05,2.96||0.00,0.00,0.00,0.04,0.04,0.04||3.24,7.84,0.89,22.51,18.02,10.90||4.87,0.83,0.74,0.19,0.41||14.25,4.07,2.92,8.81,2.60||0.00,0.00,0.50,0.59,0.00||32.89,23.37,94.57,49.04,5.14||10.69,3.48,7.71||2.45,6.42,27.63,11.81,14.73,3.10||
2.92,18.54,12.20,4.60,6.18,5.05,2.96||0.00,0.00,0.00,0.04,0.04,0.04||3.24,7.84,0.89,22.51,18.02,10.90||4.87,0.83,0.74,0.19,0.41||14.15,4.06,2.87,8.77,2.60||0.00,0.00,0.50,0.59,0.00||35.52,31.86,136.03,50.61,6.17||8.78,2.95,6.58||0.38,1.13,3.19,2.47,3.77,0.47||
2.92,18.54,12.20,4.60,6.18,5.05,2.96||0.00,0.00,0.00,0.04,0.04,0.04||3.24,7.84,0.89,22.51,18.02,10.90||4.87,0.83,0.74,0.19,0.41||14.13,4.06,2.86,8.76,2.60||0.00,0.00,0.50,0.59,0.00||30.35,16.91,64.72,47.46,4.25||9.19,3.06,6.82||0.37,1.09,3.05,2.39,3.67,0.46||
2.92,18.50,12.18,4.59,6.17,5.04,2.95||0.00,0.00,0.00,0.04,0.04,0.04||3.24,7.84,0.89,22.51,18.02,10.90||4.86,0.83,0.74,0.19,0.41||14.12,4.05,2.86,8.76,2.60||0.00,0.00,0.50,0.59,0.00||40.85,55.92,263.18,53.58,8.59||12.86,4.08,8.95||0.09,0.31,0.63,0.76,1.35,0.12||
2.92,18.50,12.17,4.59,6.17,5.04,2.95||0.00,0.00,0.00,0.04,0.04,0.04||3.24,7.84,0.89,22.51,18.02,10.90||4.84,0.83,0.73,0.19,0.41||14.12,4.05,2.86,8.76,2.59||0.00,0.00,0.50,0.59,0.00||40.64,54.75,256.74,53.46,8.48||11.77,3.78,8.33||0.93,2.59,8.96,5.22,7.24,1.16||
2.91,18.42,12.13,4.57,6.15,5.02,2.94||0.00,0.00,0.00,0.04,0.04,0.04||3.24,7.84,0.89,22.51,18.02,10.90||4.79,0.82,0.72,0.19,0.41||14.00,4.04,2.81,8.71,2.59||0.00,0.00,0.50,0.59,0.00||29.26,14.61,54.49,46.76,3.90||9.21,3.07,6.84||1.90,5.07,20.61,9.55,12.24,2.40||
2.90,18.32,12.08,4.55,6.12,5.00,2.93||0.00,0.00,0.00,0.04,0.04,0.04||3.17,7.80,0.87,22.32,17.94,10.76||4.78,0.82,0.72,0.19,0.41||13.86,4.02,2.75,8.66,2.58||0.00,0.00,0.50,0.59,0.00||37.24,38.53,170.00,51.59,6.90||8.21,2.78,6.23||2.28,6.00,25.42,11.12,13.97,2.88||
2.90,18.30,12.07,4.55,6.11,5.00,2.93||0.00,0.00,0.00,0.04,0.04,0.04||3.13,7.78,0.85,22.19,17.88,10.66||4.78,0.82,0.72,0.19,0.41||14.07,4.05,2.84,8.74,2.59||0.00,0.00,0.50,0.59,0.00||56.37,204.20,1202.45,61.10,18.40||8.89,2.98,6.65||0.16,0.51,1.19,1.20,2.02,0.20||
2.90,18.30,12.07,4.54,6.11,5.00,2.93||0.00,0.00,0.00,0.04,0.04,0.04||3.18,7.81,0.87,22.35,17.95,10.78||4.78,0.82,0.72,0.19,0.41||14.11,4.05,2.86,8.76,2.59||0.00,0.00,0.50,0.59,0.00||51.37,140.55,775.83,58.83,14.77||8.79,2.95,6.59||0.21,0.66,1.62,1.51,2.46,0.26||
2.90,18.30,12.07,4.54,6.11,5.00,2.93||0.00,0.00,0.00,0.04,0.04,0.04||3.13,7.78,0.85,22.20,17.89,10.66||4.78,0.82,0.72,0.19,0.41||14.37,4.08,2.97,8.85,2.61||0.00,0.00,0.50,0.59,0.00||77.71,742.92,5470.52,69.64,39.32||9.71,3.21,7.13||0.43,1.26,3.66,2.73,4.11,0.53||
2.90,18.30,12.07,4.54,6.12,5.00,2.94||0.00,0.00,0.00,0.04,0.04,0.04||3.09,7.76,0.83,22.07,17.83,10.57||4.78,0.82,0.72,0.19,0.41||14.29,4.07,2.94,8.83,2.61||0.00,0.00,0.50,0.59,0.00||29.90,15.92,60.26,47.17,4.10||13.15,4.15,9.12||0.83,2.35,7.90,4.76,6.68,1.04||
2.90,18.30,12.07,4.54,6.12,5.00,2.94||0.00,0.00,0.00,0.04,0.04,0.04||3.05,7.74,0.82,21.96,17.78,10.48||4.78,0.82,0.72,0.19,0.41||14.40,4.09,2.98,8.87,2.61||0.00,0.00,0.50,0.59,0.00||39.41,48.41,222.22,52.80,7.90||13.80,4.34,9.47||1.61,4.32,16.90,8.27,10.80,2.02||
2.90,18.30,12.07,4.54,6.12,5.00,2.94||0.00,0.00,0.00,0.04,0.04,0.04||3.05,7.74,0.81,21.94,17.77,10.46||4.78,0.82,0.72,0.19,0.41||13.94,4.03,2.78,8.69,2.58||0.00,0.00,0.50,0.59,0.00||25.47,8.36,28.31,44.19,2.81||8.63,2.90,6.49||0.30,0.91,2.42,2.02,3.17,0.37||
2.90,18.30,12.07,4.54,6.12,5.00,2.94||0.00,0.00,0.00,0.04,0.04,0.04||3.07,7.75,0.83,22.02,17.81,10.53||4.78,0.82,0.72,0.19,0.41||14.09,4.05,2.85,8.75,2.59||0.00,0.00,0.50,0.59,0.00||32.82,23.19,93.72,49.01,5.12||7.39,2.54,5.73||0.78,2.19,7.27,4.48,6.34,0.97||
2.90,18.30,12.07,4.54,6.12,5.00,2.94||0.00,0.00,0.00,0.04,0.04,0.04||3.05,7.74,0.82,21.95,17.78,10.47||4.75,0.82,0.71,0.19,0.41||14.12,4.05,2.86,8.76,2.59||0.00,0.00,0.50,0.59,0.00||39.03,46.57,212.30,52.59,7.71||10.10,3.32,7.37||0.65,1.85,5.90,3.85,5.56,0.81||
2.90,18.30,12.07,4.54,6.12,5.00,2.94||0.00,0.00,0.00,0.04,0.04,0.04||3.05,7.74,0.81,21.94,17.77,10.46||4.74,0.82,0.71,0.19,0.41||14.24,4.07,2.91,8.81,2.60||0.00,0.00,0.50,0.59,0.00||40.43,53.66,250.71,53.36,8.38||11.62,3.74,8.24||0.26,0.80,2.08,1.81,2.88,0.34||
2.90,18.30,12.07,4.54,6.12,5.00,2.94||0.00,0.00,0.00,0.04,0.04,0.04||3.04,7.74,0.81,21.94,17.77,10.46||4.72,0.81,0.72,0.19,0.41||14.15,4.06,2.87,8.77,2.60||0.00,0.00,0.50,0.59,0.00||53.82,169.46,966.15,59.95,16.49||9.49,3.15,7.01||0.80,2.24,7.48,4.58,6.46,0.99||
2.90,18.30,12.07,4.54,6.12,5.00,2.94||0.00,0.00,0.00,0.04,0.04,0.04||3.04,7.74,0.81,21.94,17.77,10.46||4.69,0.81,0.72,0.19,0.40||14.13,4.06,2.86,8.76,2.60||0.00,0.00,0.50,0.59,0.00||28.58,13.28,48.73,46.31,3.69||7.39,2.54,5.73||3.36,8.61,39.82,15.40,18.55,4.26||
2.90,18.30,12.07,4.54,6.12,5.00,2.94||0.00,0.00,0.00,0.04,0.04,0.04||3.04,7.74,0.81,21.94,17.77,10.46||4.72,0.81,0.72,0.19,0.41||14.00,4.04,2.81,8.71,2.59||0.00,0.00,0.50,0.59,0.00||28.04,12.30,44.55,45.96,3.52||9.36,3.12,6.94||0.62,1.79,5.63,3.72,5.40,0.78||
2.90,18.26,12.05,4.54,6.10,4.99,2.94||0.00,0.00,0.00,0.04,0.04,0.04||3.04,7.74,0.81,21.94,17.77,10.46||4.69,0.81,0.72,0.19,0.40||14.10,4.05,2.85,8.75,2.59||0.00,0.00,0.50,0.59,0.00||30.44,17.13,65.72,47.52,4.28||7.94,2.71,6.07||0.88,2.47,8.42,4.99,6.96,1.10||
2.88,18.14,11.99,4.51,6.06,4.97,2.91||0.00,0.00,0.00,0.04,0.04,0.04||3.04,7.74,0.81,21.94,17.77,10.46||4.68,0.81,0.72,0.19,0.40||14.12,4.05,2.86,8.76,2.59||0.00,0.00,0.50,0.59,0.00||27.63,11.59,41.55,45.68,3.40||7.54,2.59,5.82||2.30,6.06,25.73,11.22,14.08,2.91||
2.88,18.19,12.01,4.52,6.08,4.98,2.92||0.00,0.00,0.00,0.04,0.04,0.04||3.04,7.74,0.81,21.94,17.77,10.46||4.68,0.81,0.72,0.19,0.40||14.12,4.05,2.86,8.76,2.59||0.00,0.00,0.50,0.59,0.00||24.90,7.63,25.42,43.78,2.66||9.98,3.28,7.29||0.25,0.75,1.92,1.72,2.73,0.30||
2.88,18.12,11.98,4.50,6.06,4.96,2.91||0.00,0.00,0.00,0.04,0.04,0.04||3.04,7.74,0.81,21.94,17.77,10.46||4.68,0.81,0.72,0.19,0.40||14.25,4.07,2.91,8.81,2.60||0.00,0.00,0.50,0.59,0.00||45.19,83.95,423.86,55.83,10.91||11.84,3.80,8.37||0.60,1.72,5.39,3.61,5.25,0.75||
2.88,18.12,11.97,4.50,6.05,4.96,2.91||0.00,0.00,0.00,0.04,0.04,0.04||3.04,7.74,0.81,21.94,17.77,10.46||4.68,0.81,0.72,0.19,0.40||14.15,4.06,2.87,8.77,2.60||0.00,0.00,0.50,0.59,0.00||40.27,52.78,245.92,53.27,8.30||7.34,2.53,5.69||9.03,21.72,125.84,35.49,38.34,11.58||
2.87,18.12,11.97,4.50,6.05,4.96,2.91||0.00,0.00,0.00,0.04,0.04,0.04||3.04,7.74,0.81,21.94,17.77,10.46||4.68,0.81,0.72,0.19,0.40||14.00,4.04,2.81,8.71,2.59||0.00,0.00,0.50,0.59,0.00||47.45,102.16,533.60,56.95,12.24||9.27,3.09,6.87||14.87,34.62,224.65,54.04,55.26,19.18||
2.87,18.07,11.95,4.49,6.04,4.95,2.90||0.00,0.00,0.00,0.04,0.04,0.04||3.04,7.74,0.81,21.94,17.77,10.46||4.68,0.81,0.72,0.19,0.40||13.98,4.04,2.80,8.71,2.58||0.00,0.00,0.50,0.59,0.00||58.15,231.36,1392.14,61.88,19.80||9.82,3.24,7.20||0.26,0.78,2.01,1.77,2.82,0.32||
2.87,18.06,11.95,4.49,6.04,4.95,2.90||0.00,0.00,0.00,0.04,0.04,0.04||3.04,7.74,0.81,21.94,17.77,10.46||4.68,0.81,0.72,0.19,0.40||14.22,4.07,2.90,8.80,2.60||0.00,0.00,0.50,0.59,0.00||53.82,169.55,966.79,59.96,16.49||9.74,3.22,7.15||0.57,1.63,5.03,3.43,5.03,0.72||
2.87,18.06,11.95,4.49,6.04,4.95,2.90||0.00,0.00,0.00,0.04,0.04,0.04||3.04,7.74,0.81,21.94,17.77,10.46||4.68,0.81,0.72,0.19,0.40||14.14,4.06,2.87,8.77,2.60||0.00,0.00,0.50,0.59,0.00||52.57,154.24,865.20,59.38,15.60||7.21,2.49,5.61||0.23,0.72,1.81,1.63,2.64,0.29||
2.87,18.06,11.95,4.49,6.04,4.95,2.90||0.00,0.00,0.00,0.04,0.04,0.04||3.04,7.74,0.81,21.94,17.77,10.46||4.68,0.81,0.72,0.19,0.40||14.25,4.07,2.92,8.81,2.60||0.00,0.00,0.50,0.59,0.00||74.53,628.09,4492.49,68.47,35.62||6.72,2.35,5.30||1.00,2.77,9.71,5.53,7.61,1.25||
2.87,18.06,11.95,4.49,6.04,4.95,2.90||0.00,0.00,0.00,0.04,0.04,0.04||3.04,7.74,0.81,21.94,17.77,10.46||4.65,0.81,0.69,0.19,0.40||13.91,4.03,2.77,8.68,2.58||0.00,0.00,0.50,0.59,0.00||45.16,83.71,422.42,55.82,10.90||8.92,2.99,6.66||0.82,2.29,7.69,4.67,6.57,1.02||
2.87,18.06,11.95,4.49,6.04,4.95,2.90||0.00,0.00,0.00,0.04,0.04,0.04||3.04,7.74,0.81,21.94,17.77,10.46||4.63,0.81,0.69,0.19,0.40||13.96,4.04,2.79,8.72,2.58||0.00,0.00,0.50,0.59,0.00||63.69,333.75,2139.73,64.22,24.56||8.66,2.91,6.51||0.21,0.63,1.55,1.46,2.39,0.25||
2.87,18.06,11.95,4.49,6.04,4.95,2.90||0.00,0.00,0.00,0.04,0.04,0.04||3.01,7.72,0.80,21.84,17.73,10.39||4.62,0.81,0.68,0.19,0.40||14.21,4.07,2.90,8.79,2.60||0.00,0.00,0.50,0.59,0.00||66.09,387.28,2547.65,65.19,26.81||10.37,3.39,7.52||1.18,3.23,11.76,6.36,8.59,1.47||
2.87,18.06,11.95,4.49,6.04,4.95,2.90||0.00,0.00,0.00,0.04,0.04,0.04||3.04,7.73,0.81,21.91,17.76,10.44||4.61,0.81,0.68,0.19,0.40||14.26,4.07,2.92,8.81,2.60||0.00,0.00,0.50,0.59,0.00||36.44,35.32,153.49,51.14,6.55||13.59,4.27,9.35||0.38,1.12,3.12,2.43,3.72,0.46||
2.86,18.02,11.94,4.48,6.03,4.94,2.90||0.00,0.00,0.00,0.04,0.04,0.04||3.04,7.74,0.81,21.94,17.77,10.45||4.60,0.80,0.68,0.18,0.40||14.03,4.04,2.82,8.72,2.59||0.00,0.00,0.50,0.59,0.00||49.31,119.24,639.72,57.85,13.41||15.40,4.75,10.34||0.27,0.83,2.16,1.86,2.94,0.34||
2.87,18.05,11.94,4.49,6.04,4.95,2.90||0.00,0.00,0.00,0.04,0.04,0.04||3.04,7.74,0.81,21.94,17.77,10.46||4.59,0.80,0.68,0.18,0.40||14.23,4.07,2.91,8.80,2.60||0.00,0.00,0.50,0.59,0.00||32.64,22.67,91.25,48.90,5.05||11.51,3.71,8.18||0.73,2.08,6.81,4.28,6.09,0.92||
2.87,18.06,11.95,4.49,6.04,4.95,2.90||0.00,0.00,0.00,0.04,0.04,0.04||3.04,7.74,0.81,21.94,17.77,10.46||4.59,0.80,0.68,0.18,0.40||13.90,4.03,2.77,8.68,2.58||0.00,0.00,0.50,0.59,0.00||26.49,9.79,34.08,44.90,3.08||10.66,3.48,7.69||0.67,1.90,6.07,3.94,5.66,0.83||
2.86,17.98,11.91,4.47,6.02,4.94,2.90||0.00,0.00,0.00,0.04,0.04,0.04||2.99,7.72,0.79,21.75,17.69,10.32||4.59,0.80,0.68,0.18,0.40||13.84,4.02,2.74,8.65,2.57||0.00,0.00,0.50,0.59,0.00||38.18,42.59,191.21,52.12,7.32||9.80,3.23,7.19||8.42,20.35,116.02,33.46,36.42,10.79||
