4.58,34.68,19.94,8.08,10.79,7.89,4.67||0.00,0.00,0.00,0.08,0.07,0.08||53.58,14.17,57.44,73.99,34.52,73.58||12.13,1.38,3.06,0.44,0.68||52.43,6.98,45.84,19.69,4.35||0.02,0.05,0.70,0.80,0.01||26.42,9.68,33.63,44.85,3.06||6.39,2.25,5.09||0.08,0.26,0.52,0.66,1.20,0.10||
3.10,20.13,13.01,4.95,6.65,5.35,3.14||0.00,0.00,0.00,0.04,0.04,0.04||4.64,8.45,1.52,26.21,19.59,13.92||5.21,0.86,0.82,0.21,0.43||17.52,4.43,4.51,10.01,2.82||0.00,0.01,0.53,0.63,0.00||17.39,1.80,4.68,37.82,1.14||3.92,1.48,3.44||0.02,0.07,0.10,0.21,0.43,0.02||
2.89,18.25,12.05,4.53,6.10,4.99,2.92||0.00,0.00,0.00,0.03,0.04,0.04||2.99,7.70,0.79,21.75,17.69,10.32||4.48,0.79,0.65,0.18,0.39||14.30,4.08,2.94,8.83,2.61||0.00,0.01,0.50,0.60,0.00||12.57,0.49,1.01,33.13,0.53||3.32,1.29,3.01||0.02,0.09,0.13,0.25,0.51,0.03||
2.85,17.91,11.87,4.46,5.99,4.92,2.88||0.00,0.00,0.00,0.03,0.04,0.04||2.74,7.57,0.70,20.97,17.34,9.73||4.35,0.78,0.62,0.18,0.39||13.74,4.01,2.70,8.61,2.57||0.00,0.00,0.50,0.59,0.00||16.74,1.55,3.91,37.24,1.04||3.84,1.46,3.38||0.06,0.19,0.35,0.50,0.94,0.07||
2.84,17.84,11.83,4.44,5.97,4.91,2.88||0.00,0.00,0.00,0.03,0.04,0.04||2.69,7.54,0.68,20.82,17.27,9.62||4.32,0.78,0.62,0.17,0.39||13.63,4.00,2.65,8.57,2.56||0.00,0.00,0.50,0.59,0.00||16.33,1.40,3.48,36.86,0.98||3.21,1.25,2.93||0.13,0.41,0.90,0.99,1.70,0.16||
2.84,17.78,11.80,4.43,5.96,4.90,2.87||0.00,0.00,0.00,0.03,0.04,0.04||2.68,7.53,0.67,20.79,17.26,9.59||4.32,0.78,0.61,0.17,0.39||13.61,3.99,2.65,8.56,2.56||0.00,0.00,0.50,0.59,0.00||14.30,0.82,1.86,34.92,0.72||2.36,0.96,2.28||0.02,0.09,0.13,0.24,0.50,0.03||
2.84,17.81,11.82,4.43,5.97,4.90,2.87||0.00,0.00,0.00,0.03,0.04,0.04||2.68,7.53,0.67,20.78,17.25,9.59||4.31,0.78,0.61,0.17,0.39||13.61,3.99,2.64,8.56,2.56||0.00,0.00,0.50,0.59,0.00||14.02,0.76,1.69,34.64,0.68||2.52,1.02,2.41||0.02,0.07,0.10,0.20,0.43,0.02||
2.84,17.82,11.82,4.44,5.97,4.90,2.87||0.00,0.00,0.00,0.03,0.04,0.04||2.68,7.53,0.67,20.78,17.25,9.59||4.31,0.78,0.61,0.17,0.39||13.60,3.99,2.64,8.56,2.56||0.00,0.00,0.50,0.59,0.00||15.64,1.17,2.83,36.22,0.89||3.41,1.32,3.07||0.04,0.13,0.23,0.36,0.71,0.05||
2.84,17.82,11.82,4.44,5.97,4.91,2.87||0.00,0.00,0.00,0.03,0.04,0.04||2.68,7.53,0.67,20.78,17.25,9.59||4.31,0.78,0.61,0.17,0.39||13.60,3.99,2.64,8.56,2.56||0.00,0.00,0.50,0.59,0.00||15.03,1.00,2.35,35.64,0.81||2.74,1.09,2.57||0.05,0.18,0.33,0.47,0.90,0.07||
2.84,17.82,11.82,4.44,5.97,4.91,2.87||0.00,0.00,0.00,0.03,0.04,0.04||2.68,7.53,0.67,20.78,17.25,9.59||4.31,0.78,0.61,0.17,0.39||13.52,3.98,2.61,8.53,2.55||0.00,0.00,0.50,0.59,0.00||26.48,9.78,34.03,44.90,3.08||4.27,1.60,3.68||0.17,0.52,1.22,1.23,2.05,0.21||
2.84,17.82,11.82,4.44,5.97,4.91,2.87||0.00,0.00,0.00,0.03,0.04,0.04||2.68,7.53,0.67,20.78,17.25,9.59||4.31,0.78,0.61,0.17,0.39||13.67,4.00,2.67,8.59,2.56||0.00,0.00,0.50,0.59,0.00||24.93,7.67,25.58,43.80,2.67||3.97,1.50,3.47||1.24,3.39,12.48,6.64,8.92,1.55||
2.84,17.82,11.82,4.44,5.97,4.91,2.87||0.00,0.00,0.00,0.03,0.04,0.04||2.68,7.53,0.67,20.78,17.25,9.59||4.31,0.78,0.61,0.17,0.39||13.61,3.99,2.65,8.56,2.56||0.00,0.00,0.50,0.59,0.00||24.47,7.12,23.45,43.48,2.55||4.22,1.58,3.65||0.17,0.54,1.27,1.26,2.11,0.21||
2.84,17.82,11.82,4.44,5.97,4.91,2.87||0.00,0.00,0.00,0.03,0.04,0.04||2.68,7.53,0.67,20.78,17.25,9.59||4.31,0.78,0.61,0.17,0.39||13.77,4.01,2.71,8.62,2.57||0.00,0.00,0.50,0.59,0.00||25.76,8.75,29.88,44.40,2.88||4.24,1.59,3.66||1.47,3.98,15.27,7.68,10.13,1.85||
2.84,17.78,11.80,4.43,5.96,4.90,2.87||0.00,0.00,0.00,0.03,0.04,0.04||2.68,7.53,0.67,20.78,17.25,9.59||4.30,0.77,0.61,0.17,0.39||13.97,4.04,2.79,8.70,2.58||0.00,0.00,0.50,0.59,0.00||23.02,5.57,17.57,42.41,2.21||3.74,1.43,3.31||1.06,2.93,10.40,5.81,7.95,1.32||
2.84,17.81,11.82,4.43,5.97,4.90,2.87||0.00,0.00,0.00,0.03,0.04,0.04||2.68,7.53,0.67,20.78,17.25,9.59||4.30,0.77,0.61,0.17,0.39||13.84,4.02,2.74,8.65,2.57||0.00,0.00,0.50,0.59,0.00||26.36,9.59,33.27,44.81,3.04||4.00,1.51,3.50||0.11,0.34,0.72,0.84,1.47,0.13||
2.84,17.82,11.82,4.44,5.97,4.90,2.87||0.00,0.00,0.00,0.03,0.04,0.04||2.68,7.53,0.67,20.78,17.25,9.59||4.26,0.77,0.60,0.17,0.38||13.90,4.03,2.77,8.67,2.58||0.00,0.00,0.50,0.59,0.00||17.29,1.76,4.55,37.73,1.12||2.87,1.14,2.68||0.12,0.37,0.80,0.90,1.57,0.14||
2.84,17.82,11.82,4.44,5.97,4.91,2.87||0.00,0.00,0.00,0.03,0.04,0.04||2.68,7.53,0.67,20.78,17.25,9.59||4.24,0.77,0.60,0.17,0.38||14.66,4.12,3.09,8.96,2.63||0.00,0.00,0.50,0.59,0.00||13.26,0.61,1.30,33.87,0.60||3.33,1.29,3.01||0.04,0.12,0.20,0.33,0.66,0.04||
2.84,17.82,11.82,4.44,5.97,4.91,2.87||0.00,0.00,0.00,0.03,0.04,0.04||2.68,7.53,0.67,20.78,17.25,9.59||4.23,0.77,0.60,0.17,0.38||14.14,4.06,2.87,8.77,2.60||0.00,0.00,0.50,0.59,0.00||20.03,3.18,9.11,40.06,1.59||3.26,1.27,2.96||0.76,2.16,7.13,4.42,6.27,0.95||
2.84,17.78,11.80,4.43,5.96,4.90,2.87||0.00,0.00,0.00,0.03,0.04,0.04||2.68,7.53,0.67,20.78,17.25,9.59||4.23,0.77,0.60,0.17,0.38||14.80,4.13,3.16,9.02,2.64||0.00,0.00,0.50,0.59,0.00||15.55,1.15,2.76,36.13,0.87||3.92,1.48,3.44||0.07,0.25,0.48,0.62,1.14,0.09||
2.84,17.77,11.80,4.43,5.95,4.90,2.87||0.00,0.00,0.00,0.03,0.04,0.04||2.68,7.53,0.67,20.78,17.25,9.59||4.23,0.77,0.60,0.17,0.38||14.32,4.08,2.95,8.84,2.61||0.00,0.00,0.50,0.59,0.00||15.30,1.08,2.56,35.90,0.84||2.71,1.09,2.56||0.03,0.09,0.15,0.26,0.54,0.03||
2.83,17.68,11.75,4.41,5.93,4.88,2.86||0.00,0.00,0.00,0.03,0.04,0.04||2.66,7.52,0.66,20.70,17.22,9.53||4.23,0.77,0.60,0.17,0.38||13.58,3.99,2.63,8.55,2.55||0.00,0.00,0.50,0.59,0.00||11.58,0.35,0.69,32.05,0.44||2.81,1.12,2.63||0.06,0.19,0.34,0.49,0.92,0.07||
2.84,17.79,11.81,4.43,5.96,4.90,2.87||0.00,0.00,0.00,0.03,0.04,0.04||2.65,7.51,0.66,20.68,17.21,9.52||4.23,0.77,0.60,0.17,0.38||13.76,4.01,2.71,8.62,2.57||0.00,0.00,0.50,0.59,0.00||16.84,1.58,4.02,37.33,1.06||2.74,1.09,2.57||0.03,0.10,0.15,0.27,0.55,0.03||
2.84,17.77,11.80,4.43,5.95,4.90,2.87||0.00,0.00,0.00,0.03,0.04,0.04||2.55,7.45,0.63,20.35,17.06,9.28||4.23,0.77,0.60,0.17,0.38||13.88,4.03,2.76,8.67,2.58||0.00,0.00,0.50,0.59,0.00||23.44,5.99,19.15,42.72,2.31||2.61,1.05,2.48||0.02,0.06,0.09,0.19,0.40,0.02||
2.83,17.73,11.77,4.42,5.94,4.89,2.86||0.00,0.00,0.00,0.03,0.04,0.04||2.58,7.47,0.64,20.45,17.10,9.35||4.23,0.77,0.60,0.17,0.38||13.74,4.01,2.70,8.61,2.57||0.00,0.00,0.50,0.59,0.00||22.19,4.80,14.79,41.78,2.03||2.87,1.14,2.68||0.03,0.09,0.14,0.25,0.52,0.03||
2.84,17.76,11.79,4.42,5.95,4.89,2.87||0.00,0.00,0.00,0.03,0.04,0.04||2.56,7.46,0.63,20.39,17.08,9.30||4.23,0.77,0.60,0.17,0.38||13.47,3.98,2.59,8.51,2.55||0.00,0.00,0.50,0.59,0.00||22.98,5.53,17.42,42.37,2.20||2.95,1.16,2.73||0.04,0.13,0.21,0.34,0.68,0.04||
2.84,17.81,11.82,4.43,5.96,4.90,2.87||0.00,0.00,0.00,0.03,0.04,0.04||2.54,7.44,0.62,20.29,17.03,9.23||4.23,0.77,0.60,0.17,0.38||13.66,4.00,2.67,8.58,2.56||0.00,0.00,0.50,0.59,0.00||25.81,8.82,30.15,44.43,2.90||3.10,1.21,2.85||0.03,0.11,0.18,0.31,0.61,0.04||
2.84,17.82,11.82,4.44,5.97,4.90,2.87||0.00,0.00,0.00,0.03,0.04,0.04||2.55,7.45,0.63,20.36,17.06,9.28||4.23,0.77,0.60,0.17,0.38||13.70,4.00,2.68,8.60,2.56||0.00,0.00,0.50,0.59,0.00||23.23,5.78,18.35,42.56,2.26||3.01,1.18,2.78||0.03,0.12,0.19,0.32,0.63,0.04||
2.84,17.82,11.82,4.44,5.97,4.91,2.87||0.00,0.00,0.00,0.03,0.04,0.04||2.65,7.52,0.66,20.69,17.21,9.53||4.27,0.77,0.60,0.17,0.38||13.70,4.00,2.68,8.60,2.56||0.00,0.00,0.50,0.59,0.00||20.25,3.32,9.60,40.25,1.63||2.54,1.03,2.43||0.02,0.08,0.13,0.24,0.49,0.03||
2.84,17.82,11.82,4.44,5.97,4.91,2.87||0.00,0.00,0.00,0.03,0.04,0.04||2.68,7.53,0.67,20.76,17.25,9.58||4.50,0.79,0.66,0.18,0.40||13.79,4.01,2.72,8.63,2.57||0.00,0.00,0.50,0.59,0.00||15.10,1.02,2.40,35.70,0.81||3.06,1.20,2.81||0.02,0.07,0.10,0.19,0.41,0.02||
2.84,17.82,11.82,4.44,5.97,4.91,2.87||0.00,0.00,0.00,0.03,0.04,0.04||2.81,7.60,0.72,21.19,17.44,9.89||4.78,0.82,0.72,0.19,0.41||14.06,4.05,2.83,8.73,2.59||0.00,0.00,0.50,0.59,0.00||17.96,2.05,5.45,38.32,1.23||2.30,0.94,2.24||0.02,0.08,0.11,0.22,0.46,0.03||
2.87,18.03,11.93,4.48,6.03,4.95,2.90||0.00,0.00,0.00,0.04,0.04,0.04||2.97,7.70,0.78,21.70,17.67,10.28||5.07,0.85,0.79,0.20,0.42||14.11,4.05,2.86,8.76,2.59||0.00,0.00,0.50,0.59,0.00||13.13,0.58,1.24,33.72,0.59||2.74,1.09,2.58||0.02,0.07,0.10,0.21,0.44,0.02||
2.87,18.08,11.96,4.49,6.04,4.96,2.90||0.00,0.00,0.00,0.04,0.04,0.04||3.00,7.71,0.80,21.80,17.71,10.36||5.32,0.87,0.85,0.21,0.43||14.04,4.04,2.82,8.73,2.59||0.00,0.00,0.50,0.59,0.00||13.52,0.65,1.43,34.13,0.63||2.96,1.17,2.74||0.02,0.06,0.08,0.16,0.36,0.02||
2.87,18.08,11.96,4.50,6.05,4.96,2.90||0.00,0.00,0.00,0.04,0.04,0.04||3.15,7.79,0.86,22.26,17.91,10.71||5.51,0.89,0.90,0.22,0.44||14.19,4.06,2.89,8.79,2.60||0.00,0.00,0.50,0.59,0.00||18.57,2.34,6.37,38.85,1.33||2.96,1.17,2.74||0.01,0.05,0.06,0.14,0.31,0.01||
2.87,18.09,11.96,4.50,6.05,4.96,2.91||0.00,0.00,0.00,0.04,0.04,0.04||3.27,7.85,0.91,22.61,18.07,10.98||5.73,0.91,0.95,0.23,0.45||14.05,4.05,2.83,8.73,2.59||0.00,0.00,0.50,0.59,0.00||20.42,3.44,9.98,40.38,1.66||4.22,1.58,3.65||0.04,0.14,0.23,0.37,0.72,0.05||
2.87,18.09,11.96,4.50,6.05,4.96,2.91||0.00,0.00,0.00,0.04,0.04,0.04||3.36,7.90,0.94,22.86,18.18,11.18||5.86,0.92,0.99,0.23,0.46||14.28,4.07,2.93,8.82,2.61||0.00,0.00,0.50,0.59,0.00||23.75,6.31,20.37,42.95,2.38||4.00,1.51,3.49||0.06,0.21,0.40,0.55,1.02,0.08||
2.87,18.09,11.96,4.50,6.05,4.96,2.91||0.00,0.00,0.00,0.04,0.04,0.04||3.38,7.91,0.95,22.92,18.20,11.22||5.98,0.93,1.02,0.23,0.46||14.41,4.09,2.99,8.87,2.62||0.00,0.00,0.50,0.59,0.00||20.92,3.79,11.20,40.79,1.76||4.43,1.65,3.79||0.38,1.13,3.20,2.47,3.78,0.48||
2.87,18.09,11.96,4.50,6.05,4.96,2.91||0.00,0.00,0.00,0.04,0.04,0.04||3.44,7.94,0.98,23.11,18.28,11.37||6.10,0.94,1.05,0.24,0.47||14.44,4.09,3.00,8.88,2.62||0.00,0.00,0.50,0.59,0.00||18.88,2.51,6.89,39.11,1.38||4.33,1.61,3.72||1.15,3.16,11.44,6.23,8.44,1.44||
2.88,18.17,12.01,4.52,6.07,4.97,2.92||0.00,0.00,0.00,0.04,0.04,0.04||3.55,7.99,1.02,23.42,18.42,11.62||6.16,0.95,1.07,0.24,0.47||14.62,4.11,3.08,8.95,2.63||0.00,0.00,0.50,0.59,0.00||21.97,4.61,14.09,41.60,1.98||3.92,1.48,3.44||2.48,6.49,28.01,11.93,14.86,3.14||
2.89,18.23,12.04,4.53,6.09,4.99,2.92||0.00,0.00,0.00,0.04,0.04,0.04||3.58,8.00,1.03,23.48,18.45,11.67||6.23,0.95,1.09,0.24,0.47||14.65,4.12,3.09,8.96,2.63||0.00,0.00,0.50,0.59,0.00||27.85,11.98,43.18,45.83,3.47||4.62,1.71,3.93||0.16,0.49,1.14,1.17,1.97,0.19||
2.90,18.29,12.07,4.54,6.11,5.00,2.93||0.00,0.00,0.00,0.04,0.04,0.04||3.58,8.01,1.04,23.49,18.45,11.68||6.30,0.96,1.11,0.25,0.48||14.66,4.12,3.10,8.96,2.63||0.00,0.00,0.50,0.59,0.00||32.56,22.44,90.15,48.84,5.02||4.24,1.59,3.66||0.11,0.34,0.72,0.84,1.48,0.13||
2.90,18.34,12.09,4.55,6.12,5.01,2.94||0.00,0.00,0.00,0.04,0.04,0.04||3.58,8.01,1.04,23.50,18.45,11.68||6.35,0.96,1.12,0.25,0.48||14.66,4.12,3.10,8.96,2.63||0.00,0.00,0.50,0.59,0.00||19.95,3.13,8.95,40.00,1.58||5.23,1.89,4.33||0.15,0.48,1.11,1.14,1.93,0.19||
2.90,18.31,12.08,4.55,6.11,5.00,2.93||0.00,0.00,0.00,0.04,0.04,0.04||3.68,8.05,1.08,23.78,18.57,11.90||6.36,0.96,1.12,0.25,0.48||14.57,4.11,3.06,8.93,2.63||0.00,0.00,0.50,0.59,0.00||15.65,1.18,2.84,36.23,0.89||3.36,1.30,3.04||0.04,0.14,0.24,0.38,0.73,0.05||
2.90,18.35,12.10,4.56,6.13,5.01,2.94||0.00,0.00,0.00,0.04,0.04,0.04||3.77,8.09,1.12,24.02,18.68,12.10||6.42,0.97,1.14,0.25,0.48||14.64,4.12,3.09,8.96,2.63||0.00,0.00,0.50,0.59,0.00||16.94,1.62,4.13,37.42,1.07||2.56,1.03,2.44||0.03,0.10,0.17,0.29,0.58,0.04||
2.90,18.36,12.10,4.56,6.13,5.01,2.94||0.00,0.00,0.00,0.04,0.04,0.04||3.79,8.10,1.13,24.07,18.70,12.14||6.46,0.97,1.15,0.25,0.48||14.48,4.10,3.02,8.90,2.62||0.00,0.00,0.50,0.59,0.00||14.29,0.82,1.85,34.91,0.72||2.66,1.07,2.51||0.04,0.13,0.21,0.34,0.68,0.04||
2.90,18.36,12.10,4.56,6.13,5.01,2.94||0.00,0.00,0.00,0.04,0.04,0.04||3.80,8.10,1.13,24.08,18.70,12.15||6.48,0.97,1.16,0.25,0.48||14.63,4.11,3.08,8.95,2.63||0.00,0.00,0.50,0.59,0.00||17.93,2.04,5.40,38.30,1.22||2.22,0.91,2.17||0.04,0.13,0.22,0.36,0.71,0.05||
2.90,18.36,12.10,4.56,6.13,5.01,2.94||0.00,0.00,0.00,0.04,0.04,0.04||3.80,8.10,1.13,24.08,18.70,12.15||6.49,0.97,1.16,0.25,0.48||14.57,4.11,3.05,8.93,2.63||0.00,0.00,0.50,0.59,0.00||16.07,1.31,3.23,36.63,0.94||2.43,0.99,2.34||0.02,0.08,0.13,0.24,0.49,0.03||
2.90,18.36,12.10,4.56,6.13,5.01,2.94||0.00,0.00,0.00,0.04,0.04,0.04||3.80,8.10,1.13,24.08,18.70,12.15||6.49,0.97,1.16,0.25,0.48||14.56,4.11,3.05,8.92,2.63||0.00,0.00,0.50,0.59,0.00||14.75,0.93,2.15,35.37,0.77||2.75,1.10,2.58||0.03,0.09,0.15,0.26,0.54,0.03||
2.90,18.36,12.10,4.56,6.13,5.01,2.94||0.00,0.00,0.00,0.04,0.04,0.04||3.87,8.14,1.16,24.27,18.78,12.30||6.49,0.97,1.16,0.25,0.48||14.64,4.12,3.09,8.96,2.63||0.00,0.00,0.50,0.59,0.00||14.66,0.91,2.09,35.27,0.76||2.59,1.04,2.46||0.02,0.06,0.09,0.18,0.39,0.02||
2.90,18.36,12.10,4.56,6.13,5.01,2.94||0.00,0.00,0.00,0.04,0.04,0.04||3.95,8.17,1.20,24.50,18.88,12.49||6.53,0.98,1.17,0.25,0.48||14.66,4.12,3.09,8.96,2.63||0.00,0.00,0.50,0.59,0.00||15.68,1.19,2.87,36.25,0.89||2.59,1.04,2.46||0.02,0.06,0.09,0.18,0.39,0.02||
2.90,18.36,12.10,4.56,6.13,5.01,2.94||0.00,0.00,0.00,0.04,0.04,0.04||4.01,8.20,1.22,24.64,18.94,12.61||6.60,0.98,1.19,0.26,0.49||14.66,4.12,3.10,8.96,2.63||0.00,0.00,0.50,0.59,0.00||18.14,2.13,5.71,38.48,1.26||2.26,0.93,2.21||0.04,0.14,0.23,0.37,0.72,0.05||
2.90,18.36,12.10,4.56,6.13,5.01,2.94||0.00,0.00,0.00,0.04,0.04,0.04||4.02,8.20,1.23,24.67,18.95,12.63||6.61,0.98,1.19,0.26,0.49||14.66,4.12,3.10,8.96,2.63||0.00,0.00,0.50,0.59,0.00||19.59,2.91,8.20,39.70,1.51||2.23,0.92,2.18||0.04,0.13,0.21,0.34,0.68,0.04||
2.90,18.36,12.10,4.56,6.13,5.01,2.94||0.00,0.00,0.00,0.04,0.04,0.04||4.02,8.20,1.23,24.68,18.95,12.63||6.62,0.98,1.19,0.26,0.49||14.66,4.12,3.10,8.96,2.63||0.00,0.00,0.50,0.59,0.00||14.47,0.86,1.96,35.09,0.74||2.81,1.12,2.63||0.02,0.08,0.12,0.23,0.48,0.03||
2.90,18.36,12.10,4.56,6.13,5.01,2.94||0.00,0.00,0.00,0.04,0.04,0.04||4.02,8.20,1.23,24.68,18.95,12.64||6.62,0.99,1.19,0.26,0.49||14.57,4.11,3.06,8.93,2.63||0.00,0.00,0.50,0.59,0.00||17.62,1.90,4.97,38.02,1.17||2.46,1.00,2.36||0.02,0.06,0.09,0.18,0.39,0.02||
2.90,18.36,12.10,4.56,6.13,5.01,2.94||0.00,0.00,0.00,0.04,0.04,0.04||4.02,8.20,1.23,24.68,18.95,12.64||6.62,0.99,1.19,0.26,0.49||14.64,4.12,3.09,8.96,2.63||0.00,0.00,0.50,0.59,0.00||14.32,0.82,1.87,34.94,0.72||2.88,1.14,2.68||0.01,0.05,0.06,0.14,0.30,0.01||
2.90,18.36,12.10,4.56,6.13,5.01,2.94||0.00,0.00,0.00,0.04,0.04,0.04||4.02,8.20,1.23,24.68,18.95,12.64||6.64,0.99,1.20,0.26,0.49||14.66,4.12,3.09,8.96,2.63||0.00,0.00,0.50,0.59,0.00||14.32,0.82,1.87,34.94,0.72||2.59,1.04,2.46||0.02,0.07,0.09,0.19,0.41,0.02||
2.90,18.36,12.10,4.56,6.13,5.01,2.94||0.00,0.00,0.00,0.04,0.04,0.04||4.06,8.22,1.25,24.77,18.99,12.72||6.70,0.99,1.22,0.26,0.49||14.66,4.12,3.10,8.96,2.63||0.00,0.00,0.50,0.59,0.00||16.95,1.62,4.14,37.42,1.07||3.07,1.20,2.82||0.05,0.15,0.27,0.41,0.79,0.05||
2.90,18.36,12.10,4.56,6.13,5.01,2.94||0.00,0.00,0.00,0.04,0.04,0.04||4.18,8.27,1.30,25.09,19.12,12.97||6.74,0.99,1.23,0.26,0.49||14.57,4.11,3.06,8.93,2.63||0.00,0.00,0.50,0.59,0.00||28.30,12.77,46.53,46.13,3.60||3.83,1.45,3.37||0.09,0.30,0.62,0.76,1.35,0.11||
2.90,18.36,12.10,4.56,6.13,5.01,2.94||0.00,0.00,0.00,0.04,0.04,0.04||4.24,8.30,1.33,25.25,19.19,13.11||6.74,1.00,1.23,0.26,0.49||14.73,4.13,3.13,8.99,2.64||0.00,0.00,0.50,0.59,0.00||23.84,6.41,20.72,43.01,2.40||2.48,1.01,2.38||0.05,0.17,0.29,0.44,0.84,0.06||
2.90,18.36,12.10,4.56,6.13,5.01,2.94||0.00,0.00,0.00,0.04,0.04,0.04||4.26,8.30,1.34,25.28,19.20,13.13||6.74,1.00,1.23,0.26,0.49||14.68,4.12,3.10,8.97,2.63||0.00,0.00,0.50,0.59,0.00||15.55,1.15,2.76,36.13,0.87||2.67,1.07,2.52||0.05,0.18,0.32,0.46,0.88,0.06||
2.90,18.36,12.10,4.56,6.13,5.01,2.94||0.00,0.00,0.00,0.04,0.04,0.04||4.26,8.30,1.34,25.29,19.21,13.14||6.74,1.00,1.23,0.26,0.49||14.66,4.12,3.10,8.97,2.63||0.00,0.00,0.50,0.59,0.00||22.16,4.77,14.67,41.75,2.02||4.62,1.71,3.92||0.08,0.26,0.50,0.65,1.18,0.10||
2.90,18.36,12.10,4.56,6.13,5.01,2.94||0.00,0.00,0.00,0.04,0.04,0.04||4.26,8.30,1.34,25.29,19.21,13.14||6.74,1.00,1.23,0.26,0.49||14.66,4.12,3.10,8.97,2.63||0.00,0.00,0.50,0.59,0.00||19.78,3.02,8.58,39.86,1.54||4.00,1.51,3.49||0.78,2.21,7.35,4.52,6.39,0.98||
2.90,18.36,12.10,4.56,6.13,5.01,2.94||0.00,0.00,0.00,0.04,0.04,0.04||4.26,8.30,1.34,25.29,19.21,13.14||6.74,1.00,1.23,0.26,0.49||14.66,4.12,3.10,8.96,2.63||0.00,0.00,0.50,0.59,0.00||17.24,1.74,4.49,37.69,1.11||2.72,1.09,2.56||0.04,0.15,0.26,0.39,0.77,0.05||
2.90,18.36,12.10,4.56,6.13,5.01,2.94||0.00,0.00,0.00,0.04,0.04,0.04||4.26,8.30,1.34,25.29,19.21,13.14||6.76,1.00,1.24,0.26,0.49||14.66,4.12,3.10,8.96,2.63||0.00,0.00,0.50,0.59,0.00||18.22,2.18,5.84,38.55,1.27||3.84,1.46,3.38||0.04,0.14,0.24,0.37,0.73,0.05||
2.90,18.36,12.10,4.56,6.13,5.01,2.94||0.00,0.00,0.00,0.04,0.04,0.04||4.26,8.30,1.34,25.29,19.21,13.14||6.83,1.00,1.25,0.26,0.50||14.66,4.12,3.10,8.96,2.63||0.00,0.00,0.50,0.59,0.00||27.53,11.44,40.90,45.62,3.38||4.08,1.53,3.55||0.05,0.18,0.33,0.48,0.91,0.07||
2.90,18.36,12.10,4.56,6.13,5.01,2.94||0.00,0.00,0.00,0.04,0.04,0.04||4.26,8.30,1.34,25.29,19.21,13.14||6.85,1.00,1.26,0.26,0.50||14.75,4.13,3.14,9.00,2.64||0.00,0.00,0.50,0.59,0.00||17.55,1.87,4.88,37.96,1.16||3.28,1.27,2.98||0.02,0.08,0.12,0.23,0.48,0.03||
2.90,18.36,12.10,4.56,6.13,5.01,2.94||0.00,0.00,0.00,0.04,0.04,0.04||4.30,8.32,1.36,25.39,19.25,13.22||6.87,1.01,1.26,0.27,0.50||14.25,4.07,2.91,8.81,2.60||0.00,0.00,0.50,0.59,0.00||14.82,0.95,2.20,35.43,0.78||3.62,1.39,3.22||0.03,0.11,0.17,0.30,0.60,0.04||
2.90,18.36,12.10,4.56,6.13,5.01,2.94||0.00,0.00,0.00,0.04,0.04,0.04||4.35,8.34,1.38,25.51,19.30,13.32||6.87,1.01,1.27,0.27,0.50||14.15,4.06,2.87,8.77,2.60||0.00,0.00,0.50,0.59,0.00||18.46,2.29,6.19,38.75,1.31||3.66,1.40,3.25||0.06,0.21,0.39,0.54,1.01,0.08||
2.90,18.36,12.10,4.56,6.13,5.01,2.94||0.00,0.00,0.00,0.04,0.04,0.04||4.48,8.39,1.44,25.83,19.43,13.60||6.87,1.01,1.27,0.27,0.50||14.21,4.07,2.90,8.79,2.60||0.00,0.00,0.50,0.59,0.00||22.20,4.81,14.82,41.78,2.03||3.28,1.28,2.98||0.03,0.10,0.16,0.28,0.56,0.03||
2.90,18.36,12.10,4.56,6.13,5.01,2.94||0.00,0.00,0.00,0.04,0.04,0.04||4.51,8.40,1.46,25.90,19.46,13.65||6.87,1.01,1.27,0.27,0.50||14.31,4.08,2.94,8.83,2.61||0.00,0.00,0.50,0.59,0.00||16.56,1.48,3.71,37.07,1.01||2.96,1.17,2.74||0.06,0.20,0.38,0.53,0.98,0.07||
2.90,18.36,12.10,4.56,6.13,5.01,2.94||0.00,0.00,0.00,0.04,0.04,0.04||4.51,8.40,1.46,25.91,19.46,13.66||6.87,1.01,1.27,0.27,0.50||14.50,4.10,3.03,8.91,2.62||0.00,0.00,0.50,0.59,0.00||24.56,7.22,23.86,43.54,2.58||3.48,1.34,3.13||0.26,0.78,2.01,1.76,2.81,0.32||
2.90,18.36,12.10,4.56,6.13,5.01,2.94||0.00,0.00,0.00,0.04,0.04,0.04||4.51,8.41,1.46,25.91,19.46,13.67||6.87,1.01,1.27,0.27,0.50||14.63,4.11,3.08,8.95,2.63||0.00,0.00,0.50,0.59,0.00||14.72,0.92,2.13,35.34,0.77||2.78,1.11,2.61||0.02,0.07,0.10,0.20,0.42,0.02||
2.90,18.36,12.10,4.56,6.13,5.01,2.94||0.00,0.00,0.00,0.04,0.04,0.04||4.51,8.41,1.46,25.91,19.47,13.67||6.96,1.01,1.29,0.27,0.50||14.57,4.11,3.05,8.93,2.63||0.00,0.00,0.50,0.59,0.00||13.71,0.69,1.52,34.33,0.65||3.20,1.25,2.92||0.06,0.20,0.37,0.51,0.96,0.07||
2.90,18.36,12.10,4.56,6.13,5.01,2.94||0.00,0.00,0.00,0.04,0.04,0.04||4.51,8.41,1.46,25.91,19.47,13.67||7.00,1.02,1.30,0.27,0.50||14.64,4.12,3.09,8.96,2.63||0.00,0.00,0.50,0.59,0.00||20.39,3.42,9.91,40.36,1.66||3.82,1.45,3.37||0.07,0.24,0.47,0.61,1.12,0.09||
2.90,18.36,12.10,4.56,6.13,5.01,2.94||0.00,0.00,0.00,0.04,0.04,0.04||4.51,8.41,1.46,25.91,19.47,13.67||7.01,1.02,1.30,0.27,0.50||14.48,4.10,3.02,8.90,2.62||0.00,0.00,0.50,0.59,0.00||19.11,2.63,7.30,39.30,1.42||4.11,1.54,3.57||0.36,1.08,3.02,2.37,3.64,0.45||
2.90,18.36,12.10,4.56,6.13,5.01,2.94||0.00,0.00,0.00,0.04,0.04,0.04||4.51,8.41,1.46,25.91,19.47,13.67||7.03,1.02,1.31,0.27,0.50||14.54,4.10,3.04,8.92,2.62||0.00,0.00,0.50,0.59,0.00||17.72,1.94,5.11,38.11,1.19||3.41,1.32,3.08||0.03,0.10,0.16,0.28,0.56,0.03||
2.90,18.36,12.10,4.56,6.13,5.01,2.94||0.00,0.00,0.00,0.04,0.04,0.04||4.51,8.41,1.46,25.91,19.47,13.67||7.12,1.03,1.34,0.27,0.51||14.64,4.12,3.09,8.96,2.63||0.00,0.00,0.50,0.59,0.00||15.87,1.25,3.03,36.43,0.92||2.95,1.17,2.74||0.02,0.07,0.10,0.21,0.44,0.02||
2.91,18.40,12.12,4.57,6.14,5.02,2.94||0.00,0.00,0.00,0.04,0.04,0.04||4.68,8.47,1.54,26.32,19.63,14.01||7.14,1.03,1.34,0.28,0.51||14.39,4.09,2.98,8.86,2.61||0.00,0.00,0.50,0.59,0.00||13.83,0.72,1.58,34.44,0.66||2.80,1.12,2.63||0.07,0.23,0.43,0.58,1.07,0.08||
2.91,18.45,12.15,4.58,6.16,5.03,2.95||0.00,0.00,0.00,0.04,0.04,0.04||4.76,8.50,1.58,26.51,19.71,14.17||7.14,1.03,1.34,0.28,0.51||14.52,4.10,3.03,8.91,2.62||0.00,0.00,0.50,0.59,0.00||24.76,7.46,24.77,43.68,2.63||3.68,1.41,3.27||0.32,0.95,2.55,2.10,3.28,0.39||
2.91,18.38,12.11,4.56,6.13,5.01,2.94||0.00,0.00,0.00,0.04,0.04,0.04||4.78,8.51,1.59,26.54,19.72,14.20||7.14,1.03,1.34,0.28,0.51||14.46,4.09,3.01,8.89,2.62||0.00,0.00,0.50,0.59,0.00||25.36,8.22,27.76,44.12,2.78||3.75,1.43,3.32||0.60,1.71,5.35,3.59,5.23,0.74||
2.90,18.36,12.10,4.56,6.13,5.01,2.94||0.00,0.00,0.00,0.04,0.04,0.04||4.78,8.51,1.59,26.55,19.73,14.21||7.14,1.03,1.34,0.28,0.51||14.62,4.11,3.08,8.95,2.63||0.00,0.00,0.50,0.59,0.00||30.22,16.63,63.47,47.38,4.21||4.11,1.54,3.57||0.18,0.57,1.35,1.32,2.19,0.22||
2.90,18.36,12.10,4.56,6.13,5.01,2.94||0.00,0.00,0.00,0.04,0.04,0.04||4.78,8.51,1.59,26.55,19.73,14.21||7.14,1.03,1.34,0.28,0.51||14.48,4.10,3.02,8.90,2.62||0.00,0.00,0.50,0.59,0.00||30.81,17.99,69.56,47.76,4.41||3.89,1.48,3.42||0.78,2.20,7.30,4.50,6.36,0.97||
2.90,18.36,12.10,4.56,6.13,5.01,2.94||0.00,0.00,0.00,0.04,0.04,0.04||4.78,8.51,1.59,26.55,19.73,14.21||7.03,1.02,1.31,0.27,0.50||14.28,4.07,2.93,8.82,2.61||0.00,0.00,0.50,0.59,0.00||22.04,4.67,14.30,41.66,1.99||4.28,1.60,3.69||1.01,2.80,9.87,5.60,7.69,1.27||
2.90,18.36,12.10,4.56,6.13,5.01,2.94||0.00,0.00,0.00,0.04,0.04,0.04||4.65,8.46,1.53,26.24,19.60,13.95||6.91,1.01,1.28,0.27,0.50||14.41,4.09,2.99,8.87,2.62||0.00,0.00,0.50,0.59,0.00||14.43,0.85,1.94,35.06,0.73||2.83,1.12,2.64||0.06,0.19,0.34,0.49,0.93,0.07||
2.90,18.36,12.10,4.56,6.13,5.01,2.94||0.00,0.00,0.00,0.04,0.04,0.04||4.54,8.42,1.47,25.98,19.49,13.72||6.88,1.01,1.27,0.27,0.50||14.44,4.09,3.00,8.88,2.62||0.00,0.00,0.50,0.59,0.00||14.21,0.80,1.80,34.83,0.71||2.45,0.99,2.35||0.03,0.12,0.20,0.33,0.65,0.04||
2.90,18.36,12.10,4.56,6.13,5.01,2.94||0.00,0.00,0.00,0.04,0.04,0.04||4.52,8.41,1.46,25.93,19.47,13.68||6.77,1.00,1.24,0.26,0.49||14.53,4.10,3.04,8.91,2.62||0.00,0.00,0.50,0.59,0.00||19.63,2.93,8.28,39.73,1.52||3.77,1.43,3.33||0.39,1.15,3.26,2.51,3.82,0.48||
2.90,18.36,12.10,4.56,6.13,5.01,2.94||0.00,0.00,0.00,0.04,0.04,0.04||4.51,8.41,1.46,25.92,19.47,13.67||6.65,0.99,1.20,0.26,0.49||14.55,4.10,3.05,8.92,2.63||0.00,0.00,0.50,0.59,0.00||15.00,0.99,2.33,35.61,0.80||3.74,1.42,3.31||0.05,0.17,0.29,0.44,0.83,0.06||
2.90,18.36,12.10,4.56,6.13,5.01,2.94||0.00,0.00,0.00,0.04,0.04,0.04||4.51,8.41,1.46,25.91,19.47,13.67||6.54,0.98,1.17,0.25,0.48||14.21,4.06,2.90,8.79,2.60||0.00,0.00,0.50,0.59,0.00||12.27,0.44,0.90,32.81,0.50||2.50,1.01,2.39||0.03,0.10,0.16,0.28,0.57,0.03||
2.90,18.36,12.10,4.56,6.13,5.01,2.94||0.00,0.00,0.00,0.04,0.04,0.04||4.51,8.41,1.46,25.91,19.47,13.67||6.50,0.98,1.16,0.25,0.48||14.40,4.09,2.98,8.86,2.61||0.00,0.00,0.50,0.59,0.00||19.95,3.13,8.94,40.00,1.58||3.93,1.49,3.44||0.21,0.65,1.61,1.50,2.45,0.26||
2.90,18.36,12.10,4.56,6.13,5.01,2.94||0.00,0.00,0.00,0.04,0.04,0.04||4.51,8.41,1.46,25.91,19.47,13.67||6.39,0.97,1.13,0.25,0.48||14.35,4.08,2.96,8.85,2.61||0.00,0.00,0.50,0.59,0.00||13.48,0.65,1.41,34.09,0.62||3.65,1.40,3.24||0.04,0.15,0.26,0.40,0.77,0.05||
2.90,18.36,12.10,4.56,6.13,5.01,2.94||0.00,0.00,0.00,0.04,0.04,0.04||4.35,8.34,1.38,25.51,19.30,13.33||6.27,0.96,1.10,0.24,0.47||14.25,4.07,2.92,8.81,2.60||0.00,0.00,0.50,0.59,0.00||22.12,4.74,14.55,41.72,2.01||2.88,1.14,2.68||0.06,0.19,0.34,0.49,0.92,0.07||
2.90,18.36,12.10,4.56,6.13,5.01,2.94||0.00,0.00,0.00,0.04,0.04,0.04||4.36,8.34,1.39,25.53,19.31,13.34||6.25,0.95,1.09,0.24,0.47||14.23,4.07,2.91,8.80,2.60||0.00,0.00,0.50,0.59,0.00||15.72,1.20,2.91,36.30,0.90||2.83,1.12,2.64||0.01,0.05,0.07,0.16,0.35,0.02||
2.90,18.31,12.08,4.55,6.12,5.00,2.93||0.00,0.00,0.00,0.04,0.04,0.04||4.28,8.31,1.35,25.34,19.23,13.18||6.15,0.95,1.07,0.24,0.47||14.06,4.05,2.83,8.74,2.59||0.00,0.00,0.50,0.59,0.00||12.65,0.50,1.04,33.22,0.54||2.84,1.13,2.65||0.02,0.06,0.08,0.17,0.37,0.02||
2.90,18.31,12.07,4.55,6.11,5.00,2.93||0.00,0.00,0.00,0.04,0.04,0.04||4.26,8.31,1.34,25.30,19.21,13.15||6.13,0.94,1.06,0.24,0.47||14.28,4.07,2.93,8.82,2.61||0.00,0.00,0.50,0.59,0.00||19.47,2.84,7.98,39.61,1.49||3.21,1.25,2.93||0.14,0.44,0.97,1.04,1.78,0.17||
2.90,18.35,12.10,4.55,6.13,5.01,2.94||0.00,0.00,0.00,0.04,0.04,0.04||4.26,8.30,1.34,25.29,19.21,13.14||6.03,0.94,1.03,0.24,0.46||14.58,4.11,3.06,8.94,2.63||0.00,0.00,0.50,0.59,0.00||28.72,13.56,49.93,46.41,3.73||4.28,1.60,3.69||0.11,0.37,0.79,0.90,1.56,0.14||
2.89,18.23,12.03,4.53,6.09,4.98,2.92||0.00,0.00,0.00,0.04,0.04,0.04||4.26,8.30,1.34,25.29,19.21,13.14||6.01,0.93,1.03,0.24,0.46||15.53,4.22,3.50,9.29,2.69||0.00,0.00,0.50,0.59,0.00||23.13,5.67,17.96,42.48,2.23||4.74,1.74,4.01||0.17,0.52,1.20,1.21,2.04,0.20||
2.90,18.29,12.07,4.54,6.11,5.00,2.93||0.00,0.00,0.00,0.04,0.04,0.04||4.26,8.30,1.34,25.29,19.21,13.14||5.92,0.93,1.00,0.23,0.46||15.17,4.18,3.33,9.16,2.67||0.00,0.00,0.50,0.59,0.00||12.74,0.51,1.08,33.31,0.54||4.07,1.53,3.55||0.02,0.07,0.10,0.20,0.43,0.02||
2.88,18.17,12.00,4.52,6.07,4.97,2.91||0.00,0.00,0.00,0.04,0.04,0.04||4.26,8.30,1.34,25.29,19.21,13.14||5.90,0.92,1.00,0.23,0.46||14.50,4.10,3.02,8.90,2.62||0.00,0.00,0.50,0.59,0.00||15.81,1.23,2.98,36.38,0.91||2.67,1.07,2.53||0.02,0.06,0.09,0.18,0.39,0.02||
2.87,18.10,11.97,4.50,6.05,4.96,2.91||0.00,0.00,0.00,0.04,0.04,0.04||4.07,8.22,1.25,24.80,19.00,12.74||5.80,0.92,0.97,0.23,0.45||14.37,4.08,2.97,8.85,2.61||0.00,0.00,0.50,0.59,0.00||18.00,2.07,5.50,38.35,1.23||4.24,1.58,3.66||0.03,0.11,0.17,0.29,0.59,0.04||
2.88,18.13,11.99,4.51,6.06,4.97,2.91||0.00,0.00,0.00,0.04,0.04,0.04||4.03,8.21,1.23,24.70,18.96,12.66||5.79,0.91,0.97,0.23,0.45||14.09,4.05,2.85,8.75,2.59||0.00,0.00,0.50,0.59,0.00||14.71,0.92,2.12,35.33,0.77||2.54,1.02,2.42||0.03,0.11,0.18,0.31,0.61,0.04||
2.87,18.10,11.97,4.50,6.05,4.96,2.91||0.00,0.00,0.00,0.04,0.04,0.04||4.06,8.22,1.25,24.78,19.00,12.72||5.69,0.91,0.94,0.22,0.45||13.53,3.98,2.61,8.53,2.55||0.00,0.00,0.50,0.59,0.00||14.01,0.76,1.69,34.63,0.68||3.58,1.37,3.20||0.37,1.10,3.09,2.41,3.70,0.46||
2.87,18.09,11.96,4.50,6.05,4.96,2.91||0.00,0.00,0.00,0.04,0.04,0.04||4.03,8.21,1.23,24.70,18.96,12.65||5.67,0.90,0.94,0.22,0.45||13.75,4.01,2.70,8.62,2.57||0.00,0.00,0.50,0.59,0.00||16.53,1.47,3.68,37.05,1.01||2.77,1.10,2.60||0.03,0.09,0.14,0.26,0.53,0.03||
2.87,18.09,11.96,4.50,6.05,4.96,2.91||0.00,0.00,0.00,0.04,0.04,0.04||4.02,8.20,1.23,24.68,18.95,12.64||5.65,0.90,0.93,0.22,0.45||13.80,4.02,2.72,8.63,2.57||0.00,0.00,0.50,0.59,0.00||14.42,0.85,1.93,35.04,0.73||2.86,1.14,2.67||0.05,0.16,0.29,0.43,0.83,0.06||
2.87,18.09,11.96,4.50,6.05,4.96,2.91||0.00,0.00,0.00,0.04,0.04,0.04||4.02,8.20,1.23,24.68,18.95,12.64||5.58,0.90,0.92,0.22,0.44||13.81,4.02,2.73,8.64,2.57||0.00,0.00,0.50,0.59,0.00||22.37,4.96,15.34,41.91,2.06||4.22,1.58,3.65||0.08,0.25,0.50,0.64,1.17,0.09||
2.87,18.09,11.96,4.50,6.05,4.96,2.91||0.00,0.00,0.00,0.04,0.04,0.04||4.02,8.20,1.23,24.68,18.95,12.64||5.56,0.89,0.91,0.22,0.44||13.89,4.03,2.76,8.67,2.58||0.00,0.00,0.50,0.59,0.00||16.74,1.54,3.90,37.23,1.04||2.66,1.07,2.52||0.01,0.04,0.06,0.13,0.29,0.01||
2.87,18.09,11.96,4.50,6.05,4.96,2.91||0.00,0.00,0.00,0.04,0.04,0.04||4.02,8.20,1.23,24.68,18.95,12.64||5.56,0.89,0.91,0.22,0.44||13.99,4.04,2.81,8.71,2.59||0.00,0.00,0.50,0.59,0.00||15.15,1.03,2.44,35.75,0.82||2.68,1.07,2.53||0.02,0.07,0.11,0.21,0.44,0.02||
2.87,18.09,11.96,4.50,6.05,4.96,2.91||0.00,0.00,0.00,0.03,0.04,0.04||4.02,8.20,1.23,24.68,18.95,12.64||5.48,0.89,0.89,0.22,0.44||13.76,4.01,2.71,8.62,2.57||0.00,0.00,0.50,0.59,0.00||14.98,0.99,2.31,35.59,0.80||2.69,1.08,2.54||0.13,0.41,0.91,0.99,1.71,0.16||
2.87,18.09,11.96,4.50,6.05,4.96,2.91||0.00,0.00,0.00,0.04,0.04,0.04||3.98,8.19,1.21,24.58,18.91,12.56||5.46,0.88,0.89,0.22,0.44||13.97,4.04,2.79,8.70,2.58||0.00,0.00,0.50,0.59,0.00||20.22,3.30,9.53,40.22,1.63||3.40,1.31,3.06||0.35,1.04,2.87,2.29,3.53,0.43||
2.87,18.09,11.96,4.50,6.05,4.96,2.91||0.00,0.00,0.00,0.04,0.04,0.04||3.94,8.17,1.19,24.47,18.86,12.46||5.45,0.88,0.88,0.22,0.44||13.51,3.98,2.60,8.52,2.55||0.00,0.00,0.50,0.59,0.00||27.97,12.18,44.02,45.91,3.50||3.79,1.44,3.35||0.08,0.26,0.51,0.65,1.18,0.10||
2.87,18.09,11.96,4.50,6.05,4.96,2.91||0.00,0.00,0.00,0.03,0.04,0.04||3.90,8.15,1.17,24.35,18.81,12.37||5.45,0.88,0.88,0.22,0.44||13.91,4.03,2.77,8.68,2.58||0.00,0.00,0.50,0.59,0.00||16.27,1.38,3.42,36.81,0.97||3.31,1.28,3.00||0.02,0.07,0.09,0.19,0.40,0.02||
2.87,18.09,11.96,4.50,6.05,4.96,2.91||0.00,0.00,0.00,0.03,0.04,0.04||3.82,8.11,1.14,24.13,18.72,12.19||5.39,0.88,0.87,0.21,0.44||13.75,4.01,2.70,8.62,2.57||0.00,0.00,0.50,0.59,0.00||16.27,1.38,3.41,36.80,0.97||2.93,1.16,2.72||0.03,0.09,0.14,0.25,0.52,0.03||
2.87,18.09,11.96,4.50,6.05,4.96,2.91||0.00,0.00,0.00,0.03,0.04,0.04||3.80,8.11,1.13,24.09,18.71,12.16||5.36,0.88,0.86,0.21,0.44||13.71,4.01,2.69,8.60,2.57||0.00,0.00,0.50,0.59,0.00||14.25,0.81,1.83,34.87,0.71||2.69,1.08,2.54||0.07,0.22,0.41,0.56,1.04,0.08||
2.87,18.09,11.96,4.50,6.05,4.96,2.91||0.00,0.00,0.00,0.03,0.04,0.04||3.80,8.10,1.13,24.08,18.70,12.15||5.35,0.88,0.86,0.21,0.43||13.79,4.01,2.72,8.63,2.57||0.00,0.00,0.50,0.59,0.00||14.48,0.86,1.97,35.10,0.74||3.17,1.24,2.90||0.07,0.23,0.44,0.58,1.07,0.08||
2.87,18.09,11.96,4.50,6.05,4.96,2.91||0.00,0.00,0.00,0.03,0.04,0.04||3.80,8.10,1.13,24.08,18.70,12.15||5.33,0.87,0.85,0.21,0.43||13.72,4.01,2.69,8.61,2.57||0.00,0.00,0.50,0.59,0.00||21.81,4.48,13.62,41.48,1.95||3.57,1.37,3.19||0.07,0.24,0.46,0.61,1.11,0.09||
2.87,18.09,11.96,4.50,6.05,4.96,2.91||0.00,0.00,0.00,0.03,0.04,0.04||3.80,8.10,1.13,24.08,18.70,12.15||5.26,0.87,0.84,0.21,0.43||13.63,3.99,2.65,8.57,2.56||0.00,0.00,0.50,0.59,0.00||20.89,3.77,11.11,40.76,1.76||3.99,1.50,3.48||0.43,1.27,3.68,2.73,4.12,0.54||
2.87,18.09,11.96,4.50,6.05,4.96,2.91||0.00,0.00,0.00,0.03,0.04,0.04||3.80,8.10,1.13,24.08,18.70,12.15||5.25,0.87,0.83,0.21,0.43||13.86,4.02,2.75,8.66,2.58||0.00,0.00,0.50,0.59,0.00||25.01,7.77,25.99,43.86,2.69||3.87,1.47,3.40||0.11,0.34,0.72,0.83,1.47,0.13||
2.87,18.09,11.96,4.50,6.05,4.96,2.91||0.00,0.00,0.00,0.03,0.04,0.04||3.80,8.10,1.13,24.08,18.70,12.15||5.25,0.87,0.83,0.21,0.43||13.82,4.02,2.73,8.64,2.57||0.00,0.00,0.50,0.59,0.00||29.14,14.36,53.40,46.68,3.86||4.43,1.64,3.79||0.07,0.23,0.45,0.59,1.09,0.09||
2.87,18.09,11.96,4.50,6.05,4.96,2.91||0.00,0.00,0.00,0.03,0.04,0.04||3.80,8.10,1.13,24.08,18.70,12.15||5.23,0.86,0.83,0.21,0.43||13.73,4.01,2.69,8.61,2.57||0.00,0.00,0.50,0.59,0.00||18.81,2.47,6.78,39.05,1.37||3.16,1.23,2.89||0.03,0.10,0.15,0.27,0.55,0.03||
2.87,18.04,11.94,4.49,6.03,4.95,2.90||0.00,0.00,0.00,0.03,0.04,0.04||3.80,8.10,1.13,24.08,18.70,12.15||5.16,0.86,0.81,0.21,0.43||13.79,4.02,2.72,8.63,2.57||0.00,0.00,0.50,0.59,0.00||16.76,1.55,3.92,37.25,1.04||2.59,1.04,2.47||0.02,0.09,0.13,0.24,0.50,0.03||
2.87,18.04,11.93,4.48,6.03,4.95,2.90||0.00,0.00,0.00,0.03,0.04,0.04||3.69,8.06,1.08,23.80,18.58,11.92||5.15,0.86,0.81,0.20,0.43||13.81,4.02,2.73,8.64,2.57||0.00,0.00,0.50,0.59,0.00||18.01,2.08,5.52,38.37,1.24||2.57,1.04,2.45||0.01,0.05,0.06,0.14,0.31,0.01||
2.86,17.95,11.89,4.47,6.01,4.93,2.89||0.00,0.00,0.00,0.03,0.04,0.04||3.64,8.03,1.06,23.65,18.52,11.80||5.15,0.86,0.81,0.20,0.43||13.81,4.02,2.73,8.64,2.57||0.00,0.00,0.50,0.59,0.00||18.08,2.10,5.62,38.42,1.25||3.93,1.49,3.45||0.05,0.17,0.30,0.45,0.85,0.06||
2.85,17.93,11.88,4.46,6.00,4.93,2.89||0.00,0.00,0.00,0.03,0.04,0.04||3.63,8.03,1.06,23.62,18.51,11.78||5.15,0.86,0.81,0.20,0.43||13.64,4.00,2.66,8.57,2.56||0.00,0.00,0.50,0.59,0.00||26.71,10.12,35.43,45.05,3.14||3.19,1.24,2.91||0.02,0.07,0.10,0.21,0.44,0.02||
2.86,17.97,11.90,4.47,6.01,4.93,2.89||0.00,0.00,0.00,0.03,0.04,0.04||3.59,8.01,1.04,23.52,18.46,11.70||5.08,0.85,0.79,0.20,0.42||13.94,4.03,2.78,8.69,2.58||0.00,0.00,0.50,0.59,0.00||15.00,0.99,2.32,35.60,0.80||2.61,1.05,2.48||0.04,0.14,0.23,0.37,0.72,0.05||
2.86,17.94,11.88,4.46,6.00,4.93,2.89||0.00,0.00,0.00,0.03,0.04,0.04||3.58,8.01,1.04,23.50,18.45,11.69||5.05,0.85,0.79,0.20,0.42||14.00,4.04,2.81,8.71,2.59||0.00,0.00,0.50,0.59,0.00||13.41,0.63,1.37,34.02,0.62||2.53,1.02,2.41||0.04,0.14,0.25,0.39,0.75,0.05||
2.85,17.93,11.88,4.46,6.00,4.93,2.89||0.00,0.00,0.00,0.03,0.04,0.04||3.58,8.01,1.04,23.50,18.45,11.68||5.05,0.85,0.78,0.20,0.42||13.76,4.01,2.71,8.62,2.57||0.00,0.00,0.50,0.59,0.00||23.77,6.33,20.42,42.96,2.38||3.51,1.35,3.14||0.16,0.51,1.20,1.21,2.03,0.20||
2.85,17.88,11.86,4.45,5.99,4.92,2.88||0.00,0.00,0.00,0.03,0.04,0.04||3.58,8.01,1.04,23.50,18.45,11.68||5.05,0.85,0.78,0.20,0.42||14.05,4.05,2.83,8.73,2.59||0.00,0.00,0.50,0.59,0.00||18.47,2.29,6.21,38.76,1.31||2.95,1.16,2.73||0.03,0.09,0.14,0.25,0.52,0.03||
2.84,17.83,11.83,4.44,5.97,4.91,2.88||0.00,0.00,0.00,0.03,0.04,0.04||3.58,8.01,1.04,23.50,18.45,11.68||5.05,0.85,0.78,0.20,0.42||14.02,4.04,2.82,8.72,2.59||0.00,0.00,0.50,0.59,0.00||13.53,0.66,1.43,34.14,0.63||2.52,1.02,2.41||0.03,0.09,0.14,0.25,0.52,0.03||
2.84,17.82,11.82,4.44,5.97,4.91,2.87||0.00,0.00,0.00,0.03,0.04,0.04||3.58,8.01,1.04,23.50,18.45,11.68||5.00,0.84,0.77,0.20,0.42||14.19,4.06,2.89,8.79,2.60||0.00,0.00,0.50,0.59,0.00||15.87,1.25,3.04,36.44,0.92||3.37,1.30,3.04||0.06,0.20,0.38,0.53,0.98,0.07||
2.84,17.82,11.82,4.44,5.97,4.91,2.87||0.00,0.00,0.00,0.03,0.04,0.04||3.58,8.01,1.04,23.50,18.45,11.68||4.97,0.84,0.77,0.20,0.42||14.22,4.07,2.90,8.80,2.60||0.00,0.00,0.50,0.59,0.00||17.55,1.87,4.89,37.97,1.16||4.18,1.57,3.62||0.07,0.22,0.43,0.57,1.06,0.08||
2.84,17.82,11.82,4.44,5.97,4.91,2.87||0.00,0.00,0.00,0.03,0.04,0.04||3.58,8.01,1.04,23.50,18.45,11.68||4.95,0.84,0.76,0.20,0.42||13.89,4.03,2.76,8.67,2.58||0.00,0.00,0.50,0.59,0.00||18.10,2.11,5.65,38.44,1.25||4.75,1.75,4.02||0.20,0.61,1.47,1.40,2.31,0.24||
2.84,17.82,11.82,4.44,5.97,4.91,2.87||0.00,0.00,0.00,0.03,0.04,0.04||3.58,8.01,1.04,23.50,18.45,11.68||4.95,0.84,0.76,0.20,0.42||14.08,4.05,2.84,8.74,2.59||0.00,0.00,0.50,0.59,0.00||13.14,0.58,1.25,33.74,0.59||3.45,1.33,3.10||0.06,0.21,0.39,0.54,1.01,0.08||
2.84,17.82,11.82,4.44,5.97,4.91,2.87||0.00,0.00,0.00,0.03,0.04,0.04||3.58,8.01,1.04,23.50,18.45,11.68||4.95,0.84,0.76,0.20,0.42||14.11,4.05,2.86,8.76,2.59||0.00,0.00,0.50,0.59,0.00||17.07,1.67,4.29,37.54,1.09||3.11,1.22,2.86||0.40,1.18,3.36,2.56,3.89,0.50||
2.84,17.82,11.82,4.44,5.97,4.91,2.87||0.00,0.00,0.00,0.03,0.04,0.04||3.55,7.99,1.02,23.41,18.41,11.61||4.95,0.84,0.76,0.20,0.42||14.12,4.05,2.86,8.76,2.59||0.00,0.00,0.50,0.59,0.00||21.14,3.95,11.74,40.95,1.81||3.84,1.46,3.38||0.46,1.34,3.94,2.88,4.31,0.57||
2.84,17.82,11.82,4.44,5.97,4.91,2.87||0.00,0.00,0.00,0.03,0.04,0.04||3.54,7.99,1.02,23.39,18.41,11.59||4.95,0.84,0.76,0.20,0.42||14.12,4.05,2.86,8.76,2.59||0.00,0.00,0.50,0.59,0.00||15.13,1.03,2.42,35.73,0.82||3.15,1.23,2.89||0.04,0.13,0.22,0.35,0.69,0.05||
2.84,17.82,11.82,4.44,5.97,4.91,2.87||0.00,0.00,0.00,0.03,0.04,0.04||3.44,7.94,0.98,23.11,18.29,11.37||4.92,0.83,0.75,0.20,0.42||14.12,4.05,2.86,8.76,2.59||0.00,0.00,0.50,0.59,0.00||13.83,0.72,1.58,34.44,0.66||3.16,1.24,2.89||0.05,0.18,0.33,0.47,0.90,0.07||
2.84,17.82,11.82,4.44,5.97,4.91,2.87||0.00,0.00,0.00,0.03,0.04,0.04||3.39,7.92,0.96,22.96,18.22,11.26||4.87,0.83,0.74,0.19,0.41||14.12,4.05,2.86,8.76,2.59||0.00,0.00,0.50,0.59,0.00||13.19,0.59,1.27,33.79,0.59||2.67,1.07,2.53||0.03,0.11,0.18,0.31,0.62,0.04||
2.84,17.82,11.82,4.44,5.97,4.91,2.87||0.00,0.00,0.00,0.03,0.04,0.04||3.38,7.91,0.95,22.94,18.21,11.24||4.86,0.83,0.74,0.19,0.41||14.12,4.05,2.86,8.76,2.59||0.00,0.00,0.50,0.59,0.00||12.86,0.53,1.12,33.44,0.56||2.70,1.08,2.55||0.02,0.08,0.11,0.21,0.45,0.03||
2.84,17.82,11.82,4.44,5.97,4.91,2.87||0.00,0.00,0.00,0.03,0.04,0.04||3.38,7.91,0.95,22.93,18.21,11.23||4.85,0.83,0.74,0.19,0.41||14.12,4.05,2.86,8.76,2.59||0.00,0.00,0.50,0.59,0.00||15.87,1.25,3.04,36.44,0.92||2.09,0.87,2.07||0.02,0.08,0.12,0.23,0.48,0.03||
2.84,17.82,11.82,4.44,5.97,4.91,2.87||0.00,0.00,0.00,0.03,0.04,0.04||3.38,7.91,0.95,22.93,18.21,11.23||4.85,0.83,0.74,0.19,0.41||13.95,4.03,2.79,8.70,2.58||0.00,0.00,0.50,0.59,0.00||17.19,1.72,4.43,37.64,1.11||3.01,1.18,2.78||0.03,0.10,0.15,0.27,0.56,0.03||
2.84,17.82,11.82,4.44,5.97,4.91,2.87||0.00,0.00,0.00,0.03,0.04,0.04||3.38,7.91,0.95,22.93,18.21,11.23||4.85,0.83,0.74,0.19,0.41||14.09,4.05,2.85,8.75,2.59||0.00,0.00,0.50,0.59,0.00||25.19,7.99,26.87,43.99,2.74||4.45,1.65,3.80||0.04,0.14,0.25,0.38,0.75,0.05||
2.84,17.82,11.82,4.44,5.97,4.91,2.87||0.00,0.00,0.00,0.03,0.04,0.04||3.38,7.91,0.95,22.93,18.21,11.23||4.85,0.83,0.74,0.19,0.41||13.45,3.97,2.58,8.50,2.55||0.00,0.00,0.50,0.59,0.00||21.13,3.94,11.73,40.95,1.81||4.25,1.59,3.67||0.06,0.21,0.40,0.55,1.02,0.08||
2.84,17.82,11.82,4.44,5.97,4.91,2.87||0.00,0.00,0.00,0.03,0.04,0.04||3.38,7.91,0.95,22.93,18.21,11.23||4.79,0.82,0.72,0.19,0.41||13.49,3.98,2.60,8.52,2.55||0.00,0.00,0.50,0.59,0.00||23.51,6.06,19.42,42.77,2.32||4.28,1.60,3.69||0.48,1.40,4.14,2.98,4.45,0.59||
2.84,17.82,11.82,4.44,5.97,4.91,2.87||0.00,0.00,0.00,0.03,0.04,0.04||3.38,7.91,0.95,22.93,18.21,11.23||4.78,0.82,0.72,0.19,0.41||13.42,3.97,2.57,8.49,2.54||0.00,0.00,0.50,0.59,0.00||17.67,1.92,5.04,38.07,1.18||3.40,1.32,3.07||0.02,0.07,0.10,0.20,0.42,0.02||
2.84,17.82,11.82,4.44,5.97,4.91,2.87||0.00,0.00,0.00,0.03,0.04,0.04||3.38,7.91,0.95,22.93,18.21,11.23||4.76,0.82,0.72,0.19,0.41||13.57,3.99,2.63,8.55,2.55||0.00,0.00,0.50,0.59,0.00||15.40,1.10,2.63,35.99,0.85||2.78,1.11,2.61||0.02,0.08,0.11,0.22,0.46,0.03||
2.84,17.82,11.82,4.44,5.97,4.91,2.87||0.00,0.00,0.00,0.03,0.04,0.04||3.38,7.91,0.95,22.93,18.21,11.23||4.76,0.82,0.72,0.19,0.41||13.60,3.99,2.64,8.56,2.56||0.00,0.00,0.50,0.59,0.00||21.49,4.22,12.69,41.23,1.88||3.75,1.43,3.32||0.34,1.02,2.81,2.25,3.48,0.42||
2.84,17.82,11.82,4.44,5.97,4.91,2.87||0.00,0.00,0.00,0.03,0.04,0.04||3.38,7.91,0.95,22.93,18.21,11.23||4.76,0.82,0.72,0.19,0.41||13.77,4.01,2.71,8.62,2.57||0.00,0.00,0.50,0.59,0.00||18.57,2.34,6.37,38.85,1.33||2.90,1.15,2.70||0.03,0.11,0.17,0.30,0.60,0.04||
2.84,17.82,11.82,4.44,5.97,4.91,2.87||0.00,0.00,0.00,0.03,0.04,0.04||3.35,7.89,0.94,22.84,18.17,11.16||4.76,0.82,0.72,0.19,0.41||13.72,4.01,2.69,8.60,2.57||0.00,0.00,0.50,0.59,0.00||16.03,1.30,3.18,36.59,0.94||3.21,1.25,2.93||0.14,0.44,0.98,1.05,1.79,0.17||
2.84,17.82,11.82,4.44,5.97,4.91,2.87||0.00,0.00,0.00,0.03,0.04,0.04||3.25,7.84,0.90,22.55,18.04,10.94||4.71,0.82,0.70,0.19,0.41||13.22,3.95,2.49,8.41,2.53||0.00,0.00,0.50,0.59,0.00||21.95,4.60,14.04,41.59,1.98||4.96,1.81,4.16||0.49,1.42,4.23,3.03,4.51,0.61||
2.84,17.82,11.82,4.44,5.97,4.91,2.87||0.00,0.00,0.00,0.03,0.04,0.04||3.26,7.85,0.90,22.58,18.06,10.96||4.68,0.81,0.70,0.19,0.40||13.13,3.93,2.45,8.37,2.52||0.00,0.00,0.50,0.59,0.00||19.09,2.62,7.26,39.28,1.42||3.59,1.38,3.20||0.08,0.27,0.53,0.67,1.21,0.10||
2.84,17.82,11.82,4.44,5.97,4.91,2.87||0.00,0.00,0.00,0.03,0.04,0.04||3.21,7.82,0.88,22.41,17.98,10.83||4.67,0.81,0.69,0.19,0.40||13.43,3.97,2.57,8.49,2.54||0.00,0.00,0.50,0.59,0.00||16.28,1.38,3.42,36.82,0.97||2.54,1.03,2.43||0.03,0.11,0.18,0.31,0.62,0.04||
2.84,17.82,11.82,4.44,5.97,4.91,2.87||0.00,0.00,0.00,0.03,0.04,0.04||3.22,7.83,0.89,22.47,18.01,10.87||4.67,0.81,0.69,0.19,0.40||13.24,3.95,2.50,8.42,2.53||0.00,0.00,0.50,0.59,0.00||18.45,2.29,6.19,38.75,1.31||4.29,1.60,3.70||0.06,0.21,0.39,0.54,1.00,0.08||
2.84,17.82,11.82,4.44,5.97,4.91,2.87||0.00,0.00,0.00,0.03,0.04,0.04||3.20,7.82,0.88,22.39,17.97,10.81||4.67,0.81,0.69,0.19,0.40||13.29,3.95,2.52,8.44,2.53||0.00,0.00,0.50,0.59,0.00||15.02,1.00,2.34,35.62,0.80||3.86,1.47,3.40||0.04,0.15,0.26,0.40,0.78,0.05||
2.84,17.82,11.82,4.44,5.97,4.91,2.87||0.00,0.00,0.00,0.03,0.04,0.04||3.19,7.81,0.87,22.38,17.97,10.80||4.67,0.81,0.69,0.19,0.40||13.14,3.94,2.46,8.38,2.52||0.00,0.00,0.50,0.59,0.00||17.42,1.81,4.72,37.85,1.14||3.74,1.42,3.31||0.86,2.41,8.17,4.88,6.83,1.07||
2.84,17.82,11.82,4.44,5.97,4.91,2.87||0.00,0.00,0.00,0.03,0.04,0.04||3.19,7.81,0.87,22.37,17.96,10.80||4.65,0.81,0.69,0.19,0.40||13.27,3.95,2.51,8.43,2.53||0.00,0.00,0.50,0.59,0.00||15.06,1.01,2.37,35.67,0.81||2.46,1.00,2.36||0.07,0.25,0.48,0.62,1.14,0.09||
2.84,17.82,11.82,4.44,5.97,4.91,2.87||0.00,0.00,0.00,0.03,0.04,0.04||3.19,7.81,0.87,22.37,17.96,10.80||4.59,0.80,0.68,0.18,0.40||13.13,3.93,2.45,8.38,2.52||0.00,0.00,0.50,0.59,0.00||19.40,2.80,7.83,39.55,1.47||3.55,1.36,3.17||0.44,1.30,3.79,2.80,4.21,0.55||
2.84,17.82,11.82,4.44,5.97,4.91,2.87||0.00,0.00,0.00,0.03,0.04,0.04||3.19,7.81,0.87,22.37,17.96,10.80||4.58,0.80,0.67,0.18,0.40||13.11,3.93,2.44,8.37,2.52||0.00,0.00,0.50,0.59,0.00||14.35,0.83,1.89,34.97,0.72||2.97,1.17,2.75||0.15,0.47,1.07,1.12,1.89,0.18||
2.84,17.82,11.82,4.44,5.97,4.91,2.87||0.00,0.00,0.00,0.03,0.04,0.04||3.19,7.81,0.87,22.37,17.96,10.80||4.58,0.80,0.67,0.18,0.40||12.94,3.91,2.38,8.30,2.51||0.00,0.00,0.50,0.59,0.00||12.54,0.48,1.00,33.10,0.52||2.55,1.03,2.43||0.17,0.52,1.21,1.22,2.04,0.20||
2.84,17.78,11.80,4.43,5.96,4.90,2.87||0.00,0.00,0.00,0.03,0.04,0.04||3.19,7.81,0.87,22.37,17.96,10.80||4.58,0.80,0.67,0.18,0.40||13.15,3.94,2.46,8.38,2.52||0.00,0.00,0.50,0.59,0.00||23.28,5.83,18.54,42.60,2.27||3.55,1.36,3.17||0.52,1.50,4.53,3.18,4.70,0.64||

