4.58,34.68,19.94,8.08,10.79,7.89,4.67||0.00,0.00,0.00,0.08,0.07,0.08||61.60,14.59,70.65,78.50,35.66,80.91||12.91,1.43,3.37,0.47,0.70||54.84,7.11,50.43,20.24,4.43||0.02,0.05,0.70,0.81,0.01||51.48,141.77,783.70,58.88,14.84||14.41,4.49,9.80||0.44,1.29,3.75,2.78,4.18,0.55||
3.10,20.13,13.01,4.95,6.65,5.35,3.14||0.00,0.00,0.00,0.04,0.04,0.04||5.33,8.71,1.87,27.81,20.23,15.31||5.55,0.89,0.91,0.22,0.44||18.10,4.49,4.84,10.21,2.86||0.00,0.01,0.53,0.63,0.00||43.82,74.16,366.46,55.13,10.14||13.21,4.17,9.14||4.09,10.36,50.14,18.20,21.45,5.20||
2.89,18.25,12.05,4.53,6.10,4.99,2.92||0.00,0.00,0.00,0.04,0.04,0.04||3.43,7.93,0.97,23.07,18.27,11.35||4.77,0.82,0.72,0.19,0.41||14.83,4.14,3.17,9.03,2.65||0.00,0.01,0.50,0.60,0.00||30.81,17.98,69.51,47.76,4.41||8.80,2.95,6.59||1.21,3.31,12.14,6.51,8.77,1.52||
2.85,17.91,11.87,4.46,5.99,4.92,2.88||0.00,0.00,0.00,0.03,0.04,0.04||3.12,7.78,0.84,22.16,17.87,10.63||4.60,0.80,0.68,0.19,0.40||14.26,4.07,2.92,8.81,2.60||0.00,0.00,0.50,0.60,0.00||58.40,235.41,1420.77,61.98,20.00||12.37,3.94,8.67||1.35,3.67,13.80,7.14,9.50,1.69||
2.84,17.84,11.83,4.44,5.97,4.91,2.88||0.00,0.00,0.00,0.03,0.04,0.04||2.98,7.70,0.79,21.73,17.68,10.30||4.58,0.80,0.67,0.18,0.40||14.24,4.07,2.91,8.80,2.60||0.00,0.00,0.50,0.59,0.00||33.61,25.50,104.76,49.48,5.41||9.29,3.09,6.88||0.86,2.40,8.13,4.86,6.81,1.07||
2.84,17.82,11.82,4.44,5.97,4.91,2.87||0.00,0.00,0.00,0.03,0.04,0.04||2.95,7.69,0.78,21.64,17.64,10.24||4.55,0.80,0.67,0.18,0.40||14.15,4.06,2.87,8.77,2.60||0.00,0.00,0.50,0.59,0.00||47.01,98.40,510.63,56.74,11.97||13.41,4.22,9.25||1.55,4.18,16.21,8.02,10.52,1.95||
2.84,17.82,11.82,4.44,5.97,4.91,2.87||0.00,0.00,0.00,0.03,0.04,0.04||2.92,7.67,0.76,21.54,17.60,10.16||4.51,0.80,0.66,0.18,0.40||14.13,4.06,2.86,8.76,2.60||0.00,0.00,0.50,0.59,0.00||46.57,94.71,488.27,56.52,11.71||13.60,4.27,9.36||2.19,5.79,24.30,10.76,13.58,2.77||
2.84,17.82,11.82,4.44,5.97,4.91,2.87||0.00,0.00,0.00,0.03,0.04,0.04||2.91,7.66,0.76,21.52,17.59,10.14||4.51,0.80,0.66,0.18,0.40||14.12,4.05,2.86,8.76,2.60||0.00,0.00,0.50,0.59,0.00||35.27,30.97,131.60,50.46,6.07||9.09,3.03,6.77||0.98,2.73,9.55,5.47,7.54,1.23||
2.84,17.78,11.80,4.43,5.96,4.90,2.87||0.00,0.00,0.00,0.03,0.04,0.04||2.91,7.66,0.76,21.52,17.59,10.14||4.51,0.80,0.66,0.18,0.40||14.21,4.06,2.90,8.79,2.60||0.00,0.00,0.50,0.59,0.00||58.98,244.95,1488.55,62.23,20.47||10.53,3.44,7.62||2.46,6.45,27.78,11.86,14.78,3.11||
2.83,17.69,11.75,4.41,5.93,4.88,2.86||0.00,0.00,0.00,0.03,0.04,0.04||2.91,7.66,0.76,21.52,17.59,10.14||4.51,0.80,0.66,0.18,0.40||14.14,4.06,2.87,8.77,2.60||0.00,0.00,0.50,0.59,0.00||38.63,44.67,202.22,52.37,7.53||9.13,3.05,6.79||0.60,1.73,5.41,3.62,5.27,0.75||
2.84,17.79,11.81,4.43,5.96,4.90,2.87||0.00,0.00,0.00,0.03,0.04,0.04||2.91,7.66,0.76,21.52,17.59,10.14||4.51,0.80,0.66,0.18,0.40||14.04,4.05,2.83,8.73,2.59||0.00,0.00,0.50,0.59,0.00||52.71,155.87,875.93,59.45,15.69||13.95,4.37,9.55||2.93,7.58,33.96,13.72,16.78,3.71||
2.84,17.81,11.82,4.44,5.97,4.90,2.87||0.00,0.00,0.00,0.03,0.04,0.04||2.91,7.66,0.76,21.52,17.59,10.14||4.51,0.80,0.66,0.18,0.40||14.11,4.05,2.85,8.75,2.59||0.00,0.00,0.50,0.59,0.00||62.76,314.53,1995.93,63.83,23.72||14.88,4.61,10.06||1.75,4.68,18.66,8.89,11.50,2.20||
2.84,17.78,11.80,4.43,5.96,4.90,2.87||0.00,0.00,0.00,0.03,0.04,0.04||2.91,7.66,0.76,21.52,17.59,10.14||4.51,0.80,0.66,0.18,0.40||14.04,4.04,2.82,8.73,2.59||0.00,0.00,0.50,0.59,0.00||36.93,37.26,163.45,51.42,6.76||9.42,3.13,6.97||1.64,4.40,17.28,8.40,10.95,2.06||
2.83,17.73,11.77,4.42,5.94,4.89,2.86||0.00,0.00,0.00,0.03,0.04,0.04||2.91,7.66,0.76,21.52,17.59,10.14||4.51,0.80,0.66,0.18,0.40||14.11,4.05,2.85,8.75,2.59||0.00,0.00,0.50,0.59,0.00||61.16,283.44,1766.53,63.16,22.31||10.52,3.44,7.61||1.77,4.73,18.91,8.97,11.59,2.23||
2.83,17.68,11.75,4.40,5.93,4.88,2.86||0.00,0.00,0.00,0.03,0.04,0.04||2.91,7.66,0.76,21.52,17.59,10.14||4.51,0.80,0.66,0.18,0.40||14.12,4.05,2.86,8.76,2.59||0.00,0.00,0.50,0.59,0.00||51.45,141.47,781.79,58.87,14.82||9.42,3.13,6.96||2.42,6.34,27.23,11.69,14.59,3.06||
2.82,17.67,11.74,4.40,5.92,4.87,2.86||0.00,0.00,0.00,0.03,0.04,0.04||2.91,7.66,0.76,21.52,17.59,10.14||4.51,0.80,0.66,0.18,0.40||13.87,4.02,2.75,8.66,2.58||0.00,0.00,0.50,0.59,0.00||28.96,14.02,51.91,46.57,3.81||8.69,2.92,6.52||0.35,1.04,2.87,2.28,3.53,0.43||
2.82,17.62,11.72,4.39,5.91,4.87,2.85||0.00,0.00,0.00,0.03,0.04,0.04||2.88,7.65,0.75,21.43,17.55,10.08||4.46,0.79,0.65,0.18,0.39||14.07,4.05,2.84,8.74,2.59||0.00,0.00,0.50,0.59,0.00||34.87,29.58,124.67,50.23,5.90||8.52,2.87,6.42||0.29,0.87,2.31,1.95,3.08,0.36||
2.82,17.66,11.74,4.40,5.92,4.87,2.85||0.00,0.00,0.00,0.03,0.04,0.04||2.91,7.66,0.76,21.50,17.58,10.13||4.47,0.79,0.65,0.18,0.39||14.03,4.04,2.82,8.72,2.59||0.00,0.00,0.50,0.59,0.00||40.05,51.65,239.74,53.15,8.20||10.80,3.51,7.78||0.95,2.65,9.21,5.33,7.36,1.19||
2.82,17.66,11.74,4.40,5.92,4.87,2.86||0.00,0.00,0.00,0.03,0.04,0.04||2.91,7.66,0.76,21.51,17.58,10.14||4.46,0.79,0.65,0.18,0.39||14.10,4.05,2.85,8.75,2.59||0.00,0.00,0.50,0.59,0.00||35.70,32.51,139.27,50.71,6.24||8.78,2.95,6.58||0.51,1.49,4.49,3.16,4.68,0.64||
2.81,17.58,11.70,4.38,5.90,4.86,2.85||0.00,0.00,0.00,0.03,0.04,0.04||2.88,7.65,0.75,21.43,17.55,10.08||4.43,0.79,0.64,0.18,0.39||13.87,4.02,2.75,8.66,2.58||0.00,0.00,0.50,0.59,0.00||43.70,73.30,361.51,55.07,10.07||11.31,3.65,8.07||6.06,14.96,79.12,25.35,28.61,7.74||
2.81,17.56,11.69,4.38,5.89,4.85,2.84||0.00,0.00,0.00,0.03,0.04,0.04||2.88,7.65,0.75,21.42,17.54,10.07||4.42,0.79,0.64,0.18,0.39||14.07,4.05,2.84,8.74,2.59||0.00,0.00,0.50,0.59,0.00||40.30,52.96,246.88,53.28,8.32||9.31,3.10,6.90||2.68,6.99,30.71,12.76,15.74,3.40||
2.81,17.56,11.69,4.38,5.89,4.85,2.84||0.00,0.00,0.00,0.03,0.04,0.04||2.85,7.63,0.74,21.33,17.50,10.00||4.42,0.79,0.64,0.18,0.39||14.11,4.05,2.86,8.76,2.59||0.00,0.00,0.50,0.59,0.00||35.86,33.11,142.30,50.81,6.31||9.07,3.03,6.75||0.86,2.41,8.18,4.88,6.83,1.07||
2.81,17.56,11.69,4.38,5.89,4.85,2.84||0.00,0.00,0.00,0.03,0.04,0.04||2.79,7.60,0.72,21.15,17.42,9.86||4.42,0.79,0.64,0.18,0.39||14.12,4.05,2.86,8.76,2.59||0.00,0.00,0.50,0.59,0.00||47.17,99.73,518.74,56.82,12.07||12.59,4.00,8.79||0.96,2.66,9.26,5.34,7.39,1.20||
2.81,17.56,11.69,4.38,5.89,4.85,2.84||0.00,0.00,0.00,0.03,0.04,0.04||2.83,7.62,0.73,21.28,17.48,9.96||4.42,0.79,0.64,0.18,0.39||14.12,4.05,2.86,8.76,2.59||0.00,0.00,0.50,0.59,0.00||34.16,27.21,113.06,49.81,5.62||9.37,3.11,6.93||3.51,8.97,41.91,15.98,19.16,4.45||
2.81,17.56,11.69,4.38,5.89,4.85,2.84||0.00,0.00,0.00,0.03,0.04,0.04||2.77,7.58,0.71,21.06,17.38,9.79||4.42,0.79,0.64,0.18,0.39||14.12,4.05,2.86,8.76,2.59||0.00,0.00,0.50,0.59,0.00||30.44,17.13,65.70,47.52,4.28||7.99,2.72,6.10||0.59,1.68,5.24,3.53,5.16,0.73||
2.81,17.56,11.69,4.38,5.89,4.85,2.84||0.00,0.00,0.00,0.03,0.04,0.04||2.75,7.57,0.70,21.01,17.36,9.76||4.42,0.79,0.64,0.18,0.39||13.95,4.03,2.79,8.70,2.58||0.00,0.00,0.50,0.59,0.00||39.19,47.30,216.22,52.68,7.78||10.51,3.43,7.60||1.62,4.36,17.09,8.34,10.88,2.04||
2.82,17.60,11.71,4.39,5.90,4.86,2.85||0.00,0.00,0.00,0.03,0.04,0.04||2.75,7.57,0.70,21.00,17.36,9.76||4.42,0.79,0.64,0.18,0.39||13.84,4.02,2.74,8.65,2.57||0.00,0.00,0.50,0.59,0.00||35.22,30.80,130.75,50.44,6.05||7.48,2.57,5.78||0.58,1.67,5.19,3.51,5.13,0.72||
2.84,17.78,11.80,4.43,5.96,4.90,2.87||0.00,0.00,0.00,0.03,0.04,0.04||2.85,7.63,0.74,21.33,17.50,10.00||4.56,0.80,0.67,0.18,0.40||13.98,4.04,2.80,8.71,2.58||0.00,0.00,0.50,0.59,0.00||43.47,71.80,352.82,54.95,9.95||9.78,3.23,7.18||0.40,1.17,3.33,2.54,3.87,0.49||
2.87,18.02,11.93,4.48,6.03,4.94,2.90||0.00,0.00,0.00,0.03,0.04,0.04||3.18,7.80,0.87,22.33,17.94,10.76||5.33,0.87,0.85,0.21,0.43||14.52,4.10,3.03,8.91,2.62||0.00,0.00,0.50,0.59,0.00||33.55,25.31,103.86,49.44,5.39||7.02,2.43,5.49||0.60,1.74,5.43,3.63,5.28,0.75||
2.91,18.37,12.11,4.56,6.13,5.01,2.94||0.00,0.00,0.00,0.04,0.04,0.04||3.55,7.99,1.02,23.42,18.42,11.62||6.44,0.97,1.15,0.25,0.48||15.08,4.17,3.28,9.12,2.66||0.00,0.00,0.50,0.59,0.00||55.25,188.33,1093.58,60.60,17.54||13.50,4.25,9.30||1.89,5.05,20.48,9.51,12.19,2.39||
2.93,18.58,12.22,4.61,6.19,5.05,2.96||0.00,0.00,0.00,0.04,0.04,0.04||3.98,8.19,1.21,24.57,18.91,12.55||7.62,1.07,1.49,0.29,0.53||15.65,4.23,3.55,9.33,2.70||0.00,0.00,0.50,0.59,0.00||45.90,89.35,456.01,56.19,11.31||10.95,3.56,7.86||4.47,11.25,55.54,19.61,22.88,5.69||
2.96,18.84,12.35,4.67,6.27,5.10,2.99||0.00,0.00,0.00,0.04,0.04,0.04||4.46,8.38,1.43,25.78,19.41,13.56||8.71,1.15,1.83,0.33,0.57||16.14,4.29,3.79,9.51,2.73||0.00,0.00,0.50,0.59,0.00||35.81,32.91,141.29,50.78,6.29||7.24,2.50,5.63||0.80,2.26,7.54,4.60,6.49,1.00||
2.99,19.12,12.49,4.73,6.35,5.16,3.03||0.00,0.00,0.00,0.04,0.04,0.04||4.77,8.51,1.59,26.54,19.72,14.20||9.73,1.22,2.17,0.36,0.60||16.43,4.32,3.94,9.62,2.75||0.00,0.00,0.50,0.59,0.00||40.68,54.98,257.97,53.49,8.50||10.44,3.41,7.56||0.71,2.01,6.54,4.15,5.93,0.88||
3.00,19.18,12.52,4.74,6.37,5.17,3.03||0.00,0.00,0.00,0.04,0.04,0.04||5.06,8.61,1.73,27.21,19.99,14.78||10.56,1.28,2.47,0.39,0.63||16.59,4.33,4.02,9.68,2.76||0.00,0.00,0.50,0.59,0.00||41.72,60.88,290.72,54.04,9.03||9.72,3.21,7.14||1.10,3.04,10.90,6.02,8.19,1.38||
3.00,19.23,12.55,4.75,6.39,5.18,3.04||0.00,0.00,0.00,0.04,0.04,0.04||5.41,8.73,1.91,27.98,20.30,15.46||11.22,1.32,2.71,0.41,0.65||16.92,4.37,4.19,9.79,2.79||0.00,0.00,0.50,0.59,0.00||28.41,12.97,47.39,46.20,3.64||7.70,2.63,5.92||0.70,2.00,6.48,4.12,5.90,0.88||
3.02,19.43,12.65,4.80,6.45,5.22,3.06||0.00,0.00,0.00,0.04,0.04,0.04||5.68,8.82,2.06,28.57,20.53,15.99||11.74,1.36,2.91,0.43,0.67||17.19,4.40,4.33,9.89,2.80||0.00,0.00,0.50,0.59,0.00||53.15,161.14,910.77,59.65,16.00||8.68,2.92,6.52||1.95,5.19,21.23,9.76,12.47,2.46||
3.03,19.47,12.67,4.81,6.46,5.22,3.07||0.00,0.00,0.00,0.04,0.04,0.05||6.00,8.93,2.23,29.25,20.79,16.59||12.17,1.38,3.07,0.44,0.68||17.44,4.43,4.47,9.98,2.82||0.00,0.00,0.50,0.59,0.00||42.48,65.45,316.52,54.44,9.42||8.41,2.84,6.36||0.32,0.96,2.59,2.12,3.30,0.39||
3.03,19.48,12.68,4.81,6.46,5.23,3.07||0.00,0.00,0.00,0.04,0.04,0.05||6.35,9.03,2.42,29.95,21.07,17.24||12.62,1.41,3.25,0.46,0.69||17.49,4.43,4.50,10.00,2.82||0.00,0.00,0.50,0.59,0.00||59.16,248.03,1510.52,62.31,20.63||9.63,3.19,7.09||0.89,2.48,8.49,5.02,6.99,1.11||
3.03,19.48,12.68,4.81,6.46,5.23,3.07||0.00,0.00,0.00,0.04,0.04,0.05||6.42,9.05,2.46,30.09,21.12,17.37||12.91,1.43,3.37,0.47,0.70||17.61,4.44,4.56,10.04,2.83||0.00,0.00,0.50,0.59,0.00||43.12,69.51,339.66,54.77,9.76||7.24,2.50,5.64||0.91,2.54,8.71,5.11,7.11,1.14||
3.04,19.57,12.73,4.83,6.49,5.24,3.08||0.00,0.00,0.00,0.04,0.04,0.05||6.73,9.14,2.64,30.70,21.35,17.94||13.16,1.45,3.47,0.48,0.71||17.63,4.45,4.57,10.05,2.83||0.00,0.00,0.50,0.59,0.00||50.01,126.17,683.58,58.19,13.86||9.91,3.26,7.25||11.77,27.84,171.31,44.39,46.58,15.15||
3.04,19.54,12.71,4.82,6.48,5.24,3.07||0.00,0.00,0.00,0.04,0.04,0.05||6.79,9.16,2.68,30.82,21.40,18.05||13.21,1.45,3.49,0.48,0.71||17.64,4.45,4.58,10.05,2.83||0.00,0.00,0.50,0.59,0.00||34.95,29.85,126.03,50.28,5.94||8.74,2.93,6.56||3.85,9.78,46.65,17.28,20.50,4.89||
3.04,19.59,12.73,4.83,6.49,5.25,3.08||0.00,0.00,0.00,0.04,0.04,0.05||7.12,9.25,2.87,31.44,21.63,18.64||13.37,1.46,3.56,0.48,0.71||17.64,4.45,4.58,10.05,2.83||0.00,0.00,0.50,0.59,0.00||33.02,23.77,96.45,49.13,5.19||7.78,2.66,5.97||0.54,1.57,4.78,3.31,4.87,0.67||
3.06,19.74,12.81,4.86,6.54,5.28,3.10||0.00,0.00,0.00,0.04,0.04,0.05||7.19,9.27,2.91,31.57,21.68,18.76||13.45,1.46,3.59,0.49,0.72||17.64,4.45,4.58,10.05,2.83||0.00,0.00,0.50,0.59,0.00||41.03,56.91,268.61,53.67,8.68||9.88,3.26,7.23||5.91,14.62,76.90,24.83,28.10,7.55||
3.06,19.77,12.82,4.87,6.54,5.28,3.10||0.00,0.00,0.00,0.04,0.04,0.05||7.46,9.35,3.08,32.08,21.87,19.25||13.46,1.46,3.60,0.49,0.72||17.64,4.45,4.58,10.05,2.83||0.00,0.00,0.50,0.59,0.00||39.35,48.10,220.55,52.77,7.86||8.65,2.91,6.50||1.80,4.80,19.25,9.09,11.72,2.26||
3.06,19.77,12.83,4.87,6.55,5.28,3.10||0.00,0.00,0.00,0.04,0.05,0.05||7.59,9.38,3.16,32.30,21.96,19.46||13.47,1.46,3.60,0.49,0.72||17.74,4.46,4.63,10.08,2.84||0.00,0.00,0.50,0.59,0.00||49.01,116.28,621.11,57.71,13.21||7.47,2.57,5.78||0.50,1.47,4.40,3.12,4.62,0.63||
3.06,19.77,12.83,4.87,6.55,5.28,3.10||0.00,0.00,0.00,0.05,0.05,0.05||7.61,9.39,3.17,32.35,21.97,19.51||13.47,1.46,3.60,0.49,0.72||17.55,4.44,4.53,10.02,2.83||0.00,0.00,0.50,0.59,0.00||52.92,158.34,892.22,59.54,15.84||11.60,3.73,8.23||1.37,3.71,14.00,7.21,9.59,1.72||
3.06,19.77,12.83,4.87,6.55,5.28,3.10||0.00,0.00,0.00,0.05,0.05,0.05||7.62,9.39,3.18,32.36,21.98,19.52||13.67,1.48,3.68,0.49,0.72||17.62,4.44,4.57,10.04,2.83||0.00,0.00,0.50,0.59,0.00||42.75,67.15,326.17,54.58,9.56||10.72,3.49,7.73||1.18,3.24,11.81,6.38,8.61,1.48||
3.06,19.77,12.83,4.87,6.55,5.28,3.10||0.00,0.00,0.00,0.05,0.05,0.05||7.90,9.46,3.35,32.85,22.16,20.00||13.67,1.48,3.68,0.49,0.72||17.53,4.43,4.52,10.01,2.83||0.00,0.00,0.50,0.59,0.00||37.50,39.61,175.60,51.74,7.01||8.11,2.75,6.18||0.42,1.25,3.60,2.69,4.07,0.53||
3.06,19.77,12.83,4.87,6.55,5.28,3.10||0.00,0.00,0.00,0.05,0.05,0.05||8.03,9.49,3.43,33.08,22.24,20.22||13.71,1.48,3.70,0.50,0.72||17.82,4.47,4.68,10.11,2.84||0.00,0.00,0.50,0.59,0.00||43.51,72.03,354.15,54.97,9.97||13.38,4.21,9.23||0.61,1.75,5.48,3.65,5.31,0.76||
3.06,19.77,12.83,4.87,6.55,5.28,3.10||0.00,0.00,0.00,0.05,0.05,0.05||8.05,9.50,3.45,33.13,22.26,20.27||13.72,1.48,3.70,0.50,0.72||17.47,4.43,4.48,9.99,2.82||0.00,0.00,0.50,0.60,0.00||30.36,16.94,64.82,47.47,4.25||8.31,2.81,6.29||1.21,3.31,12.14,6.50,8.76,1.52||
3.06,19.77,12.83,4.87,6.55,5.28,3.10||0.00,0.00,0.00,0.05,0.05,0.05||8.13,9.52,3.50,33.26,22.31,20.40||13.72,1.48,3.70,0.50,0.72||17.71,4.45,4.61,10.07,2.84||0.00,0.00,0.50,0.60,0.00||45.68,87.61,445.63,56.07,11.18||11.11,3.60,7.95||0.54,1.55,4.73,3.28,4.84,0.67||
3.06,19.77,12.83,4.87,6.55,5.28,3.10||0.00,0.00,0.00,0.05,0.05,0.05||8.44,9.59,3.70,33.80,22.50,20.93||13.72,1.48,3.70,0.50,0.72||17.65,4.45,4.58,10.05,2.83||0.00,0.00,0.50,0.60,0.00||72.82,571.93,4025.00,67.82,33.72||11.90,3.81,8.40||1.31,3.57,13.34,6.96,9.30,1.64||
3.06,19.77,12.83,4.87,6.55,5.28,3.10||0.00,0.00,0.00,0.05,0.05,0.05||8.51,9.61,3.74,33.91,22.54,21.04||13.72,1.48,3.70,0.50,0.72||17.64,4.45,4.58,10.05,2.83||0.00,0.00,0.50,0.60,0.00||48.91,115.35,615.31,57.66,13.15||13.35,4.21,9.22||1.11,3.06,10.98,6.05,8.23,1.39||
3.06,19.77,12.83,4.87,6.55,5.28,3.10||0.00,0.00,0.00,0.05,0.05,0.05||8.52,9.61,3.75,33.93,22.55,21.06||13.72,1.48,3.70,0.50,0.72||17.74,4.46,4.63,10.08,2.84||0.00,0.01,0.50,0.60,0.00||43.01,68.78,335.48,54.72,9.70||13.74,4.31,9.44||2.09,5.52,22.91,10.31,13.09,2.63||
3.06,19.77,12.83,4.87,6.55,5.28,3.10||0.00,0.00,0.00,0.05,0.05,0.05||8.52,9.61,3.75,33.93,22.55,21.06||13.84,1.49,3.75,0.50,0.73||17.66,4.45,4.59,10.06,2.83||0.00,0.01,0.50,0.60,0.00||38.70,44.99,203.88,52.41,7.56||10.32,3.38,7.49||1.67,4.48,17.65,8.53,11.10,2.10||
3.06,19.77,12.83,4.87,6.55,5.28,3.10||0.00,0.00,0.00,0.05,0.05,0.05||8.60,9.63,3.80,34.06,22.60,21.19||13.95,1.49,3.80,0.50,0.73||17.74,4.46,4.64,10.09,2.84||0.00,0.01,0.50,0.60,0.00||44.60,79.60,398.21,55.53,10.57||8.33,2.82,6.31||0.22,0.68,1.71,1.57,2.54,0.28||
3.07,19.82,12.85,4.88,6.56,5.29,3.11||0.00,0.00,0.00,0.05,0.05,0.05||8.93,9.71,4.02,34.61,22.80,21.74||13.97,1.49,3.81,0.50,0.73||17.66,4.45,4.59,10.06,2.83||0.00,0.01,0.50,0.60,0.00||32.22,21.52,85.87,48.64,4.90||8.91,2.98,6.66||0.36,1.06,2.94,2.33,3.58,0.44||
3.06,19.78,12.83,4.87,6.55,5.28,3.10||0.00,0.00,0.00,0.05,0.05,0.05||9.00,9.72,4.07,34.72,22.84,21.85||13.97,1.49,3.81,0.50,0.73||17.64,4.45,4.58,10.05,2.83||0.00,0.01,0.50,0.60,0.00||70.60,504.91,3477.48,66.97,31.33||10.64,3.47,7.68||3.40,8.73,40.48,15.59,18.74,4.32||
3.07,19.82,12.85,4.88,6.56,5.29,3.11||0.00,0.00,0.00,0.05,0.05,0.05||9.01,9.73,4.07,34.74,22.85,21.88||13.97,1.49,3.81,0.50,0.73||17.84,4.47,4.69,10.12,2.85||0.00,0.01,0.50,0.60,0.00||45.68,87.68,446.02,56.08,11.19||10.64,3.47,7.68||1.08,2.98,10.66,5.92,8.08,1.35||
3.07,19.88,12.88,4.90,6.58,5.30,3.11||0.00,0.00,0.00,0.05,0.05,0.05||9.01,9.73,4.08,34.75,22.85,21.88||13.97,1.49,3.81,0.50,0.73||17.89,4.47,4.71,10.14,2.85||0.00,0.01,0.50,0.60,0.00||32.55,22.43,90.11,48.84,5.02||7.35,2.53,5.70||0.54,1.57,4.81,3.32,4.88,0.68||
3.06,19.79,12.84,4.88,6.55,5.29,3.10||0.00,0.00,0.00,0.05,0.05,0.05||9.01,9.73,4.08,34.75,22.85,21.88||13.97,1.49,3.81,0.50,0.73||17.58,4.44,4.55,10.03,2.83||0.00,0.00,0.50,0.59,0.00||43.70,73.35,361.79,55.07,10.07||8.50,2.87,6.41||0.42,1.25,3.60,2.69,4.07,0.53||
3.07,19.82,12.85,4.88,6.56,5.29,3.11||0.00,0.00,0.00,0.05,0.05,0.05||9.01,9.73,4.08,34.75,22.85,21.88||13.97,1.49,3.81,0.50,0.73||17.63,4.44,4.57,10.04,2.83||0.00,0.00,0.50,0.59,0.00||45.59,86.98,441.88,56.03,11.14||11.32,3.66,8.07||0.37,1.10,3.10,2.41,3.70,0.46||
3.08,19.93,12.91,4.91,6.59,5.31,3.12||0.00,0.00,0.00,0.05,0.05,0.05||9.09,9.74,4.13,34.88,22.90,22.02||13.97,1.49,3.81,0.50,0.73||17.12,4.39,4.30,9.87,2.80||0.00,0.00,0.50,0.59,0.00||71.80,540.36,3765.65,67.43,32.61||8.39,2.83,6.34||0.52,1.50,4.52,3.18,4.70,0.64||
3.08,19.95,12.92,4.91,6.60,5.32,3.12||0.00,0.00,0.00,0.05,0.05,0.05||9.11,9.75,4.14,34.91,22.90,22.04||14.14,1.50,3.88,0.51,0.74||17.53,4.43,4.52,10.01,2.83||0.00,0.00,0.50,0.59,0.00||79.82,827.30,6206.28,70.41,41.89||11.49,3.70,8.17||5.38,13.40,68.99,22.95,26.24,6.87||
3.08,19.95,12.92,4.91,6.60,5.32,3.12||0.00,0.00,0.00,0.05,0.05,0.05||9.45,9.82,4.37,35.44,23.10,22.59||14.21,1.51,3.91,0.51,0.74||17.51,4.43,4.51,10.00,2.82||0.00,0.01,0.50,0.60,0.00||84.10,1020.78,7941.45,71.92,47.40||11.23,3.63,8.02||0.56,1.62,5.00,3.42,5.01,0.70||
3.09,20.05,12.97,4.93,6.63,5.34,3.13||0.00,0.00,0.00,0.05,0.05,0.05||9.51,9.84,4.42,35.55,23.14,22.70||14.23,1.51,3.92,0.51,0.74||17.51,4.43,4.51,10.00,2.82||0.00,0.00,0.50,0.60,0.00||61.63,292.33,1831.68,63.36,22.72||9.47,3.14,6.99||1.07,2.95,10.53,5.87,8.01,1.34||
3.09,20.07,12.98,4.94,6.63,5.34,3.13||0.00,0.00,0.00,0.05,0.05,0.05||9.53,9.84,4.43,35.57,23.14,22.72||14.23,1.51,3.92,0.51,0.74||17.61,4.44,4.56,10.04,2.83||0.00,0.01,0.50,0.60,0.00||91.63,1441.16,11901.51,74.48,58.06||10.25,3.36,7.45||0.92,2.56,8.79,5.15,7.15,1.14||
3.10,20.07,12.98,4.94,6.63,5.34,3.13||0.00,0.00,0.00,0.05,0.05,0.05||9.53,9.84,4.43,35.58,23.14,22.73||14.23,1.51,3.92,0.51,0.74||17.63,4.45,4.57,10.05,2.83||0.00,0.01,0.50,0.60,0.00||63.51,329.85,2110.42,64.14,24.39||8.31,2.81,6.29||0.24,0.73,1.86,1.67,2.68,0.30||
3.10,20.07,12.98,4.94,6.63,5.34,3.13||0.00,0.00,0.00,0.05,0.05,0.05||9.53,9.84,4.43,35.58,23.15,22.73||14.23,1.51,3.92,0.51,0.74||17.33,4.41,4.41,9.94,2.81||0.00,0.01,0.50,0.60,0.00||56.38,204.42,1203.93,61.10,18.41||7.95,2.71,6.08||0.26,0.78,2.01,1.77,2.82,0.32||
3.10,20.07,12.98,4.94,6.63,5.34,3.13||0.00,0.00,0.00,0.05,0.05,0.05||9.62,9.86,4.49,35.72,23.19,22.87||14.23,1.51,3.92,0.51,0.74||17.37,4.42,4.43,9.95,2.81||0.00,0.01,0.50,0.60,0.00||34.12,27.10,112.49,49.79,5.61||8.24,2.79,6.25||0.33,0.98,2.69,2.18,3.38,0.41||
3.10,20.07,12.98,4.94,6.63,5.34,3.13||0.00,0.00,0.00,0.05,0.05,0.05||9.72,9.88,4.56,35.88,23.25,23.04||14.32,1.51,3.96,0.52,0.74||17.58,4.44,4.55,10.03,2.83||0.00,0.01,0.50,0.60,0.00||33.68,25.74,105.89,49.53,5.44||6.91,2.40,5.42||1.48,4.00,15.35,7.71,10.17,1.86||
3.10,20.07,12.98,4.94,6.63,5.34,3.13||0.00,0.00,0.00,0.05,0.05,0.05||10.01,9.94,4.76,36.32,23.41,23.49||14.42,1.52,4.00,0.52,0.74||17.63,4.44,4.57,10.04,2.83||0.00,0.01,0.50,0.60,0.00||33.92,26.46,109.40,49.67,5.53||7.23,2.50,5.63||0.29,0.88,2.35,1.97,3.11,0.36||
3.10,20.07,12.98,4.94,6.63,5.34,3.13||0.00,0.00,0.00,0.05,0.05,0.05||10.06,9.95,4.80,36.41,23.44,23.59||14.48,1.52,4.03,0.52,0.75||17.63,4.45,4.58,10.05,2.83||0.00,0.01,0.50,0.60,0.00||30.90,18.18,70.46,47.81,4.44||8.30,2.81,6.29||0.26,0.79,2.05,1.79,2.86,0.32||
3.10,20.07,12.98,4.94,6.63,5.34,3.13||0.00,0.00,0.00,0.05,0.05,0.05||10.08,9.96,4.81,36.43,23.44,23.60||14.50,1.53,4.03,0.52,0.75||17.33,4.41,4.41,9.94,2.81||0.00,0.01,0.50,0.60,0.00||30.38,16.99,65.04,47.48,4.26||8.35,2.82,6.32||0.25,0.75,1.91,1.70,2.73,0.30||
3.10,20.07,12.98,4.94,6.63,5.34,3.13||0.00,0.00,0.00,0.05,0.05,0.05||10.08,9.96,4.81,36.43,23.45,23.61||14.50,1.53,4.04,0.52,0.75||17.57,4.44,4.54,10.03,2.83||0.00,0.01,0.50,0.60,0.00||36.33,34.87,151.19,51.07,6.50||9.34,3.11,6.92||0.24,0.73,1.84,1.66,2.67,0.29||
3.10,20.07,12.98,4.94,6.63,5.34,3.13||0.00,0.00,0.00,0.05,0.05,0.05||10.08,9.96,4.81,36.43,23.45,23.61||14.50,1.53,4.04,0.52,0.75||17.62,4.44,4.57,10.04,2.83||0.00,0.01,0.50,0.60,0.00||32.29,21.71,86.74,48.68,4.92||8.44,2.85,6.38||0.55,1.58,4.84,3.34,4.91,0.68||
3.10,20.07,12.98,4.94,6.63,5.34,3.13||0.00,0.00,0.00,0.05,0.05,0.05||10.17,9.98,4.88,36.57,23.49,23.75||14.50,1.53,4.04,0.52,0.75||17.43,4.42,4.46,9.97,2.82||0.00,0.00,0.50,0.59,0.00||40.52,54.09,253.08,53.40,8.42||13.05,4.13,9.05||0.70,2.00,6.49,4.13,5.90,0.88||
3.10,20.07,12.98,4.94,6.63,5.34,3.13||0.00,0.00,0.00,0.05,0.05,0.05||10.37,10.02,5.02,36.88,23.60,24.07||14.50,1.53,4.04,0.52,0.75||17.39,4.42,4.44,9.96,2.82||0.00,0.00,0.50,0.59,0.00||32.15,21.35,85.04,48.60,4.87||10.38,3.40,7.53||0.63,1.81,5.74,3.78,5.47,0.79||
3.10,20.07,12.98,4.94,6.63,5.34,3.13||0.00,0.00,0.00,0.05,0.05,0.05||10.60,10.06,5.19,37.22,23.72,24.43||14.58,1.53,4.07,0.52,0.75||17.59,4.44,4.55,10.03,2.83||0.00,0.00,0.50,0.59,0.00||67.40,418.93,2793.59,65.71,28.07||12.25,3.91,8.60||3.81,9.69,46.10,17.13,20.34,4.84||
3.10,20.07,12.98,4.94,6.63,5.34,3.13||0.00,0.00,0.00,0.05,0.05,0.05||10.64,10.07,5.22,37.29,23.75,24.50||14.64,1.53,4.10,0.53,0.75||17.52,4.43,4.52,10.01,2.82||0.00,0.00,0.50,0.59,0.00||42.38,64.85,313.11,54.39,9.37||10.53,3.44,7.62||1.25,3.42,12.63,6.69,8.99,1.57||
3.10,20.07,12.98,4.94,6.63,5.34,3.13||0.00,0.00,0.00,0.05,0.05,0.05||10.56,10.06,5.16,37.16,23.70,24.37||14.31,1.51,3.96,0.52,0.74||17.41,4.42,4.45,9.97,2.82||0.00,0.00,0.50,0.59,0.00||44.15,76.40,379.49,55.30,10.32||9.02,3.02,6.73||0.34,1.02,2.81,2.25,3.48,0.42||
3.10,20.07,12.98,4.94,6.63,5.34,3.13||0.00,0.00,0.00,0.05,0.05,0.05||10.17,9.98,4.88,36.58,23.50,23.76||13.83,1.49,3.75,0.50,0.73||17.08,4.39,4.28,9.85,2.80||0.00,0.00,0.50,0.59,0.00||27.78,11.86,42.68,45.78,3.45||10.64,3.47,7.68||0.94,2.62,9.09,5.27,7.30,1.18||
3.09,20.02,12.96,4.93,6.62,5.33,3.13||0.00,0.00,0.00,0.05,0.05,0.05||10.10,9.96,4.83,36.46,23.46,23.64||13.42,1.46,3.58,0.49,0.72||17.22,4.40,4.35,9.90,2.81||0.00,0.00,0.50,0.59,0.00||32.45,22.15,88.79,48.78,4.98||7.29,2.51,5.66||0.32,0.95,2.56,2.10,3.28,0.39||
3.09,20.06,12.98,4.94,6.63,5.34,3.13||0.00,0.00,0.00,0.05,0.05,0.05||9.64,9.87,4.51,35.75,23.21,22.91||13.06,1.44,3.43,0.47,0.71||17.04,4.38,4.26,9.84,2.79||0.00,0.00,0.50,0.59,0.00||29.57,15.24,57.26,46.96,4.00||7.99,2.72,6.10||1.17,3.22,11.72,6.34,8.57,1.47||
3.07,19.88,12.88,4.90,6.58,5.30,3.11||0.00,0.00,0.00,0.05,0.05,0.05||9.55,9.85,4.44,35.62,23.16,22.77||12.62,1.41,3.25,0.46,0.69||17.01,4.38,4.24,9.83,2.79||0.00,0.00,0.50,0.59,0.00||29.42,14.93,55.92,46.87,3.95||6.91,2.40,5.43||1.47,3.98,15.26,7.68,10.12,1.85||
3.06,19.79,12.84,4.88,6.55,5.29,3.10||0.00,0.00,0.00,0.05,0.05,0.05||9.54,9.84,4.43,35.59,23.15,22.74||12.27,1.39,3.11,0.45,0.68||16.90,4.37,4.18,9.79,2.79||0.00,0.00,0.50,0.59,0.00||32.64,22.67,91.26,48.89,5.05||7.79,2.66,5.98||0.94,2.61,9.02,5.24,7.27,1.17||
3.06,19.78,12.83,4.87,6.55,5.28,3.10||0.00,0.00,0.00,0.05,0.05,0.05||9.12,9.75,4.15,34.91,22.91,22.05||11.92,1.37,2.98,0.44,0.67||16.88,4.37,4.17,9.78,2.78||0.00,0.00,0.50,0.59,0.00||37.34,38.96,172.25,51.65,6.94||10.39,3.40,7.53||1.05,2.90,10.30,5.77,7.90,1.31||
3.06,19.77,12.83,4.87,6.55,5.28,3.10||0.00,0.00,0.00,0.05,0.05,0.05||9.11,9.75,4.15,34.91,22.91,22.05||11.67,1.35,2.88,0.43,0.66||16.88,4.37,4.17,9.78,2.78||0.00,0.00,0.50,0.59,0.00||31.04,18.53,72.04,47.90,4.49||9.42,3.13,6.96||1.83,4.88,19.64,9.22,11.88,2.30||
3.06,19.77,12.83,4.87,6.55,5.28,3.10||0.00,0.00,0.00,0.05,0.05,0.05||9.03,9.73,4.09,34.78,22.86,21.92||11.42,1.34,2.79,0.42,0.66||16.98,4.38,4.22,9.81,2.79||0.00,0.00,0.50,0.59,0.00||63.38,327.26,2091.01,64.09,24.28||11.23,3.63,8.02||1.82,4.85,19.50,9.18,11.82,2.29||
3.06,19.77,12.83,4.87,6.55,5.28,3.10||0.00,0.00,0.00,0.05,0.05,0.05||9.02,9.73,4.08,34.75,22.85,21.89||11.07,1.31,2.65,0.41,0.64||17.00,4.38,4.23,9.82,2.79||0.00,0.00,0.50,0.59,0.00||50.75,133.81,732.33,58.53,14.35||8.27,2.80,6.27||0.26,0.80,2.07,1.80,2.87,0.32||
3.06,19.73,12.80,4.86,6.53,5.27,3.09||0.00,0.00,0.00,0.05,0.05,0.05||8.85,9.69,3.97,34.49,22.75,21.62||10.84,1.30,2.57,0.40,0.64||16.60,4.34,4.03,9.68,2.77||0.00,0.00,0.50,0.59,0.00||32.52,22.33,89.64,48.82,5.00||7.62,2.61,5.87||0.85,2.37,8.02,4.82,6.75,1.06||
3.05,19.67,12.78,4.85,6.52,5.26,3.09||0.00,0.00,0.00,0.04,0.05,0.05||8.59,9.63,3.79,34.04,22.59,21.17||10.63,1.28,2.49,0.39,0.63||16.72,4.35,4.09,9.72,2.77||0.00,0.00,0.50,0.59,0.00||30.55,17.37,66.78,47.59,4.32||6.87,2.39,5.40||0.43,1.26,3.66,2.72,4.11,0.53||
3.03,19.52,12.70,4.82,6.47,5.23,3.07||0.00,0.00,0.00,0.04,0.04,0.05||8.54,9.62,3.76,33.95,22.56,21.09||10.28,1.26,2.37,0.38,0.62||16.65,4.34,4.05,9.70,2.77||0.00,0.00,0.50,0.59,0.00||37.79,40.89,182.29,51.91,7.14||7.59,2.60,5.85||1.83,4.90,19.74,9.26,11.91,2.31||
3.03,19.49,12.68,4.81,6.46,5.23,3.07||0.00,0.00,0.00,0.04,0.04,0.05||8.53,9.61,3.75,33.94,22.56,21.07||10.06,1.24,2.29,0.37,0.61||16.44,4.32,3.94,9.62,2.75||0.00,0.00,0.50,0.59,0.00||45.71,87.85,447.02,56.09,11.20||10.24,3.36,7.44||1.80,4.82,19.33,9.12,11.76,2.27||
3.03,19.48,12.68,4.81,6.46,5.23,3.07||0.00,0.00,0.00,0.04,0.04,0.05||8.15,9.52,3.51,33.30,22.32,20.43||9.87,1.23,2.22,0.37,0.61||16.30,4.30,3.87,9.57,2.75||0.00,0.00,0.50,0.59,0.00||27.35,11.13,39.60,45.49,3.32||8.70,2.92,6.53||0.32,0.95,2.57,2.11,3.29,0.39||
3.03,19.48,12.68,4.81,6.46,5.23,3.07||0.00,0.00,0.00,0.04,0.04,0.05||8.08,9.50,3.46,33.17,22.27,20.31||9.68,1.22,2.16,0.36,0.60||16.37,4.31,3.91,9.60,2.75||0.00,0.00,0.50,0.59,0.00||24.02,6.60,21.47,43.15,2.44||6.91,2.40,5.43||0.89,2.48,8.49,5.02,6.99,1.11||
3.03,19.48,12.68,4.81,6.46,5.23,3.07||0.00,0.00,0.00,0.04,0.04,0.05||8.06,9.50,3.46,33.14,22.27,20.28||9.50,1.21,2.09,0.36,0.59||16.38,4.31,3.92,9.60,2.75||0.00,0.00,0.50,0.59,0.00||38.74,45.16,204.82,52.43,7.57||8.36,2.82,6.32||4.13,10.46,50.71,18.35,21.60,5.25||
3.03,19.48,12.68,4.81,6.46,5.23,3.07||0.00,0.00,0.00,0.04,0.04,0.05||7.71,9.41,3.23,32.51,22.03,19.67||9.33,1.19,2.03,0.35,0.59||16.39,4.31,3.92,9.60,2.75||0.00,0.00,0.50,0.59,0.00||64.29,346.59,2236.63,64.46,25.11||11.38,3.67,8.11||11.33,26.85,163.77,42.97,45.27,14.57||
3.03,19.48,12.68,4.81,6.46,5.23,3.07||0.00,0.00,0.00,0.04,0.04,0.05||7.64,9.39,3.19,32.39,21.99,19.55||9.15,1.18,1.98,0.34,0.58||16.29,4.30,3.87,9.57,2.74||0.00,0.00,0.50,0.59,0.00||34.60,28.68,120.24,50.07,5.80||7.46,2.56,5.77||0.65,1.86,5.93,3.87,5.58,0.81||
3.03,19.48,12.68,4.81,6.46,5.23,3.07||0.00,0.00,0.00,0.04,0.04,0.05||7.62,9.39,3.18,32.36,21.98,19.52||8.98,1.17,1.92,0.34,0.58||16.37,4.31,3.91,9.60,2.75||0.00,0.00,0.50,0.59,0.00||34.87,29.59,124.72,50.23,5.91||6.71,2.34,5.30||0.53,1.53,4.65,3.24,4.79,0.66||
3.02,19.43,12.65,4.80,6.45,5.22,3.06||0.00,0.00,0.00,0.04,0.04,0.05||7.62,9.39,3.18,32.36,21.98,19.52||8.82,1.16,1.86,0.33,0.57||16.19,4.29,3.82,9.53,2.74||0.00,0.00,0.50,0.59,0.00||39.24,47.58,217.76,52.71,7.81||10.46,3.42,7.57||0.31,0.94,2.54,2.09,3.27,0.39||
3.00,19.24,12.56,4.75,6.39,5.18,3.04||0.00,0.00,0.00,0.04,0.04,0.05||7.29,9.30,2.97,31.75,21.75,18.93||8.78,1.15,1.85,0.33,0.57||16.06,4.28,3.75,9.48,2.73||0.00,0.00,0.50,0.60,0.00||46.98,98.12,508.93,56.72,11.95||9.31,3.10,6.90||0.45,1.33,3.89,2.85,4.27,0.56||
3.00,19.20,12.54,4.75,6.38,5.17,3.03||0.00,0.00,0.00,0.04,0.04,0.05||7.22,9.28,2.93,31.63,21.70,18.82||8.65,1.14,1.81,0.33,0.56||16.22,4.29,3.84,9.54,2.74||0.00,0.00,0.50,0.60,0.00||35.88,33.19,142.72,50.82,6.32||7.22,2.49,5.62||0.24,0.73,1.84,1.66,2.67,0.29||
3.00,19.19,12.53,4.74,6.38,5.17,3.03||0.00,0.00,0.00,0.04,0.04,0.05||7.21,9.28,2.93,31.60,21.69,18.79||8.49,1.13,1.76,0.32,0.56||15.97,4.27,3.71,9.45,2.72||0.00,0.00,0.50,0.60,0.00||36.44,35.31,153.47,51.14,6.55||9.40,3.12,6.95||0.93,2.59,8.94,5.21,7.23,1.16||
3.00,19.19,12.53,4.74,6.38,5.17,3.03||0.00,0.00,0.00,0.04,0.04,0.05||7.20,9.28,2.92,31.60,21.69,18.79||8.33,1.12,1.71,0.32,0.55||16.02,4.27,3.73,9.47,2.73||0.00,0.00,0.50,0.60,0.00||40.99,56.70,267.45,53.65,8.66||8.76,2.94,6.57||0.80,2.26,7.56,4.61,6.50,1.00||
3.00,19.19,12.53,4.74,6.38,5.17,3.03||0.00,0.00,0.00,0.04,0.04,0.05||6.95,9.21,2.77,31.12,21.51,18.33||8.23,1.11,1.67,0.31,0.55||15.93,4.26,3.69,9.44,2.72||0.00,0.00,0.50,0.59,0.00||55.99,198.71,1164.61,60.93,18.10||11.24,3.64,8.03||1.36,3.71,13.96,7.20,9.57,1.71||
3.00,19.19,12.53,4.74,6.38,5.17,3.03||0.00,0.00,0.00,0.04,0.04,0.05||6.84,9.18,2.71,30.91,21.43,18.13||8.16,1.11,1.65,0.31,0.55||15.82,4.25,3.64,9.40,2.71||0.00,0.00,0.50,0.59,0.00||32.54,22.41,90.02,48.84,5.02||11.70,3.76,8.29||0.44,1.28,3.72,2.76,4.16,0.54||
3.00,19.19,12.53,4.74,6.38,5.17,3.03||0.00,0.00,0.00,0.04,0.04,0.05||6.82,9.17,2.69,30.86,21.42,18.09||8.02,1.10,1.61,0.31,0.54||15.70,4.24,3.58,9.35,2.71||0.00,0.00,0.50,0.59,0.00||54.60,179.56,1034.10,60.31,17.06||10.94,3.55,7.86||0.77,2.17,7.19,4.45,6.30,0.96||
3.00,19.19,12.53,4.74,6.38,5.17,3.03||0.00,0.00,0.00,0.04,0.04,0.05||6.81,9.17,2.69,30.86,21.41,18.09||7.92,1.09,1.58,0.30,0.54||15.87,4.26,3.66,9.41,2.72||0.00,0.00,0.50,0.59,0.00||37.51,39.68,175.96,51.75,7.02||8.29,2.80,6.28||0.20,0.62,1.51,1.44,2.36,0.25||
2.99,19.15,12.51,4.73,6.36,5.16,3.03||0.00,0.00,0.00,0.04,0.04,0.05||6.81,9.17,2.69,30.85,21.41,18.08||7.86,1.08,1.56,0.30,0.54||15.81,4.25,3.63,9.39,2.71||0.00,0.00,0.50,0.60,0.00||27.78,11.85,42.63,45.78,3.45||7.59,2.60,5.85||0.33,0.98,2.67,2.17,3.37,0.41||
2.99,19.14,12.50,4.73,6.36,5.16,3.03||0.00,0.00,0.00,0.04,0.04,0.05||6.57,9.10,2.55,30.39,21.23,17.65||7.73,1.07,1.52,0.30,0.53||15.80,4.25,3.62,9.39,2.71||0.00,0.00,0.50,0.59,0.00||32.74,22.96,92.62,48.96,5.09||7.32,2.52,5.68||0.33,0.98,2.66,2.16,3.36,0.40||
2.99,19.13,12.50,4.73,6.36,5.16,3.03||0.00,0.00,0.00,0.04,0.04,0.05||6.52,9.08,2.52,30.29,21.20,17.56||7.70,1.07,1.51,0.29,0.53||15.79,4.25,3.62,9.39,2.71||0.00,0.00,0.50,0.59,0.00||33.47,25.08,102.73,49.40,5.36||8.78,2.95,6.58||0.34,1.01,2.78,2.23,3.46,0.42||
2.98,19.04,12.45,4.71,6.33,5.14,3.02||0.00,0.00,0.00,0.04,0.04,0.04||6.45,9.06,2.48,30.16,21.15,17.44||7.58,1.06,1.47,0.29,0.53||15.79,4.25,3.62,9.39,2.71||0.00,0.00,0.50,0.59,0.00||34.27,27.58,114.85,49.87,5.67||7.45,2.56,5.77||0.28,0.83,2.18,1.87,2.97,0.34||
2.98,19.02,12.45,4.71,6.33,5.14,3.01||0.00,0.00,0.00,0.04,0.04,0.04||6.44,9.06,2.48,30.13,21.14,17.41||7.56,1.06,1.47,0.29,0.52||15.79,4.25,3.62,9.39,2.71||0.00,0.00,0.50,0.59,0.00||24.36,6.99,22.93,43.39,2.53||8.35,2.82,6.32||0.38,1.12,3.16,2.45,3.75,0.47||
2.97,18.93,12.40,4.69,6.30,5.12,3.00||0.00,0.00,0.00,0.04,0.04,0.04||6.44,9.06,2.47,30.13,21.14,17.41||7.44,1.05,1.43,0.29,0.52||15.79,4.25,3.62,9.39,2.71||0.00,0.00,0.50,0.59,0.00||29.40,14.88,55.70,46.85,3.94||7.77,2.65,5.96||0.78,2.19,7.25,4.48,6.33,0.97||
2.97,18.91,12.39,4.68,6.29,5.12,3.00||0.00,0.00,0.00,0.04,0.04,0.04||6.38,9.04,2.44,30.01,21.09,17.30||7.41,1.05,1.42,0.28,0.52||15.79,4.25,3.62,9.39,2.71||0.00,0.00,0.50,0.59,0.00||47.58,103.26,540.38,57.02,12.32||9.51,3.15,7.01||2.71,7.06,31.13,12.88,15.88,3.44||
2.97,18.91,12.39,4.68,6.29,5.12,3.00||0.00,0.00,0.00,0.04,0.04,0.04||6.14,8.97,2.31,29.53,20.91,16.86||7.30,1.04,1.39,0.28,0.51||15.70,4.24,3.58,9.35,2.71||0.00,0.00,0.50,0.59,0.00||69.83,483.12,3302.14,66.67,30.53||10.25,3.36,7.45||0.46,1.33,3.91,2.86,4.29,0.57||
2.97,18.91,12.39,4.68,6.29,5.12,3.00||0.00,0.00,0.00,0.04,0.04,0.04||6.10,8.96,2.28,29.44,20.87,16.77||7.28,1.04,1.38,0.28,0.51||15.68,4.23,3.57,9.34,2.70||0.00,0.00,0.50,0.59,0.00||36.72,36.42,159.14,51.30,6.67||9.49,3.15,7.00||1.04,2.88,10.18,5.72,7.84,1.30||
2.97,18.91,12.39,4.68,6.29,5.12,3.00||0.00,0.00,0.00,0.04,0.04,0.04||6.09,8.95,2.28,29.42,20.86,16.75||7.16,1.03,1.35,0.28,0.51||15.77,4.24,3.61,9.38,2.71||0.00,0.00,0.50,0.59,0.00||37.36,39.02,172.56,51.66,6.95||9.80,3.23,7.19||0.61,1.75,5.49,3.66,5.31,0.76||
2.97,18.91,12.39,4.68,6.29,5.12,3.00||0.00,0.00,0.00,0.04,0.04,0.04||6.09,8.95,2.28,29.42,20.86,16.75||7.10,1.02,1.33,0.27,0.51||15.79,4.25,3.62,9.38,2.71||0.00,0.00,0.50,0.59,0.00||41.43,59.20,281.33,53.89,8.88||12.86,4.08,8.95||8.67,20.90,119.96,34.28,37.20,11.11||
2.97,18.91,12.39,4.68,6.29,5.12,3.00||0.00,0.00,0.00,0.04,0.04,0.04||5.92,8.90,2.19,29.08,20.73,16.45||7.02,1.02,1.31,0.27,0.50||15.79,4.25,3.62,9.39,2.71||0.00,0.00,0.50,0.59,0.00||41.03,56.92,268.70,53.68,8.68||8.56,2.88,6.44||0.40,1.17,3.33,2.54,3.87,0.49||
2.97,18.91,12.39,4.68,6.29,5.12,3.00||0.00,0.00,0.00,0.04,0.04,0.04||5.79,8.86,2.11,28.79,20.62,16.18||6.98,1.02,1.30,0.27,0.50||15.51,4.22,3.49,9.28,2.69||0.00,0.00,0.50,0.59,0.00||39.52,48.93,225.01,52.86,7.94||9.28,3.09,6.88||0.53,1.55,4.70,3.27,4.82,0.66||
2.97,18.91,12.39,4.68,6.29,5.12,3.00||0.00,0.00,0.00,0.04,0.04,0.04||5.76,8.85,2.10,28.74,20.60,16.13||6.89,1.01,1.27,0.27,0.50||15.64,4.23,3.55,9.33,2.70||0.00,0.00,0.50,0.59,0.00||51.10,137.60,756.74,58.70,14.58||14.80,4.59,10.02||7.45,18.16,100.67,30.19,33.30,9.54||
2.96,18.82,12.34,4.66,6.26,5.10,2.99||0.00,0.00,0.00,0.04,0.04,0.04||5.75,8.85,2.09,28.72,20.59,16.12||6.87,1.01,1.27,0.27,0.50||15.39,4.20,3.43,9.24,2.68||0.00,0.00,0.50,0.59,0.00||29.13,14.35,53.36,46.68,3.86||9.19,3.06,6.82||0.35,1.05,2.89,2.30,3.55,0.44||
2.96,18.89,12.38,4.68,6.29,5.11,3.00||0.00,0.00,0.00,0.04,0.04,0.04||5.75,8.85,2.09,28.72,20.59,16.12||6.77,1.00,1.24,0.26,0.49||15.34,4.20,3.41,9.22,2.68||0.00,0.00,0.50,0.59,0.00||27.76,11.82,42.51,45.77,3.44||9.84,3.25,7.21||0.57,1.65,5.12,3.48,5.08,0.72||
2.95,18.81,12.34,4.66,6.26,5.10,2.99||0.00,0.00,0.00,0.04,0.04,0.04||5.75,8.85,2.09,28.72,20.59,16.12||6.74,1.00,1.23,0.26,0.49||15.24,4.18,3.36,9.18,2.67||0.00,0.00,0.50,0.59,0.00||29.82,15.77,59.62,47.13,4.08||7.40,2.55,5.74||0.82,2.30,7.71,4.68,6.58,1.02||
2.96,18.84,12.35,4.67,6.27,5.10,2.99||0.00,0.00,0.00,0.04,0.04,0.04||5.60,8.80,2.01,28.39,20.46,15.83||6.70,0.99,1.22,0.26,0.49||15.22,4.18,3.35,9.18,2.67||0.00,0.00,0.50,0.59,0.00||46.36,93.00,477.95,56.41,11.58||11.17,3.62,7.99||1.11,3.05,10.97,6.04,8.22,1.39||
2.94,18.72,12.29,4.64,6.23,5.08,2.98||0.00,0.00,0.00,0.04,0.04,0.04||5.52,8.77,1.97,28.22,20.39,15.67||6.63,0.99,1.20,0.26,0.49||15.31,4.19,3.39,9.21,2.68||0.00,0.00,0.50,0.59,0.00||39.82,50.43,233.12,53.02,8.08||7.99,2.72,6.10||0.33,0.98,2.66,2.16,3.36,0.40||
2.94,18.65,12.25,4.62,6.21,5.07,2.97||0.00,0.00,0.00,0.04,0.04,0.04||5.45,8.75,1.93,28.08,20.34,15.54||6.62,0.98,1.19,0.26,0.49||15.06,4.16,3.27,9.11,2.66||0.00,0.00,0.50,0.59,0.00||46.28,92.35,474.05,56.37,11.54||8.04,2.73,6.13||0.78,2.21,7.35,4.52,6.39,0.98||
2.93,18.63,12.24,4.62,6.21,5.06,2.97||0.00,0.00,0.00,0.04,0.04,0.04||5.44,8.74,1.93,28.05,20.33,15.52||6.57,0.98,1.18,0.26,0.49||15.09,4.17,3.29,9.13,2.66||0.00,0.00,0.50,0.59,0.00||30.41,17.05,65.31,47.50,4.27||6.69,2.34,5.29||0.76,2.14,7.06,4.39,6.22,0.95||
2.93,18.63,12.24,4.62,6.21,5.06,2.97||0.00,0.00,0.00,0.04,0.04,0.04||5.44,8.74,1.93,28.04,20.32,15.51||6.50,0.98,1.16,0.25,0.48||15.10,4.17,3.30,9.13,2.66||0.00,0.00,0.50,0.59,0.00||65.96,384.08,2522.97,65.14,26.68||12.42,3.96,8.70||2.02,5.35,22.02,10.02,12.76,2.54||
2.93,18.63,12.24,4.62,6.21,5.06,2.97||0.00,0.00,0.00,0.04,0.04,0.04||5.44,8.74,1.93,28.04,20.32,15.51||6.49,0.97,1.16,0.25,0.48||15.19,4.18,3.34,9.16,2.67||0.00,0.00,0.50,0.59,0.00||38.45,43.81,197.66,52.27,7.44||10.31,3.38,7.49||0.56,1.60,4.93,3.38,4.96,0.69||
2.93,18.63,12.24,4.62,6.21,5.06,2.97||0.00,0.00,0.00,0.04,0.04,0.04||5.24,8.68,1.82,27.62,20.15,15.14||6.39,0.97,1.13,0.25,0.48||15.21,4.18,3.35,9.17,2.67||0.00,0.00,0.50,0.59,0.00||35.61,32.19,137.69,50.66,6.21||6.59,2.31,5.22||0.44,1.30,3.80,2.80,4.21,0.55||
2.93,18.63,12.24,4.62,6.21,5.06,2.97||0.00,0.00,0.00,0.04,0.04,0.04||5.16,8.65,1.78,27.43,20.08,14.97||6.37,0.96,1.13,0.25,0.48||15.22,4.18,3.35,9.17,2.67||0.00,0.00,0.50,0.59,0.00||37.71,40.53,180.42,51.86,7.11||6.93,2.41,5.44||0.28,0.86,2.26,1.92,3.04,0.35||
2.93,18.63,12.24,4.62,6.21,5.06,2.97||0.00,0.00,0.00,0.04,0.04,0.04||5.14,8.64,1.77,27.39,20.06,14.94||6.37,0.96,1.12,0.25,0.48||15.22,4.18,3.35,9.17,2.67||0.00,0.00,0.50,0.59,0.00||40.56,54.34,254.45,53.42,8.44||9.52,3.16,7.02||0.61,1.74,5.45,3.64,5.29,0.75||
2.93,18.63,12.24,4.62,6.21,5.06,2.97||0.00,0.00,0.00,0.04,0.04,0.04||5.14,8.64,1.77,27.38,20.06,14.93||6.27,0.96,1.10,0.24,0.47||15.04,4.16,3.27,9.11,2.66||0.00,0.00,0.50,0.59,0.00||28.87,13.84,51.14,46.51,3.78||8.79,2.95,6.58||0.72,2.05,6.67,4.21,6.01,0.90||
2.93,18.63,12.24,4.62,6.21,5.06,2.97||0.00,0.00,0.00,0.04,0.04,0.04||5.14,8.64,1.77,27.38,20.06,14.93||6.25,0.95,1.09,0.24,0.47||15.09,4.17,3.29,9.13,2.66||0.00,0.00,0.50,0.59,0.00||28.74,13.60,50.09,46.42,3.74||9.17,3.06,6.81||0.98,2.72,9.52,5.45,7.52,1.23||
2.93,18.63,12.24,4.62,6.21,5.06,2.97||0.00,0.00,0.00,0.04,0.04,0.04||5.14,8.64,1.77,27.38,20.06,14.93||6.25,0.95,1.09,0.24,0.47||15.19,4.18,3.34,9.16,2.67||0.00,0.00,0.50,0.59,0.00||42.62,66.30,321.33,54.51,9.49||12.30,3.93,8.63||13.40,31.42,199.12,49.51,51.21,17.27||
2.93,18.63,12.24,4.62,6.21,5.06,2.97||0.00,0.00,0.00,0.04,0.04,0.04||4.91,8.56,1.66,26.86,19.85,14.48||6.15,0.95,1.07,0.24,0.47||15.21,4.18,3.35,9.17,2.67||0.00,0.00,0.50,0.59,0.00||42.69,66.77,324.00,54.55,9.53||8.52,2.87,6.42||0.69,1.96,6.33,4.05,5.81,0.86||
2.93,18.63,12.24,4.62,6.21,5.06,2.97||0.00,0.00,0.00,0.04,0.04,0.04||4.87,8.54,1.63,26.76,19.81,14.39||6.13,0.94,1.06,0.24,0.47||15.22,4.18,3.35,9.17,2.67||0.00,0.00,0.50,0.59,0.00||28.56,13.24,48.57,46.30,3.68||8.81,2.95,6.60||0.29,0.87,2.31,1.95,3.07,0.36||
2.93,18.63,12.24,4.62,6.21,5.06,2.97||0.00,0.00,0.00,0.04,0.04,0.04||4.86,8.54,1.63,26.74,19.80,14.37||6.13,0.94,1.06,0.24,0.47||15.22,4.18,3.35,9.17,2.67||0.00,0.00,0.50,0.59,0.00||51.11,137.65,757.08,58.70,14.59||8.59,2.89,6.46||3.12,8.05,36.62,14.49,17.59,3.96||
2.93,18.63,12.24,4.62,6.21,5.06,2.97||0.00,0.00,0.00,0.04,0.04,0.04||4.86,8.54,1.63,26.73,19.80,14.37||6.13,0.94,1.06,0.24,0.47||15.13,4.17,3.31,9.14,2.67||0.00,0.00,0.50,0.59,0.00||47.79,105.13,551.84,57.12,12.45||13.44,4.23,9.27||10.60,25.22,151.53,40.61,43.11,13.62||
2.93,18.63,12.24,4.62,6.21,5.06,2.97||0.00,0.00,0.00,0.04,0.04,0.04||4.86,8.54,1.63,26.73,19.80,14.37||6.03,0.94,1.03,0.24,0.46||14.66,4.12,3.10,8.97,2.63||0.00,0.00,0.50,0.59,0.00||35.54,31.93,136.35,50.62,6.18||8.46,2.85,6.39||0.57,1.64,5.08,3.45,5.06,0.71||
2.93,18.58,12.22,4.61,6.20,5.05,2.96||0.00,0.00,0.00,0.04,0.04,0.04||4.86,8.54,1.63,26.73,19.80,14.37||6.02,0.93,1.03,0.24,0.46||14.93,4.15,3.22,9.06,2.65||0.00,0.00,0.50,0.59,0.00||33.90,26.40,109.09,49.65,5.52||10.68,3.48,7.70||0.31,0.92,2.48,2.06,3.22,0.38||
2.93,18.58,12.21,4.61,6.19,5.05,2.96||0.00,0.00,0.00,0.04,0.04,0.04||4.86,8.54,1.63,26.73,19.80,14.37||6.01,0.93,1.03,0.24,0.46||14.89,4.14,3.20,9.05,2.65||0.00,0.00,0.50,0.59,0.00||31.82,20.48,81.00,48.39,4.76||6.74,2.35,5.32||0.39,1.16,3.29,2.53,3.85,0.49||
2.92,18.49,12.17,4.59,6.17,5.04,2.95||0.00,0.00,0.00,0.04,0.04,0.04||4.86,8.54,1.63,26.73,19.80,14.37||6.01,0.93,1.03,0.24,0.46||15.15,4.17,3.32,9.15,2.67||0.00,0.00,0.50,0.59,0.00||33.25,24.42,99.59,49.26,5.28||6.47,2.27,5.15||0.90,2.53,8.67,5.10,7.09,1.13||
2.91,18.42,12.14,4.57,6.15,5.02,2.94||0.00,0.00,0.00,0.04,0.04,0.04||4.68,8.47,1.54,26.32,19.63,14.02||5.96,0.93,1.01,0.23,0.46||14.93,4.15,3.22,9.07,2.65||0.00,0.00,0.50,0.59,0.00||33.55,25.34,103.96,49.45,5.39||8.36,2.82,6.32||0.45,1.32,3.87,2.84,4.26,0.56||
2.91,18.41,12.13,4.57,6.14,5.02,2.94||0.00,0.00,0.00,0.04,0.04,0.04||4.61,8.44,1.51,26.14,19.56,13.86||5.91,0.92,1.00,0.23,0.46||14.80,4.13,3.16,9.02,2.64||0.00,0.00,0.50,0.59,0.00||30.90,18.20,70.51,47.82,4.44||8.54,2.88,6.44||0.27,0.81,2.10,1.82,2.90,0.33||
2.91,18.41,12.13,4.57,6.14,5.02,2.94||0.00,0.00,0.00,0.04,0.04,0.04||4.59,8.44,1.50,26.11,19.54,13.83||5.90,0.92,1.00,0.23,0.46||14.78,4.13,3.15,9.01,2.64||0.00,0.00,0.50,0.59,0.00||35.67,32.42,138.84,50.70,6.23||8.29,2.80,6.28||0.78,2.20,7.31,4.50,6.36,0.97||
2.90,18.37,12.11,4.56,6.13,5.01,2.94||0.00,0.00,0.00,0.04,0.04,0.04||4.59,8.44,1.50,26.10,19.54,13.82||5.90,0.92,1.00,0.23,0.46||14.68,4.12,3.11,8.97,2.63||0.00,0.00,0.50,0.59,0.00||67.18,413.65,2752.35,65.63,27.87||10.91,3.54,7.84||0.94,2.61,9.04,5.25,7.28,1.17||
2.90,18.36,12.10,4.56,6.13,5.01,2.94||0.00,0.00,0.00,0.04,0.04,0.04||4.59,8.44,1.50,26.10,19.54,13.82||5.88,0.92,0.99,0.23,0.46||14.84,4.14,3.18,9.03,2.65||0.00,0.00,0.50,0.59,0.00||51.61,143.21,793.06,58.94,14.93||8.22,2.79,6.24||0.43,1.25,3.61,2.70,4.08,0.53||
2.90,18.36,12.10,4.56,6.13,5.01,2.94||0.00,0.00,0.00,0.04,0.04,0.04||4.59,8.44,1.50,26.10,19.54,13.82||5.80,0.92,0.97,0.23,0.45||14.87,4.14,3.19,9.04,2.65||0.00,0.00,0.50,0.59,0.00||67.93,432.42,2899.38,65.93,28.60||10.88,3.54,7.82||6.83,16.73,90.94,28.04,31.23,8.73||
2.90,18.35,12.10,4.56,6.13,5.01,2.94||0.00,0.00,0.00,0.04,0.04,0.04||4.59,8.44,1.50,26.10,19.54,13.82||5.79,0.91,0.97,0.23,0.45||14.79,4.13,3.15,9.01,2.64||0.00,0.00,0.50,0.59,0.00||36.11,34.06,147.11,50.95,6.42||9.45,3.14,6.98||0.41,1.20,3.43,2.60,3.95,0.50||
2.90,18.35,12.10,4.56,6.13,5.01,2.94||0.00,0.00,0.00,0.04,0.04,0.04||4.59,8.44,1.50,26.10,19.54,13.82||5.79,0.91,0.97,0.23,0.45||14.77,4.13,3.15,9.01,2.64||0.00,0.00,0.50,0.59,0.00||28.64,13.41,49.28,46.36,3.71||8.64,2.91,6.50||1.29,3.53,13.15,6.89,9.22,1.62||
2.90,18.35,12.10,4.56,6.13,5.01,2.94||0.00,0.00,0.00,0.04,0.04,0.04||4.47,8.39,1.44,25.80,19.42,13.57||5.79,0.91,0.97,0.23,0.45||14.77,4.13,3.15,9.01,2.64||0.00,0.00,0.50,0.59,0.00||40.45,53.75,251.21,53.36,8.39||11.73,3.77,8.31||1.12,3.10,11.16,6.12,8.31,1.41||
2.90,18.35,12.10,4.56,6.13,5.01,2.94||0.00,0.00,0.00,0.04,0.04,0.04||4.36,8.35,1.39,25.54,19.31,13.35||5.79,0.91,0.97,0.23,0.45||14.77,4.13,3.15,9.01,2.64||0.00,0.00,0.50,0.59,0.00||43.59,72.59,357.41,55.02,10.01||8.64,2.91,6.50||0.86,2.42,8.22,4.90,6.85,1.08||

