4.58,34.68,19.94,8.08,10.79,7.89,4.67||0.00,0.00,0.00,0.08,0.07,0.08||61.60,14.59,70.65,78.50,35.66,80.91||12.91,1.43,3.37,0.47,0.70||55.73,7.16,52.16,20.44,4.45||0.02,0.05,0.70,0.81,0.01||31.42,19.45,76.22,48.14,4.61||8.74,2.93,6.56||0.17,0.54,1.26,1.26,2.10,0.21||
3.10,20.13,13.01,4.95,6.65,5.35,3.14||0.00,0.00,0.00,0.04,0.04,0.04||5.34,8.71,1.87,27.81,20.27,15.31||5.55,0.89,0.91,0.22,0.44||18.05,4.49,4.80,10.19,2.86||0.00,0.01,0.53,0.63,0.00||48.15,108.36,571.79,57.30,12.67||6.25,2.21,5.01||0.46,1.34,3.91,2.86,4.29,0.57||
2.89,18.25,12.05,4.53,6.10,4.99,2.92||0.00,0.00,0.00,0.04,0.04,0.04||3.43,7.93,0.97,23.07,18.27,11.35||4.77,0.82,0.72,0.19,0.41||13.32,3.96,2.53,8.45,2.54||0.00,0.01,0.50,0.60,0.00||34.98,29.97,126.61,50.30,5.95||5.20,1.89,4.31||0.41,1.21,3.47,2.62,3.98,0.51||
2.85,17.94,11.87,4.46,5.99,4.92,2.88||0.00,0.00,0.00,0.03,0.04,0.04||3.15,7.79,0.86,22.25,17.94,10.70||4.63,0.81,0.68,0.19,0.40||12.18,3.81,2.09,8.00,2.45||0.00,0.01,0.50,0.60,0.00||22.62,5.18,16.16,42.10,2.12||5.27,1.90,4.34||0.11,0.37,0.78,0.89,1.56,0.14||
2.84,17.84,11.83,4.44,5.97,4.91,2.88||0.00,0.00,0.00,0.03,0.04,0.04||3.09,7.76,0.83,22.08,17.84,10.57||4.60,0.80,0.68,0.19,0.40||13.10,3.93,2.44,8.36,2.52||0.00,0.00,0.50,0.60,0.00||17.47,1.84,4.78,37.89,1.15||4.13,1.55,3.58||0.10,0.32,0.66,0.78,1.39,0.12||
2.84,17.82,11.82,4.44,5.97,4.91,2.87||0.00,0.00,0.00,0.03,0.04,0.04||3.12,7.76,0.83,22.05,17.82,10.55||4.60,0.80,0.68,0.18,0.40||13.53,3.98,2.61,8.53,2.55||0.00,0.00,0.50,0.60,0.00||30.21,16.62,63.40,47.38,4.21||5.35,1.93,4.41||0.64,1.82,5.78,3.79,5.49,0.79||
2.84,17.82,11.82,4.44,5.97,4.91,2.87||0.00,0.00,0.00,0.03,0.04,0.04||3.12,7.76,0.83,22.05,17.82,10.54||4.55,0.80,0.67,0.18,0.40||15.15,4.17,3.32,9.15,2.67||0.00,0.00,0.50,0.59,0.00||18.55,2.43,6.34,38.83,1.34||5.17,1.88,4.30||0.17,0.53,1.26,1.25,2.09,0.21||
2.85,17.86,11.84,4.45,5.98,4.91,2.88||0.00,0.00,0.00,0.03,0.04,0.04||3.12,7.76,0.83,22.04,17.82,10.54||4.54,0.80,0.67,0.18,0.40||13.32,3.96,2.53,8.45,2.54||0.00,0.00,0.50,0.60,0.00||26.73,10.15,35.53,45.07,3.15||7.96,2.71,6.08||0.08,0.25,0.49,0.63,1.16,0.09||
2.84,17.83,11.83,4.44,5.97,4.91,2.87||0.00,0.00,0.00,0.03,0.04,0.04||3.12,7.76,0.83,22.04,17.82,10.54||4.51,0.80,0.66,0.18,0.40||13.42,3.97,2.57,8.49,2.54||0.00,0.00,0.50,0.60,0.00||19.31,2.75,7.67,39.47,1.46||4.94,1.81,4.14||0.04,0.15,0.25,0.39,0.75,0.05||
2.84,17.82,11.82,4.44,5.97,4.91,2.87||0.00,0.00,0.00,0.03,0.04,0.04||3.12,7.76,0.83,22.04,17.82,10.54||4.51,0.80,0.66,0.18,0.40||14.67,4.11,3.10,8.97,2.63||0.00,0.00,0.50,0.59,0.00||29.98,16.10,61.08,47.27,4.13||6.12,2.17,4.92||0.13,0.41,0.90,0.98,1.70,0.16||
2.84,17.82,11.82,4.44,5.97,4.91,2.87||0.00,0.00,0.00,0.03,0.04,0.04||3.12,7.76,0.83,22.04,17.82,10.54||4.51,0.80,0.66,0.18,0.40||13.27,3.95,2.51,8.43,2.53||0.00,0.00,0.50,0.60,0.00||24.14,6.73,21.97,43.27,2.47||4.51,1.67,3.85||0.06,0.20,0.36,0.51,0.96,0.07||
2.84,17.82,11.82,4.44,5.97,4.91,2.87||0.00,0.00,0.00,0.03,0.04,0.04||3.12,7.76,0.83,22.04,17.82,10.54||4.51,0.80,0.66,0.18,0.40||13.63,4.00,2.66,8.57,2.56||0.00,0.00,0.50,0.60,0.00||28.16,12.53,45.50,46.04,3.56||6.09,2.16,4.90||0.22,0.67,1.67,1.54,2.51,0.27||
2.85,17.86,11.84,4.45,5.98,4.91,2.88||0.00,0.00,0.00,0.03,0.04,0.04||3.05,7.74,0.82,21.96,17.78,10.48||4.51,0.80,0.66,0.18,0.40||13.15,3.94,2.46,8.38,2.52||0.00,0.00,0.50,0.59,0.00||23.26,5.80,18.43,42.58,2.26||5.09,1.85,4.24||0.06,0.20,0.38,0.53,0.99,0.07||
2.84,17.83,11.83,4.44,5.97,4.91,2.87||0.00,0.00,0.00,0.03,0.04,0.04||3.12,7.75,0.83,22.03,17.81,10.53||4.51,0.80,0.66,0.18,0.40||13.84,4.02,2.74,8.65,2.57||0.00,0.00,0.50,0.60,0.00||21.66,4.36,13.18,41.36,1.91||6.66,2.43,5.27||0.22,0.68,1.71,1.57,2.54,0.27||
2.84,17.82,11.82,4.44,5.97,4.91,2.87||0.00,0.00,0.00,0.03,0.04,0.04||3.12,7.76,0.83,22.04,17.82,10.54||4.51,0.80,0.66,0.18,0.40||14.34,4.08,2.95,8.84,2.61||0.00,0.00,0.50,0.60,0.00||27.90,12.06,43.53,45.86,3.48||6.87,2.49,5.40||0.06,0.20,0.38,0.52,0.98,0.07||
2.84,17.82,11.82,4.44,5.97,4.91,2.87||0.00,0.00,0.00,0.03,0.04,0.04||3.12,7.76,0.83,22.04,17.82,10.54||4.51,0.80,0.66,0.18,0.40||14.26,4.07,2.92,8.81,2.60||0.00,0.00,0.50,0.60,0.00||19.56,2.89,8.15,39.68,1.50||5.56,2.00,4.55||0.13,0.40,0.87,0.96,1.66,0.15||
2.84,17.82,11.82,4.44,5.97,4.91,2.87||0.00,0.00,0.00,0.03,0.04,0.04||3.12,7.76,0.83,22.04,17.82,10.54||4.51,0.80,0.66,0.18,0.40||14.34,4.08,2.95,8.84,2.61||0.00,0.00,0.50,0.60,0.00||34.96,29.90,126.27,50.28,5.94||6.70,2.44,5.29||0.35,1.04,2.88,2.29,3.54,0.43||
2.84,17.82,11.82,4.44,5.97,4.91,2.87||0.00,0.00,0.00,0.03,0.04,0.04||3.12,7.76,0.83,22.04,17.82,10.54||4.51,0.80,0.66,0.18,0.40||13.92,4.03,2.77,8.68,2.58||0.00,0.00,0.50,0.60,0.00||22.74,5.30,16.57,42.19,2.15||4.46,1.65,3.81||0.10,0.31,0.65,0.77,1.38,0.12||
2.84,17.82,11.82,4.44,5.97,4.91,2.87||0.00,0.00,0.00,0.03,0.04,0.04||3.12,7.76,0.83,22.04,17.82,10.54||4.51,0.80,0.66,0.18,0.40||14.00,4.04,2.81,8.71,2.59||0.00,0.00,0.50,0.60,0.00||22.41,5.00,15.48,41.94,2.07||5.76,2.06,4.69||0.18,0.56,1.34,1.32,2.18,0.22||
2.84,17.82,11.82,4.44,5.97,4.91,2.87||0.00,0.00,0.00,0.03,0.04,0.04||3.12,7.76,0.83,22.04,17.82,10.54||4.49,0.79,0.65,0.18,0.40||14.89,4.14,3.20,9.05,2.65||0.00,0.00,0.50,0.60,0.00||29.18,14.45,53.80,46.71,3.87||5.24,1.90,4.34||0.08,0.26,0.50,0.65,1.18,0.10||
2.84,17.82,11.82,4.44,5.97,4.91,2.87||0.00,0.00,0.00,0.03,0.04,0.04||3.12,7.76,0.83,22.04,17.82,10.54||4.49,0.79,0.65,0.18,0.40||14.29,4.07,2.93,8.82,2.61||0.00,0.00,0.50,0.60,0.00||20.95,3.81,11.26,40.80,1.77||4.25,1.59,3.67||0.13,0.40,0.88,0.97,1.67,0.15||
2.85,17.86,11.84,4.45,5.98,4.91,2.88||0.00,0.00,0.00,0.03,0.04,0.04||3.12,7.76,0.83,22.04,17.82,10.54||4.50,0.79,0.66,0.18,0.40||13.19,3.94,2.47,8.40,2.53||0.00,0.00,0.50,0.60,0.00||30.96,18.34,71.11,47.85,4.46||5.89,2.10,4.77||1.29,3.52,13.11,6.88,9.20,1.62||
2.84,17.83,11.83,4.44,5.97,4.91,2.87||0.00,0.00,0.00,0.03,0.04,0.04||3.12,7.76,0.83,22.04,17.82,10.54||4.49,0.79,0.65,0.18,0.40||12.46,3.85,2.19,8.11,2.47||0.00,0.00,0.50,0.60,0.00||22.06,4.69,14.36,41.67,2.00||4.92,1.80,4.13||0.13,0.41,0.89,0.98,1.69,0.16||
2.84,17.82,11.82,4.44,5.97,4.91,2.87||0.00,0.00,0.00,0.03,0.04,0.04||3.12,7.76,0.83,22.04,17.82,10.54||4.49,0.79,0.65,0.18,0.40||11.66,3.75,1.91,7.78,2.41||0.00,0.00,0.50,0.60,0.00||32.59,22.53,90.58,48.86,5.03||5.80,2.07,4.71||1.36,3.70,13.94,7.19,9.56,1.71||
2.84,17.82,11.82,4.44,5.97,4.91,2.87||0.00,0.00,0.00,0.03,0.04,0.04||3.12,7.76,0.83,22.04,17.82,10.54||4.43,0.79,0.64,0.18,0.39||14.43,4.09,3.00,8.88,2.62||0.00,0.00,0.50,0.60,0.00||24.30,6.92,22.69,43.35,2.51||4.49,1.67,3.83||0.66,1.87,5.97,3.89,5.60,0.82||
2.84,17.82,11.82,4.44,5.97,4.91,2.87||0.00,0.00,0.00,0.03,0.04,0.04||3.12,7.76,0.83,22.04,17.82,10.54||4.43,0.79,0.64,0.18,0.39||14.19,4.06,2.89,8.79,2.60||0.00,0.00,0.50,0.60,0.00||22.12,4.74,14.57,41.72,2.01||4.02,1.52,3.51||0.11,0.34,0.71,0.83,1.46,0.13||
2.84,17.82,11.82,4.44,5.97,4.91,2.87||0.00,0.00,0.00,0.03,0.04,0.04||3.12,7.76,0.83,22.04,17.82,10.54||4.44,0.79,0.64,0.18,0.39||14.84,4.14,3.18,9.03,2.65||0.00,0.00,0.50,0.60,0.00||33.46,25.05,102.57,49.39,5.35||5.79,2.07,4.71||0.94,2.62,9.07,5.26,7.29,1.18||
2.85,17.86,11.84,4.45,5.98,4.91,2.88||0.00,0.00,0.00,0.03,0.04,0.04||3.12,7.76,0.83,22.04,17.82,10.54||4.45,0.79,0.64,0.18,0.39||15.52,4.22,3.49,9.29,2.69||0.00,0.00,0.50,0.60,0.00||21.34,4.10,12.26,41.11,1.85||4.65,1.72,3.94||0.16,0.50,1.17,1.19,2.00,0.20||
2.84,17.83,11.83,4.44,5.97,4.91,2.87||0.00,0.00,0.00,0.03,0.04,0.04||3.27,7.83,0.89,22.48,18.01,10.88||4.54,0.80,0.66,0.18,0.40||15.66,4.27,3.56,9.34,2.70||0.00,0.00,0.50,0.60,0.00||34.31,27.73,115.58,49.90,5.68||6.66,2.43,5.27||1.07,2.95,10.49,5.85,7.99,1.34||
2.87,18.04,11.94,4.49,6.03,4.95,2.94||0.00,0.00,0.00,0.04,0.04,0.04||3.41,7.93,0.97,23.02,18.25,11.30||4.79,0.82,0.72,0.19,0.41||12.81,3.89,2.43,8.25,2.50||0.00,0.00,0.50,0.60,0.00||21.75,4.43,13.45,41.44,1.93||4.37,1.63,3.75||0.14,0.43,0.97,1.04,1.78,0.17||
2.87,18.08,11.96,4.49,6.05,4.96,2.94||0.00,0.00,0.00,0.04,0.04,0.04||3.45,7.94,0.98,23.13,18.29,11.39||5.08,0.85,0.79,0.20,0.42||14.79,4.13,3.15,9.01,2.64||0.00,0.00,0.50,0.60,0.00||29.29,14.66,54.73,46.78,3.91||7.28,2.51,5.66||0.46,1.35,3.99,2.94,4.35,0.58||
2.87,18.09,11.96,4.50,6.05,4.96,2.91||0.00,0.00,0.00,0.04,0.04,0.04||3.62,8.03,1.05,23.61,18.50,11.77||5.31,0.87,0.85,0.21,0.43||16.35,4.31,3.90,9.59,2.75||0.00,0.01,0.50,0.60,0.00||18.66,2.49,6.53,38.93,1.35||5.98,2.12,4.83||0.06,0.19,0.35,0.50,0.94,0.07||
2.94,18.31,12.08,4.55,6.11,5.00,2.93||0.00,0.00,0.00,0.04,0.04,0.04||3.83,8.12,1.15,24.18,18.74,12.27||5.60,0.90,0.92,0.22,0.45||14.90,4.15,3.20,9.05,2.65||0.00,0.01,0.50,0.60,0.00||26.78,10.22,35.86,45.10,3.16||6.78,2.47,5.35||0.32,0.97,2.62,2.14,3.34,0.40||
2.94,18.35,12.14,4.56,6.13,5.01,2.94||0.00,0.00,0.00,0.04,0.04,0.04||3.91,8.16,1.18,24.39,18.83,12.40||5.75,0.91,0.96,0.27,0.45||15.70,4.24,3.58,9.35,2.71||0.00,0.01,0.50,0.60,0.00||19.69,2.97,8.40,39.78,1.53||5.15,1.87,4.28||0.11,0.34,0.71,0.83,1.46,0.13||
2.94,18.36,12.14,4.56,6.13,5.01,2.94||0.00,0.00,0.00,0.04,0.04,0.04||4.08,8.27,1.26,24.82,19.01,12.76||5.97,0.93,1.02,0.27,0.46||14.01,4.04,2.81,8.72,2.59||0.00,0.01,0.50,0.60,0.00||22.86,5.41,16.98,42.28,2.17||4.38,1.63,3.76||0.11,0.36,0.76,0.87,1.53,0.14||
2.94,18.36,12.14,4.56,6.13,5.01,2.94||0.00,0.00,0.00,0.04,0.04,0.04||4.11,8.24,1.27,24.91,19.05,12.83||6.10,0.94,1.05,0.24,0.47||14.80,4.13,3.16,9.02,2.64||0.00,0.01,0.50,0.60,0.00||27.83,11.94,43.03,45.82,3.46||6.77,2.46,5.34||0.56,1.61,4.96,3.40,4.98,0.70||
2.94,18.36,12.14,4.56,6.13,5.01,2.94||0.00,0.00,0.00,0.04,0.04,0.04||4.16,8.26,1.29,25.03,19.10,12.92||6.22,0.95,1.09,0.24,0.47||14.78,4.13,3.15,9.01,2.64||0.00,0.01,0.50,0.60,0.00||27.29,11.04,39.24,45.45,3.31||6.75,2.46,5.32||0.55,1.60,4.91,3.37,4.95,0.69||
2.94,18.36,12.14,4.56,6.13,5.01,2.94||0.00,0.00,0.00,0.04,0.04,0.04||4.32,8.34,1.37,25.45,19.27,13.27||6.25,0.95,1.09,0.24,0.47||15.12,4.17,3.31,9.14,2.67||0.00,0.01,0.50,0.60,0.00||29.88,15.90,60.19,47.17,4.10||4.36,1.62,3.74||0.27,0.81,2.11,1.83,2.91,0.34||
2.94,18.36,12.14,4.56,6.13,5.01,2.94||0.00,0.00,0.00,0.04,0.04,0.04||4.36,8.34,1.39,25.53,19.31,13.35||6.35,0.96,1.12,0.25,0.48||15.37,4.20,3.42,9.27,2.68||0.00,0.01,0.50,0.60,0.00||24.30,6.92,22.69,43.35,2.51||6.80,2.47,5.36||0.18,0.55,1.31,1.29,2.15,0.22||
2.94,18.36,12.14,4.56,6.13,5.01,2.94||0.00,0.00,0.00,0.04,0.04,0.04||4.40,8.36,1.41,25.65,19.36,13.44||6.45,0.97,1.15,0.25,0.48||14.73,4.13,3.13,8.99,2.64||0.00,0.01,0.50,0.60,0.00||26.40,9.66,33.56,44.84,3.06||6.53,2.29,5.19||2.47,6.46,27.84,11.88,14.80,3.12||
2.94,18.36,12.14,4.56,6.13,5.01,2.94||0.00,0.00,0.00,0.04,0.04,0.04||4.58,8.43,1.49,26.08,19.53,13.81||6.49,0.97,1.16,0.25,0.48||13.28,3.95,2.51,8.43,2.53||0.00,0.01,0.50,0.60,0.00||35.05,30.21,127.79,50.34,5.98||7.37,2.54,5.72||0.36,1.06,2.95,2.43,3.59,0.44||
2.91,18.41,12.13,4.57,6.14,5.02,2.94||0.00,0.00,0.00,0.04,0.04,0.04||4.62,8.45,1.51,26.16,19.57,13.88||6.58,0.98,1.18,0.26,0.49||13.01,3.92,2.41,8.34,2.51||0.00,0.01,0.50,0.60,0.00||26.70,10.11,35.40,45.05,3.14||5.50,1.98,4.52||0.06,0.19,0.34,0.49,0.92,0.07||
2.94,18.37,12.11,4.56,6.13,5.01,2.94||0.00,0.00,0.00,0.04,0.04,0.04||4.62,8.45,1.51,26.18,19.58,13.90||6.61,0.98,1.19,0.26,0.49||12.88,3.90,2.46,8.28,2.50||0.00,0.01,0.50,0.60,0.00||23.93,6.51,21.11,43.12,2.42||6.88,2.49,5.40||0.17,0.53,1.25,1.25,2.09,0.21||
2.94,18.36,12.14,4.56,6.13,5.01,2.94||0.00,0.00,0.00,0.04,0.04,0.04||4.63,8.45,1.51,26.19,19.58,13.90||6.62,0.99,1.19,0.26,0.49||14.48,4.10,3.01,8.89,2.62||0.00,0.01,0.50,0.60,0.00||26.01,9.10,31.26,44.57,2.95||8.75,2.94,6.56||0.19,0.60,1.45,1.39,2.29,0.24||
2.91,18.41,12.13,4.57,6.14,5.02,2.94||0.00,0.00,0.00,0.04,0.04,0.04||4.63,8.45,1.51,26.19,19.58,13.90||6.62,0.99,1.20,0.26,0.49||15.51,4.22,3.49,9.28,2.69||0.00,0.01,0.50,0.60,0.00||25.47,8.36,28.31,44.19,2.81||6.71,2.44,5.30||2.40,6.05,25.68,11.20,14.06,2.91||
2.91,18.46,12.15,4.58,6.16,5.03,2.95||0.00,0.00,0.00,0.04,0.04,0.04||4.63,8.45,1.51,26.19,19.58,13.90||6.68,0.99,1.21,0.26,0.49||14.75,4.13,3.14,9.00,2.64||0.00,0.01,0.50,0.60,0.00||34.05,26.88,111.42,49.74,5.58||6.68,2.44,5.28||3.11,8.02,36.44,14.44,17.54,3.94||
2.93,18.56,12.21,4.60,6.19,5.05,2.96||0.00,0.00,0.00,0.04,0.04,0.04||4.76,8.50,1.58,26.50,19.70,14.16||6.74,1.00,1.27,0.26,0.49||15.57,4.22,3.52,9.30,2.70||0.00,0.01,0.50,0.60,0.00||36.13,34.11,147.36,50.96,6.42||6.77,2.46,5.34||0.64,1.83,5.79,3.80,5.49,0.80||
2.93,18.58,12.22,4.61,6.19,5.05,2.96||0.00,0.00,0.00,0.04,0.04,0.04||4.87,8.54,1.64,26.77,19.81,14.40||6.75,1.00,1.27,0.26,0.49||16.41,4.32,3.93,9.61,2.75||0.00,0.01,0.50,0.60,0.00||40.93,56.36,265.57,53.62,8.63||5.47,1.97,4.50||0.07,0.27,0.45,0.60,1.10,0.09||
2.93,18.63,12.24,4.62,6.21,5.06,2.97||0.00,0.00,0.00,0.04,0.04,0.04||4.89,8.55,1.65,26.82,19.84,14.44||6.75,1.00,1.27,0.26,0.49||15.82,4.25,3.64,9.39,2.71||0.00,0.01,0.50,0.60,0.00||44.87,81.54,409.64,55.67,10.72||6.67,2.43,5.27||1.06,2.93,10.43,5.83,7.96,1.34||
2.93,18.59,12.22,4.61,6.20,5.06,2.96||0.00,0.00,0.00,0.04,0.04,0.05||4.90,8.55,1.65,26.83,19.84,14.45||6.75,1.00,1.27,0.26,0.49||13.71,4.01,2.69,8.60,2.56||0.00,0.01,0.50,0.60,0.00||46.36,92.97,477.76,56.41,11.58||6.18,2.19,4.96||0.07,0.22,0.41,0.55,1.03,0.08||
2.93,18.63,12.24,4.62,6.21,5.06,2.97||0.00,0.00,0.00,0.04,0.04,0.05||4.90,8.55,1.65,26.83,19.84,14.46||6.75,1.00,1.27,0.26,0.49||14.39,4.09,2.98,8.86,2.61||0.00,0.01,0.50,0.60,0.00||43.20,70.03,342.64,54.82,9.80||5.74,2.05,4.67||1.10,3.03,10.88,6.01,8.18,1.38||
2.94,18.64,12.25,4.62,6.21,5.06,2.97||0.00,0.00,0.00,0.04,0.04,0.05||4.90,8.55,1.65,26.84,19.84,14.46||6.79,1.00,1.24,0.26,0.49||13.85,4.02,2.74,8.65,2.57||0.00,0.01,0.50,0.60,0.00||30.06,16.29,61.91,47.28,4.16||7.57,2.60,5.84||0.38,1.11,3.13,2.43,3.72,0.47||
2.94,18.64,12.25,4.62,6.21,5.07,2.97||0.00,0.00,0.00,0.04,0.04,0.04||4.90,8.55,1.65,26.84,19.84,14.46||6.84,1.00,1.26,0.26,0.50||16.41,4.32,3.93,9.61,2.75||0.00,0.01,0.50,0.60,0.00||26.78,10.27,35.86,45.10,3.16||7.04,2.44,5.50||2.17,5.72,23.96,10.65,13.46,2.74||
2.94,18.64,12.25,4.62,6.21,5.07,2.97||0.00,0.00,0.00,0.04,0.04,0.05||5.04,8.60,1.72,27.15,19.97,14.73||6.87,1.01,1.27,0.27,0.50||16.59,4.34,4.02,9.67,2.76||0.00,0.01,0.50,0.60,0.00||25.32,8.16,27.54,44.08,2.77||7.99,2.72,6.10||2.27,5.88,24.78,10.92,13.75,2.82||
2.94,18.64,12.25,4.62,6.21,5.07,2.97||0.00,0.00,0.00,0.04,0.04,0.05||5.16,8.65,1.78,27.43,20.08,14.97||6.88,1.01,1.27,0.27,0.50||15.58,4.22,3.52,9.31,2.70||0.00,0.01,0.50,0.60,0.00||24.88,7.61,25.36,43.77,2.66||5.55,2.00,4.55||5.30,13.20,67.72,22.64,25.93,6.76||
2.94,18.64,12.25,4.62,6.21,5.07,2.97||0.00,0.00,0.00,0.04,0.04,0.05||5.19,8.66,1.79,27.49,20.10,15.02||6.88,1.01,1.27,0.27,0.50||15.84,4.25,3.65,9.40,2.71||0.00,0.01,0.50,0.60,0.00||20.04,3.19,9.13,40.07,1.59||4.92,1.80,4.13||0.28,0.85,2.22,1.90,3.00,0.35||
2.94,18.64,12.25,4.62,6.21,5.07,2.97||0.00,0.00,0.00,0.04,0.04,0.05||5.19,8.66,1.80,27.50,20.11,15.03||6.88,1.01,1.27,0.27,0.50||15.70,4.24,3.58,9.35,2.71||0.00,0.01,0.50,0.60,0.00||19.34,2.76,7.73,39.50,1.46||4.32,1.61,3.72||0.06,0.20,0.38,0.53,0.98,0.07||
2.94,18.64,12.25,4.62,6.21,5.07,2.97||0.00,0.00,0.00,0.04,0.04,0.05||5.19,8.66,1.80,27.50,20.11,15.03||6.88,1.01,1.27,0.27,0.50||16.25,4.30,3.85,9.55,2.74||0.00,0.01,0.50,0.60,0.00||29.04,14.17,52.56,46.62,3.83||6.82,2.48,5.37||0.46,1.35,3.98,2.94,4.34,0.57||
2.94,18.64,12.25,4.62,6.21,5.07,2.97||0.00,0.00,0.00,0.04,0.04,0.05||5.19,8.66,1.80,27.50,20.11,15.03||6.88,1.01,1.27,0.27,0.50||15.51,4.21,3.49,9.28,2.69||0.00,0.01,0.50,0.60,0.00||39.10,46.90,214.09,52.63,7.74||7.42,2.55,5.75||1.42,3.86,14.70,7.47,9.89,1.79||
2.94,18.64,12.25,4.62,6.21,5.07,2.97||0.00,0.00,0.00,0.04,0.04,0.05||5.19,8.66,1.80,27.50,20.11,15.03||6.90,1.01,1.27,0.27,0.50||14.49,4.10,3.02,8.90,2.62||0.00,0.01,0.50,0.60,0.00||29.68,15.46,58.26,47.03,4.03||7.88,2.69,6.03||0.87,2.45,8.34,4.95,6.91,1.09||
2.94,18.64,12.25,4.62,6.21,5.07,2.97||0.00,0.00,0.00,0.04,0.04,0.05||5.19,8.66,1.80,27.50,20.11,15.03||6.99,1.02,1.30,0.27,0.50||13.72,4.01,2.69,8.61,2.57||0.00,0.01,0.50,0.60,0.00||25.98,9.05,31.09,44.55,2.94||7.94,2.70,6.05||2.52,6.58,28.51,12.09,15.02,3.18||
2.94,18.64,12.25,4.62,6.21,5.07,2.97||0.00,0.00,0.00,0.04,0.04,0.05||5.19,8.66,1.80,27.50,20.11,15.03||6.99,1.02,1.30,0.27,0.50||14.75,4.13,3.14,9.00,2.64||0.00,0.01,0.51,0.60,0.00||29.28,14.65,54.69,46.78,3.91||7.75,2.65,5.95||8.41,20.34,115.92,33.44,36.40,10.79||
2.94,18.64,12.25,4.62,6.21,5.07,2.97||0.00,0.00,0.00,0.04,0.04,0.05||5.34,8.71,1.87,27.82,20.24,15.32||7.01,1.02,1.31,0.27,0.50||14.97,4.15,3.27,9.08,2.65||0.00,0.01,0.51,0.60,0.00||33.75,25.95,106.94,49.57,5.47||8.96,3.00,6.69||0.76,2.15,7.10,4.41,6.25,0.95||
2.94,18.64,12.25,4.62,6.21,5.07,2.97||0.00,0.00,0.00,0.04,0.04,0.05||5.47,8.75,1.94,28.11,20.35,15.57||7.01,1.02,1.31,0.27,0.50||16.09,4.28,3.77,9.49,2.73||0.00,0.01,0.50,0.60,0.00||42.56,65.96,319.40,54.48,9.46||8.46,2.85,6.38||0.86,2.41,8.19,4.89,6.84,1.08||
2.94,18.64,12.25,4.62,6.21,5.07,2.97||0.00,0.00,0.00,0.04,0.04,0.05||5.49,8.76,1.95,28.16,20.37,15.62||7.01,1.02,1.31,0.27,0.50||15.29,4.19,3.38,9.20,2.68||0.00,0.01,0.51,0.60,0.00||34.19,27.34,113.67,49.83,5.64||8.24,2.79,6.25||0.93,2.58,8.92,5.20,7.21,1.16||
2.94,18.64,12.25,4.62,6.21,5.07,2.97||0.00,0.00,0.00,0.04,0.04,0.05||5.50,8.76,1.96,28.18,20.38,15.63||7.01,1.02,1.31,0.27,0.50||15.79,4.25,3.62,9.38,2.71||0.00,0.01,0.51,0.60,0.00||32.45,22.15,88.81,48.78,4.98||9.02,3.02,6.73||0.66,1.88,5.99,3.90,5.61,0.82||
2.94,18.64,12.25,4.62,6.21,5.07,2.97||0.00,0.00,0.00,0.04,0.04,0.05||5.50,8.76,1.96,28.18,20.38,15.63||7.01,1.02,1.31,0.27,0.50||15.05,4.16,3.27,9.11,2.66||0.00,0.01,0.51,0.60,0.00||40.10,51.92,241.21,53.18,8.22||7.37,2.54,5.72||0.09,0.28,0.57,0.71,1.27,0.11||
2.94,18.64,12.25,4.62,6.21,5.07,2.97||0.00,0.00,0.00,0.04,0.04,0.05||5.50,8.76,1.96,28.18,20.38,15.63||7.01,1.02,1.31,0.27,0.50||15.64,4.27,3.55,9.34,2.70||0.00,0.01,0.51,0.60,0.00||34.42,28.08,117.29,49.97,5.73||8.27,2.79,6.25||0.65,1.86,5.94,3.87,5.58,0.81||
2.94,18.64,12.25,4.62,6.21,5.07,2.97||0.00,0.00,0.00,0.04,0.04,0.05||5.50,8.76,1.96,28.18,20.38,15.63||7.01,1.02,1.31,0.27,0.50||14.16,4.06,2.88,8.78,2.60||0.00,0.01,0.51,0.60,0.00||41.73,60.91,290.90,54.05,9.03||8.02,2.73,6.12||4.18,10.56,51.34,18.52,21.77,5.31||
2.94,18.64,12.25,4.62,6.21,5.07,2.97||0.00,0.00,0.00,0.04,0.04,0.05||5.50,8.76,1.96,28.18,20.38,15.63||7.01,1.02,1.31,0.27,0.50||14.83,4.14,3.17,9.03,2.65||0.00,0.01,0.51,0.60,0.00||40.56,54.32,254.32,53.42,8.44||5.83,2.08,4.73||4.09,10.35,50.05,18.18,21.43,5.19||
2.94,18.64,12.25,4.62,6.21,5.07,2.97||0.00,0.00,0.00,0.04,0.04,0.05||5.50,8.76,1.96,28.18,20.38,15.63||7.06,1.02,1.32,0.27,0.51||13.95,4.03,2.79,8.69,2.58||0.00,0.01,0.51,0.60,0.00||40.84,55.85,262.80,53.57,8.58||6.57,2.40,5.21||2.45,6.16,26.27,11.39,14.27,2.97||
2.94,18.64,12.25,4.62,6.21,5.07,2.97||0.00,0.00,0.00,0.04,0.04,0.05||5.50,8.76,1.96,28.18,20.38,15.63||7.11,1.03,1.34,0.27,0.51||15.49,4.21,3.48,9.27,2.69||0.00,0.01,0.51,0.60,0.00||22.56,5.13,15.97,42.06,2.11||4.13,1.55,3.59||1.42,3.87,14.71,7.48,9.89,1.79||
2.94,18.64,12.25,4.62,6.21,5.07,2.97||0.00,0.00,0.00,0.04,0.04,0.05||5.50,8.76,1.96,28.18,20.38,15.63||7.12,1.03,1.34,0.27,0.51||15.63,4.27,3.55,9.34,2.70||0.00,0.01,0.51,0.60,0.00||19.35,2.77,7.73,39.50,1.46||4.52,1.68,3.86||1.22,3.34,12.27,6.55,8.82,1.53||
2.94,18.64,12.25,4.62,6.21,5.07,2.97||0.00,0.00,0.00,0.04,0.04,0.05||5.50,8.76,1.96,28.18,20.38,15.63||7.10,1.02,1.34,0.27,0.51||15.47,4.21,3.47,9.27,2.69||0.00,0.01,0.51,0.60,0.00||35.20,30.74,130.41,50.43,6.04||6.81,2.47,5.36||0.47,1.37,4.05,2.93,4.38,0.58||
2.94,18.64,12.25,4.62,6.21,5.07,2.97||0.00,0.00,0.00,0.04,0.04,0.05||5.55,8.78,1.99,28.29,20.42,15.73||7.14,1.03,1.34,0.28,0.51||13.65,4.00,2.66,8.58,2.56||0.00,0.01,0.51,0.60,0.00||29.59,15.28,57.44,46.98,4.00||7.56,2.59,5.83||0.32,0.96,2.62,2.14,3.34,0.40||
2.94,18.64,12.25,4.62,6.21,5.07,2.97||0.00,0.00,0.00,0.04,0.04,0.05||5.56,8.78,1.99,28.31,20.43,15.75||7.15,1.03,1.35,0.28,0.51||14.29,4.07,2.93,8.82,2.61||0.00,0.01,0.51,0.60,0.00||45.81,88.64,451.75,56.14,11.26||6.42,2.26,5.12||1.72,4.62,18.36,8.78,11.38,2.17||
2.94,18.64,12.25,4.62,6.21,5.07,2.97||0.00,0.00,0.00,0.04,0.04,0.05||5.61,8.80,2.02,28.43,20.47,15.85||7.15,1.03,1.35,0.28,0.51||14.51,4.10,3.03,8.91,2.62||0.00,0.01,0.51,0.60,0.00||29.61,15.34,57.67,46.99,4.01||7.99,2.72,6.10||0.31,0.92,2.46,2.04,3.20,0.38||
2.94,18.64,12.25,4.62,6.21,5.07,2.97||0.00,0.00,0.00,0.04,0.04,0.05||5.62,8.81,2.02,28.45,20.48,15.88||7.15,1.03,1.35,0.28,0.51||15.61,4.27,3.54,9.32,2.70||0.00,0.01,0.51,0.60,0.00||28.39,12.94,47.28,46.19,3.63||6.70,2.44,5.29||0.50,1.45,4.34,3.12,4.58,0.62||
2.94,18.64,12.25,4.62,6.21,5.07,2.97||0.00,0.00,0.00,0.04,0.04,0.05||5.73,8.84,2.08,28.68,20.57,16.08||7.15,1.03,1.35,0.28,0.51||16.41,4.32,3.93,9.61,2.75||0.00,0.01,0.51,0.60,0.00||25.61,8.55,29.05,44.29,2.84||7.54,2.59,5.82||0.34,0.98,2.67,2.17,3.37,0.41||
2.94,18.64,12.25,4.62,6.21,5.07,2.97||0.00,0.00,0.00,0.04,0.04,0.05||5.81,8.86,2.12,28.83,20.63,16.22||7.15,1.03,1.35,0.28,0.51||17.29,4.41,4.39,9.93,2.81||0.00,0.01,0.51,0.60,0.00||37.84,41.07,183.24,51.93,7.16||6.68,2.43,5.28||1.15,3.15,11.42,6.22,8.43,1.44||
2.94,18.64,12.25,4.62,6.21,5.07,2.97||0.00,0.00,0.00,0.04,0.04,0.05||5.77,8.85,2.10,28.75,20.60,16.15||7.15,1.03,1.35,0.28,0.51||16.07,4.28,3.76,9.49,2.73||0.00,0.01,0.51,0.60,0.00||36.96,37.40,164.16,51.44,6.78||8.96,3.00,6.69||0.34,0.99,2.69,2.18,3.39,0.41||
2.94,18.64,12.25,4.62,6.21,5.07,2.97||0.00,0.00,0.00,0.04,0.04,0.05||5.81,8.87,2.13,28.85,20.64,16.24||7.15,1.03,1.35,0.28,0.51||16.03,4.27,3.74,9.47,2.73||0.00,0.01,0.51,0.60,0.00||26.38,9.63,33.40,44.83,3.05||4.34,1.62,3.73||2.49,6.52,28.16,11.98,14.91,3.15||
2.94,18.64,12.25,4.62,6.21,5.07,2.97||0.00,0.00,0.00,0.04,0.04,0.05||5.82,8.87,2.13,28.87,20.65,16.25||7.15,1.03,1.35,0.28,0.51||14.25,4.07,2.92,8.81,2.60||0.00,0.01,0.51,0.60,0.00||22.40,4.90,15.11,41.86,2.05||4.21,1.58,3.64||0.44,1.29,3.77,2.78,4.19,0.55||
2.94,18.64,12.25,4.62,6.21,5.07,2.97||0.00,0.00,0.00,0.04,0.04,0.05||5.77,8.85,2.10,28.76,20.61,16.16||7.04,1.02,1.31,0.27,0.50||15.20,4.18,3.34,9.17,2.67||0.00,0.01,0.51,0.60,0.00||33.34,24.67,100.74,49.31,5.31||5.50,1.98,4.51||3.70,9.44,44.64,16.73,19.93,4.70||
2.94,18.64,12.25,4.62,6.21,5.07,2.97||0.00,0.00,0.00,0.04,0.04,0.04||5.55,8.78,1.99,28.29,20.42,15.74||7.00,1.02,1.30,0.27,0.50||15.67,4.27,3.56,9.34,2.70||0.00,0.01,0.51,0.60,0.00||23.60,6.15,19.75,42.84,2.44||6.06,2.15,4.88||3.43,8.79,40.85,15.69,18.85,4.35||
2.94,18.64,12.25,4.62,6.21,5.07,2.97||0.00,0.00,0.00,0.04,0.04,0.04||5.51,8.77,1.96,28.20,20.39,15.65||6.90,1.01,1.28,0.27,0.50||15.68,4.27,3.57,9.34,2.70||0.00,0.01,0.51,0.60,0.00||24.35,6.98,22.91,43.39,2.53||4.53,1.68,3.87||0.70,1.98,6.40,4.09,5.85,0.87||
2.93,18.60,12.22,4.61,6.20,5.06,2.96||0.00,0.00,0.00,0.04,0.04,0.04||5.50,8.76,1.96,28.18,20.38,15.64||6.78,1.00,1.24,0.26,0.49||13.86,4.02,2.75,8.66,2.58||0.00,0.01,0.51,0.60,0.00||21.47,4.21,12.65,41.22,1.87||4.67,1.72,3.96||0.11,0.36,0.78,0.89,1.55,0.14||
2.93,18.59,12.22,4.61,6.20,5.05,2.96||0.00,0.00,0.00,0.04,0.04,0.04||5.50,8.76,1.96,28.18,20.38,15.63||6.70,0.99,1.22,0.26,0.49||14.84,4.14,3.18,9.03,2.65||0.00,0.01,0.51,0.60,0.00||18.51,2.42,6.28,38.80,1.32||5.46,1.97,4.49||0.20,0.62,1.51,1.44,2.45,0.25||
2.91,18.45,12.15,4.58,6.16,5.03,2.95||0.00,0.00,0.00,0.04,0.04,0.04||5.50,8.76,1.96,28.18,20.38,15.63||6.64,0.99,1.20,0.26,0.49||15.59,4.22,3.53,9.31,2.70||0.00,0.01,0.51,0.60,0.00||40.53,54.19,253.65,53.41,8.43||7.90,2.69,6.04||0.45,1.31,3.84,2.82,4.24,0.56||
2.91,18.38,12.11,4.56,6.13,5.01,2.94||0.00,0.00,0.00,0.04,0.04,0.04||5.35,8.71,1.88,27.85,20.25,15.34||6.53,0.98,1.17,0.25,0.48||16.42,4.32,3.93,9.61,2.75||0.00,0.01,0.51,0.60,0.00||46.16,91.40,468.34,56.32,11.47||7.48,2.57,5.78||0.58,1.66,5.14,3.49,5.10,0.72||
2.94,18.37,12.11,4.56,6.13,5.01,2.94||0.00,0.00,0.00,0.04,0.04,0.04||5.27,8.69,1.84,27.68,20.18,15.19||6.48,0.97,1.16,0.25,0.48||15.00,4.16,3.25,9.09,2.66||0.00,0.01,0.51,0.60,0.00||44.13,76.25,378.62,55.29,10.31||6.57,2.40,5.21||1.08,2.99,10.67,5.92,8.08,1.35||
2.91,18.41,12.13,4.57,6.14,5.02,2.94||0.00,0.00,0.00,0.04,0.04,0.04||5.21,8.66,1.81,27.53,20.12,15.06||6.40,0.97,1.13,0.25,0.48||16.00,4.27,3.73,9.46,2.73||0.00,0.01,0.51,0.60,0.00||45.26,84.47,426.93,55.87,10.95||6.18,2.18,4.96||3.30,8.47,39.02,15.18,18.31,4.18||
2.94,18.37,12.11,4.56,6.13,5.01,2.94||0.00,0.00,0.00,0.04,0.04,0.04||5.19,8.66,1.80,27.51,20.11,15.04||6.28,0.96,1.10,0.25,0.47||16.21,4.29,3.83,9.54,2.74||0.00,0.01,0.51,0.60,0.00||35.64,32.41,138.27,50.68,6.22||7.89,2.69,6.04||0.22,0.67,1.68,1.55,2.51,0.27||
2.94,18.36,12.14,4.56,6.13,5.01,2.94||0.00,0.00,0.00,0.04,0.04,0.04||5.19,8.66,1.80,27.50,20.11,15.03||6.26,0.96,1.10,0.24,0.47||14.87,4.14,3.19,9.04,2.65||0.00,0.01,0.51,0.60,0.00||25.98,9.06,31.10,44.55,2.94||4.86,1.78,4.08||0.09,0.31,0.63,0.76,1.35,0.12||
2.94,18.36,12.14,4.56,6.13,5.01,2.94||0.00,0.00,0.00,0.04,0.04,0.04||5.19,8.66,1.80,27.50,20.11,15.03||6.16,0.95,1.07,0.24,0.47||15.70,4.24,3.58,9.35,2.71||0.00,0.01,0.51,0.60,0.00||21.03,3.87,11.48,40.87,1.79||4.06,1.53,3.54||0.07,0.27,0.43,0.58,1.06,0.08||
2.94,18.36,12.14,4.56,6.13,5.01,2.94||0.00,0.00,0.00,0.04,0.04,0.04||5.19,8.66,1.80,27.50,20.11,15.03||6.14,0.94,1.06,0.24,0.47||14.43,4.09,3.00,8.88,2.62||0.00,0.01,0.51,0.60,0.00||36.34,34.90,151.38,51.08,6.51||5.73,2.05,4.67||0.17,0.53,1.24,1.24,2.08,0.21||
2.94,18.36,12.14,4.56,6.13,5.01,2.94||0.00,0.00,0.00,0.04,0.04,0.04||5.14,8.64,1.77,27.39,20.06,14.94||6.04,0.94,1.04,0.24,0.46||13.55,3.99,2.62,8.54,2.55||0.00,0.01,0.51,0.60,0.00||38.28,43.07,193.73,52.18,7.37||7.31,2.52,5.68||0.06,0.20,0.36,0.51,0.95,0.07||
2.94,18.36,12.14,4.56,6.13,5.01,2.94||0.00,0.00,0.00,0.04,0.04,0.04||4.95,8.57,1.67,26.95,19.89,14.55||6.02,0.93,1.03,0.24,0.46||14.77,4.13,3.15,9.01,2.64||0.00,0.01,0.51,0.60,0.00||28.38,12.91,47.15,46.18,3.63||6.64,2.42,5.26||1.21,3.34,12.21,6.53,8.80,1.52||
2.94,18.36,12.14,4.56,6.13,5.01,2.94||0.00,0.00,0.00,0.04,0.04,0.04||4.91,8.56,1.66,26.86,19.85,14.47||5.93,0.93,1.01,0.27,0.46||15.03,4.16,3.26,9.10,2.66||0.00,0.01,0.51,0.60,0.00||44.26,77.20,384.19,55.36,10.38||7.54,2.59,5.82||0.31,0.92,2.46,2.04,3.20,0.38||
2.94,18.36,12.14,4.56,6.13,5.01,2.94||0.00,0.00,0.00,0.04,0.04,0.04||4.90,8.55,1.65,26.84,19.84,14.46||5.87,0.92,0.99,0.27,0.46||16.21,4.29,3.83,9.54,2.74||0.00,0.01,0.50,0.60,0.00||41.48,59.46,282.82,53.91,8.90||6.10,2.16,4.91||0.19,0.60,1.44,1.38,2.28,0.24||
2.94,18.36,12.14,4.56,6.13,5.01,2.94||0.00,0.00,0.00,0.04,0.04,0.04||4.90,8.55,1.65,26.84,19.84,14.46||5.81,0.92,0.97,0.27,0.45||13.29,3.95,2.52,8.44,2.53||0.00,0.01,0.50,0.60,0.00||25.22,8.04,27.04,44.02,2.74||4.68,1.73,3.97||0.10,0.32,0.66,0.78,1.39,0.12||
2.94,18.36,12.14,4.56,6.13,5.01,2.94||0.00,0.00,0.00,0.04,0.04,0.04||4.90,8.55,1.65,26.84,19.84,14.46||5.80,0.92,0.97,0.27,0.45||14.99,4.16,3.25,9.09,2.66||0.00,0.01,0.50,0.60,0.00||22.41,4.90,15.15,41.86,2.05||4.66,1.72,3.95||0.15,0.48,1.10,1.14,1.93,0.19||
2.94,18.32,12.08,4.55,6.12,5.00,2.93||0.00,0.00,0.00,0.04,0.04,0.04||4.77,8.50,1.58,26.52,19.71,14.19||5.74,0.91,0.96,0.27,0.45||14.91,4.15,3.21,9.06,2.65||0.00,0.01,0.50,0.60,0.00||27.76,11.82,42.52,45.77,3.44||6.56,2.40,5.20||0.18,0.56,1.34,1.31,2.18,0.22||
2.94,18.35,12.14,4.56,6.13,5.01,2.94||0.00,0.00,0.00,0.04,0.04,0.04||4.65,8.46,1.53,26.25,19.60,13.96||5.69,0.91,0.95,0.22,0.45||14.11,4.05,2.86,8.76,2.59||0.00,0.01,0.50,0.60,0.00||30.07,16.30,61.97,47.28,4.16||8.39,2.83,6.34||1.06,2.92,10.39,5.81,7.95,1.32||
2.94,18.32,12.08,4.55,6.12,5.00,2.93||0.00,0.00,0.00,0.04,0.04,0.04||4.63,8.45,1.52,26.20,19.58,13.91||5.69,0.91,0.94,0.22,0.45||13.27,3.95,2.49,8.42,2.53||0.00,0.01,0.50,0.60,0.00||24.50,7.16,23.59,43.50,2.56||6.96,2.42,5.46||3.50,8.96,41.85,15.97,19.14,4.45||
2.88,18.18,12.01,4.52,6.07,4.98,2.92||0.00,0.00,0.00,0.04,0.04,0.04||4.63,8.45,1.52,26.19,19.58,13.90||5.60,0.90,0.92,0.22,0.45||13.78,4.01,2.72,8.63,2.57||0.00,0.01,0.50,0.60,0.00||27.13,10.78,38.17,45.34,3.26||6.59,2.41,5.27||0.47,1.37,4.05,2.93,4.39,0.58||
2.87,18.11,11.97,4.50,6.05,4.96,2.91||0.00,0.00,0.00,0.03,0.04,0.04||4.63,8.45,1.52,26.19,19.58,13.90||5.56,0.89,0.91,0.22,0.44||14.74,4.13,3.13,9.00,2.64||0.00,0.01,0.50,0.60,0.00||35.29,31.05,131.99,50.48,6.08||6.29,2.22,5.03||0.13,0.42,0.93,1.01,1.73,0.16||
2.88,18.14,11.99,4.51,6.06,4.97,2.91||0.00,0.00,0.00,0.03,0.04,0.04||4.63,8.45,1.51,26.19,19.58,13.90||5.49,0.89,0.89,0.22,0.44||14.34,4.08,2.95,8.84,2.61||0.00,0.01,0.50,0.60,0.00||37.29,38.75,171.16,51.62,6.92||6.07,2.15,4.89||0.14,0.44,0.99,1.05,1.80,0.17||
2.88,18.14,11.99,4.51,6.06,4.97,2.91||0.00,0.00,0.00,0.03,0.04,0.04||4.58,8.43,1.49,26.08,19.54,13.81||5.47,0.89,0.89,0.22,0.44||14.26,4.07,2.92,8.81,2.60||0.00,0.01,0.50,0.60,0.00||33.34,24.67,100.75,49.31,5.31||7.64,2.62,5.88||0.18,0.55,1.29,1.28,2.13,0.22||
2.87,18.10,11.97,4.50,6.05,4.96,2.91||0.00,0.00,0.00,0.03,0.04,0.04||4.62,8.45,1.51,26.17,19.57,13.88||5.47,0.89,0.89,0.22,0.44||13.58,3.99,2.63,8.55,2.56||0.00,0.01,0.50,0.60,0.00||25.89,8.93,30.58,44.48,2.92||6.98,2.42,5.47||2.89,7.50,33.53,13.59,16.64,3.67||
2.88,18.13,11.99,4.51,6.06,4.97,2.91||0.00,0.00,0.00,0.03,0.04,0.04||4.54,8.42,1.47,25.98,19.49,13.72||5.40,0.88,0.87,0.21,0.44||12.53,3.86,2.22,8.14,2.48||0.00,0.01,0.50,0.60,0.00||28.41,12.97,47.41,46.20,3.64||6.83,2.48,5.38||3.72,9.47,44.83,16.79,19.99,4.72||
2.87,18.10,11.97,4.50,6.05,4.96,2.91||0.00,0.00,0.00,0.03,0.04,0.04||4.44,8.38,1.43,25.74,19.39,13.52||5.37,0.88,0.86,0.21,0.44||12.78,3.89,2.42,8.24,2.50||0.00,0.01,0.50,0.60,0.00||30.77,17.89,69.14,47.73,4.39||7.25,2.50,5.64||0.38,1.14,3.21,2.48,3.78,0.48||
2.87,18.09,11.96,4.50,6.05,4.96,2.91||0.00,0.00,0.00,0.03,0.04,0.04||4.38,8.35,1.40,25.59,19.34,13.39||5.37,0.88,0.86,0.21,0.44||13.15,3.94,2.46,8.38,2.52||0.00,0.01,0.50,0.60,0.00||41.51,59.63,283.76,53.93,8.92||7.07,2.45,5.53||0.71,2.02,6.54,4.15,5.93,0.89||
2.87,18.09,11.96,4.50,6.05,4.96,2.91||0.00,0.00,0.00,0.03,0.04,0.04||4.37,8.35,1.39,25.56,19.32,13.37||5.30,0.87,0.85,0.21,0.43||13.93,4.03,2.78,8.69,2.58||0.00,0.01,0.50,0.60,0.00||40.29,52.88,246.47,53.28,8.31||6.21,2.20,4.98||1.67,4.47,17.63,8.53,11.09,2.10||
2.87,18.09,11.96,4.50,6.05,4.96,2.91||0.00,0.00,0.00,0.03,0.04,0.04||4.37,8.35,1.39,25.55,19.32,13.36||5.27,0.87,0.84,0.21,0.43||14.09,4.05,2.85,8.75,2.59||0.00,0.01,0.50,0.60,0.00||23.66,6.22,20.01,42.88,2.46||4.65,1.72,3.94||0.22,0.66,1.63,1.52,2.47,0.26||
2.87,18.09,11.96,4.50,6.05,4.96,2.91||0.00,0.00,0.00,0.03,0.04,0.04||4.37,8.35,1.39,25.55,19.32,13.36||5.26,0.87,0.84,0.21,0.43||13.27,3.95,2.49,8.41,2.53||0.00,0.01,0.50,0.60,0.00||20.43,3.44,10.00,40.39,1.67||4.43,1.65,3.79||0.08,0.27,0.55,0.68,1.24,0.10||
2.87,18.09,11.96,4.50,6.05,4.96,2.91||0.00,0.00,0.00,0.03,0.04,0.04||4.37,8.35,1.39,25.55,19.32,13.36||5.20,0.86,0.82,0.21,0.43||14.11,4.05,2.86,8.76,2.59||0.00,0.01,0.50,0.60,0.00||22.45,5.03,15.62,41.98,2.08||4.09,1.54,3.55||0.08,0.26,0.52,0.66,1.20,0.10||
2.87,18.09,11.96,4.50,6.05,4.96,2.91||0.00,0.00,0.00,0.03,0.04,0.04||4.29,8.31,1.35,25.35,19.27,13.20||5.17,0.86,0.81,0.21,0.43||14.39,4.09,2.97,8.86,2.61||0.00,0.01,0.50,0.60,0.00||22.77,5.32,16.67,42.21,2.15||4.15,1.56,3.60||1.27,3.48,12.89,6.80,9.10,1.60||
2.87,18.09,11.96,4.50,6.05,4.96,2.91||0.00,0.00,0.00,0.03,0.04,0.04||4.27,8.31,1.35,25.31,19.22,13.16||5.16,0.86,0.81,0.21,0.43||14.79,4.13,3.15,9.01,2.64||0.00,0.01,0.50,0.60,0.00||25.42,8.30,28.07,44.16,2.80||7.58,2.60,5.84||0.45,1.31,3.84,2.82,4.24,0.56||
2.87,18.09,11.96,4.50,6.05,4.96,2.91||0.00,0.00,0.00,0.03,0.04,0.04||4.27,8.31,1.34,25.30,19.21,13.16||5.16,0.86,0.81,0.21,0.43||14.69,4.11,3.11,8.98,2.64||0.00,0.01,0.50,0.60,0.00||24.27,6.88,22.53,43.34,2.50||5.44,1.96,4.47||0.12,0.38,0.83,0.93,1.62,0.15||
2.87,18.09,11.96,4.50,6.05,4.96,2.91||0.00,0.00,0.00,0.03,0.04,0.04||4.19,8.27,1.31,25.11,19.13,12.99||5.08,0.85,0.79,0.20,0.42||15.49,4.21,3.48,9.27,2.69||0.00,0.01,0.50,0.60,0.00||18.32,2.22,5.98,38.63,1.29||4.67,1.72,3.96||0.06,0.21,0.40,0.55,1.02,0.08||
2.87,18.09,11.96,4.50,6.05,4.96,2.91||0.00,0.00,0.00,0.03,0.04,0.04||4.13,8.25,1.28,24.97,19.07,12.88||5.07,0.85,0.79,0.20,0.42||15.56,4.22,3.51,9.30,2.70||0.00,0.01,0.50,0.60,0.00||19.28,2.73,7.62,39.45,1.45||4.42,1.64,3.78||0.08,0.25,0.49,0.63,1.15,0.09||
2.87,18.09,11.96,4.50,6.05,4.96,2.91||0.00,0.00,0.00,0.03,0.04,0.04||4.11,8.25,1.28,24.94,19.06,12.85||5.06,0.85,0.79,0.20,0.42||14.06,4.05,2.83,8.74,2.59||0.00,0.01,0.50,0.60,0.00||23.30,5.84,18.60,42.61,2.27||5.32,1.92,4.39||0.19,0.58,1.38,1.34,2.22,0.27||
2.87,18.09,11.96,4.50,6.05,4.96,2.91||0.00,0.00,0.00,0.03,0.04,0.04||4.11,8.25,1.28,24.93,19.06,12.85||5.06,0.85,0.79,0.20,0.42||14.54,4.10,3.04,8.92,2.62||0.00,0.01,0.50,0.60,0.00||28.12,12.45,45.18,46.01,3.55||5.88,2.10,4.77||1.34,3.64,13.63,7.07,9.43,1.68||
2.94,18.31,12.08,4.55,6.11,5.00,2.93||0.00,0.00,0.00,0.04,0.04,0.04||4.52,8.41,1.46,25.93,19.47,13.68||5.14,0.86,0.81,0.20,0.43||15.81,4.25,3.63,9.39,2.71||0.00,0.01,0.51,0.61,0.00||22.45,5.03,15.60,41.97,2.08||5.65,2.03,4.61||0.56,1.61,4.96,3.40,4.98,0.70||
2.88,18.13,11.98,4.51,6.06,4.97,2.91||0.00,0.00,0.00,0.03,0.04,0.04||4.40,8.36,1.40,25.63,19.35,13.43||5.09,0.85,0.79,0.20,0.42||16.17,4.29,3.81,9.52,2.74||0.00,0.01,0.51,0.60,0.00||27.59,11.53,41.30,45.66,3.39||5.81,2.07,4.72||0.08,0.26,0.51,0.65,1.19,0.10||
2.88,18.14,11.99,4.51,6.06,4.97,2.91||0.00,0.00,0.00,0.03,0.04,0.04||4.37,8.35,1.39,25.57,19.32,13.38||5.07,0.85,0.79,0.20,0.42||15.50,4.21,3.48,9.28,2.69||0.00,0.01,0.51,0.60,0.00||20.36,3.39,9.84,40.34,1.65||4.47,1.66,3.82||0.05,0.17,0.30,0.44,0.85,0.06||
2.88,18.14,11.99,4.51,6.06,4.97,2.91||0.00,0.00,0.00,0.03,0.04,0.04||4.53,8.41,1.47,25.96,19.48,13.71||5.06,0.85,0.79,0.20,0.42||14.27,4.07,2.91,8.80,2.60||0.00,0.01,0.51,0.61,0.00||34.55,28.49,119.29,50.04,5.78||5.99,2.13,4.84||0.19,0.58,1.39,1.35,2.27,0.27||
2.89,18.27,12.06,4.54,6.10,4.99,2.93||0.00,0.00,0.00,0.04,0.04,0.04||4.61,8.44,1.51,26.14,19.56,13.86||5.06,0.85,0.79,0.20,0.42||16.50,4.34,3.98,9.64,2.76||0.00,0.01,0.51,0.61,0.00||21.87,4.53,13.80,41.53,1.96||4.11,1.55,3.57||0.16,0.50,1.15,1.18,1.98,0.20||
2.89,18.26,12.05,4.53,6.10,4.99,2.92||0.00,0.00,0.00,0.04,0.04,0.04||4.62,8.45,1.51,26.18,19.57,13.89||5.06,0.85,0.79,0.20,0.42||16.02,4.27,3.74,9.47,2.73||0.00,0.01,0.51,0.61,0.00||34.40,28.02,117.01,49.95,5.72||5.17,1.88,4.29||0.14,0.45,1.00,1.07,1.82,0.17||
2.94,18.30,12.07,4.54,6.11,5.00,2.93||0.00,0.00,0.00,0.04,0.04,0.04||4.62,8.45,1.51,26.18,19.58,13.90||5.03,0.85,0.78,0.20,0.42||15.38,4.20,3.43,9.27,2.68||0.00,0.01,0.51,0.61,0.00||40.46,53.81,251.55,53.37,8.40||5.71,2.04,4.65||0.17,0.53,1.25,1.25,2.09,0.21||
2.94,18.31,12.07,4.55,6.11,5.00,2.93||0.00,0.00,0.00,0.04,0.04,0.04||4.63,8.45,1.51,26.19,19.58,13.90||4.98,0.84,0.77,0.20,0.42||15.34,4.20,3.41,9.22,2.68||0.00,0.01,0.51,0.61,0.00||20.62,3.58,10.46,40.55,1.70||5.39,1.95,4.44||0.06,0.20,0.36,0.51,0.96,0.07||
2.89,18.26,12.05,4.54,6.10,4.99,2.93||0.00,0.00,0.00,0.04,0.04,0.04||4.58,8.43,1.49,26.08,19.54,13.81||4.97,0.84,0.76,0.20,0.42||15.79,4.25,3.62,9.39,2.71||0.00,0.01,0.51,0.61,0.00||31.27,19.09,74.57,48.05,4.56||7.16,2.48,5.58||0.62,1.77,5.57,3.70,5.36,0.77||
2.89,18.21,12.03,4.52,6.08,4.98,2.92||0.00,0.00,0.00,0.04,0.04,0.04||4.62,8.45,1.51,26.17,19.57,13.88||4.97,0.84,0.76,0.20,0.42||15.43,4.21,3.45,9.25,2.69||0.00,0.01,0.51,0.61,0.00||20.66,3.60,10.54,40.57,1.71||4.07,1.53,3.54||0.22,0.67,1.66,1.54,2.50,0.27||
2.94,18.34,12.09,4.55,6.12,5.01,2.93||0.00,0.00,0.00,0.04,0.04,0.04||4.62,8.45,1.51,26.18,19.58,13.90||4.96,0.84,0.76,0.20,0.42||16.18,4.29,3.81,9.53,2.74||0.00,0.01,0.51,0.61,0.00||32.96,23.59,95.63,49.09,5.17||5.50,1.98,4.52||0.07,0.22,0.43,0.57,1.06,0.08||
2.94,18.36,12.14,4.56,6.13,5.01,2.94||0.00,0.00,0.00,0.04,0.04,0.04||4.84,8.53,1.62,26.70,19.79,14.34||5.04,0.85,0.78,0.20,0.42||14.80,4.13,3.16,9.02,2.64||0.00,0.01,0.51,0.61,0.00||39.87,50.72,234.68,53.05,8.11||5.98,2.12,4.83||0.94,2.61,9.03,5.25,7.27,1.17||
2.94,18.36,12.14,4.56,6.13,5.01,2.94||0.00,0.00,0.00,0.04,0.04,0.04||4.71,8.48,1.56,26.39,19.66,14.07||4.98,0.84,0.77,0.20,0.42||16.34,4.31,3.89,9.58,2.75||0.00,0.01,0.51,0.61,0.00||28.88,13.87,51.27,46.52,3.78||5.27,1.89,4.34||0.08,0.27,0.53,0.67,1.21,0.10||
2.94,18.36,12.14,4.56,6.13,5.01,2.94||0.00,0.00,0.00,0.04,0.04,0.04||4.64,8.46,1.52,26.27,19.59,13.93||4.97,0.84,0.76,0.20,0.42||14.56,4.11,3.05,8.93,2.63||0.00,0.01,0.51,0.61,0.00||19.74,3.00,8.50,39.83,1.54||6.65,2.42,5.26||1.26,3.46,12.80,6.76,9.06,1.59||
2.94,18.36,12.14,4.56,6.13,5.01,2.94||0.00,0.00,0.00,0.04,0.04,0.04||4.80,8.52,1.60,26.61,19.75,14.26||4.97,0.84,0.76,0.20,0.42||16.56,4.34,4.01,9.67,2.76||0.00,0.01,0.51,0.61,0.00||24.95,7.69,25.68,43.82,2.67||8.34,2.82,6.31||0.27,0.81,2.11,1.83,2.91,0.34||
2.91,18.41,12.13,4.57,6.14,5.02,2.94||0.00,0.00,0.00,0.04,0.04,0.04||4.97,8.58,1.69,27.00,19.91,14.60||5.04,0.85,0.78,0.20,0.42||16.80,4.36,4.13,9.75,2.78||0.00,0.01,0.51,0.61,0.00||18.38,2.25,6.08,38.69,1.30||5.85,2.09,4.74||0.08,0.27,0.53,0.67,1.22,0.10||
2.87,18.06,11.95,4.49,6.04,4.95,2.94||0.00,0.00,0.00,0.03,0.04,0.04||4.16,8.26,1.29,25.03,19.10,12.93||4.75,0.82,0.71,0.19,0.41||15.99,4.27,3.72,9.46,2.72||0.00,0.01,0.51,0.60,0.00||28.65,13.43,49.37,46.36,3.71||6.25,2.21,5.01||2.72,7.07,31.16,12.89,15.89,3.44||
2.84,17.83,11.83,4.44,5.97,4.91,2.87||0.00,0.00,0.00,0.03,0.04,0.04||3.59,8.01,1.04,23.52,18.46,11.70||4.55,0.80,0.67,0.18,0.40||13.89,4.03,2.76,8.67,2.58||0.00,0.01,0.50,0.60,0.00||27.40,11.21,39.94,45.52,3.34||5.76,2.06,4.68||2.12,5.60,23.30,10.44,13.27,2.67||
2.82,17.65,11.73,4.40,5.92,4.87,2.85||0.00,0.00,0.00,0.03,0.03,0.04||3.42,7.93,0.97,23.05,18.26,11.32||4.44,0.79,0.64,0.18,0.39||13.27,3.95,2.51,8.43,2.53||0.00,0.00,0.50,0.59,0.00||21.44,4.18,12.55,41.19,1.87||4.40,1.64,3.77||0.16,0.50,1.17,1.19,2.00,0.20||
2.81,17.58,11.69,4.38,5.90,4.86,2.84||0.00,0.00,0.00,0.03,0.03,0.04||3.30,7.87,0.92,22.68,18.10,11.04||4.42,0.79,0.64,0.18,0.39||11.88,3.77,1.98,7.87,2.42||0.00,0.00,0.50,0.59,0.00||25.46,8.35,28.28,44.19,2.81||4.37,1.63,3.75||0.35,1.05,2.92,2.42,3.57,0.44||
2.81,17.56,11.69,4.38,5.89,4.85,2.84||0.00,0.00,0.00,0.03,0.03,0.04||3.27,7.85,0.91,22.61,18.07,10.98||4.42,0.79,0.64,0.18,0.39||13.02,3.92,2.41,8.34,2.51||0.00,0.00,0.50,0.59,0.00||32.25,21.62,86.29,48.66,4.91||5.90,2.10,4.78||1.91,5.08,20.67,9.57,12.26,2.41||
2.83,17.68,11.75,4.41,5.93,4.88,2.86||0.00,0.00,0.00,0.03,0.03,0.04||3.36,7.90,0.94,22.87,18.18,11.18||4.49,0.79,0.65,0.18,0.40||12.71,3.88,2.29,8.21,2.49||0.00,0.00,0.50,0.59,0.00||30.94,18.29,70.93,47.84,4.45||7.97,2.71,6.09||0.72,2.03,6.61,4.19,5.97,0.89||
2.83,17.75,11.79,4.42,5.95,4.89,2.87||0.00,0.00,0.00,0.03,0.03,0.04||3.38,7.94,0.95,22.92,18.20,11.22||4.50,0.79,0.66,0.18,0.40||13.03,3.92,2.41,8.34,2.51||0.00,0.00,0.50,0.60,0.00||19.25,2.71,7.56,39.42,1.45||4.92,1.80,4.13||0.12,0.39,0.85,0.94,1.64,0.15||
2.84,17.76,11.79,4.42,5.95,4.89,2.87||0.00,0.00,0.00,0.03,0.03,0.04||3.29,7.86,0.91,22.66,18.09,11.02||4.48,0.79,0.65,0.18,0.39||13.42,3.97,2.57,8.49,2.54||0.00,0.00,0.50,0.60,0.00||29.48,15.05,56.44,46.90,3.97||5.74,2.05,4.67||0.28,0.85,2.22,1.90,3.00,0.35||
2.84,17.81,11.82,4.43,5.97,4.90,2.87||0.00,0.00,0.00,0.03,0.03,0.04||3.43,7.93,0.97,23.06,18.26,11.34||4.50,0.79,0.66,0.18,0.40||12.95,3.91,2.48,8.30,2.51||0.00,0.00,0.50,0.60,0.00||21.95,4.60,14.04,41.59,1.98||5.78,2.07,4.70||0.21,0.64,1.58,1.48,2.42,0.26||
2.84,17.82,11.82,4.44,5.97,4.90,2.87||0.00,0.00,0.00,0.03,0.03,0.04||3.46,7.95,0.98,23.14,18.30,11.40||4.50,0.79,0.66,0.18,0.40||13.48,3.98,2.59,8.51,2.55||0.00,0.00,0.50,0.60,0.00||17.45,1.83,4.76,37.88,1.15||4.28,1.60,3.69||0.08,0.27,0.53,0.67,1.21,0.10||
2.84,17.82,11.82,4.44,5.97,4.91,2.87||0.00,0.00,0.00,0.03,0.03,0.04||3.46,7.95,0.98,23.16,18.31,11.41||4.50,0.80,0.66,0.18,0.40||13.42,3.97,2.57,8.49,2.54||0.00,0.01,0.50,0.60,0.00||26.15,9.29,32.06,44.67,2.99||6.06,2.15,4.88||0.28,0.85,2.24,1.91,3.02,0.35||
2.84,17.82,11.82,4.44,5.97,4.91,2.87||0.00,0.00,0.00,0.03,0.04,0.04||3.46,7.95,0.99,23.16,18.31,11.41||4.51,0.80,0.66,0.18,0.40||13.66,4.00,2.67,8.58,2.56||0.00,0.01,0.50,0.60,0.00||23.83,6.39,20.68,43.01,2.40||4.21,1.58,3.64||0.07,0.24,0.47,0.62,1.13,0.09||
2.84,17.82,11.82,4.44,5.97,4.91,2.87||0.00,0.00,0.00,0.03,0.03,0.04||3.46,7.95,0.99,23.16,18.31,11.41||4.44,0.79,0.64,0.18,0.39||13.70,4.00,2.68,8.60,2.56||0.00,0.00,0.50,0.60,0.00||33.12,24.05,97.78,49.19,5.27||5.56,2.00,4.56||1.32,3.59,13.41,6.99,9.34,1.65||
2.84,17.82,11.82,4.44,5.97,4.91,2.87||0.00,0.00,0.00,0.03,0.03,0.04||3.46,7.95,0.99,23.16,18.31,11.41||4.42,0.79,0.64,0.18,0.39||12.40,3.84,2.17,8.08,2.47||0.00,0.00,0.50,0.60,0.00||20.69,3.63,10.62,40.60,1.72||4.90,1.79,4.11||0.16,0.50,1.14,1.17,1.97,0.19||
2.84,17.78,11.80,4.43,5.96,4.90,2.87||0.00,0.00,0.00,0.03,0.03,0.04||3.40,7.92,0.96,22.98,18.27,11.27||4.42,0.79,0.64,0.18,0.39||12.27,3.82,2.11,8.02,2.45||0.00,0.00,0.50,0.60,0.00||32.46,21.89,87.59,48.72,4.95||5.42,1.95,4.46||1.03,2.84,10.03,5.67,7.77,1.28||
2.82,17.64,11.73,4.40,5.92,4.87,2.85||0.00,0.00,0.00,0.03,0.03,0.04||3.29,7.86,0.91,22.67,18.09,11.03||4.40,0.79,0.63,0.18,0.39||11.34,3.70,1.80,7.65,2.48||0.00,0.00,0.50,0.60,0.00||21.93,4.58,13.99,41.58,1.97||4.17,1.56,3.61||0.05,0.17,0.31,0.45,0.86,0.06||
2.83,17.74,11.78,4.42,5.95,4.89,2.86||0.00,0.00,0.00,0.03,0.03,0.04||3.27,7.85,0.91,22.61,18.07,10.98||4.35,0.78,0.62,0.18,0.39||12.97,3.91,2.49,8.31,2.51||0.00,0.00,0.50,0.60,0.00||26.37,9.62,33.37,44.82,3.05||7.01,2.43,5.49||0.83,2.42,7.81,4.72,6.63,1.03||
