081020;10:26:50;4.56;34.39;19.81;8.02;10.71;7.84;4.64;0.00;0.00;0.00;0.08;0.07;0.08;60.90;14.55;69.45;78.11;35.56;80.28;12.86;1.43;3.35;0.47;0.70;52.55;6.99;46.08;19.72;4.35;0.02;0.05;0.70;0.81;0.01;32.66;22.73;91.53;48.91;5.06;7.85;2.68;6.01;0.07;0.24;0.46;0.60;1.11;0.09;
081020;10:26:51;3.08;19.96;12.92;4.91;6.60;5.32;3.12;0.00;0.00;0.00;0.04;0.04;0.04;5.32;8.70;1.86;27.79;20.22;15.29;5.53;0.89;0.90;0.22;0.44;17.71;4.45;4.62;10.07;2.84;0.00;0.01;0.53;0.63;0.00;21.88;4.53;13.81;41.53;1.96;4.09;1.54;3.55;0.02;0.06;0.08;0.17;0.37;0.02;
081020;10:26:53;2.89;18.22;12.03;4.53;6.09;4.98;2.92;0.00;0.00;0.00;0.04;0.04;0.04;3.50;7.96;1.00;23.25;18.35;11.49;4.76;0.82;0.72;0.19;0.41;14.66;4.12;3.10;8.97;2.63;0.00;0.01;0.51;0.60;0.00;34.93;29.79;125.71;50.27;5.93;5.52;1.98;4.53;0.02;0.07;0.10;0.21;0.44;0.02;
081020;10:26:55;2.85;17.90;11.86;4.45;5.99;4.92;2.88;0.00;0.00;0.00;0.03;0.04;0.04;3.25;7.84;0.90;22.54;18.04;10.93;4.61;0.81;0.68;0.19;0.40;14.23;4.07;2.91;8.80;2.60;0.00;0.01;0.50;0.60;0.00;41.17;57.68;272.92;53.75;8.75;3.37;1.31;3.05;0.02;0.07;0.11;0.21;0.44;0.02;
081020;10:26:58;2.83;17.68;11.75;4.41;5.93;4.88;2.86;0.00;0.00;0.00;0.03;0.04;0.04;3.09;7.76;0.83;22.06;17.83;10.55;4.57;0.80;0.67;0.18;0.40;13.85;4.02;2.74;8.65;2.58;0.00;0.00;0.50;0.60;0.00;40.06;51.67;239.84;53.15;8.20;6.09;2.16;4.90;0.02;0.06;0.07;0.16;0.35;0.02;
081020;10:27:00;2.82;17.64;11.73;4.40;5.91;4.87;2.85;0.00;0.00;0.00;0.03;0.04;0.04;3.05;7.74;0.82;21.96;17.78;10.48;4.57;0.80;0.67;0.18;0.40;13.97;4.04;2.80;8.70;2.58;0.00;0.00;0.50;0.59;0.00;20.70;3.63;10.65;40.61;1.72;5.02;1.83;4.19;0.02;0.07;0.10;0.20;0.42;0.02;
081020;10:27:02;2.84;17.78;11.80;4.43;5.96;4.90;2.87;0.00;0.00;0.00;0.03;0.04;0.04;3.19;7.81;0.87;22.37;17.97;10.80;4.58;0.80;0.67;0.18;0.40;14.09;4.05;2.85;8.75;2.59;0.00;0.01;0.50;0.60;0.00;23.36;5.90;18.83;42.66;2.29;4.51;1.67;3.85;0.01;0.05;0.06;0.14;0.31;0.02;
081020;10:27:05;2.84;17.77;11.80;4.43;5.95;4.90;2.87;0.00;0.00;0.00;0.03;0.04;0.04;3.22;7.83;0.89;22.46;18.00;10.86;4.55;0.80;0.67;0.18;0.40;13.82;4.02;2.73;8.64;2.57;0.00;0.01;0.50;0.60;0.00;21.23;4.02;11.99;41.03;1.83;4.62;1.71;3.93;0.03;0.10;0.15;0.27;0.54;0.03;
081020;10:27:07;2.83;17.69;11.76;4.41;5.93;4.88;2.86;0.00;0.00;0.00;0.03;0.04;0.04;3.11;7.77;0.84;22.13;17.86;10.61;4.54;0.80;0.67;0.18;0.40;13.77;4.01;2.71;8.62;2.57;0.00;0.00;0.50;0.60;0.00;28.74;13.60;50.10;46.42;3.74;4.70;1.73;3.98;0.01;0.03;0.04;0.10;0.23;0.01;
081020;10:27:09;2.83;17.72;11.77;4.41;5.94;4.88;2.86;0.00;0.00;0.00;0.03;0.04;0.04;3.12;7.77;0.84;22.15;17.87;10.62;4.51;0.80;0.66;0.18;0.40;13.86;4.02;2.75;8.66;2.58;0.00;0.00;0.50;0.60;0.00;27.49;11.36;40.58;45.59;3.36;4.25;1.59;3.67;0.01;0.04;0.05;0.13;0.28;0.01;
081020;10:27:11;2.84;17.76;11.79;4.42;5.95;4.89;2.87;0.00;0.00;0.00;0.03;0.04;0.04;3.15;7.79;0.85;22.24;17.91;10.69;4.51;0.80;0.66;0.18;0.40;13.97;4.04;2.80;8.70;2.58;0.00;0.01;0.50;0.60;0.00;19.87;3.08;8.78;39.94;1.56;3.86;1.46;3.40;0.02;0.06;0.08;0.16;0.36;0.02;
081020;10:27:14;2.84;17.81;11.82;4.43;5.96;4.90;2.87;0.00;0.00;0.00;0.03;0.04;0.04;3.09;7.76;0.83;22.08;17.84;10.57;4.54;0.80;0.66;0.18;0.40;14.09;4.05;2.85;8.75;2.59;0.00;0.01;0.50;0.60;0.00;20.61;3.57;10.43;40.54;1.70;3.77;1.44;3.33;0.02;0.07;0.11;0.21;0.44;0.02;
081020;10:27:16;2.84;17.82;11.82;4.44;5.97;4.90;2.87;0.00;0.00;0.00;0.03;0.04;0.04;3.08;7.76;0.83;22.05;17.82;10.55;4.51;0.80;0.66;0.18;0.40;14.02;4.04;2.82;8.72;2.59;0.00;0.01;0.50;0.60;0.00;18.15;2.14;5.72;38.48;1.26;4.02;1.52;3.51;0.04;0.13;0.22;0.35;0.69;0.05;
081020;10:27:18;2.83;17.70;11.76;4.41;5.93;4.88;2.86;0.00;0.00;0.00;0.03;0.04;0.04;3.08;7.76;0.83;22.05;17.82;10.54;4.49;0.79;0.65;0.18;0.40;14.00;4.04;2.81;8.71;2.59;0.00;0.00;0.50;0.60;0.00;26.68;10.08;35.25;45.03;3.13;3.62;1.39;3.23;0.01;0.04;0.05;0.13;0.28;0.01;
081020;10:27:21;2.82;17.64;11.73;4.40;5.91;4.87;2.85;0.00;0.00;0.00;0.03;0.04;0.04;3.05;7.74;0.82;21.96;17.78;10.48;4.49;0.79;0.65;0.18;0.40;13.90;4.03;2.77;8.68;2.58;0.00;0.00;0.50;0.60;0.00;26.03;9.12;31.36;44.58;2.96;4.76;1.75;4.02;0.01;0.04;0.05;0.12;0.28;0.01;
081020;10:27:23;2.81;17.55;11.68;4.38;5.89;4.85;2.84;0.00;0.00;0.00;0.03;0.04;0.04;3.05;7.74;0.82;21.94;17.77;10.46;4.49;0.79;0.65;0.18;0.40;13.78;4.01;2.72;8.63;2.57;0.00;0.00;0.50;0.59;0.00;25.02;7.78;26.04;43.87;2.69;5.10;1.85;4.25;0.00;0.02;0.02;0.06;0.15;0.01;
081020;10:27:25;2.83;17.73;11.77;4.42;5.94;4.89;2.86;0.00;0.00;0.00;0.03;0.04;0.04;3.07;7.75;0.83;22.02;17.81;10.53;4.49;0.79;0.65;0.18;0.40;13.86;4.02;2.75;8.66;2.58;0.00;0.00;0.50;0.60;0.00;26.14;9.29;32.03;44.66;2.99;4.85;1.78;4.08;0.00;0.02;0.02;0.06;0.14;0.01;
081020;10:27:28;2.81;17.53;11.67;4.37;5.88;4.85;2.84;0.00;0.00;0.00;0.03;0.04;0.04;3.05;7.74;0.82;21.95;17.78;10.47;4.42;0.79;0.64;0.18;0.39;13.87;4.02;2.76;8.66;2.58;0.00;0.00;0.50;0.59;0.00;20.74;3.66;10.75;40.64;1.73;4.61;1.70;3.92;0.01;0.04;0.05;0.13;0.28;0.01;
081020;10:27:30;2.80;17.49;11.65;4.36;5.87;4.84;2.83;0.00;0.00;0.00;0.03;0.04;0.04;3.05;7.74;0.82;21.94;17.77;10.46;4.41;0.79;0.64;0.18;0.39;13.88;4.03;2.76;8.67;2.58;0.00;0.00;0.50;0.59;0.00;20.55;3.53;10.28;40.49;1.69;4.30;1.60;3.70;0.01;0.04;0.05;0.11;0.26;0.01;
081020;10:27:32;2.80;17.48;11.65;4.36;5.87;4.84;2.83;0.00;0.00;0.00;0.03;0.04;0.04;3.02;7.72;0.80;21.85;17.73;10.40;4.41;0.79;0.63;0.18;0.39;13.88;4.03;2.76;8.67;2.58;0.00;0.00;0.50;0.59;0.00;27.23;10.93;38.79;45.41;3.29;4.03;1.52;3.51;0.02;0.06;0.07;0.16;0.35;0.02;
081020;10:27:35;2.80;17.44;11.63;4.35;5.86;4.83;2.83;0.00;0.00;0.00;0.03;0.04;0.04;3.04;7.73;0.81;21.92;17.76;10.45;4.41;0.79;0.63;0.18;0.39;13.68;4.00;2.68;8.59;2.56;0.00;0.00;0.50;0.59;0.00;28.17;12.54;45.56;46.04;3.56;4.43;1.65;3.80;0.01;0.03;0.04;0.11;0.24;0.01;
081020;10:27:37;2.78;17.28;11.54;4.32;5.81;4.80;2.81;0.00;0.00;0.00;0.03;0.04;0.04;2.91;7.66;0.76;21.51;17.58;10.13;4.35;0.78;0.62;0.18;0.39;13.55;3.99;2.62;8.54;2.55;0.00;0.00;0.50;0.59;0.00;14.97;0.99;2.31;35.58;0.80;4.43;1.65;3.79;0.01;0.02;0.03;0.08;0.18;0.01;
081020;10:27:39;2.79;17.33;11.56;4.33;5.82;4.81;2.82;0.00;0.00;0.00;0.03;0.04;0.04;2.94;7.68;0.77;21.59;17.62;10.20;4.38;0.78;0.63;0.18;0.39;13.71;4.01;2.69;8.60;2.57;0.00;0.00;0.50;0.59;0.00;17.70;1.93;5.08;38.10;1.19;4.30;1.60;3.70;0.01;0.04;0.06;0.13;0.30;0.01;
081020;10:27:42;2.79;17.37;11.59;4.34;5.83;4.82;2.82;0.00;0.00;0.00;0.03;0.04;0.04;2.94;7.68;0.77;21.61;17.63;10.21;4.36;0.78;0.62;0.18;0.39;13.56;3.99;2.62;8.54;2.55;0.00;0.00;0.50;0.59;0.00;19.41;2.80;7.86;39.56;1.48;5.01;1.83;4.19;0.02;0.08;0.12;0.23;0.48;0.03;
081020;10:27:44;2.77;17.23;11.51;4.30;5.79;4.79;2.80;0.00;0.00;0.00;0.03;0.04;0.04;2.89;7.65;0.75;21.45;17.55;10.09;4.33;0.78;0.62;0.18;0.39;13.52;3.98;2.61;8.53;2.55;0.00;0.00;0.50;0.59;0.00;26.47;9.76;33.94;44.89;3.08;3.67;1.40;3.26;0.02;0.06;0.08;0.17;0.37;0.02;
081020;10:27:46;2.76;17.13;11.46;4.28;5.76;4.77;2.79;0.00;0.00;0.00;0.03;0.04;0.04;2.88;7.64;0.75;21.41;17.54;10.06;4.31;0.78;0.61;0.17;0.39;13.42;3.97;2.57;8.49;2.54;0.00;0.00;0.50;0.59;0.00;27.25;10.96;38.92;45.42;3.29;4.65;1.72;3.95;0.02;0.07;0.09;0.19;0.41;0.02;
081020;10:27:48;2.77;17.22;11.51;4.30;5.79;4.79;2.80;0.00;0.00;0.00;0.03;0.04;0.04;2.88;7.64;0.75;21.41;17.54;10.06;4.32;0.78;0.62;0.17;0.39;13.50;3.98;2.60;8.52;2.55;0.00;0.00;0.50;0.59;0.00;27.56;11.48;41.06;45.63;3.38;4.51;1.67;3.85;0.02;0.06;0.09;0.18;0.39;0.02;
081020;10:27:51;2.77;17.16;11.48;4.29;5.77;4.78;2.80;0.00;0.00;0.00;0.03;0.04;0.04;2.88;7.64;0.75;21.41;17.54;10.06;4.32;0.78;0.62;0.17;0.39;13.42;3.97;2.57;8.49;2.54;0.00;0.00;0.50;0.59;0.00;22.38;4.97;15.39;41.92;2.07;4.36;1.63;3.75;0.02;0.06;0.09;0.18;0.39;0.02;
081020;10:27:53;2.78;17.30;11.55;4.32;5.81;4.80;2.81;0.00;0.00;0.00;0.03;0.04;0.04;2.90;7.66;0.76;21.49;17.57;10.12;4.32;0.78;0.62;0.17;0.39;13.78;4.01;2.72;8.63;2.57;0.00;0.00;0.50;0.59;0.00;21.30;4.07;12.17;41.08;1.84;3.61;1.38;3.22;0.01;0.04;0.05;0.11;0.26;0.01;
081020;10:27:55;2.79;17.33;11.57;4.33;5.82;4.81;2.82;0.00;0.00;0.00;0.03;0.04;0.04;2.91;7.66;0.76;21.51;17.58;10.13;4.39;0.78;0.63;0.18;0.39;13.57;3.99;2.63;8.55;2.55;0.00;0.00;0.50;0.59;0.00;28.86;13.82;51.07;46.50;3.77;3.72;1.42;3.30;0.00;0.02;0.02;0.06;0.15;0.01;
081020;10:27:58;2.79;17.34;11.57;4.33;5.82;4.81;2.82;0.00;0.00;0.00;0.04;0.04;0.04;2.88;7.65;0.75;21.43;17.55;10.07;4.40;0.78;0.63;0.18;0.39;13.62;3.99;2.65;8.57;2.56;0.00;0.00;0.50;0.59;0.00;27.64;11.61;41.64;45.69;3.41;4.43;1.65;3.79;0.01;0.03;0.03;0.09;0.21;0.01;
081020;10:28:00;2.80;17.49;11.65;4.36;5.87;4.84;2.83;0.00;0.00;0.00;0.04;0.04;0.04;2.90;7.66;0.76;21.49;17.58;10.12;4.49;0.79;0.65;0.18;0.40;13.73;4.01;2.69;8.61;2.57;0.00;0.00;0.50;0.59;0.00;19.55;2.88;8.12;39.67;1.50;5.28;1.91;4.37;0.01;0.04;0.06;0.13;0.29;0.01;
081020;10:28:02;2.80;17.44;11.63;4.35;5.86;4.83;2.83;0.00;0.00;0.00;0.04;0.04;0.04;2.88;7.65;0.75;21.42;17.54;10.07;4.54;0.80;0.67;0.18;0.40;13.75;4.01;2.70;8.62;2.57;0.00;0.00;0.50;0.59;0.00;20.38;3.41;9.88;40.35;1.66;3.61;1.38;3.22;0.01;0.03;0.03;0.08;0.19;0.01;
081020;10:28:05;2.79;17.36;11.58;4.33;5.83;4.81;2.82;0.00;0.00;0.00;0.04;0.04;0.04;2.88;7.64;0.75;21.41;17.54;10.06;4.57;0.80;0.67;0.18;0.40;13.76;4.01;2.71;8.62;2.57;0.00;0.00;0.49;0.59;0.00;23.93;6.51;21.11;43.08;2.42;4.70;1.73;3.98;0.03;0.09;0.15;0.26;0.54;0.03;
081020;10:28:07;2.80;17.46;11.63;4.35;5.86;4.83;2.83;0.00;0.00;0.00;0.04;0.04;0.04;2.90;7.66;0.76;21.49;17.57;10.12;4.64;0.81;0.69;0.19;0.40;13.56;3.99;2.63;8.54;2.55;0.00;0.00;0.50;0.59;0.00;26.44;9.72;33.79;44.87;3.07;5.35;1.93;4.42;0.02;0.07;0.09;0.19;0.41;0.02;
081020;10:28:09;2.80;17.44;11.62;4.35;5.85;4.83;2.83;0.00;0.00;0.00;0.04;0.04;0.04;2.88;7.65;0.75;21.42;17.54;10.07;4.72;0.82;0.71;0.19;0.41;13.62;3.99;2.65;8.57;2.56;0.00;0.00;0.50;0.59;0.00;33.09;23.95;97.31;49.17;5.21;4.40;1.64;3.77;0.01;0.04;0.05;0.12;0.26;0.01;
081020;10:28:12;2.81;17.55;11.68;4.38;5.89;4.85;2.84;0.00;0.00;0.00;0.04;0.04;0.04;2.90;7.66;0.76;21.49;17.58;10.12;4.75;0.82;0.71;0.19;0.41;13.63;4.00;2.65;8.57;2.56;0.00;0.00;0.50;0.59;0.00;26.83;10.30;36.17;45.14;3.18;5.40;1.95;4.45;0.01;0.05;0.07;0.16;0.35;0.02;
081020;10:28:14;2.81;17.57;11.69;4.38;5.89;4.86;2.84;0.00;0.00;0.00;0.04;0.04;0.04;2.99;7.71;0.79;21.76;17.69;10.33;4.82;0.83;0.73;0.19;0.41;13.64;4.00;2.66;8.57;2.56;0.00;0.00;0.50;0.59;0.00;28.40;12.96;47.35;46.20;3.63;4.78;1.76;4.03;0.01;0.05;0.07;0.15;0.33;0.02;
081020;10:28:16;2.81;17.54;11.67;4.37;5.88;4.85;2.84;0.00;0.00;0.00;0.04;0.04;0.04;2.92;7.67;0.77;21.56;17.61;10.17;4.84;0.83;0.73;0.19;0.41;13.83;4.02;2.74;8.65;2.57;0.00;0.00;0.50;0.59;0.00;20.96;3.82;11.29;40.81;1.77;4.94;1.81;4.14;0.01;0.04;0.05;0.12;0.28;0.01;
081020;10:28:19;2.81;17.57;11.69;4.38;5.89;4.86;2.84;0.00;0.00;0.00;0.04;0.04;0.04;2.94;7.68;0.77;21.60;17.63;10.21;4.87;0.83;0.74;0.19;0.41;13.87;4.02;2.75;8.66;2.58;0.00;0.00;0.49;0.59;0.00;29.15;14.39;53.54;46.69;3.86;4.34;1.62;3.73;0.01;0.05;0.07;0.16;0.34;0.02;
081020;10:28:21;2.82;17.61;11.71;4.39;5.91;4.86;2.85;0.00;0.00;0.00;0.04;0.04;0.04;2.97;7.70;0.78;21.70;17.67;10.28;4.92;0.84;0.75;0.20;0.42;13.88;4.03;2.76;8.67;2.58;0.00;0.00;0.50;0.59;0.00;25.60;8.53;29.01;44.28;2.84;4.88;1.79;4.10;0.01;0.03;0.03;0.09;0.22;0.01;
081020;10:28:23;2.84;17.78;11.80;4.43;5.96;4.90;2.87;0.00;0.00;0.00;0.04;0.04;0.04;3.03;7.73;0.81;21.89;17.75;10.42;4.99;0.84;0.77;0.20;0.42;13.68;4.00;2.68;8.59;2.56;0.00;0.00;0.50;0.59;0.00;32.94;23.53;95.32;49.08;5.16;3.71;1.42;3.29;0.01;0.03;0.03;0.08;0.19;0.01;
081020;10:28:25;2.85;17.85;11.84;4.44;5.98;4.91;2.88;0.00;0.00;0.00;0.04;0.04;0.04;3.07;7.75;0.83;22.01;17.81;10.52;5.04;0.85;0.78;0.20;0.42;13.84;4.02;2.74;8.65;2.57;0.00;0.00;0.50;0.59;0.00;22.29;4.89;15.08;41.85;2.05;5.15;1.87;4.28;0.02;0.07;0.10;0.21;0.43;0.02;
081020;10:28:28;2.83;17.71;11.76;4.41;5.94;4.88;2.86;0.00;0.00;0.00;0.04;0.04;0.04;3.05;7.74;0.82;21.95;17.78;10.47;5.03;0.85;0.78;0.20;0.42;13.77;4.01;2.71;8.63;2.57;0.00;0.00;0.50;0.59;0.00;21.36;4.12;12.34;41.13;1.85;6.69;2.34;5.29;0.33;0.98;2.68;2.17;3.38;0.41;
081020;10:28:30;2.82;17.64;11.73;4.40;5.92;4.87;2.85;0.00;0.00;0.00;0.04;0.04;0.04;3.05;7.74;0.82;21.94;17.77;10.46;5.09;0.85;0.79;0.20;0.42;13.86;4.02;2.75;8.66;2.58;0.00;0.00;0.50;0.59;0.00;27.04;10.63;37.54;45.28;3.23;5.31;1.92;4.39;0.15;0.47;1.08;1.12;1.90;0.18;
081020;10:28:32;2.84;17.78;11.80;4.43;5.96;4.90;2.87;0.00;0.00;0.00;0.04;0.04;0.04;3.05;7.74;0.82;21.94;17.77;10.46;5.12;0.85;0.80;0.20;0.42;13.87;4.02;2.76;8.66;2.58;0.00;0.00;0.50;0.59;0.00;21.90;4.55;13.88;41.55;1.96;4.85;1.78;4.08;0.01;0.04;0.06;0.13;0.30;0.01;
081020;10:28:35;2.84;17.81;11.82;4.44;5.97;4.90;2.87;0.00;0.00;0.00;0.04;0.04;0.04;3.05;7.74;0.82;21.94;17.77;10.46;5.13;0.85;0.80;0.20;0.42;13.88;4.03;2.76;8.67;2.58;0.00;0.00;0.50;0.59;0.00;21.19;3.99;11.87;40.99;1.82;4.50;1.67;3.84;0.02;0.06;0.08;0.17;0.36;0.02;
081020;10:28:37;2.83;17.74;11.78;4.42;5.94;4.89;2.86;0.00;0.00;0.00;0.04;0.04;0.04;3.05;7.74;0.82;21.94;17.77;10.46;5.14;0.86;0.81;0.20;0.43;13.88;4.03;2.76;8.67;2.58;0.00;0.00;0.50;0.59;0.00;18.70;2.41;6.59;38.96;1.35;4.62;1.71;3.92;0.03;0.12;0.19;0.31;0.63;0.04;
081020;10:28:39;2.83;17.73;11.77;4.42;5.94;4.89;2.86;0.00;0.00;0.00;0.04;0.04;0.04;3.05;7.74;0.82;21.94;17.77;10.46;5.19;0.86;0.82;0.21;0.43;13.88;4.03;2.76;8.67;2.58;0.00;0.00;0.50;0.59;0.00;21.60;4.31;13.02;41.32;1.90;5.08;1.85;4.24;0.01;0.03;0.03;0.09;0.22;0.01;
081020;10:28:42;2.83;17.68;11.75;4.41;5.93;4.88;2.86;0.00;0.00;0.00;0.04;0.04;0.04;3.05;7.74;0.82;21.94;17.77;10.46;5.22;0.86;0.83;0.21;0.43;13.68;4.00;2.68;8.59;2.56;0.00;0.00;0.50;0.59;0.00;25.80;8.81;30.10;44.42;2.90;4.74;1.74;4.01;0.01;0.04;0.05;0.11;0.26;0.01;
081020;10:28:44;2.83;17.71;11.77;4.41;5.94;4.88;2.86;0.00;0.00;0.00;0.04;0.04;0.04;3.05;7.74;0.82;21.94;17.77;10.46;5.22;0.86;0.83;0.21;0.43;13.65;4.00;2.66;8.58;2.56;0.00;0.00;0.49;0.59;0.00;26.08;9.20;31.66;44.62;2.97;4.21;1.57;3.64;0.01;0.04;0.06;0.13;0.29;0.01;
081020;10:28:46;2.83;17.72;11.77;4.41;5.94;4.89;2.86;0.00;0.00;0.00;0.04;0.04;0.05;3.05;7.74;0.82;21.94;17.77;10.46;5.26;0.87;0.83;0.21;0.43;13.83;4.02;2.74;8.65;2.57;0.00;0.00;0.49;0.59;0.00;31.47;19.57;76.80;48.17;4.63;4.41;1.64;3.78;0.01;0.03;0.03;0.09;0.22;0.01;
081020;10:28:49;2.82;17.61;11.71;4.39;5.90;4.86;2.85;0.00;0.00;0.00;0.04;0.04;0.05;3.05;7.74;0.82;21.94;17.77;10.46;5.26;0.87;0.84;0.21;0.43;13.58;3.99;2.63;8.55;2.56;0.00;0.00;0.49;0.59;0.00;19.17;2.66;7.40;39.35;1.43;3.52;1.35;3.15;0.02;0.07;0.10;0.19;0.41;0.02;
081020;10:28:51;2.83;17.74;11.78;4.42;5.94;4.89;2.86;0.00;0.00;0.00;0.04;0.04;0.05;3.05;7.74;0.82;21.94;17.77;10.46;5.31;0.87;0.85;0.21;0.43;13.72;4.01;2.69;8.61;2.57;0.00;0.00;0.49;0.59;0.00;27.44;11.28;40.25;45.55;3.35;3.86;1.47;3.40;0.02;0.07;0.10;0.19;0.41;0.02;
081020;10:28:53;2.84;17.80;11.81;4.43;5.96;4.90;2.87;0.00;0.00;0.00;0.04;0.04;0.05;3.05;7.74;0.82;21.94;17.77;10.46;5.35;0.88;0.86;0.21;0.43;13.94;4.03;2.78;8.69;2.58;0.00;0.00;0.50;0.59;0.00;19.55;2.89;8.14;39.68;1.50;5.49;1.98;4.51;0.02;0.07;0.11;0.21;0.44;0.02;
081020;10:28:56;2.84;17.82;11.82;4.44;5.97;4.90;2.87;0.00;0.00;0.00;0.04;0.04;0.05;3.07;7.75;0.83;22.02;17.81;10.53;5.38;0.88;0.87;0.21;0.44;13.99;4.04;2.80;8.71;2.59;0.00;0.00;0.50;0.59;0.00;25.49;8.38;28.41;44.20;2.81;4.86;1.78;4.09;0.01;0.04;0.04;0.11;0.25;0.01;
081020;10:28:58;2.84;17.82;11.82;4.44;5.97;4.91;2.87;0.00;0.00;0.00;0.04;0.04;0.05;3.11;7.77;0.84;22.13;17.86;10.61;5.42;0.88;0.87;0.21;0.44;14.00;4.04;2.81;8.71;2.59;0.00;0.00;0.50;0.59;0.00;18.67;2.40;6.53;38.93;1.35;4.42;1.64;3.79;0.02;0.07;0.10;0.19;0.41;0.02;
081020;10:29:00;2.84;17.82;11.82;4.44;5.97;4.91;2.87;0.00;0.00;0.00;0.04;0.04;0.05;3.12;7.77;0.84;22.15;17.87;10.62;5.42;0.88;0.88;0.21;0.44;13.80;4.02;2.73;8.64;2.57;0.00;0.00;0.50;0.59;0.00;26.62;9.99;34.89;44.99;3.12;4.49;1.67;3.83;0.03;0.10;0.15;0.27;0.55;0.03;
081020;10:29:02;2.84;17.82;11.82;4.44;5.97;4.91;2.87;0.00;0.00;0.00;0.04;0.04;0.05;3.20;7.82;0.88;22.41;17.98;10.83;5.42;0.88;0.88;0.21;0.44;13.67;4.00;2.67;8.59;2.56;0.00;0.00;0.50;0.59;0.00;29.85;15.83;59.88;47.14;4.09;4.80;1.76;4.05;0.01;0.03;0.03;0.08;0.20;0.01;
081020;10:29:05;2.85;17.86;11.84;4.45;5.98;4.91;2.88;0.00;0.00;0.00;0.04;0.04;0.05;3.22;7.83;0.89;22.47;18.01;10.87;5.47;0.89;0.89;0.22;0.44;13.84;4.02;2.74;8.65;2.57;0.00;0.00;0.50;0.59;0.00;18.98;2.56;7.07;39.19;1.40;5.86;2.09;4.75;0.06;0.20;0.37;0.51;0.96;0.07;
081020;10:29:07;2.85;17.87;11.85;4.45;5.98;4.91;2.88;0.00;0.00;0.00;0.04;0.04;0.05;3.14;7.79;0.85;22.21;17.90;10.67;5.48;0.89;0.89;0.22;0.44;13.87;4.02;2.75;8.66;2.58;0.00;0.00;0.50;0.59;0.00;23.74;6.30;20.33;42.94;2.38;5.19;1.88;4.31;0.01;0.03;0.03;0.09;0.21;0.01;
081020;10:29:09;2.85;17.87;11.85;4.45;5.98;4.91;2.88;0.00;0.00;0.00;0.04;0.04;0.05;3.21;7.82;0.88;22.43;17.99;10.84;5.52;0.89;0.90;0.22;0.44;13.97;4.04;2.80;8.70;2.58;0.00;0.00;0.50;0.59;0.00;30.19;16.56;63.15;47.36;4.20;3.87;1.47;3.40;0.01;0.02;0.02;0.07;0.17;0.01;
081020;10:29:12;2.85;17.87;11.85;4.45;5.98;4.91;2.88;0.00;0.00;0.00;0.04;0.04;0.05;3.22;7.83;0.89;22.47;18.01;10.87;5.53;0.89;0.90;0.22;0.44;13.99;4.04;2.81;8.71;2.59;0.00;0.00;0.50;0.59;0.00;20.31;3.36;9.72;40.29;1.64;4.12;1.55;3.58;0.01;0.04;0.05;0.12;0.27;0.01;
081020;10:29:14;2.87;18.03;11.93;4.48;6.03;4.95;2.90;0.00;0.00;0.00;0.04;0.04;0.05;3.29;7.86;0.91;22.65;18.09;11.02;5.61;0.90;0.92;0.22;0.45;14.00;4.04;2.81;8.71;2.59;0.00;0.00;0.50;0.59;0.00;25.95;9.02;30.95;44.53;2.94;4.21;1.58;3.64;0.01;0.05;0.07;0.15;0.34;0.02;
081020;10:29:16;2.87;18.06;11.95;4.49;6.04;4.95;2.90;0.00;0.00;0.00;0.04;0.04;0.05;3.33;7.88;0.93;22.78;18.14;11.11;5.63;0.90;0.93;0.22;0.45;13.90;4.03;2.77;8.68;2.58;0.00;0.00;0.50;0.59;0.00;20.80;3.70;10.88;40.69;1.74;4.44;1.65;3.80;0.01;0.04;0.06;0.13;0.29;0.01;
081020;10:29:19;2.87;18.11;11.97;4.50;6.05;4.96;2.91;0.00;0.00;0.00;0.04;0.04;0.05;3.34;7.89;0.93;22.81;18.15;11.13;5.63;0.90;0.93;0.22;0.45;13.98;4.04;2.80;8.71;2.58;0.00;0.00;0.50;0.59;0.00;27.48;11.35;40.54;45.58;3.36;3.84;1.46;3.38;0.02;0.09;0.13;0.24;0.50;0.03;
081020;10:29:21;2.88;18.16;12.00;4.51;6.07;4.97;2.91;0.00;0.00;0.00;0.04;0.04;0.05;3.37;7.90;0.95;22.90;18.19;11.21;5.63;0.90;0.93;0.22;0.45;14.00;4.04;2.81;8.71;2.59;0.00;0.00;0.50;0.59;0.00;23.41;5.96;19.02;42.70;2.30;4.57;1.69;3.89;0.01;0.05;0.07;0.16;0.34;0.02;
081020;10:29:23;2.89;18.21;12.02;4.52;6.08;4.98;2.92;0.00;0.00;0.00;0.04;0.04;0.05;3.41;7.92;0.96;23.01;18.24;11.29;5.68;0.91;0.94;0.22;0.45;14.10;4.05;2.85;8.75;2.59;0.00;0.00;0.50;0.59;0.00;20.74;3.66;10.74;40.64;1.73;4.11;1.55;3.57;0.02;0.07;0.11;0.21;0.44;0.02;
081020;10:29:26;2.87;18.10;11.97;4.50;6.05;4.96;2.91;0.00;0.00;0.00;0.04;0.04;0.05;3.42;7.93;0.97;23.03;18.25;11.31;5.69;0.91;0.95;0.22;0.45;14.02;4.04;2.82;8.72;2.59;0.00;0.00;0.50;0.59;0.00;21.97;4.62;14.11;41.61;1.98;4.67;1.72;3.96;0.02;0.08;0.12;0.23;0.48;0.03;
081020;10:29:28;2.89;18.23;12.04;4.53;6.09;4.99;2.92;0.00;0.00;0.00;0.04;0.04;0.05;3.42;7.93;0.97;23.03;18.25;11.31;5.73;0.91;0.95;0.23;0.45;13.91;4.03;2.77;8.68;2.58;0.00;0.00;0.50;0.59;0.00;30.11;16.40;62.41;47.31;4.17;4.32;1.61;3.72;0.01;0.05;0.06;0.14;0.31;0.02;
081020;10:29:30;2.90;18.34;12.09;4.55;6.12;5.01;2.93;0.00;0.00;0.00;0.04;0.04;0.05;3.42;7.93;0.97;23.04;18.25;11.31;5.74;0.91;0.96;0.23;0.45;13.88;4.03;2.76;8.67;2.58;0.00;0.00;0.50;0.59;0.00;26.54;9.86;34.38;44.94;3.10;5.01;1.83;4.19;0.01;0.03;0.03;0.08;0.19;0.01;
081020;10:29:33;2.90;18.32;12.08;4.55;6.12;5.00;2.93;0.00;0.00;0.00;0.04;0.04;0.05;3.45;7.94;0.98;23.13;18.29;11.39;5.77;0.91;0.97;0.23;0.45;13.98;4.04;2.80;8.70;2.58;0.00;0.00;0.50;0.59;0.00;25.75;8.74;29.83;44.39;2.88;4.22;1.58;3.65;0.02;0.07;0.09;0.19;0.41;0.02;
081020;10:29:35;2.90;18.32;12.08;4.55;6.12;5.00;2.93;0.00;0.00;0.00;0.04;0.05;0.05;3.43;7.93;0.97;23.05;18.26;11.33;5.78;0.91;0.97;0.23;0.45;14.19;4.06;2.89;8.79;2.60;0.00;0.00;0.50;0.59;0.00;26.71;10.13;35.46;45.06;3.14;3.99;1.51;3.49;0.04;0.13;0.22;0.36;0.70;0.05;
081020;10:29:37;2.90;18.32;12.08;4.55;6.12;5.00;2.93;0.00;0.00;0.00;0.04;0.04;0.05;3.42;7.93;0.97;23.04;18.26;11.32;5.80;0.92;0.97;0.23;0.45;14.04;4.04;2.82;8.73;2.59;0.00;0.00;0.50;0.59;0.00;26.37;9.61;33.33;44.82;3.05;6.33;2.23;5.05;0.04;0.12;0.20;0.33;0.66;0.04;
081020;10:29:40;2.90;18.36;12.10;4.56;6.13;5.01;2.94;0.00;0.00;0.00;0.04;0.05;0.05;3.51;7.97;1.01;23.31;18.37;11.53;5.84;0.92;0.98;0.23;0.46;14.20;4.06;2.90;8.79;2.60;0.00;0.00;0.50;0.59;0.00;32.80;23.13;93.43;48.99;5.11;6.50;2.28;5.17;0.04;0.14;0.23;0.37;0.72;0.05;
081020;10:29:42;2.90;18.29;12.07;4.54;6.11;5.00;2.93;0.00;0.00;0.00;0.04;0.05;0.05;3.53;7.98;1.02;23.36;18.39;11.57;5.85;0.92;0.98;0.23;0.46;14.34;4.08;2.95;8.84;2.61;0.00;0.00;0.50;0.59;0.00;40.58;54.41;254.87;53.43;8.45;6.01;2.13;4.85;0.15;0.48;1.09;1.13;1.92;0.19;
081020;10:29:44;2.90;18.35;12.10;4.56;6.13;5.01;2.94;0.00;0.00;0.00;0.05;0.05;0.05;3.60;8.02;1.05;23.56;18.48;11.73;5.85;0.92;0.99;0.23;0.46;14.27;4.07;2.92;8.81;2.61;0.00;0.00;0.50;0.59;0.00;31.99;20.90;82.96;48.49;4.81;5.52;1.98;4.53;0.03;0.10;0.15;0.26;0.54;0.03;
081020;10:29:46;2.91;18.45;12.15;4.58;6.16;5.03;2.95;0.00;0.00;0.00;0.05;0.05;0.05;3.62;8.02;1.05;23.60;18.49;11.76;5.92;0.93;1.00;0.23;0.46;14.35;4.08;2.96;8.85;2.61;0.00;0.00;0.50;0.60;0.00;29.27;14.62;54.54;46.77;3.90;6.56;2.30;5.21;0.31;0.92;2.46;2.04;3.20;0.38;
081020;10:29:49;2.91;18.43;12.14;4.57;6.15;5.02;2.94;0.00;0.00;0.00;0.05;0.05;0.05;3.62;8.02;1.05;23.60;18.50;11.77;5.92;0.93;1.00;0.23;0.46;14.37;4.08;2.97;8.85;2.61;0.00;0.00;0.50;0.60;0.00;29.92;15.98;60.53;47.19;4.11;6.13;2.17;4.93;0.24;0.74;1.89;1.69;2.71;0.30;
081020;10:29:51;2.90;18.30;12.07;4.54;6.11;5.00;2.93;0.00;0.00;0.00;0.05;0.05;0.05;3.56;7.99;1.03;23.42;18.42;11.62;5.88;0.92;0.99;0.23;0.46;14.27;4.07;2.93;8.82;2.61;0.00;0.00;0.50;0.59;0.00;23.28;5.82;18.51;42.60;2.27;5.73;2.05;4.67;0.08;0.26;0.50;0.64;1.17;0.09;
081020;10:29:53;2.90;18.36;12.10;4.56;6.13;5.01;2.94;0.00;0.00;0.00;0.04;0.05;0.05;3.61;8.02;1.05;23.57;18.48;11.74;5.91;0.92;1.00;0.23;0.46;14.25;4.07;2.92;8.81;2.60;0.00;0.00;0.50;0.59;0.00;38.46;43.89;198.08;52.28;7.45;4.94;1.81;4.14;0.02;0.06;0.09;0.18;0.39;0.02;
081020;10:29:56;2.92;18.49;12.17;4.59;6.17;5.04;2.95;0.00;0.00;0.00;0.04;0.05;0.05;3.62;8.02;1.05;23.60;18.50;11.76;5.86;0.92;0.99;0.23;0.46;14.35;4.08;2.96;8.85;2.61;0.00;0.00;0.50;0.60;0.00;46.62;95.10;490.64;56.54;11.74;5.21;1.89;4.32;0.01;0.04;0.04;0.11;0.25;0.01;
081020;10:29:58;2.92;18.48;12.16;4.58;6.16;5.03;2.95;0.00;0.00;0.00;0.04;0.04;0.05;3.62;8.02;1.05;23.60;18.50;11.77;5.85;0.92;0.99;0.23;0.46;14.27;4.07;2.92;8.82;2.61;0.00;0.00;0.50;0.60;0.00;55.54;192.41;1121.40;60.73;17.76;7.13;2.47;5.57;0.02;0.07;0.10;0.20;0.43;0.02;
081020;10:30:00;2.90;18.35;12.10;4.56;6.13;5.01;2.94;0.00;0.00;0.00;0.04;0.04;0.05;3.59;8.01;1.04;23.51;18.46;11.69;5.76;0.91;0.96;0.23;0.45;14.25;4.07;2.92;8.81;2.60;0.00;0.00;0.50;0.59;0.00;39.35;48.09;220.48;52.77;7.86;5.18;1.88;4.30;0.05;0.17;0.31;0.46;0.87;0.06;
081020;10:30:03;2.90;18.33;12.09;4.55;6.12;5.00;2.93;0.00;0.00;0.00;0.04;0.04;0.05;3.61;8.02;1.05;23.59;18.49;11.75;5.74;0.91;0.96;0.23;0.45;14.05;4.05;2.83;8.73;2.59;0.00;0.00;0.50;0.59;0.00;18.81;2.47;6.78;39.05;1.37;5.10;1.86;4.25;0.11;0.35;0.73;0.85;1.49;0.13;
081020;10:30:05;2.90;18.32;12.08;4.55;6.12;5.00;2.93;0.00;0.00;0.00;0.04;0.04;0.05;3.62;8.02;1.05;23.60;18.50;11.76;5.69;0.91;0.94;0.22;0.45;14.11;4.05;2.85;8.75;2.59;0.00;0.00;0.50;0.59;0.00;23.70;6.26;20.15;42.91;2.37;5.81;2.07;4.72;0.03;0.11;0.18;0.30;0.61;0.04;
081020;10:30:07;2.89;18.28;12.06;4.54;6.10;5.00;2.93;0.00;0.00;0.00;0.04;0.04;0.05;3.62;8.02;1.05;23.60;18.50;11.77;5.64;0.90;0.93;0.22;0.45;14.12;4.05;2.86;8.76;2.59;0.00;0.00;0.50;0.59;0.00;22.72;5.28;16.52;42.18;2.14;4.69;1.73;3.97;0.25;0.75;1.90;1.70;2.72;0.30;
081020;10:30:10;2.88;18.15;11.99;4.51;6.07;4.97;2.91;0.00;0.00;0.00;0.04;0.04;0.05;3.62;8.02;1.05;23.61;18.50;11.77;5.60;0.90;0.92;0.22;0.45;14.12;4.05;2.86;8.76;2.59;0.00;0.00;0.50;0.59;0.00;27.24;10.95;38.87;45.42;3.29;5.08;1.85;4.23;0.02;0.07;0.09;0.19;0.41;0.02;
081020;10:30:12;2.90;18.29;12.06;4.54;6.11;5.00;2.93;0.00;0.00;0.00;0.04;0.04;0.05;3.65;8.04;1.07;23.70;18.54;11.84;5.54;0.89;0.91;0.22;0.44;14.22;4.07;2.90;8.80;2.60;0.00;0.00;0.50;0.60;0.00;23.84;6.41;20.73;43.01;2.40;3.98;1.50;3.48;0.01;0.03;0.04;0.10;0.24;0.01;
081020;10:30:14;2.88;18.19;12.02;4.52;6.08;4.98;2.92;0.00;0.00;0.00;0.04;0.04;0.05;3.63;8.03;1.06;23.62;18.51;11.78;5.53;0.89;0.90;0.22;0.44;14.14;4.06;2.87;8.77;2.60;0.00;0.00;0.50;0.59;0.00;20.14;3.25;9.34;40.15;1.61;3.75;1.43;3.31;0.01;0.03;0.03;0.09;0.21;0.01;
081020;10:30:17;2.90;18.29;12.07;4.54;6.11;5.00;2.93;0.00;0.00;0.00;0.04;0.04;0.05;3.62;8.02;1.05;23.61;18.50;11.77;5.48;0.89;0.89;0.22;0.44;14.13;4.06;2.86;8.76;2.60;0.00;0.00;0.50;0.59;0.00;23.99;6.57;21.34;43.12;2.44;5.17;1.88;4.30;0.00;0.02;0.02;0.05;0.14;0.00;
081020;10:30:19;2.89;18.27;12.06;4.54;6.10;4.99;2.93;0.00;0.00;0.00;0.04;0.04;0.05;3.62;8.02;1.05;23.61;18.50;11.77;5.45;0.88;0.88;0.22;0.44;14.12;4.05;2.86;8.76;2.60;0.00;0.00;0.50;0.60;0.00;31.22;18.95;73.97;48.01;4.54;6.53;2.29;5.19;0.04;0.13;0.22;0.35;0.69;0.05;
081020;10:30:21;2.88;18.11;11.97;4.50;6.05;4.96;2.91;0.00;0.00;0.00;0.04;0.04;0.05;3.62;8.02;1.05;23.61;18.50;11.77;5.43;0.88;0.88;0.21;0.44;14.22;4.07;2.90;8.80;2.60;0.00;0.00;0.50;0.59;0.00;26.28;9.49;32.85;44.76;3.03;4.75;1.75;4.01;0.08;0.25;0.48;0.63;1.14;0.09;
081020;10:30:23;2.87;18.08;11.96;4.49;6.04;4.96;2.90;0.00;0.00;0.00;0.04;0.04;0.04;3.62;8.02;1.05;23.61;18.50;11.77;5.35;0.87;0.86;0.21;0.43;13.95;4.03;2.79;8.69;2.58;0.00;0.00;0.50;0.59;0.00;23.88;6.45;20.90;43.05;2.41;5.69;2.04;4.64;0.06;0.20;0.36;0.51;0.96;0.07;
081020;10:30:26;2.86;17.99;11.91;4.47;6.02;4.94;2.89;0.00;0.00;0.00;0.04;0.04;0.04;3.62;8.02;1.05;23.61;18.50;11.77;5.33;0.87;0.85;0.21;0.43;14.09;4.05;2.85;8.75;2.59;0.00;0.00;0.50;0.59;0.00;33.36;24.74;101.12;49.33;5.32;5.64;2.02;4.61;0.07;0.22;0.41;0.55;1.03;0.08;
081020;10:30:28;2.86;18.01;11.92;4.48;6.03;4.94;2.90;0.00;0.00;0.00;0.04;0.04;0.04;3.62;8.02;1.05;23.61;18.50;11.77;5.31;0.87;0.85;0.21;0.43;14.02;4.04;2.82;8.72;2.59;0.00;0.00;0.50;0.59;0.00;32.76;23.02;92.91;48.97;5.10;5.48;1.97;4.50;0.02;0.07;0.10;0.20;0.42;0.02;
081020;10:30:30;2.88;18.14;11.99;4.51;6.06;4.97;2.91;0.00;0.00;0.00;0.04;0.04;0.04;3.62;8.02;1.05;23.61;18.50;11.77;5.32;0.87;0.85;0.21;0.43;14.10;4.05;2.85;8.75;2.59;0.00;0.00;0.50;0.60;0.00;32.45;22.14;88.76;48.78;4.98;6.50;2.28;5.17;0.02;0.08;0.12;0.23;0.48;0.03;
081020;10:30:33;2.87;18.08;11.96;4.50;6.05;4.96;2.90;0.00;0.00;0.00;0.04;0.04;0.04;3.62;8.02;1.05;23.61;18.50;11.77;5.26;0.87;0.84;0.21;0.43;14.02;4.04;2.82;8.72;2.59;0.00;0.00;0.50;0.59;0.00;23.80;6.36;20.54;42.98;2.39;5.32;1.92;4.40;0.06;0.20;0.37;0.51;0.96;0.07;
081020;10:30:35;2.87;18.07;11.95;4.49;6.04;4.95;2.90;0.00;0.00;0.00;0.04;0.04;0.04;3.62;8.02;1.05;23.61;18.50;11.77;5.23;0.86;0.83;0.21;0.43;14.20;4.06;2.89;8.79;2.60;0.00;0.00;0.50;0.59;0.00;30.39;17.01;65.14;47.49;4.26;6.08;2.15;4.89;0.04;0.15;0.25;0.39;0.76;0.05;
081020;10:30:37;2.87;18.07;11.95;4.49;6.04;4.95;2.90;0.00;0.00;0.00;0.04;0.04;0.04;3.62;8.02;1.05;23.61;18.50;11.77;5.21;0.86;0.82;0.21;0.43;14.04;4.04;2.83;8.73;2.59;0.00;0.00;0.50;0.59;0.00;31.14;18.77;73.12;47.97;4.52;4.20;1.57;3.63;0.05;0.17;0.31;0.46;0.87;0.06;
081020;10:30:40;2.88;18.15;11.99;4.51;6.07;4.97;2.91;0.00;0.00;0.00;0.04;0.04;0.04;3.65;8.04;1.07;23.70;18.54;11.84;5.22;0.86;0.83;0.21;0.43;14.11;4.05;2.85;8.75;2.59;0.00;0.00;0.50;0.60;0.00;22.53;5.11;15.89;42.04;2.10;6.16;2.18;4.95;0.09;0.28;0.57;0.70;1.27;0.11;
081020;10:30:42;2.87;18.04;11.94;4.49;6.03;4.95;2.90;0.00;0.00;0.00;0.04;0.04;0.04;3.63;8.03;1.06;23.62;18.51;11.78;5.16;0.86;0.81;0.21;0.43;14.02;4.04;2.82;8.72;2.59;0.00;0.00;0.50;0.60;0.00;25.85;8.88;30.38;44.46;2.91;5.63;2.02;4.60;0.01;0.05;0.06;0.14;0.30;0.01;
081020;10:30:44;2.87;18.02;11.93;4.48;6.03;4.95;2.90;0.00;0.00;0.00;0.04;0.04;0.04;3.62;8.02;1.05;23.61;18.50;11.77;5.13;0.86;0.80;0.20;0.43;14.01;4.04;2.81;8.71;2.59;0.00;0.00;0.50;0.60;0.00;22.71;5.27;16.49;42.17;2.14;5.15;1.87;4.28;0.03;0.11;0.17;0.30;0.60;0.04;
081020;10:30:47;2.87;18.06;11.95;4.49;6.04;4.95;2.90;0.00;0.00;0.00;0.04;0.04;0.04;3.62;8.02;1.05;23.61;18.50;11.77;5.11;0.85;0.80;0.20;0.42;14.10;4.05;2.85;8.75;2.59;0.00;0.00;0.50;0.59;0.00;27.68;11.69;41.96;45.72;3.42;5.13;1.87;4.27;0.05;0.17;0.30;0.45;0.85;0.06;
081020;10:30:49;2.85;17.91;11.87;4.46;5.99;4.92;2.88;0.00;0.00;0.00;0.04;0.04;0.04;3.62;8.02;1.05;23.61;18.50;11.77;5.08;0.85;0.79;0.20;0.42;14.02;4.04;2.82;8.72;2.59;0.00;0.00;0.50;0.59;0.00;26.03;9.12;31.36;44.58;2.96;5.16;1.88;4.29;0.08;0.26;0.50;0.65;1.17;0.09;
081020;10:30:51;2.87;18.04;11.93;4.49;6.03;4.95;2.90;0.00;0.00;0.00;0.04;0.04;0.04;3.65;8.04;1.07;23.70;18.54;11.84;5.07;0.85;0.79;0.20;0.42;14.20;4.06;2.89;8.79;2.60;0.00;0.00;0.50;0.60;0.00;32.24;21.58;86.11;48.65;4.90;5.55;1.99;4.55;0.02;0.08;0.12;0.23;0.48;0.03;
081020;10:30:54;2.85;17.90;11.87;4.46;5.99;4.92;2.88;0.00;0.00;0.00;0.04;0.04;0.04;3.63;8.03;1.06;23.62;18.51;11.78;5.04;0.85;0.78;0.20;0.42;13.84;4.02;2.74;8.65;2.57;0.00;0.00;0.50;0.59;0.00;40.92;56.27;265.09;53.61;8.62;5.59;2.01;4.57;0.11;0.34;0.72;0.84;1.47;0.13;
081020;10:30:56;2.84;17.84;11.83;4.44;5.97;4.91;2.88;0.00;0.00;0.00;0.04;0.04;0.04;3.62;8.02;1.05;23.61;18.50;11.77;5.02;0.84;0.78;0.20;0.42;13.97;4.04;2.79;8.70;2.58;0.00;0.00;0.50;0.59;0.00;28.30;12.78;46.57;46.13;3.60;4.58;1.69;3.90;0.24;0.73;1.86;1.67;2.68;0.30;
081020;10:30:58;2.85;17.90;11.87;4.46;5.99;4.92;2.88;0.00;0.00;0.00;0.04;0.04;0.04;3.62;8.02;1.05;23.61;18.50;11.77;5.00;0.84;0.77;0.20;0.42;14.09;4.05;2.85;8.75;2.59;0.00;0.00;0.50;0.60;0.00;31.60;19.90;78.33;48.25;4.68;5.99;2.13;4.84;1.10;3.04;10.93;6.03;8.20;1.38;
081020;10:31:00;2.85;17.88;11.85;4.45;5.98;4.92;2.88;0.00;0.00;0.00;0.04;0.04;0.04;3.62;8.02;1.05;23.61;18.50;11.77;4.95;0.84;0.76;0.20;0.42;14.02;4.04;2.82;8.72;2.59;0.00;0.00;0.50;0.59;0.00;34.49;28.30;118.39;50.01;5.75;5.13;1.86;4.27;0.02;0.07;0.10;0.20;0.42;0.02;
081020;10:31:03;2.84;17.83;11.83;4.44;5.97;4.91;2.88;0.00;0.00;0.00;0.04;0.04;0.04;3.62;8.02;1.05;23.61;18.50;11.77;4.94;0.84;0.76;0.20;0.42;13.91;4.03;2.77;8.68;2.58;0.00;0.00;0.50;0.59;0.00;24.57;7.23;23.88;43.54;2.58;5.11;1.86;4.25;0.02;0.08;0.12;0.23;0.48;0.03;
081020;10:31:05;2.83;17.71;11.76;4.41;5.93;4.88;2.86;0.00;0.00;0.00;0.04;0.04;0.04;3.62;8.02;1.05;23.61;18.50;11.77;4.92;0.84;0.75;0.20;0.42;13.98;4.04;2.80;8.71;2.58;0.00;0.00;0.50;0.59;0.00;36.76;36.58;159.96;51.32;6.69;5.98;2.12;4.83;0.01;0.04;0.05;0.11;0.26;0.01;
081020;10:31:07;2.84;17.84;11.83;4.44;5.97;4.91;2.88;0.00;0.00;0.00;0.04;0.04;0.04;3.62;8.02;1.05;23.61;18.50;11.77;4.89;0.83;0.75;0.20;0.41;13.90;4.03;2.77;8.67;2.58;0.00;0.00;0.50;0.59;0.00;36.87;37.03;162.28;51.39;6.74;5.66;2.03;4.62;0.03;0.10;0.16;0.28;0.57;0.04;
081020;10:31:10;2.83;17.71;11.76;4.41;5.93;4.88;2.86;0.00;0.00;0.00;0.04;0.04;0.04;3.59;8.01;1.04;23.51;18.46;11.69;4.87;0.83;0.74;0.19;0.41;13.78;4.01;2.72;8.63;2.57;0.00;0.00;0.50;0.59;0.00;29.85;15.83;59.88;47.15;4.09;5.54;1.99;4.54;0.01;0.04;0.05;0.11;0.26;0.01;
081020;10:31:12;2.82;17.60;11.71;4.39;5.90;4.86;2.85;0.00;0.00;0.00;0.04;0.04;0.04;3.55;7.99;1.02;23.40;18.41;11.61;4.85;0.83;0.74;0.19;0.41;14.06;4.05;2.83;8.73;2.59;0.00;0.00;0.50;0.59;0.00;28.43;13.01;47.57;46.22;3.64;4.72;1.74;4.00;0.09;0.29;0.60;0.73;1.31;0.11;
081020;10:31:14;2.81;17.58;11.70;4.38;5.90;4.86;2.85;0.00;0.00;0.00;0.04;0.04;0.04;3.61;8.02;1.05;23.56;18.48;11.73;4.85;0.83;0.74;0.19;0.41;14.01;4.04;2.81;8.72;2.59;0.00;0.00;0.50;0.59;0.00;29.99;16.14;61.24;47.24;4.13;4.61;1.70;3.92;0.42;1.23;3.55;2.67;4.04;0.52;
081020;10:31:17;2.81;17.58;11.70;4.38;5.90;4.86;2.85;0.00;0.00;0.00;0.04;0.04;0.04;3.59;8.01;1.04;23.50;18.46;11.69;4.79;0.82;0.72;0.19;0.41;13.90;4.03;2.77;8.68;2.58;0.00;0.00;0.50;0.59;0.00;37.14;38.11;167.82;51.54;6.85;4.87;1.79;4.10;0.05;0.18;0.32;0.46;0.88;0.06;
081020;10:31:19;2.81;17.58;11.70;4.38;5.90;4.86;2.85;0.00;0.00;0.00;0.04;0.04;0.04;3.55;7.99;1.02;23.40;18.41;11.60;4.76;0.82;0.72;0.19;0.41;13.79;4.01;2.72;8.63;2.57;0.00;0.00;0.50;0.59;0.00;33.04;23.81;96.64;49.14;5.20;4.68;1.73;3.97;0.04;0.15;0.26;0.40;0.78;0.05;
081020;10:31:21;2.80;17.46;11.64;4.36;5.86;4.83;2.83;0.00;0.00;0.00;0.04;0.04;0.04;3.48;7.96;0.99;23.20;18.32;11.44;4.75;0.82;0.71;0.19;0.41;13.76;4.01;2.71;8.62;2.57;0.00;0.00;0.50;0.59;0.00;22.20;4.81;14.81;41.78;2.03;4.35;1.62;3.74;0.28;0.85;2.24;1.91;3.02;0.35;
081020;10:31:24;2.80;17.44;11.62;4.35;5.85;4.83;2.83;0.00;0.00;0.00;0.04;0.04;0.04;3.46;7.95;0.99;23.16;18.31;11.41;4.72;0.82;0.71;0.19;0.41;13.76;4.01;2.71;8.62;2.57;0.00;0.00;0.50;0.59;0.00;23.72;6.28;20.26;42.93;2.37;5.38;1.94;4.44;0.02;0.06;0.08;0.18;0.38;0.02;
081020;10:31:26;2.81;17.51;11.66;4.37;5.88;4.84;2.84;0.00;0.00;0.00;0.04;0.04;0.04;3.49;7.96;1.00;23.24;18.34;11.48;4.73;0.82;0.71;0.19;0.41;13.76;4.01;2.71;8.62;2.57;0.00;0.00;0.50;0.59;0.00;36.64;36.10;157.50;51.25;6.64;5.79;2.07;4.70;0.02;0.07;0.09;0.19;0.40;0.02;
081020;10:31:28;2.79;17.37;11.59;4.34;5.83;4.82;2.82;0.00;0.00;0.00;0.04;0.04;0.04;3.43;7.93;0.97;23.08;18.27;11.35;4.68;0.81;0.70;0.19;0.40;13.56;3.99;2.63;8.54;2.55;0.00;0.00;0.50;0.59;0.00;38.87;45.80;208.23;52.51;7.64;5.10;1.86;4.25;0.02;0.08;0.12;0.23;0.48;0.03;
081020;10:31:31;2.79;17.34;11.57;4.33;5.83;4.81;2.82;0.00;0.00;0.00;0.04;0.04;0.04;3.42;7.93;0.97;23.04;18.26;11.32;4.67;0.81;0.69;0.19;0.40;13.81;4.02;2.73;8.64;2.57;0.00;0.00;0.50;0.59;0.00;28.27;12.73;46.35;46.11;3.60;4.70;1.73;3.98;0.06;0.21;0.40;0.55;1.02;0.08;
081020;10:31:33;2.79;17.34;11.57;4.33;5.82;4.81;2.82;0.00;0.00;0.00;0.04;0.04;0.04;3.42;7.93;0.97;23.04;18.25;11.32;4.66;0.81;0.69;0.19;0.40;13.67;4.00;2.67;8.59;2.56;0.00;0.00;0.50;0.59;0.00;35.15;30.53;129.41;50.39;6.02;5.84;2.08;4.74;0.23;0.69;1.72;1.58;2.56;0.28;
081020;10:31:35;2.79;17.34;11.57;4.33;5.82;4.81;2.82;0.00;0.00;0.00;0.04;0.04;0.04;3.42;7.93;0.97;23.04;18.25;11.32;4.66;0.81;0.69;0.19;0.40;13.74;4.01;2.70;8.61;2.57;0.00;0.00;0.50;0.59;0.00;24.65;7.33;24.27;43.60;2.60;6.42;2.26;5.11;0.05;0.16;0.29;0.43;0.83;0.06;
081020;10:31:37;2.80;17.45;11.63;4.35;5.86;4.83;2.83;0.00;0.00;0.00;0.04;0.04;0.04;3.45;7.94;0.98;23.13;18.29;11.39;4.66;0.81;0.69;0.19;0.40;13.75;4.01;2.70;8.62;2.57;0.00;0.00;0.50;0.59;0.00;21.37;4.13;12.37;41.14;1.85;5.54;1.99;4.54;0.02;0.09;0.13;0.24;0.50;0.03;
081020;10:31:40;2.79;17.40;11.60;4.34;5.84;4.82;2.82;0.00;0.00;0.00;0.04;0.04;0.04;3.43;7.93;0.97;23.05;18.26;11.33;4.66;0.81;0.69;0.19;0.40;13.66;4.00;2.67;8.58;2.56;0.00;0.00;0.50;0.59;0.00;39.32;47.97;219.81;52.75;7.85;5.55;1.99;4.55;0.02;0.09;0.13;0.24;0.50;0.03;
081020;10:31:42;2.79;17.39;11.60;4.34;5.84;4.82;2.82;0.00;0.00;0.00;0.04;0.04;0.04;3.42;7.93;0.97;23.04;18.26;11.32;4.65;0.81;0.69;0.19;0.40;13.64;4.00;2.66;8.57;2.56;0.00;0.00;0.50;0.59;0.00;42.55;65.90;319.05;54.48;9.46;5.06;1.84;4.22;0.01;0.03;0.04;0.10;0.23;0.01;
081020;10:31:44;2.80;17.42;11.62;4.35;5.85;4.83;2.83;0.00;0.00;0.00;0.04;0.04;0.04;3.42;7.93;0.97;23.04;18.25;11.32;4.63;0.81;0.69;0.19;0.40;13.83;4.02;2.74;8.65;2.57;0.00;0.00;0.50;0.59;0.00;32.37;21.94;87.81;48.73;4.95;4.78;1.76;4.04;0.05;0.18;0.32;0.46;0.88;0.06;
081020;10:31:47;2.81;17.55;11.68;4.38;5.89;4.85;2.84;0.00;0.00;0.00;0.04;0.04;0.04;3.51;7.97;1.01;23.31;18.37;11.53;4.66;0.81;0.69;0.19;0.40;13.97;4.04;2.79;8.70;2.58;0.00;0.00;0.50;0.59;0.00;40.53;54.18;253.56;53.41;8.43;5.21;1.89;4.32;0.07;0.23;0.44;0.59;1.09;0.09;
081020;10:31:49;2.80;17.45;11.63;4.35;5.86;4.83;2.83;0.00;0.00;0.00;0.04;0.04;0.04;3.47;7.95;0.99;23.18;18.32;11.43;4.59;0.80;0.68;0.18;0.40;13.80;4.02;2.72;8.64;2.57;0.00;0.00;0.50;0.59;0.00;41.89;61.86;296.24;54.13;9.11;6.60;2.31;5.23;0.02;0.08;0.12;0.23;0.48;0.03;
081020;10:31:51;2.80;17.48;11.64;4.36;5.87;4.84;2.83;0.00;0.00;0.00;0.04;0.04;0.04;3.49;7.96;1.00;23.25;18.34;11.48;4.61;0.81;0.68;0.19;0.40;13.86;4.02;2.75;8.66;2.58;0.00;0.00;0.50;0.59;0.00;33.77;26.00;107.17;49.58;5.47;6.13;2.17;4.93;0.09;0.28;0.56;0.70;1.26;0.10;
081020;10:31:54;2.80;17.48;11.64;4.36;5.87;4.84;2.83;0.00;0.00;0.00;0.04;0.04;0.04;3.53;7.98;1.01;23.35;18.39;11.56;4.58;0.80;0.67;0.18;0.40;13.97;4.04;2.80;8.70;2.58;0.00;0.00;0.50;0.59;0.00;32.89;23.38;94.62;49.05;5.14;5.42;1.96;4.46;0.05;0.18;0.33;0.48;0.90;0.07;
081020;10:31:56;2.79;17.40;11.60;4.34;5.84;4.82;2.82;0.00;0.00;0.00;0.04;0.04;0.04;3.50;7.97;1.00;23.28;18.36;11.51;4.58;0.80;0.67;0.18;0.40;14.00;4.04;2.81;8.71;2.59;0.00;0.00;0.50;0.59;0.00;30.76;17.87;69.02;47.73;4.39;5.57;2.00;4.56;0.09;0.30;0.60;0.73;1.32;0.11;
081020;10:31:58;2.80;17.43;11.62;4.35;5.85;4.83;2.83;0.00;0.00;0.00;0.04;0.04;0.04;3.50;7.97;1.00;23.27;18.35;11.50;4.58;0.80;0.67;0.18;0.40;13.71;4.00;2.69;8.60;2.56;0.00;0.00;0.50;0.59;0.00;21.11;3.93;11.68;40.93;1.80;5.66;2.03;4.62;0.01;0.03;0.03;0.08;0.20;0.01;
081020;10:32:01;2.81;17.51;11.66;4.37;5.88;4.84;2.84;0.00;0.00;0.00;0.04;0.04;0.04;3.47;7.95;0.99;23.17;18.31;11.42;4.58;0.80;0.67;0.18;0.40;13.94;4.03;2.78;8.69;2.58;0.00;0.00;0.50;0.59;0.00;24.72;7.41;24.58;43.65;2.62;4.37;1.63;3.75;0.01;0.04;0.06;0.13;0.30;0.01;
081020;10:32:03;2.79;17.37;11.59;4.34;5.83;4.82;2.82;0.00;0.00;0.00;0.04;0.04;0.04;3.43;7.93;0.97;23.06;18.27;11.34;4.55;0.80;0.67;0.18;0.40;13.89;4.03;2.76;8.67;2.58;0.00;0.00;0.50;0.59;0.00;28.51;13.15;48.19;46.27;3.67;4.05;1.53;3.53;0.02;0.07;0.10;0.20;0.43;0.02;
081020;10:32:05;2.79;17.38;11.59;4.34;5.84;4.82;2.82;0.00;0.00;0.00;0.04;0.04;0.04;3.42;7.93;0.97;23.04;18.26;11.32;4.54;0.80;0.67;0.18;0.40;13.98;4.04;2.80;8.70;2.58;0.00;0.00;0.50;0.59;0.00;25.69;8.65;29.47;44.34;2.87;4.18;1.57;3.62;0.02;0.07;0.10;0.20;0.43;0.02;
081020;10:32:08;2.79;17.35;11.57;4.33;5.83;4.81;2.82;0.00;0.00;0.00;0.04;0.04;0.04;3.42;7.93;0.97;23.04;18.25;11.32;4.50;0.79;0.66;0.18;0.40;13.80;4.02;2.72;8.64;2.57;0.00;0.00;0.50;0.59;0.00;17.69;1.93;5.07;38.09;1.19;4.54;1.68;3.87;0.02;0.08;0.12;0.23;0.49;0.03;
081020;10:32:10;2.79;17.34;11.57;4.33;5.82;4.81;2.82;0.00;0.00;0.00;0.04;0.04;0.04;3.42;7.93;0.97;23.04;18.25;11.32;4.49;0.79;0.65;0.18;0.40;13.86;4.02;2.75;8.66;2.58;0.00;0.00;0.50;0.59;0.00;18.54;2.33;6.32;38.82;1.32;4.40;1.64;3.77;0.02;0.08;0.13;0.24;0.49;0.03;
081020;10:32:12;2.79;17.34;11.57;4.33;5.82;4.81;2.82;0.00;0.00;0.00;0.04;0.04;0.04;3.45;7.94;0.98;23.13;18.29;11.39;4.49;0.79;0.65;0.18;0.40;13.68;4.00;2.67;8.59;2.56;0.00;0.00;0.50;0.59;0.00;16.93;1.62;4.12;37.41;1.07;4.52;1.68;3.86;0.02;0.09;0.13;0.24;0.51;0.03;
081020;10:32:15;2.79;17.34;11.57;4.33;5.82;4.81;2.82;0.00;0.00;0.00;0.04;0.04;0.04;3.43;7.93;0.97;23.05;18.26;11.33;4.49;0.79;0.65;0.18;0.40;13.64;4.00;2.66;8.58;2.56;0.00;0.00;0.50;0.59;0.00;23.05;5.60;17.68;42.43;2.22;4.44;1.65;3.80;0.01;0.04;0.05;0.13;0.29;0.01;
081020;10:32:17;2.78;17.30;11.55;4.32;5.81;4.80;2.81;0.00;0.00;0.00;0.04;0.04;0.04;3.42;7.93;0.97;23.04;18.26;11.32;4.49;0.79;0.65;0.18;0.40;13.73;4.01;2.70;8.61;2.57;0.00;0.00;0.50;0.59;0.00;22.38;4.97;15.38;41.92;2.07;4.98;1.82;4.17;0.27;0.82;2.13;1.84;2.93;0.33;
081020;10:32:19;2.79;17.33;11.57;4.33;5.82;4.81;2.82;0.00;0.00;0.00;0.04;0.04;0.04;3.42;7.93;0.97;23.04;18.25;11.32;4.49;0.79;0.65;0.18;0.40;13.85;4.02;2.74;8.65;2.57;0.00;0.00;0.50;0.59;0.00;22.98;5.53;17.42;42.37;2.20;5.56;2.00;4.55;0.01;0.02;0.03;0.08;0.18;0.01;
081020;10:32:21;2.80;17.49;11.65;4.36;5.87;4.84;2.83;0.00;0.00;0.00;0.04;0.04;0.04;3.48;7.96;0.99;23.22;18.33;11.46;4.49;0.79;0.65;0.18;0.40;13.97;4.04;2.80;8.70;2.58;0.00;0.00;0.50;0.59;0.00;27.85;11.98;43.19;45.83;3.47;5.01;1.83;4.19;0.02;0.08;0.11;0.22;0.45;0.03;
081020;10:32:24;2.79;17.37;11.59;4.33;5.83;4.82;2.82;0.00;0.00;0.00;0.04;0.04;0.04;3.43;7.93;0.97;23.07;18.27;11.34;4.49;0.79;0.65;0.18;0.40;13.90;4.03;2.76;8.67;2.58;0.00;0.00;0.50;0.59;0.00;34.93;29.79;125.71;50.27;5.93;5.17;1.88;4.30;0.04;0.13;0.21;0.34;0.68;0.04;
081020;10:32:26;2.79;17.34;11.57;4.33;5.83;4.81;2.82;0.00;0.00;0.00;0.04;0.04;0.04;3.42;7.93;0.97;23.04;18.26;11.32;4.42;0.79;0.64;0.18;0.39;13.50;3.98;2.60;8.52;2.55;0.00;0.00;0.50;0.59;0.00;31.13;18.73;72.95;47.96;4.51;5.99;2.13;4.84;0.04;0.14;0.23;0.37;0.72;0.05;
081020;10:32:28;2.78;17.26;11.53;4.31;5.80;4.80;2.81;0.00;0.00;0.00;0.04;0.04;0.04;3.42;7.93;0.97;23.04;18.25;11.32;4.41;0.79;0.64;0.18;0.39;13.80;4.02;2.72;8.64;2.57;0.00;0.00;0.50;0.59;0.00;30.28;16.77;64.09;47.42;4.23;5.60;2.01;4.58;0.09;0.28;0.57;0.71;1.28;0.11;
081020;10:32:31;2.76;17.13;11.46;4.28;5.76;4.77;2.79;0.00;0.00;0.00;0.04;0.04;0.04;3.39;7.91;0.95;22.95;18.21;11.24;4.41;0.79;0.63;0.18;0.39;13.67;4.00;2.67;8.58;2.56;0.00;0.00;0.50;0.59;0.00;22.78;5.33;16.71;42.22;2.16;4.62;1.70;3.92;0.03;0.10;0.16;0.28;0.57;0.04;
081020;10:32:33;2.78;17.30;11.55;4.32;5.81;4.80;2.81;0.00;0.00;0.00;0.04;0.04;0.04;3.41;7.92;0.96;23.02;18.25;11.30;4.41;0.79;0.63;0.18;0.39;13.74;4.01;2.70;8.61;2.57;0.00;0.00;0.50;0.59;0.00;24.62;7.29;24.12;43.58;2.59;4.16;1.56;3.61;0.02;0.06;0.09;0.19;0.40;0.02;
081020;10:32:35;2.76;17.14;11.47;4.28;5.77;4.77;2.79;0.00;0.00;0.00;0.04;0.04;0.04;3.42;7.93;0.97;23.03;18.25;11.31;4.41;0.79;0.63;0.18;0.39;13.75;4.01;2.70;8.62;2.57;0.00;0.00;0.50;0.59;0.00;25.83;8.84;30.23;44.44;2.90;4.27;1.59;3.68;0.02;0.06;0.08;0.17;0.37;0.02;
081020;10:32:38;2.76;17.11;11.45;4.28;5.76;4.76;2.79;0.00;0.00;0.00;0.04;0.04;0.04;3.42;7.93;0.97;23.04;18.25;11.31;4.41;0.79;0.63;0.18;0.39;13.76;4.01;2.71;8.62;2.57;0.00;0.00;0.50;0.59;0.00;24.12;6.71;21.89;43.22;2.47;3.85;1.46;3.39;0.01;0.03;0.03;0.08;0.20;0.01;
081020;10:32:40;2.76;17.06;11.43;4.27;5.74;4.76;2.78;0.00;0.00;0.00;0.04;0.04;0.04;3.33;7.88;0.93;22.77;18.14;11.10;4.38;0.78;0.63;0.18;0.39;13.56;3.99;2.63;8.54;2.55;0.00;0.00;0.50;0.59;0.00;24.37;7.00;23.00;43.40;2.53;4.13;1.55;3.59;0.01;0.04;0.04;0.11;0.25;0.01;
081020;10:32:42;2.77;17.21;11.50;4.30;5.79;4.78;2.80;0.00;0.00;0.00;0.04;0.04;0.04;3.40;7.92;0.96;22.98;18.23;11.27;4.39;0.78;0.63;0.18;0.39;13.81;4.02;2.73;8.64;2.57;0.00;0.00;0.50;0.59;0.00;24.90;7.63;25.46;43.79;2.66;3.93;1.49;3.44;0.01;0.04;0.05;0.13;0.28;0.01;
081020;10:32:45;2.76;17.12;11.46;4.28;5.76;4.77;2.79;0.00;0.00;0.00;0.04;0.04;0.04;3.35;7.89;0.94;22.85;18.17;11.17;4.34;0.78;0.62;0.18;0.39;13.67;4.00;2.67;8.59;2.56;0.00;0.00;0.50;0.59;0.00;21.89;4.54;13.84;41.54;1.96;4.54;1.68;3.87;0.01;0.03;0.04;0.09;0.22;0.01;
081020;10:32:47;2.76;17.10;11.45;4.28;5.75;4.76;2.79;0.00;0.00;0.00;0.04;0.04;0.04;3.31;7.87;0.92;22.73;18.12;11.07;4.33;0.78;0.62;0.18;0.39;13.64;4.00;2.66;8.57;2.56;0.00;0.00;0.50;0.59;0.00;23.53;6.08;19.48;42.78;2.33;3.34;1.30;3.02;0.01;0.02;0.02;0.06;0.16;0.01;
081020;10:32:49;2.76;17.06;11.43;4.27;5.74;4.76;2.78;0.00;0.00;0.00;0.04;0.04;0.04;3.27;7.86;0.91;22.62;18.07;10.99;4.32;0.78;0.62;0.17;0.39;13.64;4.00;2.66;8.57;2.56;0.00;0.00;0.50;0.59;0.00;16.73;1.54;3.89;37.23;1.04;3.95;1.49;3.46;0.00;0.02;0.02;0.06;0.15;0.01;
