081020;10:33:41;4.56;34.39;19.81;8.02;10.71;7.84;4.64;0.00;0.00;0.00;0.08;0.07;0.08;60.90;14.55;69.45;78.11;35.56;80.28;12.72;1.42;3.29;0.46;0.70;53.48;7.04;47.81;19.93;4.38;0.02;0.05;0.70;0.80;0.01;17.49;1.84;4.80;37.91;1.15;9.35;3.11;6.92;0.42;1.23;3.54;2.66;4.03;0.52;
081020;10:33:42;3.08;19.92;12.90;4.91;6.59;5.31;3.12;0.00;0.00;0.00;0.04;0.04;0.04;5.27;8.68;1.84;27.67;20.18;15.19;5.47;0.89;0.89;0.22;0.44;18.29;4.51;4.94;10.28;2.87;0.00;0.01;0.53;0.63;0.00;15.95;1.27;3.11;36.51;0.93;8.32;2.81;6.30;0.35;1.03;2.84;2.27;3.50;0.43;
081020;10:33:44;2.87;18.06;11.95;4.49;6.04;4.95;2.90;0.00;0.00;0.00;0.04;0.04;0.04;3.39;7.91;0.96;22.96;18.22;11.26;4.70;0.81;0.70;0.19;0.41;14.86;4.14;3.19;9.04;2.65;0.00;0.01;0.50;0.60;0.00;18.23;2.18;5.85;38.56;1.27;5.92;2.11;4.79;0.07;0.23;0.45;0.59;1.09;0.09;
081020;10:33:46;2.83;17.67;11.75;4.40;5.92;4.88;2.86;0.00;0.00;0.00;0.03;0.04;0.04;3.11;7.77;0.84;22.14;17.86;10.61;4.54;0.80;0.67;0.18;0.40;14.27;4.07;2.92;8.82;2.61;0.00;0.00;0.50;0.59;0.00;13.05;0.57;1.21;33.65;0.58;5.49;1.97;4.51;0.15;0.48;1.09;1.13;1.91;0.19;
081020;10:33:49;2.80;17.48;11.65;4.36;5.87;4.84;2.83;0.00;0.00;0.00;0.03;0.04;0.04;3.06;7.74;0.82;21.98;17.79;10.49;4.51;0.80;0.66;0.18;0.40;14.15;4.06;2.87;8.77;2.60;0.00;0.00;0.50;0.59;0.00;14.78;0.94;2.17;35.39;0.77;5.15;1.87;4.28;0.10;0.31;0.63;0.76;1.36;0.12;
081020;10:33:51;2.80;17.45;11.63;4.35;5.86;4.83;2.83;0.00;0.00;0.00;0.03;0.04;0.04;2.99;7.71;0.79;21.77;17.70;10.34;4.45;0.79;0.65;0.18;0.39;13.93;4.03;2.78;8.69;2.58;0.00;0.00;0.50;0.59;0.00;13.30;0.61;1.32;33.91;0.60;5.16;1.88;4.29;0.04;0.15;0.25;0.39;0.76;0.05;
081020;10:33:53;2.80;17.48;11.64;4.36;5.87;4.84;2.83;0.00;0.00;0.00;0.03;0.04;0.04;3.01;7.72;0.80;21.82;17.72;10.37;4.46;0.79;0.65;0.18;0.39;14.28;4.07;2.93;8.82;2.61;0.00;0.00;0.50;0.59;0.00;13.76;0.70;1.55;34.37;0.65;4.65;1.72;3.94;0.11;0.34;0.72;0.83;1.47;0.13;
081020;10:33:56;2.78;17.26;11.53;4.31;5.80;4.79;2.81;0.00;0.00;0.00;0.03;0.04;0.04;2.93;7.67;0.77;21.57;17.61;10.18;4.44;0.79;0.64;0.18;0.39;14.16;4.06;2.87;8.77;2.60;0.00;0.00;0.49;0.59;0.00;9.78;0.18;0.31;29.91;0.29;7.28;2.51;5.66;0.22;0.69;1.72;1.58;2.56;0.28;
081020;10:33:58;2.77;17.21;11.50;4.30;5.79;4.79;2.80;0.00;0.00;0.00;0.03;0.04;0.04;2.89;7.65;0.75;21.44;17.55;10.08;4.41;0.79;0.64;0.18;0.39;14.03;4.04;2.82;8.72;2.59;0.00;0.00;0.49;0.59;0.00;9.25;0.14;0.24;29.24;0.26;6.16;2.18;4.95;0.22;0.69;1.72;1.57;2.55;0.28;
081020;10:34:00;2.78;17.24;11.52;4.31;5.80;4.79;2.81;0.00;0.00;0.00;0.03;0.04;0.04;2.88;7.64;0.75;21.41;17.54;10.06;4.43;0.79;0.64;0.18;0.39;14.20;4.06;2.90;8.79;2.60;0.00;0.00;0.49;0.59;0.00;10.85;0.27;0.50;31.20;0.37;5.44;1.96;4.48;0.10;0.31;0.64;0.77;1.37;0.12;
081020;10:34:03;2.79;17.40;11.60;4.34;5.84;4.82;2.82;0.00;0.00;0.00;0.03;0.04;0.04;3.01;7.72;0.80;21.83;17.73;10.38;4.44;0.79;0.64;0.18;0.39;14.24;4.07;2.91;8.81;2.60;0.00;0.00;0.49;0.59;0.00;10.36;0.22;0.41;30.62;0.33;4.47;1.66;3.82;0.20;0.63;1.54;1.45;2.38;0.25;
081020;10:34:05;2.81;17.54;11.68;4.37;5.89;4.85;2.84;0.00;0.00;0.00;0.03;0.04;0.04;3.04;7.73;0.81;21.92;17.76;10.44;4.44;0.79;0.64;0.18;0.39;14.35;4.08;2.96;8.85;2.61;0.00;0.00;0.50;0.59;0.00;10.11;0.20;0.36;30.32;0.32;4.36;1.62;3.74;0.23;0.71;1.80;1.63;2.62;0.29;
081020;10:34:07;2.80;17.50;11.65;4.36;5.87;4.84;2.84;0.00;0.00;0.00;0.03;0.04;0.04;3.05;7.74;0.81;21.93;17.77;10.46;4.44;0.79;0.64;0.18;0.39;14.17;4.06;2.88;8.78;2.60;0.00;0.00;0.50;0.59;0.00;12.33;0.45;0.92;32.87;0.50;5.69;2.04;4.64;0.08;0.26;0.51;0.66;1.19;0.10;
081020;10:34:09;2.80;17.41;11.61;4.34;5.85;4.82;2.83;0.00;0.00;0.00;0.03;0.04;0.04;2.91;7.66;0.76;21.51;17.58;10.14;4.44;0.79;0.64;0.18;0.39;14.13;4.06;2.87;8.76;2.60;0.00;0.00;0.50;0.59;0.00;14.31;0.82;1.86;34.93;0.72;4.64;1.71;3.93;0.06;0.20;0.36;0.51;0.95;0.07;
081020;10:34:12;2.78;17.28;11.54;4.32;5.81;4.80;2.81;0.00;0.00;0.00;0.03;0.04;0.04;2.88;7.65;0.75;21.43;17.55;10.07;4.43;0.79;0.64;0.18;0.39;14.13;4.06;2.86;8.76;2.60;0.00;0.00;0.49;0.59;0.00;14.54;0.88;2.01;35.16;0.75;4.21;1.58;3.64;0.07;0.24;0.47;0.61;1.13;0.09;
081020;10:34:14;2.79;17.37;11.59;4.33;5.83;4.82;2.82;0.00;0.00;0.00;0.03;0.04;0.04;2.88;7.64;0.75;21.41;17.54;10.06;4.42;0.79;0.64;0.18;0.39;14.02;4.04;2.82;8.72;2.59;0.00;0.00;0.49;0.59;0.00;11.01;0.29;0.54;31.39;0.39;5.35;1.93;4.42;0.47;1.38;4.08;2.95;4.41;0.59;
081020;10:34:16;2.80;17.42;11.61;4.35;5.85;4.83;2.83;0.00;0.00;0.00;0.03;0.04;0.04;2.90;7.66;0.76;21.49;17.57;10.12;4.41;0.79;0.64;0.18;0.39;14.10;4.05;2.85;8.75;2.59;0.00;0.00;0.49;0.59;0.00;9.28;0.14;0.24;29.28;0.26;5.96;2.12;4.82;0.17;0.53;1.25;1.25;2.09;0.21;
081020;10:34:19;2.78;17.28;11.54;4.32;5.81;4.80;2.81;0.00;0.00;0.00;0.03;0.04;0.04;2.88;7.65;0.75;21.42;17.54;10.07;4.38;0.78;0.63;0.18;0.39;14.02;4.04;2.82;8.72;2.59;0.00;0.00;0.49;0.59;0.00;9.90;0.19;0.33;30.06;0.30;5.81;2.07;4.72;0.19;0.58;1.38;1.34;2.22;0.23;
081020;10:34:21;2.77;17.22;11.51;4.30;5.79;4.79;2.80;0.00;0.00;0.00;0.03;0.04;0.04;2.88;7.64;0.75;21.41;17.54;10.06;4.36;0.78;0.62;0.18;0.39;14.00;4.04;2.81;8.71;2.59;0.00;0.00;0.49;0.59;0.00;10.74;0.26;0.48;31.08;0.36;4.40;1.64;3.77;0.20;0.61;1.48;1.41;2.32;0.24;
081020;10:34:23;2.76;17.13;11.46;4.28;5.76;4.77;2.79;0.00;0.00;0.00;0.03;0.04;0.04;2.88;7.64;0.75;21.41;17.54;10.06;4.36;0.78;0.62;0.18;0.39;13.90;4.03;2.77;8.67;2.58;0.00;0.00;0.49;0.59;0.00;10.16;0.21;0.37;30.38;0.32;5.90;2.10;4.77;0.56;1.61;4.94;3.39;4.97;0.69;
081020;10:34:26;2.76;17.15;11.47;4.29;5.77;4.77;2.79;0.00;0.00;0.00;0.03;0.04;0.04;2.88;7.64;0.75;21.41;17.54;10.06;4.35;0.78;0.62;0.18;0.39;14.18;4.06;2.88;8.78;2.60;0.00;0.00;0.49;0.59;0.00;19.33;2.75;7.69;39.48;1.46;6.20;2.19;4.97;0.20;0.61;1.49;1.42;2.33;0.24;
081020;10:34:28;2.75;17.04;11.41;4.26;5.74;4.75;2.78;0.00;0.00;0.00;0.03;0.04;0.04;2.82;7.61;0.73;21.24;17.46;9.93;4.34;0.78;0.62;0.18;0.39;13.74;4.01;2.70;8.61;2.57;0.00;0.00;0.49;0.59;0.00;11.99;0.40;0.81;32.50;0.47;6.21;2.19;4.98;0.05;0.17;0.29;0.44;0.83;0.06;
081020;10:34:30;2.76;17.13;11.46;4.28;5.76;4.77;2.79;0.00;0.00;0.00;0.03;0.04;0.04;2.86;7.64;0.74;21.37;17.52;10.03;4.35;0.78;0.62;0.18;0.39;13.85;4.02;2.74;8.65;2.57;0.00;0.00;0.49;0.59;0.00;9.55;0.16;0.28;29.62;0.28;5.14;1.87;4.28;0.15;0.46;1.04;1.09;1.86;0.18;
081020;10:34:33;2.75;17.00;11.39;4.25;5.72;4.74;2.78;0.00;0.00;0.00;0.03;0.04;0.04;2.82;7.61;0.73;21.23;17.46;9.93;4.31;0.78;0.61;0.17;0.39;13.87;4.02;2.75;8.66;2.58;0.00;0.00;0.49;0.59;0.00;12.66;0.50;1.05;33.23;0.54;5.85;2.08;4.74;0.16;0.51;1.20;1.21;2.03;0.20;
081020;10:34:35;2.74;16.94;11.36;4.24;5.70;4.73;2.77;0.00;0.00;0.00;0.03;0.04;0.04;2.73;7.56;0.69;20.95;17.33;9.72;4.29;0.77;0.61;0.17;0.39;13.78;4.01;2.71;8.63;2.57;0.00;0.00;0.49;0.59;0.00;9.53;0.16;0.27;29.60;0.27;4.48;1.66;3.83;0.12;0.39;0.86;0.95;1.65;0.15;
081020;10:34:37;2.75;17.04;11.41;4.26;5.73;4.75;2.78;0.00;0.00;0.00;0.03;0.04;0.04;2.85;7.63;0.74;21.31;17.50;9.99;4.28;0.77;0.61;0.17;0.39;13.66;4.00;2.67;8.58;2.56;0.00;0.00;0.49;0.59;0.00;9.36;0.15;0.25;29.38;0.26;5.10;1.85;4.25;0.17;0.53;1.25;1.25;2.09;0.21;
081020;10:34:40;2.75;17.02;11.40;4.26;5.73;4.75;2.78;0.00;0.00;0.00;0.03;0.04;0.04;2.82;7.61;0.73;21.22;17.45;9.92;4.30;0.77;0.61;0.17;0.39;13.83;4.02;2.74;8.65;2.57;0.00;0.00;0.49;0.59;0.00;11.00;0.29;0.54;31.38;0.39;3.95;1.49;3.46;0.18;0.56;1.32;1.30;2.16;0.22;
081020;10:34:42;2.75;17.05;11.42;4.26;5.74;4.75;2.78;0.00;0.00;0.00;0.03;0.04;0.04;2.81;7.61;0.72;21.20;17.44;9.90;4.33;0.78;0.62;0.18;0.39;13.97;4.04;2.79;8.70;2.58;0.00;0.00;0.49;0.59;0.00;10.95;0.28;0.53;31.32;0.38;4.59;1.70;3.91;0.54;1.55;4.72;3.28;4.83;0.67;
081020;10:34:44;2.75;16.99;11.39;4.25;5.72;4.74;2.77;0.00;0.00;0.00;0.03;0.04;0.04;2.78;7.59;0.71;21.11;17.41;9.84;4.35;0.78;0.62;0.18;0.39;13.70;4.00;2.68;8.60;2.56;0.00;0.00;0.49;0.59;0.00;11.24;0.31;0.60;31.65;0.41;5.98;2.13;4.83;0.09;0.30;0.62;0.75;1.34;0.11;
081020;10:34:46;2.76;17.12;11.46;4.28;5.76;4.77;2.79;0.00;0.00;0.00;0.03;0.04;0.04;2.80;7.60;0.72;21.18;17.43;9.89;4.39;0.78;0.63;0.18;0.39;14.04;4.04;2.82;8.73;2.59;0.00;0.00;0.49;0.59;0.00;11.64;0.36;0.70;32.11;0.44;4.85;1.78;4.08;0.19;0.59;1.41;1.36;2.25;0.23;
081020;10:34:49;2.77;17.22;11.51;4.30;5.79;4.79;2.80;0.00;0.00;0.00;0.03;0.04;0.04;2.86;7.64;0.74;21.36;17.52;10.02;4.44;0.79;0.64;0.18;0.39;14.21;4.06;2.90;8.79;2.60;0.00;0.00;0.49;0.59;0.00;14.70;0.92;2.12;35.32;0.77;4.96;1.81;4.15;0.16;0.51;1.18;1.20;2.01;0.20;
081020;10:34:51;2.78;17.28;11.54;4.32;5.81;4.80;2.81;0.00;0.00;0.00;0.04;0.04;0.04;2.87;7.64;0.75;21.40;17.53;10.05;4.51;0.80;0.66;0.18;0.40;14.24;4.07;2.91;8.81;2.60;0.00;0.00;0.49;0.59;0.00;14.77;0.93;2.17;35.39;0.77;5.40;1.95;4.45;0.19;0.60;1.45;1.39;2.30;0.24;
081020;10:34:53;2.79;17.37;11.59;4.33;5.83;4.82;2.82;0.00;0.00;0.00;0.04;0.04;0.04;2.87;7.64;0.75;21.40;17.54;10.06;4.59;0.80;0.68;0.18;0.40;14.25;4.07;2.91;8.81;2.60;0.00;0.00;0.49;0.59;0.00;9.72;0.17;0.30;29.83;0.29;5.37;1.94;4.43;0.21;0.65;1.62;1.51;2.46;0.26;
081020;10:34:56;2.78;17.31;11.56;4.32;5.82;4.80;2.81;0.00;0.00;0.00;0.04;0.04;0.04;2.82;7.61;0.73;21.24;17.46;9.93;4.62;0.81;0.68;0.19;0.40;14.15;4.06;2.87;8.77;2.60;0.00;0.00;0.49;0.59;0.00;11.30;0.32;0.61;31.72;0.41;5.05;1.84;4.21;0.22;0.69;1.71;1.57;2.55;0.28;
081020;10:34:58;2.79;17.33;11.57;4.33;5.82;4.81;2.82;0.00;0.00;0.00;0.04;0.04;0.04;2.86;7.64;0.74;21.37;17.52;10.03;4.67;0.81;0.69;0.19;0.40;14.23;4.07;2.91;8.80;2.60;0.00;0.00;0.49;0.59;0.00;12.97;0.55;1.17;33.56;0.57;5.07;1.85;4.23;0.22;0.67;1.67;1.54;2.51;0.27;
081020;10:35:00;2.77;17.23;11.51;4.30;5.79;4.79;2.80;0.00;0.00;0.00;0.04;0.04;0.04;2.85;7.63;0.74;21.31;17.50;9.99;4.71;0.81;0.70;0.19;0.41;14.25;4.07;2.91;8.81;2.60;0.00;0.00;0.49;0.59;0.00;12.11;0.42;0.85;32.63;0.48;4.56;1.69;3.88;0.09;0.31;0.63;0.76;1.35;0.11;
081020;10:35:03;2.79;17.39;11.60;4.34;5.84;4.82;2.82;0.00;0.00;0.00;0.04;0.04;0.04;2.87;7.64;0.75;21.39;17.53;10.04;4.77;0.82;0.72;0.19;0.41;14.05;4.05;2.83;8.73;2.59;0.00;0.00;0.49;0.59;0.00;11.90;0.39;0.78;32.41;0.46;4.25;1.59;3.67;0.06;0.22;0.40;0.55;1.03;0.08;
081020;10:35:05;2.79;17.35;11.58;4.33;5.83;4.81;2.82;0.00;0.00;0.00;0.04;0.04;0.04;2.87;7.64;0.75;21.40;17.53;10.05;4.82;0.83;0.73;0.19;0.41;14.01;4.04;2.81;8.72;2.59;0.00;0.00;0.49;0.59;0.00;24.43;7.07;23.28;43.45;2.55;5.96;2.12;4.81;0.19;0.60;1.45;1.39;2.29;0.24;
081020;10:35:07;2.78;17.27;11.53;4.31;5.80;4.80;2.81;0.00;0.00;0.00;0.04;0.04;0.04;2.77;7.58;0.71;21.07;17.39;9.81;4.84;0.83;0.73;0.19;0.41;13.80;4.02;2.73;8.64;2.57;0.00;0.00;0.49;0.59;0.00;15.87;1.25;3.04;36.44;0.92;4.49;1.67;3.84;0.10;0.33;0.70;0.82;1.45;0.13;
081020;10:35:10;2.80;17.48;11.64;4.36;5.87;4.84;2.83;0.00;0.00;0.00;0.04;0.04;0.04;2.85;7.63;0.74;21.34;17.51;10.01;4.92;0.83;0.75;0.20;0.42;14.06;4.05;2.83;8.74;2.59;0.00;0.00;0.49;0.59;0.00;12.89;0.54;1.14;33.47;0.56;4.78;1.76;4.03;0.16;0.51;1.20;1.21;2.03;0.20;
081020;10:35:12;2.82;17.64;11.73;4.40;5.91;4.87;2.85;0.00;0.00;0.00;0.04;0.04;0.04;2.87;7.64;0.75;21.39;17.53;10.05;4.96;0.84;0.76;0.20;0.42;14.21;4.07;2.90;8.79;2.60;0.00;0.00;0.49;0.59;0.00;12.56;0.49;1.01;33.12;0.53;4.97;1.81;4.16;0.28;0.84;2.20;1.88;2.98;0.34;
081020;10:35:14;2.82;17.63;11.72;4.39;5.91;4.87;2.85;0.00;0.00;0.00;0.04;0.04;0.04;2.87;7.64;0.75;21.40;17.53;10.06;5.02;0.84;0.78;0.20;0.42;14.04;4.05;2.83;8.73;2.59;0.00;0.00;0.49;0.59;0.00;13.92;0.74;1.64;34.54;0.67;5.17;1.88;4.29;0.11;0.36;0.77;0.88;1.54;0.14;
081020;10:35:17;2.82;17.59;11.70;4.38;5.90;4.86;2.85;0.00;0.00;0.00;0.04;0.04;0.04;2.85;7.63;0.74;21.32;17.50;9.99;5.03;0.85;0.78;0.20;0.42;14.01;4.04;2.81;8.72;2.59;0.00;0.00;0.49;0.59;0.00;11.56;0.35;0.68;32.02;0.43;4.58;1.69;3.89;0.20;0.63;1.54;1.45;2.38;0.25;
081020;10:35:19;2.85;17.85;11.84;4.44;5.98;4.91;2.88;0.00;0.00;0.00;0.04;0.04;0.04;3.01;7.72;0.80;21.81;17.72;10.37;5.14;0.86;0.81;0.20;0.43;14.20;4.06;2.89;8.79;2.60;0.00;0.00;0.49;0.59;0.00;10.79;0.26;0.49;31.13;0.37;4.34;1.62;3.73;0.17;0.54;1.28;1.27;2.12;0.21;
081020;10:35:21;2.85;17.90;11.87;4.46;5.99;4.92;2.88;0.00;0.00;0.00;0.04;0.04;0.04;3.04;7.73;0.81;21.91;17.76;10.44;5.18;0.86;0.82;0.21;0.43;14.54;4.10;3.04;8.92;2.63;0.00;0.00;0.49;0.59;0.00;14.11;0.78;1.75;34.73;0.69;6.74;2.35;5.32;0.44;1.29;3.77;2.78;4.19;0.55;
081020;10:35:23;2.85;17.92;11.87;4.46;6.00;4.92;2.88;0.00;0.00;0.00;0.04;0.04;0.04;3.04;7.74;0.81;21.93;17.77;10.46;5.23;0.86;0.83;0.21;0.43;14.31;4.08;2.94;8.83;2.61;0.00;0.00;0.49;0.59;0.00;17.30;1.76;4.56;37.74;1.12;6.21;2.19;4.98;3.41;8.75;40.59;15.62;18.77;4.33;
081020;10:35:26;2.85;17.92;11.87;4.46;6.00;4.92;2.89;0.00;0.00;0.00;0.04;0.04;0.04;3.05;7.74;0.81;21.94;17.77;10.46;5.26;0.87;0.84;0.21;0.43;14.36;4.08;2.96;8.85;2.61;0.00;0.00;0.49;0.59;0.00;14.44;0.85;1.95;35.06;0.73;4.65;1.72;3.94;0.17;0.52;1.22;1.23;2.06;0.21;
081020;10:35:28;2.86;18.00;11.91;4.48;6.02;4.94;2.89;0.00;0.00;0.00;0.04;0.04;0.04;3.07;7.75;0.83;22.02;17.81;10.53;5.35;0.87;0.86;0.21;0.43;14.37;4.08;2.97;8.86;2.61;0.00;0.00;0.49;0.59;0.00;12.57;0.49;1.01;33.13;0.53;4.84;1.77;4.07;0.05;0.18;0.32;0.47;0.88;0.06;
081020;10:35:30;2.86;17.93;11.88;4.46;6.00;4.93;2.89;0.00;0.00;0.00;0.04;0.04;0.04;3.05;7.74;0.82;21.95;17.78;10.47;5.36;0.88;0.86;0.21;0.44;14.48;4.10;3.01;8.89;2.62;0.00;0.00;0.49;0.59;0.00;13.51;0.65;1.42;34.12;0.63;5.07;1.85;4.23;0.20;0.62;1.52;1.44;2.36;0.25;
081020;10:35:33;2.88;18.12;11.98;4.50;6.06;4.96;2.91;0.00;0.00;0.00;0.04;0.04;0.04;3.16;7.80;0.86;22.29;17.93;10.73;5.42;0.88;0.87;0.21;0.44;14.70;4.12;3.11;8.98;2.64;0.00;0.00;0.50;0.59;0.00;11.41;0.33;0.64;31.85;0.42;6.13;2.17;4.93;0.20;0.63;1.53;1.45;2.37;0.25;
081020;10:35:35;2.88;18.20;12.02;4.52;6.08;4.98;2.92;0.00;0.00;0.00;0.04;0.04;0.05;3.21;7.82;0.88;22.44;17.99;10.85;5.46;0.89;0.89;0.22;0.44;14.75;4.13;3.14;9.00;2.64;0.00;0.00;0.50;0.59;0.00;12.52;0.48;0.99;33.08;0.52;5.41;1.95;4.45;0.15;0.46;1.05;1.10;1.87;0.18;
081020;10:35:37;2.88;18.17;12.00;4.52;6.07;4.97;2.91;0.00;0.00;0.00;0.04;0.04;0.05;3.22;7.83;0.89;22.47;18.01;10.87;5.47;0.89;0.89;0.22;0.44;14.65;4.12;3.09;8.96;2.63;0.00;0.00;0.50;0.59;0.00;12.36;0.46;0.93;32.91;0.51;5.42;1.96;4.47;0.19;0.60;1.44;1.39;2.28;0.24;
081020;10:35:40;2.89;18.25;12.04;4.53;6.09;4.99;2.92;0.00;0.00;0.00;0.04;0.04;0.05;3.23;7.83;0.89;22.48;18.01;10.88;5.54;0.89;0.90;0.22;0.44;14.74;4.13;3.13;8.99;2.64;0.00;0.00;0.50;0.59;0.00;13.34;0.62;1.34;33.95;0.61;6.42;2.26;5.12;0.20;0.61;1.49;1.42;2.33;0.24;
081020;10:35:42;2.90;18.30;12.07;4.54;6.11;5.00;2.93;0.00;0.00;0.00;0.04;0.04;0.05;3.26;7.85;0.90;22.57;18.05;10.95;5.57;0.89;0.91;0.22;0.44;14.96;4.15;3.23;9.08;2.65;0.00;0.00;0.50;0.59;0.00;14.71;0.92;2.12;35.33;0.77;6.00;2.13;4.84;0.10;0.33;0.70;0.82;1.45;0.13;
081020;10:35:44;2.90;18.35;12.10;4.56;6.13;5.01;2.94;0.00;0.00;0.00;0.04;0.04;0.05;3.29;7.87;0.92;22.67;18.10;11.03;5.62;0.90;0.93;0.22;0.45;15.12;4.17;3.30;9.14;2.67;0.00;0.00;0.50;0.59;0.00;11.17;0.30;0.58;31.58;0.40;4.71;1.73;3.98;0.10;0.33;0.68;0.80;1.42;0.12;
081020;10:35:47;2.90;18.32;12.08;4.55;6.12;5.00;2.93;0.00;0.00;0.00;0.04;0.04;0.05;3.24;7.84;0.89;22.52;18.03;10.91;5.67;0.90;0.94;0.22;0.45;15.04;4.16;3.27;9.11;2.66;0.00;0.00;0.50;0.59;0.00;13.75;0.70;1.54;34.37;0.65;4.51;1.67;3.85;0.15;0.48;1.09;1.13;1.91;0.19;
081020;10:35:49;2.88;18.20;12.02;4.52;6.08;4.98;2.92;0.00;0.00;0.00;0.04;0.04;0.05;3.23;7.83;0.89;22.49;18.01;10.89;5.66;0.90;0.94;0.22;0.45;15.03;4.16;3.26;9.10;2.66;0.00;0.00;0.50;0.59;0.00;15.94;1.27;3.10;36.50;0.93;5.63;2.02;4.60;0.06;0.19;0.35;0.50;0.94;0.07;
081020;10:35:51;2.90;18.37;12.11;4.56;6.13;5.01;2.94;0.00;0.00;0.00;0.04;0.04;0.05;3.38;7.91;0.95;22.93;18.21;11.23;5.68;0.90;0.94;0.22;0.45;15.13;4.17;3.31;9.14;2.67;0.00;0.00;0.50;0.59;0.00;13.30;0.61;1.32;33.91;0.60;5.04;1.84;4.21;0.08;0.26;0.52;0.66;1.20;0.10;
081020;10:35:54;2.89;18.25;12.04;4.53;6.09;4.99;2.92;0.00;0.00;0.00;0.04;0.04;0.05;3.32;7.88;0.93;22.75;18.13;11.09;5.68;0.90;0.94;0.22;0.45;15.15;4.17;3.32;9.15;2.67;0.00;0.00;0.50;0.59;0.00;14.33;0.83;1.87;34.95;0.72;4.78;1.76;4.03;0.18;0.57;1.36;1.33;2.20;0.23;
081020;10:35:56;2.90;18.30;12.07;4.54;6.11;5.00;2.93;0.00;0.00;0.00;0.04;0.04;0.05;3.31;7.87;0.92;22.71;18.11;11.06;5.70;0.91;0.95;0.22;0.45;15.26;4.19;3.37;9.19;2.68;0.00;0.00;0.50;0.59;0.00;16.42;1.43;3.57;36.95;0.99;5.40;1.95;4.45;0.10;0.31;0.65;0.77;1.38;0.12;
081020;10:35:58;2.89;18.27;12.06;4.54;6.10;4.99;2.93;0.00;0.00;0.00;0.04;0.04;0.05;3.40;7.92;0.96;22.97;18.23;11.26;5.77;0.91;0.97;0.23;0.45;15.28;4.19;3.38;9.20;2.68;0.00;0.00;0.50;0.59;0.00;16.33;1.40;3.48;36.87;0.98;5.61;2.01;4.59;0.15;0.48;1.11;1.15;1.93;0.19;
081020;10:36:00;2.91;18.43;12.14;4.57;6.15;5.02;2.94;0.00;0.00;0.00;0.04;0.04;0.05;3.41;7.93;0.97;23.02;18.25;11.30;5.87;0.92;0.99;0.23;0.46;15.50;4.21;3.48;9.28;2.69;0.00;0.00;0.50;0.59;0.00;15.88;1.25;3.04;36.44;0.92;5.65;2.03;4.62;0.14;0.44;1.00;1.06;1.81;0.17;
081020;10:36:03;2.91;18.46;12.15;4.58;6.16;5.03;2.95;0.00;0.00;0.00;0.04;0.04;0.05;3.48;7.96;0.99;23.21;18.33;11.46;5.89;0.92;1.00;0.23;0.46;15.65;4.23;3.56;9.34;2.70;0.00;0.00;0.50;0.59;0.00;10.39;0.23;0.41;30.65;0.34;4.95;1.81;4.15;0.25;0.76;1.94;1.72;2.75;0.31;
081020;10:36:05;2.90;18.34;12.09;4.55;6.12;5.01;2.93;0.00;0.00;0.00;0.04;0.04;0.05;3.46;7.95;0.99;23.16;18.31;11.41;5.86;0.92;0.99;0.23;0.46;15.58;4.22;3.52;9.31;2.70;0.00;0.00;0.50;0.59;0.00;13.75;0.70;1.54;34.37;0.65;6.05;2.15;4.88;0.23;0.69;1.73;1.58;2.56;0.28;
081020;10:36:07;2.90;18.36;12.10;4.56;6.13;5.01;2.94;0.00;0.00;0.00;0.04;0.04;0.05;3.52;7.98;1.01;23.33;18.38;11.55;5.89;0.92;1.00;0.23;0.46;15.89;4.26;3.67;9.42;2.72;0.00;0.00;0.50;0.59;0.00;14.03;0.76;1.70;34.65;0.68;4.81;1.76;4.05;0.11;0.36;0.76;0.87;1.53;0.14;
081020;10:36:10;2.91;18.40;12.13;4.57;6.14;5.02;2.94;0.00;0.00;0.00;0.04;0.05;0.05;3.57;8.00;1.03;23.46;18.44;11.65;5.90;0.92;1.00;0.23;0.46;16.18;4.29;3.81;9.53;2.74;0.00;0.00;0.50;0.59;0.00;11.61;0.36;0.70;32.08;0.44;4.72;1.74;3.99;0.16;0.50;1.17;1.19;2.00;0.20;
081020;10:36:12;2.90;18.33;12.09;4.55;6.12;5.01;2.93;0.00;0.00;0.00;0.04;0.05;0.05;3.54;7.99;1.02;23.39;18.41;11.60;5.90;0.92;1.00;0.23;0.46;16.01;4.27;3.73;9.47;2.73;0.00;0.00;0.50;0.59;0.00;13.05;0.57;1.21;33.64;0.58;4.42;1.64;3.78;0.10;0.32;0.66;0.79;1.40;0.12;
081020;10:36:14;2.92;18.52;12.19;4.59;6.18;5.04;2.96;0.00;0.00;0.00;0.05;0.05;0.05;3.61;8.02;1.05;23.56;18.48;11.73;5.97;0.93;1.02;0.23;0.46;16.20;4.29;3.83;9.54;2.74;0.00;0.00;0.50;0.60;0.00;10.68;0.25;0.47;31.00;0.36;5.35;1.93;4.41;0.15;0.46;1.05;1.10;1.87;0.18;
081020;10:36:17;2.93;18.60;12.23;4.61;6.20;5.06;2.96;0.00;0.00;0.00;0.05;0.05;0.05;3.72;8.07;1.10;23.87;18.61;11.98;6.06;0.94;1.04;0.24;0.47;16.24;4.30;3.84;9.55;2.74;0.00;0.01;0.50;0.60;0.00;12.64;0.50;1.04;33.21;0.53;4.98;1.82;4.17;0.19;0.59;1.42;1.37;2.26;0.23;
081020;10:36:19;2.94;18.70;12.28;4.63;6.23;5.08;2.98;0.00;0.00;0.00;0.05;0.05;0.05;3.64;8.03;1.06;23.66;18.52;11.81;6.04;0.94;1.04;0.24;0.46;16.25;4.30;3.85;9.55;2.74;0.00;0.01;0.50;0.60;0.00;9.89;0.19;0.33;30.04;0.30;5.80;2.07;4.71;0.07;0.23;0.45;0.59;1.09;0.09;
081020;10:36:21;2.94;18.72;12.29;4.64;6.23;5.08;2.98;0.00;0.00;0.00;0.05;0.05;0.05;3.80;8.10;1.13;24.08;18.70;12.15;6.11;0.94;1.05;0.24;0.47;16.25;4.30;3.85;9.55;2.74;0.00;0.01;0.50;0.60;0.00;9.50;0.16;0.27;29.56;0.27;4.61;1.70;3.92;0.12;0.39;0.85;0.94;1.64;0.15;
081020;10:36:24;2.95;18.76;12.31;4.65;6.25;5.09;2.98;0.00;0.00;0.00;0.05;0.05;0.05;3.83;8.12;1.14;24.17;18.74;12.22;6.12;0.94;1.06;0.24;0.47;16.59;4.33;4.02;9.68;2.76;0.00;0.01;0.50;0.60;0.00;19.31;2.74;7.66;39.47;1.46;4.83;1.77;4.07;0.06;0.20;0.38;0.52;0.98;0.07;
081020;10:36:26;2.94;18.69;12.27;4.63;6.23;5.07;2.98;0.00;0.00;0.00;0.05;0.05;0.05;3.87;8.14;1.16;24.28;18.78;12.31;6.16;0.95;1.07;0.24;0.47;16.66;4.34;4.06;9.70;2.77;0.00;0.01;0.50;0.60;0.00;12.46;0.47;0.97;33.01;0.52;4.95;1.81;4.15;0.11;0.35;0.73;0.85;1.49;0.13;
081020;10:36:28;2.95;18.80;12.33;4.66;6.26;5.10;2.99;0.00;0.00;0.00;0.05;0.05;0.05;3.88;8.14;1.17;24.30;18.79;12.33;6.23;0.95;1.09;0.24;0.47;16.91;4.37;4.19;9.79;2.79;0.00;0.01;0.50;0.60;0.00;11.85;0.39;0.77;32.35;0.46;4.02;1.51;3.51;0.11;0.35;0.74;0.85;1.50;0.13;
081020;10:36:31;2.96;18.82;12.34;4.66;6.26;5.10;2.99;0.00;0.00;0.00;0.05;0.05;0.05;3.84;8.13;1.15;24.21;18.76;12.25;6.22;0.95;1.08;0.24;0.47;16.84;4.36;4.15;9.77;2.78;0.00;0.01;0.50;0.60;0.00;12.24;0.44;0.89;32.77;0.50;4.99;1.82;4.18;0.05;0.18;0.32;0.47;0.89;0.06;
081020;10:36:33;2.97;18.95;12.41;4.69;6.30;5.12;3.01;0.00;0.00;0.00;0.05;0.05;0.05;4.02;8.20;1.23;24.67;18.95;12.63;6.26;0.95;1.09;0.24;0.47;17.06;4.38;4.27;9.84;2.80;0.00;0.01;0.50;0.60;0.00;17.50;1.85;4.82;37.92;1.16;6.07;2.15;4.89;0.23;0.69;1.74;1.59;2.57;0.28;
081020;10:36:35;2.97;18.97;12.42;4.69;6.31;5.13;3.01;0.00;0.00;0.00;0.05;0.05;0.05;4.09;8.23;1.26;24.86;19.03;12.78;6.32;0.96;1.11;0.25;0.48;17.34;4.41;4.42;9.94;2.81;0.00;0.01;0.51;0.60;0.00;18.21;2.17;5.82;38.54;1.27;6.16;2.18;4.94;0.60;1.71;5.35;3.59;5.23;0.74;
081020;10:36:37;2.96;18.85;12.36;4.67;6.28;5.11;2.99;0.00;0.00;0.00;0.05;0.05;0.05;3.89;8.14;1.17;24.32;18.80;12.34;6.26;0.95;1.09;0.24;0.47;16.58;4.33;4.01;9.67;2.76;0.00;0.01;0.50;0.60;0.00;14.74;0.93;2.14;35.35;0.77;5.06;1.84;4.22;0.34;1.02;2.82;2.25;3.49;0.43;
081020;10:36:40;2.97;18.91;12.39;4.68;6.29;5.12;3.00;0.00;0.00;0.00;0.05;0.05;0.05;4.03;8.21;1.23;24.69;18.96;12.65;6.34;0.96;1.12;0.25;0.48;16.77;4.35;4.12;9.74;2.78;0.00;0.01;0.50;0.60;0.00;17.04;1.66;4.24;37.51;1.08;7.01;2.43;5.49;0.31;0.94;2.54;2.09;3.27;0.39;
081020;10:36:42;2.97;18.93;12.39;4.68;6.30;5.12;3.00;0.00;0.00;0.00;0.05;0.05;0.05;4.06;8.22;1.25;24.77;18.99;12.71;6.36;0.96;1.12;0.25;0.48;17.05;4.38;4.26;9.84;2.79;0.00;0.01;0.50;0.60;0.00;14.72;0.92;2.13;35.34;0.77;7.23;2.50;5.62;0.58;1.67;5.17;3.50;5.11;0.72;
081020;10:36:44;2.97;18.93;12.40;4.68;6.30;5.12;3.00;0.00;0.00;0.00;0.05;0.05;0.05;4.06;8.22;1.25;24.78;19.00;12.72;6.36;0.96;1.12;0.25;0.48;16.98;4.38;4.23;9.82;2.79;0.00;0.01;0.50;0.60;0.00;11.19;0.31;0.58;31.60;0.40;6.99;2.43;5.47;1.18;3.24;11.81;6.37;8.61;1.48;
081020;10:36:47;2.95;18.76;12.31;4.65;6.25;5.09;2.98;0.00;0.00;0.00;0.04;0.04;0.05;3.71;8.06;1.09;23.83;18.60;11.95;6.17;0.95;1.07;0.24;0.47;15.50;4.21;3.48;9.28;2.69;0.00;0.00;0.50;0.60;0.00;19.10;2.63;7.28;39.30;1.42;5.91;2.10;4.78;0.56;1.61;4.97;3.40;4.99;0.70;
081020;10:36:49;2.94;18.69;12.27;4.63;6.23;5.07;2.98;0.00;0.00;0.00;0.04;0.04;0.05;3.64;8.03;1.06;23.65;18.52;11.80;6.08;0.94;1.05;0.24;0.47;15.44;4.21;3.45;9.25;2.69;0.00;0.00;0.50;0.60;0.00;16.39;1.42;3.54;36.92;0.99;5.72;2.04;4.66;1.25;3.43;12.67;6.71;9.01;1.57;
081020;10:36:51;2.94;18.67;12.26;4.63;6.22;5.07;2.97;0.00;0.00;0.00;0.04;0.04;0.05;3.62;8.03;1.05;23.61;18.50;11.77;6.03;0.94;1.03;0.24;0.46;15.00;4.16;3.25;9.09;2.66;0.00;0.00;0.50;0.60;0.00;17.99;2.07;5.49;38.35;1.23;7.79;2.66;5.98;1.12;3.10;11.16;6.12;8.31;1.41;
081020;10:36:54;2.94;18.67;12.26;4.63;6.22;5.07;2.97;0.00;0.00;0.00;0.04;0.04;0.05;3.62;8.02;1.05;23.61;18.50;11.77;6.01;0.93;1.03;0.24;0.46;15.02;4.16;3.26;9.10;2.66;0.00;0.00;0.50;0.59;0.00;18.45;2.29;6.19;38.75;1.31;7.36;2.53;5.71;0.52;1.50;4.53;3.18;4.71;0.64;
081020;10:36:56;2.93;18.63;12.24;4.62;6.21;5.06;2.97;0.00;0.00;0.00;0.04;0.04;0.05;3.59;8.01;1.04;23.51;18.46;11.69;5.92;0.93;1.00;0.23;0.46;14.71;4.12;3.12;8.98;2.64;0.00;0.00;0.50;0.59;0.00;24.67;7.35;24.34;43.62;2.60;6.08;2.16;4.89;0.24;0.72;1.83;1.65;2.66;0.29;
081020;10:36:58;2.93;18.62;12.24;4.62;6.21;5.06;2.97;0.00;0.00;0.00;0.04;0.04;0.05;3.58;8.01;1.04;23.49;18.45;11.68;5.89;0.92;1.00;0.23;0.46;14.75;4.13;3.14;9.00;2.64;0.00;0.00;0.50;0.59;0.00;13.87;0.72;1.61;34.49;0.67;4.88;1.79;4.10;1.14;3.14;11.36;6.20;8.41;1.43;
081020;10:37:01;2.93;18.62;12.24;4.62;6.21;5.06;2.97;0.00;0.00;0.00;0.04;0.04;0.05;3.58;8.00;1.04;23.49;18.45;11.68;5.83;0.92;0.98;0.23;0.46;14.76;4.13;3.14;9.00;2.64;0.00;0.00;0.50;0.59;0.00;16.85;1.59;4.03;37.34;1.06;5.87;2.09;4.76;0.11;0.37;0.78;0.89;1.55;0.14;
081020;10:37:03;2.93;18.58;12.22;4.61;6.19;5.05;2.96;0.00;0.00;0.00;0.04;0.04;0.05;3.58;8.00;1.04;23.49;18.45;11.68;5.80;0.92;0.97;0.23;0.45;14.76;4.13;3.14;9.00;2.64;0.00;0.00;0.50;0.59;0.00;17.76;1.96;5.16;38.14;1.20;5.06;1.84;4.22;0.22;0.68;1.68;1.55;2.52;0.27;
081020;10:37:05;2.93;18.57;12.21;4.60;6.19;5.05;2.96;0.00;0.00;0.00;0.04;0.04;0.04;3.61;8.02;1.05;23.58;18.49;11.75;5.79;0.91;0.97;0.23;0.45;14.76;4.13;3.14;9.00;2.64;0.00;0.00;0.50;0.59;0.00;25.61;8.55;29.07;44.29;2.85;7.25;2.50;5.64;0.33;0.99;2.71;2.19;3.40;0.41;
081020;10:37:08;2.93;18.61;12.23;4.61;6.20;5.06;2.97;0.00;0.00;0.00;0.04;0.04;0.04;3.62;8.02;1.05;23.60;18.50;11.76;5.77;0.91;0.97;0.23;0.45;14.86;4.14;3.19;9.04;2.65;0.00;0.00;0.50;0.59;0.00;11.61;0.35;0.69;32.08;0.44;7.28;2.51;5.66;0.29;0.87;2.31;1.95;3.07;0.36;
081020;10:37:10;2.92;18.53;12.19;4.60;6.18;5.04;2.96;0.00;0.00;0.00;0.04;0.04;0.04;3.65;8.04;1.07;23.70;18.54;11.84;5.73;0.91;0.96;0.23;0.45;15.20;4.18;3.34;9.17;2.67;0.00;0.00;0.50;0.60;0.00;14.39;0.84;1.92;35.02;0.73;4.55;1.68;3.88;0.62;1.78;5.62;3.72;5.39;0.78;
081020;10:37:12;2.91;18.44;12.14;4.58;6.15;5.03;2.95;0.00;0.00;0.00;0.04;0.04;0.04;3.66;8.04;1.07;23.72;18.55;11.86;5.69;0.91;0.94;0.22;0.45;15.16;4.18;3.32;9.15;2.67;0.00;0.01;0.50;0.60;0.00;18.27;2.20;5.90;38.59;1.28;5.14;1.87;4.28;0.21;0.64;1.58;1.48;2.42;0.26;
081020;10:37:14;2.91;18.42;12.13;4.57;6.15;5.02;2.94;0.00;0.00;0.00;0.04;0.04;0.04;3.63;8.03;1.06;23.63;18.51;11.78;5.65;0.90;0.93;0.22;0.45;15.26;4.19;3.37;9.19;2.68;0.00;0.00;0.50;0.60;0.00;15.43;1.11;2.66;36.02;0.86;4.72;1.74;3.99;0.36;1.08;3.01;2.36;3.63;0.45;
081020;10:37:17;2.91;18.42;12.13;4.57;6.15;5.02;2.94;0.00;0.00;0.00;0.04;0.04;0.04;3.62;8.03;1.05;23.61;18.50;11.77;5.59;0.90;0.92;0.22;0.45;14.86;4.14;3.19;9.04;2.65;0.00;0.00;0.50;0.59;0.00;17.87;2.01;5.31;38.24;1.21;6.02;2.14;4.86;0.36;1.08;3.00;2.36;3.63;0.45;
081020;10:37:19;2.91;18.38;12.11;4.56;6.13;5.01;2.94;0.00;0.00;0.00;0.04;0.04;0.04;3.62;8.02;1.05;23.61;18.50;11.77;5.58;0.90;0.92;0.22;0.44;15.20;4.18;3.34;9.17;2.67;0.00;0.00;0.50;0.59;0.00;16.08;1.31;3.23;36.63;0.95;5.81;2.07;4.72;2.16;5.71;23.89;10.63;13.44;2.73;
081020;10:37:21;2.89;18.25;12.04;4.53;6.10;4.99;2.92;0.00;0.00;0.00;0.04;0.04;0.04;3.62;8.02;1.05;23.61;18.50;11.77;5.56;0.89;0.91;0.22;0.44;15.16;4.18;3.32;9.15;2.67;0.00;0.00;0.50;0.59;0.00;19.11;2.63;7.30;39.30;1.42;7.55;2.59;5.83;0.80;2.25;7.51;4.59;6.47;1.00;
081020;10:37:24;2.89;18.26;12.05;4.54;6.10;4.99;2.93;0.00;0.00;0.00;0.04;0.04;0.04;3.59;8.01;1.04;23.51;18.46;11.69;5.49;0.89;0.89;0.22;0.44;14.84;4.14;3.18;9.03;2.65;0.00;0.00;0.50;0.59;0.00;15.10;1.02;2.40;35.71;0.82;6.68;2.34;5.28;0.41;1.20;3.43;2.60;3.95;0.50;
081020;10:37:26;2.91;18.38;12.12;4.56;6.14;5.02;2.94;0.00;0.00;0.00;0.04;0.04;0.04;3.61;8.02;1.05;23.59;18.49;11.75;5.47;0.89;0.89;0.22;0.44;14.78;4.13;3.15;9.01;2.64;0.00;0.00;0.50;0.59;0.00;17.50;1.85;4.82;37.92;1.16;5.22;1.89;4.33;0.41;1.21;3.49;2.63;3.99;0.51;
081020;10:37:28;2.90;18.29;12.07;4.54;6.11;5.00;2.93;0.00;0.00;0.00;0.04;0.04;0.04;3.62;8.02;1.05;23.60;18.50;11.76;5.47;0.89;0.89;0.22;0.44;14.87;4.14;3.19;9.04;2.65;0.00;0.00;0.50;0.59;0.00;19.72;2.99;8.47;39.81;1.53;5.73;2.05;4.67;0.13;0.40;0.88;0.97;1.67;0.15;
081020;10:37:31;2.90;18.31;12.08;4.55;6.11;5.00;2.93;0.00;0.00;0.00;0.04;0.04;0.04;3.62;8.02;1.05;23.60;18.50;11.77;5.42;0.88;0.88;0.21;0.44;15.10;4.17;3.29;9.13;2.66;0.00;0.00;0.50;0.60;0.00;14.46;0.86;1.96;35.08;0.74;6.46;2.27;5.14;0.55;1.60;4.90;3.37;4.94;0.69;
081020;10:37:33;2.91;18.39;12.12;4.57;6.14;5.02;2.94;0.00;0.00;0.00;0.04;0.04;0.04;3.65;8.04;1.07;23.70;18.54;11.84;5.44;0.88;0.88;0.22;0.44;15.57;4.22;3.52;9.30;2.70;0.00;0.01;0.50;0.60;0.00;13.35;0.62;1.34;33.95;0.61;5.21;1.89;4.32;129.52;261.85;2780.95;335.39;270.37;171.07;
081020;10:37:35;2.91;18.41;12.13;4.57;6.14;5.02;2.94;0.00;0.00;0.00;0.04;0.04;0.04;3.80;8.11;1.13;24.09;18.70;12.16;5.47;0.89;0.89;0.22;0.44;15.56;4.22;3.51;9.30;2.70;0.00;0.01;0.50;0.60;0.00;27.20;10.90;38.64;45.39;3.28;6.00;2.13;4.84;0.04;0.15;0.26;0.40;0.77;0.05;
081020;10:37:38;2.93;18.62;12.24;4.62;6.21;5.06;2.97;0.00;0.00;0.00;0.04;0.04;0.05;4.01;8.20;1.22;24.64;18.94;12.61;5.57;0.89;0.91;0.22;0.44;16.79;4.36;4.13;9.75;2.78;0.00;0.01;0.51;0.60;0.00;30.53;17.33;66.57;47.58;4.31;7.01;2.43;5.49;0.12;0.38;0.81;0.92;1.59;0.14;
081020;10:37:40;2.94;18.66;12.26;4.62;6.22;5.07;2.97;0.00;0.00;0.00;0.04;0.04;0.05;4.24;8.30;1.33;25.24;19.19;13.10;5.57;0.90;0.91;0.22;0.44;17.05;4.38;4.26;9.84;2.79;0.00;0.01;0.51;0.60;0.00;34.92;29.76;125.59;50.26;5.93;6.58;2.30;5.22;0.08;0.27;0.55;0.69;1.24;0.10;
081020;10:37:42;2.94;18.67;12.26;4.63;6.22;5.07;2.97;0.00;0.00;0.00;0.04;0.04;0.05;4.29;8.32;1.35;25.36;19.24;13.20;5.57;0.90;0.91;0.22;0.44;17.46;4.43;4.48;9.99;2.82;0.00;0.01;0.51;0.60;0.00;20.27;3.34;9.64;40.26;1.64;6.01;2.14;4.85;0.20;0.62;1.51;1.44;2.36;0.25;
081020;10:37:45;2.93;18.63;12.24;4.62;6.21;5.06;2.97;0.00;0.00;0.00;0.04;0.04;0.05;4.30;8.32;1.36;25.39;19.25;13.22;5.58;0.90;0.91;0.22;0.44;17.54;4.44;4.53;10.02;2.83;0.00;0.01;0.51;0.60;0.00;18.98;2.56;7.06;39.19;1.40;6.70;2.34;5.29;0.24;0.74;1.88;1.68;2.70;0.30;
081020;10:37:47;2.93;18.62;12.24;4.62;6.21;5.06;2.97;0.00;0.00;0.00;0.04;0.04;0.05;4.30;8.32;1.36;25.39;19.25;13.23;5.52;0.89;0.90;0.22;0.44;17.08;4.39;4.28;9.85;2.80;0.00;0.01;0.51;0.60;0.00;36.96;37.40;164.15;51.44;6.78;9.36;3.11;6.93;0.10;0.33;0.68;0.81;1.42;0.12;
081020;10:37:49;2.91;18.38;12.11;4.56;6.13;5.01;2.94;0.00;0.00;0.00;0.04;0.04;0.04;3.89;8.15;1.17;24.33;18.81;12.35;5.32;0.87;0.85;0.21;0.43;15.63;4.23;3.54;9.33;2.70;0.00;0.01;0.50;0.60;0.00;21.50;4.23;12.74;41.24;1.88;7.48;2.57;5.79;0.15;0.48;1.10;1.14;1.93;0.19;
081020;10:37:52;2.90;18.37;12.11;4.56;6.13;5.01;2.94;0.00;0.00;0.00;0.04;0.04;0.04;3.71;8.06;1.09;23.84;18.60;11.96;5.25;0.87;0.83;0.21;0.43;14.93;4.15;3.22;9.07;2.65;0.00;0.01;0.50;0.60;0.00;13.82;0.71;1.58;34.44;0.66;6.82;2.38;5.37;0.13;0.42;0.93;1.01;1.74;0.16;
081020;10:37:54;2.90;18.37;12.11;4.56;6.13;5.01;2.94;0.00;0.00;0.00;0.04;0.04;0.04;3.64;8.03;1.06;23.65;18.52;11.80;5.23;0.86;0.83;0.21;0.43;14.79;4.13;3.16;9.01;2.64;0.00;0.01;0.50;0.60;0.00;15.69;1.19;2.88;36.27;0.89;5.14;1.87;4.28;0.57;1.65;5.09;3.46;5.06;0.71;
081020;10:37:56;2.90;18.28;12.06;4.54;6.11;5.00;2.93;0.00;0.00;0.00;0.04;0.04;0.04;3.62;8.03;1.06;23.61;18.50;11.77;5.18;0.86;0.82;0.21;0.43;14.66;4.12;3.10;8.96;2.63;0.00;0.00;0.50;0.60;0.00;15.79;1.22;2.97;36.36;0.91;5.82;2.08;4.72;0.43;1.27;3.67;2.73;4.12;0.54;
081020;10:37:58;2.91;18.39;12.12;4.56;6.14;5.02;2.94;0.00;0.00;0.00;0.04;0.04;0.04;3.66;8.04;1.07;23.70;18.54;11.84;5.19;0.86;0.82;0.21;0.43;14.74;4.13;3.13;8.99;2.64;0.00;0.01;0.50;0.60;0.00;18.36;2.24;6.04;38.67;1.29;5.38;1.94;4.44;0.90;2.51;8.60;5.07;7.05;1.12;
081020;10:38:01;2.90;18.37;12.11;4.56;6.13;5.01;2.94;0.00;0.00;0.00;0.04;0.04;0.04;3.66;8.04;1.07;23.72;18.55;11.86;5.22;0.86;0.83;0.21;0.43;14.96;4.15;3.23;9.08;2.65;0.00;0.01;0.50;0.60;0.00;11.81;0.38;0.75;32.30;0.46;5.29;1.91;4.37;1.42;3.85;14.65;7.46;9.87;1.78;
081020;10:38:03;2.93;18.61;12.23;4.61;6.20;5.06;2.97;0.00;0.00;0.00;0.04;0.04;0.04;3.98;8.19;1.21;24.57;18.91;12.54;5.31;0.87;0.85;0.21;0.43;15.65;4.23;3.56;9.33;2.70;0.00;0.01;0.50;0.60;0.00;12.25;0.44;0.90;32.79;0.50;5.47;1.97;4.50;0.98;2.73;9.53;5.46;7.53;1.23;
081020;10:38:05;2.96;18.82;12.34;4.66;6.27;5.10;2.99;0.00;0.00;0.00;0.04;0.04;0.04;4.24;8.29;1.33;25.23;19.18;13.09;5.39;0.88;0.87;0.21;0.44;17.05;4.38;4.26;9.84;2.79;0.00;0.01;0.51;0.61;0.00;24.04;6.62;21.54;43.16;2.45;7.09;2.46;5.54;0.06;0.19;0.34;0.49;0.92;0.07;
081020;10:38:08;2.97;18.91;12.39;4.68;6.29;5.12;3.00;0.00;0.00;0.00;0.04;0.04;0.04;4.37;8.35;1.39;25.56;19.32;13.37;5.44;0.88;0.88;0.22;0.44;17.46;4.43;4.48;9.99;2.82;0.00;0.01;0.51;0.61;0.00;20.09;3.22;9.24;40.11;1.60;8.56;2.88;6.44;0.14;0.44;1.00;1.06;1.81;0.17;
081020;10:38:10;2.97;18.97;12.42;4.69;6.31;5.13;3.01;0.00;0.00;0.00;0.04;0.04;0.05;4.52;8.41;1.46;25.93;19.47;13.68;5.46;0.89;0.89;0.22;0.44;18.03;4.49;4.80;10.19;2.86;0.00;0.01;0.51;0.61;0.00;20.14;3.25;9.34;40.15;1.61;8.06;2.74;6.14;0.73;2.07;6.77;4.26;6.06;0.91;
081020;10:38:12;2.96;18.89;12.38;4.68;6.29;5.11;3.00;0.00;0.00;0.00;0.04;0.04;0.05;4.55;8.42;1.48;26.00;19.50;13.74;5.47;0.89;0.89;0.22;0.44;18.66;4.55;5.15;10.40;2.90;0.00;0.01;0.51;0.61;0.00;18.98;2.56;7.07;39.20;1.40;6.56;2.30;5.20;0.53;1.54;4.69;3.26;4.81;0.66;
081020;10:38:15;2.92;18.51;12.18;4.59;6.17;5.04;2.95;0.00;0.00;0.00;0.04;0.04;0.04;4.04;8.21;1.24;24.73;18.97;12.68;5.23;0.86;0.83;0.21;0.43;16.35;4.31;3.90;9.59;2.75;0.00;0.01;0.51;0.60;0.00;15.85;1.24;3.02;36.42;0.91;6.86;2.39;5.39;0.30;0.91;2.45;2.04;3.19;0.38;
081020;10:38:17;2.94;18.64;12.25;4.62;6.21;5.06;2.97;0.00;0.00;0.00;0.04;0.04;0.04;4.13;8.25;1.28;24.97;19.07;12.87;5.26;0.87;0.84;0.21;0.43;16.84;4.36;4.15;9.77;2.78;0.00;0.01;0.51;0.60;0.00;11.76;0.37;0.74;32.24;0.45;6.09;2.16;4.90;1.81;4.82;19.37;9.13;11.77;2.27;
081020;10:38:19;2.96;18.83;12.34;4.66;6.27;5.10;2.99;0.00;0.00;0.00;0.04;0.04;0.04;4.47;8.39;1.44;25.80;19.42;13.57;5.35;0.87;0.86;0.21;0.43;18.03;4.49;4.79;10.18;2.86;0.00;0.01;0.51;0.61;0.00;13.05;0.57;1.21;33.65;0.58;5.04;1.84;4.21;0.44;1.30;3.80;2.80;4.21;0.55;
081020;10:38:22;2.95;18.74;12.30;4.64;6.24;5.08;2.98;0.00;0.00;0.00;0.04;0.04;0.04;4.30;8.32;1.36;25.38;19.24;13.22;5.28;0.87;0.84;0.21;0.43;17.29;4.41;4.39;9.93;2.81;0.00;0.01;0.51;0.60;0.00;21.57;4.28;12.92;41.29;1.90;6.83;2.38;5.38;0.22;0.69;1.71;1.57;2.55;0.28;
081020;10:38:24;2.93;18.56;12.21;4.60;6.19;5.05;2.96;0.00;0.00;0.00;0.04;0.04;0.04;3.92;8.16;1.19;24.42;18.84;12.43;5.11;0.85;0.80;0.20;0.42;16.00;4.27;3.72;9.46;2.73;0.00;0.01;0.50;0.60;0.00;7.89;0.07;0.11;27.40;0.18;5.12;1.86;4.27;27.85;62.25;466.00;91.76;87.58;36.17;
081020;10:38:26;2.94;18.69;12.27;4.63;6.23;5.07;2.98;0.00;0.00;0.00;0.04;0.04;0.04;4.30;8.32;1.36;25.39;19.25;13.23;5.30;0.87;0.85;0.21;0.43;17.48;4.43;4.49;9.99;2.82;0.00;0.01;0.51;0.61;0.00;11.24;0.31;0.60;31.66;0.41;6.80;2.37;5.36;1.15;3.15;11.42;6.22;8.43;1.44;
081020;10:38:29;2.96;18.88;12.37;4.67;6.28;5.11;3.00;0.00;0.00;0.00;0.04;0.04;0.05;4.59;8.43;1.50;26.09;19.54;13.82;5.35;0.88;0.86;0.21;0.43;18.29;4.51;4.94;10.28;2.87;0.00;0.01;0.51;0.61;0.00;15.53;1.14;2.74;36.11;0.87;4.90;1.79;4.11;0.30;0.89;2.38;1.99;3.13;0.37;
081020;10:38:31;2.96;18.88;12.37;4.67;6.28;5.11;3.00;0.00;0.00;0.00;0.04;0.04;0.05;4.69;8.47;1.55;26.34;19.64;14.03;5.37;0.88;0.86;0.21;0.44;18.84;4.57;5.26;10.46;2.91;0.00;0.01;0.51;0.61;0.00;15.59;1.16;2.79;36.17;0.88;4.90;1.79;4.11;0.41;1.21;3.48;2.63;3.99;0.51;
081020;10:38:33;2.94;18.67;12.26;4.63;6.22;5.07;2.97;0.00;0.00;0.00;0.04;0.04;0.04;4.30;8.32;1.36;25.38;19.25;13.22;5.19;0.86;0.82;0.21;0.43;17.69;4.45;4.61;10.07;2.84;0.00;0.01;0.51;0.61;0.00;12.23;0.44;0.89;32.76;0.50;4.94;1.81;4.14;65.21;137.88;1252.68;188.04;163.46;85.49;
081020;10:38:36;2.93;18.63;12.24;4.62;6.21;5.06;2.97;0.00;0.00;0.00;0.04;0.04;0.04;4.18;8.27;1.31;25.10;19.13;12.98;5.13;0.85;0.80;0.20;0.42;16.76;4.35;4.11;9.74;2.78;0.00;0.01;0.51;0.60;0.00;17.82;1.99;5.25;38.20;1.21;6.07;2.15;4.89;0.45;1.30;3.81;2.80;4.22;0.55;
081020;10:38:38;2.91;18.46;12.15;4.58;6.16;5.03;2.95;0.00;0.00;0.00;0.04;0.04;0.04;3.87;8.14;1.16;24.27;18.78;12.30;5.01;0.84;0.77;0.20;0.42;15.57;4.22;3.52;9.30;2.70;0.00;0.01;0.50;0.60;0.00;21.68;4.37;13.24;41.38;1.92;6.51;2.29;5.17;0.15;0.46;1.05;1.10;1.87;0.18;
081020;10:38:40;2.91;18.42;12.14;4.57;6.15;5.02;2.94;0.00;0.00;0.00;0.04;0.04;0.04;3.84;8.13;1.15;24.20;18.75;12.25;4.98;0.84;0.77;0.20;0.42;15.56;4.22;3.51;9.30;2.70;0.00;0.01;0.50;0.60;0.00;20.23;3.31;9.54;40.23;1.63;6.05;2.15;4.88;0.13;0.42;0.93;1.01;1.73;0.16;
081020;10:38:42;2.91;18.42;12.13;4.57;6.15;5.02;2.94;0.00;0.00;0.00;0.04;0.04;0.04;3.84;8.12;1.15;24.19;18.75;12.24;4.98;0.84;0.77;0.20;0.42;15.23;4.18;3.36;9.18;2.67;0.00;0.01;0.50;0.60;0.00;14.77;0.93;2.16;35.38;0.77;7.46;2.56;5.77;0.34;1.02;2.82;2.26;3.49;0.43;
081020;10:38:45;2.93;18.58;12.22;4.61;6.19;5.05;2.96;0.00;0.00;0.00;0.04;0.04;0.04;4.05;8.22;1.25;24.76;18.99;12.70;5.07;0.85;0.79;0.20;0.42;16.15;4.29;3.80;9.52;2.74;0.00;0.01;0.51;0.60;0.00;10.04;0.20;0.35;30.24;0.31;7.14;2.47;5.57;80.58;168.04;1601.90;224.77;190.90;105.88;
081020;10:38:47;2.95;18.77;12.32;4.65;6.25;5.09;2.99;0.00;0.00;0.00;0.04;0.04;0.04;4.45;8.38;1.43;25.76;19.40;13.54;5.23;0.86;0.83;0.21;0.43;18.37;4.52;4.99;10.30;2.88;0.00;0.01;0.51;0.61;0.00;17.90;2.02;5.36;38.27;1.22;6.46;2.27;5.14;0.85;2.38;8.03;4.82;6.76;1.06;
081020;10:38:49;2.92;18.53;12.19;4.59;6.18;5.04;2.96;0.00;0.00;0.00;0.04;0.04;0.04;4.14;8.25;1.28;24.98;19.08;12.88;5.04;0.85;0.78;0.20;0.42;16.53;4.33;3.99;9.66;2.76;0.00;0.01;0.51;0.60;0.00;15.62;1.17;2.82;36.20;0.88;6.70;2.34;5.29;0.14;0.44;1.00;1.06;1.81;0.17;
081020;10:38:52;2.95;18.76;12.31;4.65;6.25;5.09;2.98;0.00;0.00;0.00;0.04;0.04;0.04;4.47;8.39;1.44;25.81;19.42;13.58;5.16;0.86;0.81;0.21;0.43;17.96;4.48;4.76;10.16;2.85;0.00;0.01;0.51;0.61;0.00;19.11;2.63;7.30;39.31;1.42;6.90;2.40;5.42;0.28;0.84;2.22;1.89;3.00;0.35;
081020;10:38:54;2.93;18.57;12.21;4.60;6.19;5.05;2.96;0.00;0.00;0.00;0.04;0.04;0.04;4.18;8.27;1.30;25.08;19.12;12.97;5.03;0.85;0.78;0.20;0.42;16.93;4.37;4.20;9.80;2.79;0.00;0.01;0.51;0.60;0.00;19.74;3.00;8.50;39.82;1.54;6.12;2.17;4.92;0.50;1.45;4.35;3.09;4.59;0.62;
081020;10:38:56;2.93;18.57;12.21;4.60;6.19;5.05;2.96;0.00;0.00;0.00;0.04;0.04;0.04;4.20;8.28;1.31;25.13;19.14;13.01;5.06;0.85;0.79;0.20;0.42;17.20;4.40;4.34;9.89;2.80;0.00;0.01;0.51;0.61;0.00;14.22;0.80;1.81;34.84;0.71;6.21;2.19;4.98;0.46;1.35;3.97;2.89;4.33;0.57;
081020;10:38:59;2.95;18.77;12.32;4.65;6.25;5.09;2.98;0.00;0.00;0.00;0.04;0.04;0.05;4.69;8.47;1.55;26.34;19.64;14.03;5.21;0.86;0.82;0.21;0.43;19.38;4.62;5.59;10.65;2.94;0.00;0.01;0.51;0.61;0.00;16.88;1.60;4.06;37.37;1.06;6.46;2.27;5.14;0.40;1.18;3.37;2.57;3.91;0.50;
081020;10:39:01;2.94;18.69;12.27;4.63;6.23;5.07;2.98;0.00;0.00;0.00;0.04;0.04;0.04;4.54;8.42;1.47;25.98;19.49;13.72;5.13;0.85;0.80;0.20;0.42;18.53;4.54;5.08;10.36;2.89;0.00;0.01;0.51;0.61;0.00;18.66;2.39;6.52;38.93;1.35;5.69;2.04;4.64;0.22;0.67;1.65;1.53;2.49;0.27;
081020;10:39:03;2.94;18.67;12.26;4.63;6.22;5.07;2.97;0.00;0.00;0.00;0.04;0.04;0.04;4.43;8.37;1.42;25.71;19.38;13.49;5.08;0.85;0.79;0.20;0.42;18.13;4.50;4.85;10.22;2.86;0.00;0.01;0.51;0.61;0.00;15.25;1.06;2.52;35.85;0.83;4.60;1.70;3.91;1.79;4.78;19.13;9.05;11.68;2.25;
081020;10:39:06;2.91;18.39;12.12;4.56;6.14;5.02;2.94;0.00;0.00;0.00;0.04;0.04;0.04;3.80;8.11;1.13;24.10;18.71;12.17;4.85;0.83;0.74;0.19;0.41;15.70;4.24;3.58;9.35;2.71;0.00;0.01;0.50;0.60;0.00;15.77;1.22;2.95;36.34;0.90;5.44;1.96;4.47;4.31;10.88;53.27;19.02;22.29;5.48;
081020;10:39:08;2.90;18.37;12.11;4.56;6.13;5.01;2.94;0.00;0.00;0.00;0.04;0.04;0.04;3.66;8.04;1.07;23.70;18.54;11.85;4.80;0.82;0.73;0.19;0.41;15.15;4.17;3.32;9.15;2.67;0.00;0.01;0.50;0.60;0.00;16.45;1.44;3.60;36.98;1.00;6.76;2.36;5.33;0.72;2.05;6.68;4.22;6.01;0.90;
081020;10:39:10;2.90;18.37;12.11;4.56;6.13;5.01;2.94;0.00;0.00;0.00;0.04;0.04;0.04;3.66;8.04;1.07;23.72;18.55;11.86;4.79;0.82;0.72;0.19;0.41;14.84;4.14;3.18;9.03;2.65;0.00;0.01;0.50;0.60;0.00;17.53;1.86;4.86;37.94;1.16;6.38;2.25;5.09;0.64;1.84;5.84;3.82;5.52;0.80;
081020;10:39:13;2.89;18.24;12.04;4.53;6.09;4.99;2.92;0.00;0.00;0.00;0.04;0.04;0.04;3.63;8.03;1.06;23.63;18.51;11.78;4.79;0.82;0.72;0.19;0.41;14.78;4.13;3.15;9.01;2.64;0.00;0.01;0.50;0.60;0.00;18.86;2.50;6.87;39.10;1.38;6.16;2.18;4.95;0.16;0.50;1.15;1.18;1.99;0.20;
081020;10:39:15;2.90;18.34;12.09;4.55;6.12;5.01;2.93;0.00;0.00;0.00;0.04;0.04;0.04;3.62;8.03;1.05;23.61;18.50;11.77;4.81;0.82;0.73;0.19;0.41;14.87;4.14;3.19;9.04;2.65;0.00;0.01;0.50;0.60;0.00;19.39;2.79;7.81;39.54;1.47;7.89;2.69;6.03;0.28;0.86;2.25;1.92;3.03;0.35;
081020;10:39:17;2.89;18.28;12.06;4.54;6.11;5.00;2.93;0.00;0.00;0.00;0.04;0.04;0.04;3.62;8.02;1.05;23.61;18.50;11.77;4.79;0.82;0.72;0.19;0.41;14.68;4.12;3.10;8.97;2.63;0.00;0.01;0.50;0.60;0.00;22.42;5.00;15.51;41.95;2.08;4.63;1.71;3.93;0.28;0.86;2.26;1.92;3.03;0.35;
081020;10:39:19;2.89;18.27;12.05;4.54;6.10;4.99;2.93;0.00;0.00;0.00;0.04;0.04;0.04;3.62;8.02;1.05;23.61;18.50;11.77;4.79;0.82;0.72;0.19;0.41;14.74;4.13;3.13;9.00;2.64;0.00;0.01;0.50;0.60;0.00;18.72;2.42;6.62;38.97;1.35;6.65;2.33;5.26;1.02;2.82;9.93;5.62;7.72;1.27;
081020;10:39:22;2.90;18.35;12.10;4.55;6.12;5.01;2.94;0.00;0.00;0.00;0.04;0.04;0.04;3.62;8.02;1.05;23.61;18.50;11.77;4.79;0.82;0.72;0.19;0.41;14.86;4.14;3.19;9.04;2.65;0.00;0.01;0.50;0.60;0.00;18.45;2.28;6.18;38.74;1.31;6.28;2.22;5.03;0.56;1.61;4.94;3.39;4.97;0.69;
081020;10:39:24;2.89;18.28;12.06;4.54;6.11;5.00;2.93;0.00;0.00;0.00;0.04;0.04;0.04;3.65;8.04;1.07;23.70;18.54;11.84;4.79;0.82;0.72;0.19;0.41;14.99;4.16;3.24;9.09;2.66;0.00;0.01;0.50;0.60;0.00;13.67;0.68;1.50;34.28;0.64;8.29;2.81;6.28;0.20;0.61;1.48;1.41;2.32;0.24;
081020;10:39:26;2.89;18.23;12.03;4.53;6.09;4.98;2.92;0.00;0.00;0.00;0.04;0.04;0.04;3.80;8.11;1.13;24.09;18.70;12.16;4.79;0.82;0.72;0.19;0.41;15.23;4.18;3.35;9.18;2.67;0.00;0.01;0.50;0.60;0.00;19.62;2.93;8.26;39.73;1.51;6.56;2.30;5.21;1.07;2.95;10.52;5.86;8.01;1.34;
081020;10:39:29;2.91;18.38;12.11;4.56;6.13;5.01;2.94;0.00;0.00;0.00;0.04;0.04;0.04;3.94;8.17;1.19;24.45;18.86;12.45;4.83;0.83;0.73;0.19;0.41;15.93;4.26;3.69;9.44;2.72;0.00;0.01;0.51;0.60;0.00;16.49;1.45;3.64;37.01;1.00;5.55;1.99;4.55;3.21;8.25;37.78;14.82;17.94;4.07;
081020;10:39:31;2.91;18.45;12.15;4.58;6.16;5.03;2.95;0.00;0.00;0.00;0.04;0.04;0.04;4.04;8.21;1.24;24.72;18.97;12.67;4.87;0.83;0.74;0.19;0.41;16.30;4.30;3.87;9.57;2.75;0.00;0.01;0.51;0.60;0.00;18.59;2.36;6.41;38.86;1.33;6.57;2.30;5.21;0.57;1.65;5.12;3.48;5.08;0.71;
081020;10:39:33;2.91;18.38;12.11;4.56;6.14;5.01;2.94;0.00;0.00;0.00;0.04;0.04;0.04;4.02;8.20;1.23;24.67;18.95;12.63;4.85;0.83;0.74;0.19;0.41;16.37;4.31;3.91;9.60;2.75;0.00;0.01;0.51;0.60;0.00;18.93;2.53;6.98;39.15;1.39;6.98;2.42;5.47;0.15;0.49;1.11;1.15;1.94;0.19;
081020;10:39:36;2.93;18.57;12.21;4.60;6.19;5.05;2.96;0.00;0.00;0.00;0.04;0.04;0.04;4.32;8.33;1.37;25.44;19.27;13.27;4.94;0.84;0.76;0.20;0.42;17.80;4.46;4.67;10.10;2.84;0.00;0.01;0.51;0.61;0.00;14.83;0.95;2.20;35.44;0.78;6.17;2.18;4.96;0.40;1.19;3.41;2.59;3.93;0.50;
081020;10:39:38;2.96;18.86;12.36;4.67;6.28;5.11;2.99;0.00;0.00;0.00;0.04;0.04;0.04;4.72;8.49;1.56;26.41;19.67;14.09;5.12;0.85;0.80;0.20;0.42;19.38;4.62;5.59;10.65;2.94;0.00;0.01;0.52;0.61;0.00;19.40;2.80;7.85;39.55;1.48;8.15;2.77;6.20;0.21;0.66;1.63;1.51;2.47;0.26;
081020;10:39:40;2.97;18.91;12.39;4.68;6.29;5.12;3.00;0.00;0.00;0.00;0.04;0.04;0.05;4.80;8.52;1.60;26.61;19.75;14.26;5.10;0.85;0.80;0.20;0.42;19.72;4.66;5.80;10.76;2.96;0.00;0.01;0.52;0.61;0.00;15.02;1.00;2.34;35.63;0.81;5.82;2.07;4.72;3.87;9.85;47.07;17.39;20.61;4.92;
