4.55,34.37,19.80,8.02,10.71,7.84,4.64||0.00,0.00,0.00,0.08,0.07,0.08||53.79,14.18,57.76,74.11,34.55,73.77||11.51,1.34,2.82,0.42,0.66||52.46,6.98,45.91,19.70,4.35||0.02,0.05,0.70,0.81,0.01||42.08,62.99,302.60,54.23,9.21||6.23,2.20,4.99||0.21,0.65,1.59,1.49,2.43,0.26||
3.08,19.95,12.92,4.91,6.60,5.32,3.12||0.00,0.00,0.00,0.04,0.04,0.04||4.65,8.46,1.53,26.25,19.60,13.96||4.93,0.84,0.76,0.20,0.42||17.42,4.42,4.46,9.97,2.82||0.00,0.01,0.53,0.63,0.00||33.53,25.26,103.58,49.43,5.38||6.58,2.30,5.22||0.51,1.49,4.49,3.16,4.68,0.64||
2.87,18.05,11.94,4.49,6.04,4.95,2.90||0.00,0.00,0.00,0.03,0.04,0.04||2.92,7.67,0.76,21.53,17.59,10.15||4.18,0.76,0.59,0.17,0.38||14.29,4.07,2.93,8.82,2.61||0.00,0.01,0.50,0.60,0.00||25.45,8.33,28.21,44.18,2.80||5.19,1.88,4.31||0.51,1.47,4.44,3.13,4.65,0.63||
2.82,17.65,11.74,4.40,5.92,4.87,2.85||0.00,0.00,0.00,0.03,0.04,0.04||2.61,7.49,0.65,20.55,17.15,9.42||4.05,0.75,0.56,0.17,0.37||13.74,4.01,2.70,8.61,2.57||0.00,0.00,0.50,0.59,0.00||28.24,12.66,46.08,46.09,3.58||4.14,1.55,3.59||0.10,0.31,0.65,0.78,1.38,0.12||
2.80,17.49,11.65,4.36,5.87,4.84,2.84||0.00,0.00,0.00,0.03,0.04,0.04||2.56,7.46,0.63,20.36,17.06,9.28||3.99,0.74,0.54,0.16,0.37||13.64,4.00,2.66,8.57,2.56||0.00,0.00,0.50,0.59,0.00||40.25,52.65,245.22,53.25,8.29||4.59,1.70,3.90||0.28,0.85,2.22,1.90,3.00,0.35||
2.80,17.42,11.61,4.35,5.85,4.83,2.83||0.00,0.00,0.00,0.03,0.04,0.04||2.55,7.45,0.62,20.33,17.05,9.26||3.95,0.74,0.54,0.16,0.37||13.62,3.99,2.65,8.56,2.56||0.00,0.00,0.50,0.59,0.00||46.55,94.52,487.14,56.51,11.69||6.69,2.34,5.29||0.45,1.33,3.89,2.85,4.27,0.56||
2.79,17.41,11.61,4.34,5.84,4.82,2.82||0.00,0.00,0.00,0.03,0.04,0.04||2.54,7.45,0.62,20.32,17.04,9.25||3.94,0.74,0.53,0.16,0.37||13.61,3.99,2.65,8.56,2.56||0.00,0.00,0.50,0.59,0.00||42.20,63.71,306.64,54.29,9.27||6.49,2.28,5.16||0.34,1.02,2.82,2.25,3.49,0.43||
2.79,17.40,11.60,4.34,5.84,4.82,2.82||0.00,0.00,0.00,0.03,0.04,0.04||2.54,7.45,0.62,20.32,17.04,9.25||3.94,0.74,0.53,0.16,0.37||13.61,3.99,2.65,8.56,2.56||0.00,0.00,0.50,0.59,0.00||25.64,8.58,29.20,44.31,2.85||4.56,1.69,3.88||0.10,0.33,0.70,0.82,1.44,0.13||
2.79,17.40,11.60,4.34,5.84,4.82,2.82||0.00,0.00,0.00,0.03,0.04,0.04||2.54,7.45,0.62,20.32,17.04,9.25||3.88,0.73,0.52,0.16,0.37||13.45,3.97,2.58,8.50,2.55||0.00,0.00,0.50,0.59,0.00||23.67,6.22,20.03,42.89,2.36||4.90,1.79,4.11||0.11,0.35,0.75,0.86,1.51,0.13||
2.79,17.40,11.60,4.34,5.84,4.82,2.82||0.00,0.00,0.00,0.03,0.04,0.04||2.45,7.39,0.59,20.01,16.90,9.02||3.87,0.73,0.52,0.16,0.36||13.58,3.99,2.63,8.55,2.56||0.00,0.00,0.50,0.59,0.00||33.75,25.94,106.87,49.56,5.47||5.83,2.08,4.73||0.20,0.62,1.52,1.44,2.36,0.25||
2.79,17.40,11.60,4.34,5.84,4.82,2.82||0.00,0.00,0.00,0.03,0.04,0.04||2.48,7.41,0.60,20.10,16.94,9.09||3.87,0.73,0.52,0.16,0.36||13.61,3.99,2.64,8.56,2.56||0.00,0.00,0.50,0.59,0.00||37.51,39.67,175.92,51.75,7.02||6.03,2.14,4.86||0.99,2.75,9.63,5.50,7.57,1.24||
2.79,17.40,11.60,4.34,5.84,4.82,2.82||0.00,0.00,0.00,0.03,0.04,0.04||2.42,7.37,0.58,19.89,16.85,8.94||3.86,0.73,0.52,0.16,0.36||13.53,3.98,2.61,8.53,2.55||0.00,0.00,0.50,0.59,0.00||26.67,10.06,35.17,45.03,3.13||4.02,1.52,3.51||0.34,1.01,2.77,2.23,3.45,0.42||
2.79,17.40,11.60,4.34,5.84,4.82,2.82||0.00,0.00,0.00,0.03,0.04,0.04||2.41,7.36,0.57,19.84,16.83,8.91||3.82,0.72,0.51,0.16,0.36||13.43,3.97,2.57,8.49,2.54||0.00,0.00,0.50,0.59,0.00||25.12,7.91,26.54,43.94,2.72||4.22,1.58,3.65||0.35,1.04,2.86,2.28,3.52,0.43||
2.79,17.40,11.60,4.34,5.84,4.82,2.82||0.00,0.00,0.00,0.03,0.04,0.04||2.40,7.36,0.57,19.84,16.82,8.90||3.80,0.72,0.50,0.16,0.36||13.26,3.95,2.50,8.42,2.53||0.00,0.00,0.50,0.59,0.00||27.87,12.01,43.33,45.85,3.48||5.26,1.91,4.36||0.17,0.54,1.27,1.27,2.11,0.21||
2.79,17.40,11.60,4.34,5.84,4.82,2.82||0.00,0.00,0.00,0.03,0.04,0.04||2.40,7.36,0.57,19.83,16.82,8.90||3.79,0.72,0.50,0.16,0.36||13.22,3.95,2.49,8.41,2.53||0.00,0.00,0.50,0.59,0.00||29.71,15.53,58.55,47.05,4.04||4.88,1.79,4.10||0.09,0.30,0.60,0.74,1.32,0.11||
2.79,17.40,11.60,4.34,5.84,4.82,2.82||0.00,0.00,0.00,0.03,0.04,0.04||2.40,7.36,0.57,19.83,16.82,8.90||3.79,0.72,0.50,0.16,0.36||13.37,3.96,2.55,8.47,2.54||0.00,0.00,0.50,0.59,0.00||30.23,16.64,63.50,47.38,4.21||4.42,1.64,3.79||0.10,0.31,0.65,0.77,1.38,0.12||
2.79,17.40,11.60,4.34,5.84,4.82,2.82||0.00,0.00,0.00,0.03,0.04,0.04||2.38,7.34,0.57,19.76,16.79,8.84||3.75,0.72,0.49,0.15,0.36||13.25,3.95,2.50,8.42,2.53||0.00,0.00,0.50,0.59,0.00||23.74,6.30,20.33,42.94,2.38||3.96,1.50,3.46||0.10,0.31,0.64,0.77,1.37,0.12||
2.79,17.40,11.60,4.34,5.84,4.82,2.82||0.00,0.00,0.00,0.03,0.04,0.04||2.29,7.29,0.53,19.44,16.64,8.62||3.73,0.72,0.49,0.15,0.36||13.14,3.94,2.46,8.38,2.52||0.00,0.00,0.50,0.59,0.00||24.02,6.61,21.49,43.15,2.45||5.12,1.86,4.26||0.11,0.34,0.71,0.83,1.46,0.13||
2.79,17.40,11.60,4.34,5.84,4.82,2.82||0.00,0.00,0.00,0.03,0.04,0.04||2.32,7.30,0.54,19.53,16.68,8.68||3.72,0.71,0.49,0.15,0.36||13.20,3.94,2.48,8.40,2.53||0.00,0.00,0.50,0.59,0.00||46.86,97.11,502.80,56.66,11.88||6.82,2.38,5.37||0.19,0.59,1.42,1.37,2.26,0.23||
2.79,17.40,11.60,4.34,5.84,4.82,2.82||0.00,0.00,0.00,0.03,0.04,0.04||2.28,7.28,0.53,19.40,16.62,8.59||3.72,0.71,0.49,0.15,0.36||13.21,3.94,2.48,8.41,2.53||0.00,0.00,0.50,0.59,0.00||60.53,271.99,1683.07,62.90,21.78||8.13,2.76,6.18||0.45,1.32,3.86,2.83,4.25,0.56||
2.79,17.40,11.60,4.34,5.84,4.82,2.82||0.00,0.00,0.00,0.03,0.04,0.04||2.27,7.27,0.53,19.37,16.60,8.57||3.72,0.71,0.49,0.15,0.36||13.21,3.94,2.48,8.41,2.53||0.00,0.00,0.50,0.59,0.00||40.67,54.93,257.72,53.48,8.50||6.28,2.21,5.02||0.14,0.44,0.98,1.04,1.79,0.17||
2.79,17.40,11.60,4.34,5.84,4.82,2.82||0.00,0.00,0.00,0.03,0.04,0.04||2.27,7.27,0.53,19.36,16.60,8.56||3.71,0.71,0.49,0.15,0.36||13.21,3.94,2.48,8.41,2.53||0.00,0.00,0.50,0.59,0.00||43.49,71.91,353.47,54.96,9.96||7.17,2.48,5.59||0.34,1.01,2.77,2.23,3.45,0.42||
2.78,17.28,11.54,4.32,5.81,4.80,2.81||0.00,0.00,0.00,0.03,0.04,0.04||2.27,7.27,0.53,19.36,16.60,8.56||3.66,0.71,0.48,0.15,0.35||13.21,3.94,2.49,8.41,2.53||0.00,0.00,0.50,0.59,0.00||37.34,38.94,172.15,51.65,6.94||5.29,1.92,4.38||0.09,0.30,0.62,0.75,1.34,0.11||
2.79,17.34,11.57,4.33,5.82,4.81,2.82||0.00,0.00,0.00,0.03,0.04,0.04||2.27,7.27,0.53,19.36,16.60,8.56||3.65,0.71,0.47,0.15,0.35||13.14,3.93,2.45,8.38,2.52||0.00,0.00,0.50,0.59,0.00||36.00,33.64,144.96,50.89,6.37||6.77,2.36,5.33||0.27,0.83,2.16,1.86,2.94,0.34||
2.78,17.31,11.55,4.32,5.82,4.80,2.81||0.00,0.00,0.00,0.03,0.04,0.04||2.27,7.27,0.53,19.36,16.60,8.56||3.65,0.71,0.47,0.15,0.35||13.12,3.93,2.45,8.37,2.52||0.00,0.00,0.50,0.59,0.00||39.48,48.75,224.05,52.84,7.92||6.96,2.42,5.46||0.40,1.17,3.32,2.54,3.87,0.49||
2.77,17.22,11.51,4.30,5.79,4.79,2.80||0.00,0.00,0.00,0.03,0.04,0.04||2.27,7.27,0.53,19.36,16.60,8.56||3.64,0.71,0.47,0.15,0.35||13.12,3.93,2.45,8.37,2.52||0.00,0.00,0.50,0.59,0.00||35.15,30.54,129.46,50.39,6.02||6.18,2.18,4.96||0.18,0.57,1.37,1.33,2.21,0.23||
2.78,17.24,11.52,4.31,5.80,4.79,2.81||0.00,0.00,0.00,0.03,0.04,0.04||2.23,7.24,0.51,19.21,16.53,8.46||3.65,0.71,0.47,0.15,0.35||13.12,3.93,2.45,8.37,2.52||0.00,0.00,0.50,0.59,0.00||39.17,47.23,215.85,52.67,7.78||5.03,1.83,4.20||0.07,0.23,0.44,0.58,1.07,0.08||
2.79,17.37,11.59,4.34,5.83,4.82,2.82||0.00,0.00,0.00,0.03,0.04,0.04||2.26,7.27,0.52,19.33,16.59,8.54||3.79,0.72,0.50,0.16,0.36||13.19,3.94,2.48,8.40,2.53||0.00,0.00,0.50,0.59,0.00||29.59,15.29,57.49,46.98,4.01||5.82,2.08,4.73||0.06,0.21,0.39,0.54,1.01,0.08||
2.84,17.81,11.82,4.44,5.97,4.90,2.87||0.00,0.00,0.00,0.03,0.04,0.04||2.48,7.41,0.60,20.12,16.95,9.10||4.52,0.80,0.66,0.18,0.40||13.93,4.03,2.78,8.69,2.58||0.00,0.00,0.50,0.59,0.00||39.58,49.21,226.54,52.89,7.97||8.35,2.82,6.32||0.26,0.80,2.06,1.80,2.86,0.32||
2.88,18.12,11.98,4.50,6.06,4.96,2.91||0.00,0.00,0.00,0.03,0.04,0.04||2.90,7.66,0.76,21.48,17.57,10.11||5.55,0.89,0.91,0.22,0.44||14.51,4.10,3.03,8.91,2.62||0.00,0.00,0.50,0.59,0.00||46.58,94.80,488.78,56.52,11.71||7.05,2.44,5.51||1.77,4.73,18.91,8.97,11.59,2.23||
2.91,18.40,12.12,4.57,6.14,5.02,2.94||0.00,0.00,0.00,0.03,0.04,0.04||3.24,7.84,0.89,22.52,18.03,10.91||6.63,0.99,1.20,0.26,0.49||14.97,4.15,3.24,9.08,2.66||0.00,0.00,0.50,0.59,0.00||38.64,44.71,202.39,52.38,7.53||7.88,2.69,6.03||0.75,2.11,6.94,4.33,6.16,0.93||
2.91,18.45,12.15,4.58,6.16,5.03,2.95||0.00,0.00,0.00,0.04,0.04,0.04||3.50,7.97,1.00,23.27,18.35,11.50||7.60,1.06,1.48,0.29,0.53||15.60,4.23,3.53,9.32,2.70||0.00,0.00,0.50,0.59,0.00||40.82,55.76,262.30,53.56,8.57||8.07,2.74,6.15||0.98,2.72,9.52,5.45,7.52,1.23||
2.94,18.69,12.27,4.63,6.23,5.07,2.98||0.00,0.00,0.00,0.04,0.04,0.04||3.85,8.13,1.16,24.24,18.77,12.28||8.42,1.13,1.73,0.32,0.56||16.20,4.29,3.82,9.53,2.74||0.00,0.00,0.50,0.60,0.00||32.29,21.71,86.74,48.68,4.92||8.13,2.76,6.18||0.51,1.48,4.47,3.15,4.66,0.64||
2.95,18.74,12.30,4.64,6.24,5.08,2.98||0.00,0.00,0.00,0.04,0.04,0.04||4.15,8.26,1.29,25.00,19.09,12.90||9.04,1.17,1.94,0.34,0.58||16.42,4.32,3.93,9.61,2.75||0.00,0.00,0.50,0.60,0.00||36.62,36.00,156.99,51.24,6.63||9.10,3.04,6.77||1.38,3.75,14.18,7.28,9.67,1.73||
2.96,18.84,12.35,4.66,6.27,5.10,2.99||0.00,0.00,0.00,0.04,0.04,0.04||4.36,8.35,1.39,25.54,19.31,13.36||9.55,1.21,2.11,0.36,0.60||16.75,4.35,4.10,9.73,2.77||0.00,0.00,0.50,0.60,0.00||28.78,13.66,50.37,46.45,3.75||6.91,2.40,5.43||1.52,4.10,15.84,7.89,10.37,1.91||
2.97,18.99,12.43,4.70,6.32,5.13,3.01||0.00,0.00,0.00,0.04,0.04,0.04||4.65,8.46,1.53,26.25,19.60,13.95||9.98,1.24,2.26,0.37,0.61||16.91,4.37,4.19,9.79,2.79||0.00,0.00,0.50,0.60,0.00||30.20,16.58,63.23,47.37,4.20||4.21,1.58,3.64||0.16,0.51,1.18,1.20,2.01,0.20||
2.98,19.02,12.44,4.71,6.33,5.14,3.01||0.00,0.00,0.00,0.04,0.04,0.04||4.84,8.53,1.62,26.69,19.78,14.33||10.22,1.26,2.34,0.38,0.62||17.24,4.40,4.36,9.91,2.81||0.00,0.00,0.50,0.60,0.00||37.11,37.99,167.22,51.52,6.84||6.31,2.22,5.04||0.69,1.95,6.28,4.03,5.78,0.85||
2.98,19.03,12.45,4.71,6.33,5.14,3.01||0.00,0.00,0.00,0.04,0.04,0.04||4.97,8.58,1.68,26.99,19.90,14.59||10.42,1.27,2.42,0.39,0.62||17.31,4.41,4.40,9.93,2.81||0.00,0.00,0.50,0.60,0.00||30.55,17.39,66.84,47.59,4.32||6.61,2.31,5.24||0.24,0.74,1.88,1.68,2.70,0.30||
2.98,19.03,12.45,4.71,6.33,5.14,3.01||0.00,0.00,0.00,0.04,0.04,0.04||5.13,8.63,1.76,27.35,20.05,14.91||10.61,1.28,2.49,0.39,0.63||17.22,4.40,4.35,9.90,2.81||0.00,0.00,0.50,0.60,0.00||27.82,11.92,42.93,45.81,3.46||5.10,1.86,4.25||0.08,0.26,0.51,0.65,1.19,0.10||
2.98,19.03,12.45,4.71,6.33,5.14,3.01||0.00,0.00,0.00,0.04,0.04,0.04||5.25,8.68,1.83,27.64,20.16,15.16||10.65,1.28,2.50,0.39,0.63||17.41,4.42,4.45,9.97,2.82||0.00,0.00,0.50,0.60,0.00||33.98,26.67,110.40,49.70,5.56||4.83,1.77,4.06||0.07,0.24,0.46,0.60,1.11,0.09||
2.98,19.03,12.45,4.71,6.33,5.14,3.01||0.00,0.00,0.00,0.04,0.04,0.05||5.28,8.69,1.84,27.69,20.19,15.21||10.66,1.29,2.50,0.39,0.63||17.44,4.43,4.47,9.98,2.82||0.00,0.00,0.50,0.60,0.00||39.99,51.33,237.98,53.12,8.17||6.48,2.27,5.15||0.63,1.79,5.65,3.74,5.41,0.78||
2.98,19.08,12.47,4.72,6.34,5.15,3.02||0.00,0.00,0.00,0.04,0.04,0.05||5.43,8.74,1.92,28.02,20.32,15.50||10.73,1.29,2.53,0.40,0.63||17.35,4.42,4.42,9.95,2.81||0.00,0.00,0.50,0.60,0.00||48.15,108.30,571.44,57.29,12.67||5.46,1.97,4.49||0.69,1.97,6.35,4.07,5.83,0.86||
2.99,19.09,12.48,4.72,6.34,5.15,3.02||0.00,0.00,0.00,0.04,0.04,0.05||5.56,8.78,1.99,28.30,20.43,15.74||10.84,1.30,2.57,0.40,0.64||17.23,4.40,4.36,9.91,2.81||0.00,0.00,0.50,0.60,0.00||29.05,14.20,52.70,46.63,3.83||4.63,1.71,3.93||0.14,0.44,0.99,1.06,1.81,0.17||
3.00,19.18,12.53,4.74,6.37,5.17,3.03||0.00,0.00,0.00,0.04,0.04,0.05||5.58,8.79,2.00,28.36,20.45,15.80||10.86,1.30,2.58,0.40,0.64||17.21,4.40,4.35,9.90,2.80||0.00,0.00,0.50,0.60,0.00||25.00,7.76,25.93,43.86,2.69||5.12,1.86,4.26||0.08,0.26,0.50,0.65,1.18,0.10||
3.00,19.20,12.53,4.74,6.38,5.17,3.03||0.00,0.00,0.00,0.04,0.04,0.05||5.59,8.79,2.01,28.37,20.45,15.81||10.86,1.30,2.58,0.40,0.64||17.20,4.40,4.34,9.90,2.80||0.00,0.00,0.50,0.60,0.00||28.81,13.72,50.61,46.46,3.76||4.88,1.79,4.10||0.09,0.30,0.62,0.75,1.34,0.11||
3.01,19.29,12.58,4.77,6.41,5.19,3.05||0.00,0.00,0.00,0.04,0.04,0.05||5.59,8.79,2.01,28.37,20.45,15.81||10.86,1.30,2.58,0.40,0.64||17.01,4.38,4.24,9.82,2.79||0.00,0.00,0.50,0.60,0.00||31.28,19.09,74.61,48.05,4.56||4.77,1.75,4.02||0.09,0.29,0.59,0.72,1.29,0.11||
3.01,19.31,12.59,4.77,6.41,5.20,3.05||0.00,0.00,0.00,0.04,0.04,0.05||5.74,8.84,2.09,28.70,20.58,16.10||10.86,1.30,2.58,0.40,0.64||16.97,4.37,4.22,9.81,2.79||0.00,0.00,0.50,0.60,0.00||26.24,9.43,32.61,44.73,3.01||4.88,1.79,4.10||0.05,0.18,0.32,0.47,0.89,0.06||
3.01,19.32,12.60,4.77,6.41,5.20,3.05||0.00,0.00,0.00,0.04,0.04,0.05||5.88,8.89,2.16,28.98,20.69,16.35||10.86,1.30,2.58,0.40,0.64||16.96,4.37,4.21,9.81,2.79||0.00,0.00,0.50,0.60,0.00||21.89,4.54,13.85,41.54,1.96||5.10,1.86,4.25||0.07,0.23,0.44,0.58,1.08,0.08||
3.01,19.27,12.57,4.76,6.40,5.19,3.04||0.00,0.00,0.00,0.04,0.04,0.05||5.90,8.90,2.18,29.04,20.71,16.41||10.77,1.29,2.54,0.40,0.64||16.66,4.34,4.06,9.70,2.77||0.00,0.00,0.50,0.60,0.00||35.29,31.04,131.90,50.47,6.07||5.06,1.84,4.23||0.06,0.19,0.35,0.49,0.93,0.07||
3.01,19.26,12.57,4.76,6.40,5.19,3.04||0.00,0.00,0.00,0.04,0.04,0.05||5.91,8.90,2.18,29.05,20.72,16.42||10.81,1.30,2.56,0.40,0.64||16.90,4.37,4.18,9.79,2.78||0.00,0.00,0.50,0.60,0.00||33.65,25.62,105.35,49.50,5.43||4.69,1.73,3.97||0.09,0.28,0.57,0.71,1.28,0.11||
3.01,19.26,12.57,4.76,6.40,5.19,3.04||0.00,0.00,0.00,0.04,0.04,0.05||5.91,8.90,2.18,29.05,20.72,16.42||10.69,1.29,2.52,0.40,0.63||16.94,4.37,4.21,9.80,2.79||0.00,0.00,0.50,0.60,0.00||42.04,62.75,301.27,54.21,9.19||5.00,1.82,4.18||0.05,0.17,0.31,0.45,0.86,0.06||
3.01,19.31,12.59,4.77,6.41,5.19,3.05||0.00,0.00,0.00,0.04,0.04,0.05||5.96,8.91,2.21,29.16,20.76,16.52||10.70,1.29,2.52,0.40,0.63||16.95,4.37,4.21,9.81,2.79||0.00,0.00,0.50,0.60,0.00||39.40,48.32,221.74,52.79,7.88||5.44,1.96,4.48||0.18,0.55,1.31,1.29,2.15,0.22||
3.01,19.32,12.60,4.77,6.41,5.20,3.05||0.00,0.00,0.00,0.04,0.04,0.05||6.14,8.97,2.30,29.52,20.90,16.84||10.67,1.29,2.51,0.40,0.63||17.15,4.39,4.32,9.88,2.80||0.00,0.00,0.50,0.60,0.00||30.08,16.33,62.10,47.29,4.16||4.71,1.73,3.99||0.23,0.70,1.76,1.60,2.59,0.28||
3.01,19.32,12.60,4.77,6.41,5.20,3.05||0.00,0.00,0.00,0.04,0.04,0.05||6.01,8.93,2.23,29.26,20.80,16.60||10.67,1.29,2.51,0.40,0.63||16.41,4.31,3.93,9.61,2.75||0.00,0.00,0.50,0.60,0.00||32.98,23.65,95.88,49.10,5.18||6.14,2.17,4.93||0.16,0.49,1.13,1.17,1.96,0.19||
3.01,19.32,12.60,4.77,6.41,5.20,3.05||0.00,0.00,0.00,0.04,0.04,0.05||6.20,8.99,2.34,29.65,20.95,16.96||10.66,1.29,2.51,0.40,0.63||16.75,4.35,4.10,9.73,2.77||0.00,0.00,0.50,0.60,0.00||40.41,53.52,249.94,53.34,8.37||4.52,1.67,3.85||0.40,1.17,3.32,2.54,3.86,0.49||
3.01,19.32,12.60,4.77,6.41,5.20,3.05||0.00,0.00,0.00,0.04,0.04,0.05||6.24,9.00,2.36,29.73,20.98,17.04||10.70,1.29,2.52,0.40,0.63||16.91,4.37,4.19,9.79,2.79||0.00,0.00,0.50,0.60,0.00||50.67,133.02,727.31,58.50,14.30||4.76,1.75,4.02||0.65,1.85,5.87,3.84,5.54,0.81||
3.01,19.32,12.60,4.77,6.41,5.20,3.05||0.00,0.00,0.00,0.04,0.04,0.05||6.25,9.00,2.37,29.74,20.99,17.05||10.70,1.29,2.52,0.40,0.63||16.95,4.37,4.21,9.80,2.79||0.00,0.00,0.50,0.60,0.00||39.64,49.56,228.39,52.93,8.00||8.33,2.82,6.31||1.44,3.92,14.95,7.56,9.99,1.82||
3.01,19.32,12.60,4.77,6.41,5.20,3.05||0.00,0.00,0.00,0.04,0.04,0.05||6.25,9.00,2.37,29.75,20.99,17.05||10.80,1.29,2.55,0.40,0.64||16.95,4.37,4.21,9.81,2.79||0.00,0.00,0.50,0.60,0.00||55.20,187.64,1088.86,60.58,17.50||8.14,2.76,6.19||0.26,0.80,2.07,1.80,2.87,0.33||
3.01,19.32,12.60,4.77,6.41,5.20,3.05||0.00,0.00,0.00,0.04,0.04,0.05||6.25,9.00,2.37,29.75,20.99,17.05||10.72,1.29,2.53,0.40,0.63||16.76,4.35,4.11,9.74,2.78||0.00,0.01,0.50,0.60,0.00||36.95,37.36,163.97,51.43,6.77||6.43,2.26,5.12||2.36,6.19,26.40,11.43,14.31,2.98||
3.01,19.32,12.60,4.77,6.41,5.20,3.05||0.00,0.00,0.00,0.04,0.04,0.05||6.25,9.00,2.37,29.75,20.99,17.05||10.71,1.29,2.52,0.40,0.63||16.82,4.36,4.14,9.76,2.78||0.00,0.00,0.50,0.60,0.00||38.77,45.29,205.52,52.45,7.59||7.06,2.45,5.52||0.13,0.41,0.89,0.98,1.69,0.16||
3.01,19.32,12.60,4.77,6.41,5.20,3.05||0.00,0.00,0.00,0.04,0.04,0.05||6.25,9.00,2.37,29.75,20.99,17.05||10.70,1.29,2.52,0.40,0.63||16.64,4.34,4.04,9.69,2.77||0.00,0.01,0.50,0.60,0.00||40.20,52.41,243.89,53.23,8.27||6.02,2.14,4.85||0.10,0.33,0.70,0.82,1.45,0.13||
3.01,19.32,12.60,4.77,6.41,5.20,3.05||0.00,0.00,0.00,0.04,0.04,0.05||6.36,9.04,2.43,29.97,21.08,17.26||10.74,1.29,2.53,0.40,0.63||16.89,4.37,4.18,9.78,2.78||0.00,0.01,0.50,0.60,0.00||37.77,40.77,181.65,51.89,7.13||7.24,2.50,5.64||1.38,3.75,14.18,7.28,9.67,1.73||
3.01,19.32,12.60,4.77,6.41,5.20,3.05||0.00,0.00,0.00,0.04,0.04,0.05||6.44,9.06,2.48,30.13,21.14,17.41||10.81,1.29,2.56,0.40,0.64||16.75,4.35,4.10,9.73,2.77||0.00,0.01,0.50,0.60,0.00||57.67,223.75,1338.56,61.67,19.41||8.37,2.83,6.33||0.68,1.94,6.22,4.00,5.75,0.85||
3.01,19.32,12.60,4.77,6.41,5.20,3.05||0.00,0.00,0.00,0.04,0.04,0.05||6.57,9.10,2.55,30.39,21.24,17.65||10.85,1.30,2.57,0.40,0.64||16.62,4.34,4.04,9.69,2.77||0.00,0.01,0.50,0.60,0.00||36.90,37.12,162.75,51.40,6.75||5.94,2.11,4.80||0.12,0.39,0.84,0.94,1.63,0.15||
3.01,19.32,12.60,4.77,6.41,5.20,3.05||0.00,0.00,0.00,0.04,0.04,0.05||6.60,9.11,2.57,30.45,21.26,17.70||10.86,1.30,2.58,0.40,0.64||16.79,4.36,4.12,9.75,2.78||0.00,0.01,0.50,0.60,0.00||61.22,284.66,1775.46,63.19,22.37||6.12,2.17,4.92||0.40,1.19,3.38,2.57,3.91,0.50||
3.01,19.32,12.60,4.77,6.41,5.20,3.05||0.00,0.00,0.00,0.04,0.04,0.05||6.61,9.11,2.57,30.46,21.26,17.71||10.86,1.30,2.58,0.40,0.64||16.63,4.34,4.04,9.69,2.77||0.00,0.01,0.50,0.60,0.00||44.00,75.41,373.75,55.23,10.24||6.11,2.16,4.91||0.18,0.56,1.33,1.31,2.17,0.22||
3.02,19.37,12.62,4.78,6.43,5.21,3.05||0.00,0.00,0.00,0.05,0.05,0.05||6.61,9.11,2.57,30.46,21.26,17.71||10.86,1.30,2.58,0.40,0.64||16.70,4.35,4.08,9.71,2.77||0.00,0.01,0.50,0.60,0.00||46.20,91.69,470.08,56.33,11.49||8.17,2.77,6.21||0.45,1.30,3.81,2.80,4.22,0.55||
3.01,19.33,12.60,4.77,6.42,5.20,3.05||0.00,0.00,0.00,0.05,0.05,0.05||6.61,9.11,2.57,30.46,21.26,17.71||10.86,1.30,2.58,0.40,0.64||16.71,4.35,4.08,9.72,2.77||0.00,0.01,0.50,0.60,0.00||60.25,266.87,1645.96,62.78,21.53||6.46,2.27,5.14||0.40,1.19,3.39,2.58,3.92,0.50||
3.01,19.32,12.60,4.77,6.41,5.20,3.05||0.00,0.00,0.00,0.04,0.05,0.05||6.61,9.11,2.57,30.46,21.26,17.71||10.86,1.30,2.58,0.40,0.64||16.61,4.34,4.03,9.68,2.77||0.00,0.01,0.50,0.60,0.00||39.83,50.51,233.58,53.03,8.09||6.46,2.27,5.14||0.11,0.35,0.73,0.85,1.49,0.13||
3.01,19.32,12.60,4.77,6.41,5.20,3.05||0.00,0.00,0.00,0.05,0.05,0.05||6.61,9.11,2.57,30.46,21.26,17.71||10.86,1.30,2.58,0.40,0.64||16.69,4.35,4.07,9.71,2.77||0.00,0.01,0.50,0.60,0.00||62.84,316.18,2008.19,63.87,23.79||6.67,2.33,5.28||0.54,1.57,4.78,3.31,4.87,0.67||
3.01,19.32,12.60,4.77,6.41,5.20,3.05||0.00,0.00,0.00,0.05,0.05,0.05||6.67,9.13,2.61,30.57,21.31,17.82||10.86,1.30,2.58,0.40,0.64||16.51,4.33,3.98,9.65,2.76||0.00,0.01,0.50,0.60,0.00||38.11,42.31,189.70,52.08,7.29||4.94,1.80,4.14||0.22,0.66,1.64,1.52,2.47,0.27||
3.02,19.37,12.62,4.78,6.43,5.21,3.05||0.00,0.00,0.00,0.05,0.05,0.05||6.62,9.11,2.58,30.48,21.27,17.73||10.86,1.30,2.58,0.40,0.64||16.38,4.31,3.92,9.60,2.75||0.00,0.01,0.50,0.60,0.00||28.54,13.22,48.47,46.29,3.68||5.87,2.09,4.76||0.06,0.21,0.39,0.54,1.01,0.08||
3.01,19.33,12.60,4.77,6.42,5.20,3.05||0.00,0.00,0.00,0.05,0.05,0.05||6.67,9.13,2.61,30.58,21.31,17.83||10.86,1.30,2.58,0.40,0.64||16.55,4.33,4.00,9.66,2.76||0.00,0.01,0.50,0.60,0.00||29.96,16.06,60.90,47.21,4.12||4.36,1.62,3.74||0.07,0.22,0.42,0.57,1.05,0.08||
3.02,19.37,12.62,4.78,6.43,5.21,3.05||0.00,0.00,0.00,0.05,0.05,0.05||6.86,9.18,2.72,30.95,21.45,18.17||10.86,1.30,2.58,0.40,0.64||16.39,4.31,3.92,9.60,2.75||0.00,0.01,0.50,0.60,0.00||31.90,20.66,81.85,48.44,4.78||4.47,1.66,3.82||0.10,0.31,0.63,0.76,1.36,0.12||
3.01,19.33,12.60,4.77,6.42,5.20,3.05||0.00,0.00,0.00,0.05,0.05,0.05||6.90,9.19,2.74,31.02,21.48,18.24||10.86,1.30,2.58,0.40,0.64||16.45,4.32,3.95,9.63,2.76||0.00,0.01,0.50,0.60,0.00||25.06,7.83,26.21,43.90,2.70||3.86,1.46,3.39||0.13,0.42,0.93,1.01,1.74,0.16||
3.01,19.32,12.60,4.77,6.41,5.20,3.05||0.00,0.00,0.00,0.05,0.05,0.05||6.97,9.21,2.78,31.15,21.53,18.37||10.86,1.30,2.58,0.40,0.64||16.47,4.32,3.96,9.63,2.76||0.00,0.01,0.50,0.60,0.00||32.27,21.67,86.54,48.67,4.92||5.30,1.92,4.38||0.14,0.46,1.03,1.08,1.85,0.18||
3.02,19.37,12.62,4.78,6.43,5.21,3.05||0.00,0.00,0.00,0.05,0.05,0.05||6.98,9.22,2.79,31.18,21.54,18.39||10.90,1.30,2.59,0.40,0.64||16.37,4.31,3.91,9.60,2.75||0.00,0.01,0.50,0.60,0.00||46.94,97.77,506.84,56.70,11.93||5.12,1.86,4.26||0.11,0.35,0.75,0.86,1.51,0.13||
3.02,19.42,12.65,4.79,6.44,5.22,3.06||0.00,0.00,0.00,0.05,0.05,0.05||6.98,9.22,2.79,31.19,21.54,18.40||11.00,1.31,2.63,0.41,0.64||16.45,4.32,3.95,9.63,2.76||0.00,0.01,0.50,0.60,0.00||33.12,24.06,97.83,49.19,5.23||5.53,1.99,4.53||0.10,0.32,0.66,0.79,1.40,0.12||
3.03,19.53,12.70,4.82,6.47,5.24,3.07||0.00,0.00,0.00,0.05,0.05,0.05||6.98,9.22,2.79,31.19,21.54,18.40||11.05,1.31,2.65,0.41,0.64||16.47,4.32,3.96,9.63,2.76||0.00,0.01,0.50,0.60,0.00||26.02,9.11,31.32,44.58,2.95||5.73,2.05,4.66||0.09,0.29,0.60,0.73,1.31,0.11||
3.03,19.50,12.69,4.81,6.47,5.23,3.07||0.00,0.00,0.00,0.05,0.05,0.05||6.98,9.22,2.79,31.19,21.54,18.40||11.06,1.31,2.65,0.41,0.64||16.37,4.31,3.91,9.60,2.75||0.00,0.01,0.50,0.60,0.00||34.35,27.83,116.06,49.92,5.70||6.31,2.23,5.05||0.14,0.45,1.00,1.06,1.82,0.17||
3.02,19.36,12.62,4.78,6.42,5.20,3.05||0.00,0.00,0.00,0.05,0.05,0.05||6.98,9.22,2.79,31.19,21.54,18.40||10.87,1.30,2.58,0.40,0.64||16.36,4.31,3.90,9.59,2.75||0.00,0.01,0.50,0.60,0.00||39.54,49.06,225.70,52.87,7.95||5.01,1.83,4.19||0.08,0.26,0.52,0.66,1.20,0.10||
3.01,19.33,12.60,4.77,6.41,5.20,3.05||0.00,0.00,0.00,0.05,0.05,0.05||6.98,9.22,2.79,31.19,21.54,18.40||10.55,1.28,2.46,0.39,0.63||16.35,4.31,3.90,9.59,2.75||0.00,0.01,0.50,0.60,0.00||35.75,32.70,140.23,50.74,6.26||6.45,2.27,5.13||1.18,3.25,11.86,6.40,8.64,1.48||
3.01,19.32,12.60,4.77,6.41,5.20,3.05||0.00,0.00,0.00,0.05,0.05,0.05||6.68,9.13,2.61,30.60,21.32,17.85||10.18,1.25,2.33,0.38,0.62||16.26,4.30,3.85,9.56,2.74||0.00,0.01,0.50,0.60,0.00||28.20,12.59,45.77,46.06,3.57||5.60,2.01,4.58||0.14,0.46,1.03,1.09,1.85,0.18||
3.01,19.32,12.60,4.77,6.41,5.20,3.05||0.00,0.00,0.00,0.04,0.04,0.05||6.62,9.11,2.58,30.49,21.27,17.74||9.81,1.23,2.20,0.37,0.60||15.96,4.27,3.70,9.45,2.72||0.00,0.01,0.50,0.60,0.00||30.34,16.90,64.67,47.46,4.25||6.18,2.19,4.96||0.54,1.57,4.81,3.32,4.88,0.68||
3.01,19.32,12.60,4.77,6.41,5.20,3.05||0.00,0.00,0.00,0.04,0.04,0.05||6.32,9.02,2.41,29.89,21.05,17.19||9.51,1.21,2.10,0.36,0.59||15.80,4.25,3.63,9.39,2.71||0.00,0.01,0.50,0.60,0.00||43.33,70.85,347.37,54.88,9.87||7.92,2.70,6.06||0.31,0.93,2.50,2.06,3.23,0.38||
3.01,19.32,12.60,4.77,6.41,5.20,3.05||0.00,0.00,0.00,0.04,0.04,0.05||6.26,9.01,2.38,29.78,21.00,17.08||9.26,1.19,2.01,0.35,0.59||15.77,4.24,3.61,9.38,2.71||0.00,0.01,0.50,0.60,0.00||63.11,321.71,2049.44,63.98,24.04||5.93,2.11,4.80||0.66,1.88,5.99,3.89,5.61,0.82||
2.99,19.09,12.48,4.72,6.34,5.15,3.02||0.00,0.00,0.00,0.04,0.04,0.05||6.14,8.97,2.31,29.53,20.90,16.85||8.94,1.17,1.91,0.34,0.57||15.58,4.22,3.52,9.31,2.70||0.00,0.01,0.50,0.60,0.00||40.31,52.98,247.00,53.29,8.32||7.62,2.61,5.87||0.33,0.99,2.70,2.19,3.40,0.41||
2.98,19.04,12.45,4.71,6.33,5.14,3.02||0.00,0.00,0.00,0.04,0.04,0.05||5.96,8.91,2.20,29.15,20.76,16.51||8.75,1.15,1.84,0.33,0.57||15.64,4.23,3.55,9.33,2.70||0.00,0.01,0.50,0.60,0.00||30.75,17.83,68.83,47.72,4.38||4.58,1.69,3.90||0.11,0.34,0.71,0.83,1.46,0.13||
2.98,19.03,12.45,4.71,6.33,5.14,3.02||0.00,0.00,0.00,0.04,0.04,0.05||5.92,8.90,2.18,29.07,20.73,16.44||8.48,1.13,1.75,0.32,0.56||15.47,4.21,3.47,9.27,2.69||0.00,0.01,0.50,0.60,0.00||30.84,18.06,69.87,47.78,4.42||4.14,1.55,3.59||0.06,0.20,0.36,0.51,0.96,0.07||
2.98,19.03,12.45,4.71,6.33,5.14,3.01||0.00,0.00,0.00,0.04,0.04,0.05||5.76,8.85,2.10,28.73,20.59,16.13||8.28,1.12,1.69,0.31,0.55||15.34,4.20,3.41,9.22,2.68||0.00,0.01,0.50,0.60,0.00||24.96,7.71,25.74,43.83,2.68||3.87,1.47,3.40||0.07,0.22,0.43,0.57,1.06,0.08||
2.98,19.03,12.45,4.71,6.33,5.14,3.01||0.00,0.00,0.00,0.04,0.04,0.05||5.62,8.80,2.02,28.44,20.48,15.87||8.12,1.10,1.64,0.31,0.54||15.14,4.17,3.31,9.14,2.67||0.00,0.01,0.50,0.60,0.00||27.44,11.28,40.26,45.55,3.35||4.05,1.53,3.53||0.10,0.31,0.65,0.77,1.38,0.12||
2.98,19.03,12.45,4.71,6.33,5.14,3.01||0.00,0.00,0.00,0.04,0.04,0.05||5.60,8.80,2.01,28.39,20.46,15.82||7.90,1.09,1.57,0.30,0.54||15.19,4.18,3.34,9.16,2.67||0.00,0.01,0.50,0.60,0.00||23.36,5.91,18.84,42.66,2.29||4.67,1.72,3.96||0.07,0.24,0.47,0.61,1.12,0.09||
2.97,18.99,12.43,4.70,6.31,5.13,3.01||0.00,0.00,0.00,0.04,0.04,0.05||5.35,8.71,1.88,27.84,20.24,15.34||7.69,1.07,1.51,0.29,0.53||15.20,4.18,3.34,9.17,2.67||0.00,0.01,0.50,0.60,0.00||39.88,50.75,234.86,53.06,8.11||6.02,2.14,4.85||0.17,0.54,1.27,1.26,2.11,0.21||
2.96,18.84,12.35,4.66,6.27,5.10,2.99||0.00,0.00,0.00,0.04,0.04,0.04||5.30,8.69,1.85,27.74,20.20,15.24||7.54,1.06,1.46,0.29,0.52||15.02,4.16,3.26,9.10,2.66||0.00,0.01,0.50,0.60,0.00||46.62,95.13,490.80,56.54,11.74||6.31,2.22,5.04||0.86,2.40,8.14,4.87,6.81,1.07||
2.95,18.77,12.31,4.65,6.25,5.09,2.98||0.00,0.00,0.00,0.04,0.04,0.04||5.29,8.69,1.85,27.71,20.19,15.22||7.39,1.05,1.42,0.28,0.52||14.99,4.16,3.24,9.09,2.66||0.00,0.01,0.50,0.60,0.00||54.77,181.87,1049.72,60.38,17.19||5.42,1.96,4.46||0.69,1.97,6.35,4.07,5.83,0.86||
2.95,18.75,12.30,4.65,6.24,5.09,2.98||0.00,0.00,0.00,0.04,0.04,0.04||5.10,8.63,1.75,27.29,20.02,14.85||7.26,1.04,1.38,0.28,0.51||14.72,4.12,3.12,8.99,2.64||0.00,0.01,0.50,0.60,0.00||28.29,12.75,46.45,46.12,3.60||5.55,1.99,4.55||0.23,0.69,1.73,1.58,2.56,0.28||
2.95,18.75,12.30,4.64,6.24,5.09,2.98||0.00,0.00,0.00,0.04,0.04,0.04||5.02,8.60,1.71,27.11,19.95,14.69||7.12,1.03,1.34,0.27,0.51||14.84,4.14,3.18,9.03,2.65||0.00,0.01,0.50,0.60,0.00||40.61,54.59,255.84,53.45,8.47||4.56,1.69,3.88||0.06,0.21,0.39,0.53,0.99,0.08||
2.95,18.75,12.30,4.64,6.24,5.09,2.98||0.00,0.00,0.00,0.04,0.04,0.04||5.00,8.59,1.70,27.07,19.93,14.66||6.99,1.02,1.30,0.27,0.50||14.69,4.12,3.11,8.98,2.64||0.00,0.01,0.50,0.60,0.00||37.47,39.49,175.00,51.72,7.00||7.11,2.46,5.55||0.61,1.74,5.45,3.64,5.29,0.76||
2.95,18.75,12.30,4.64,6.24,5.09,2.98||0.00,0.00,0.00,0.04,0.04,0.04||5.00,8.59,1.70,27.06,19.93,14.65||6.86,1.01,1.26,0.27,0.50||14.66,4.12,3.10,8.96,2.63||0.00,0.01,0.50,0.60,0.00||48.63,112.71,598.85,57.53,12.97||7.04,2.44,5.51||0.40,1.18,3.37,2.57,3.90,0.50||
2.95,18.75,12.30,4.64,6.24,5.09,2.98||0.00,0.00,0.00,0.04,0.04,0.04||4.78,8.51,1.59,26.55,19.73,14.21||6.73,0.99,1.23,0.26,0.49||14.57,4.11,3.06,8.93,2.63||0.00,0.01,0.50,0.60,0.00||34.60,28.66,120.12,50.07,5.80||4.44,1.65,3.80||0.08,0.27,0.55,0.69,1.24,0.10||
2.95,18.75,12.30,4.64,6.24,5.09,2.98||0.00,0.00,0.00,0.04,0.04,0.04||4.74,8.49,1.57,26.45,19.68,14.12||6.61,0.98,1.19,0.26,0.49||14.72,4.13,3.12,8.99,2.64||0.00,0.01,0.50,0.60,0.00||26.52,9.84,34.28,44.93,3.09||4.42,1.64,3.79||0.12,0.37,0.80,0.90,1.57,0.14||
2.92,18.52,12.19,4.59,6.18,5.04,2.96||0.00,0.00,0.00,0.04,0.04,0.04||4.73,8.49,1.56,26.43,19.68,14.11||6.49,0.97,1.16,0.25,0.48||14.49,4.10,3.02,8.90,2.62||0.00,0.01,0.50,0.60,0.00||22.57,5.14,16.01,42.06,2.11||3.96,1.50,3.47||0.10,0.32,0.68,0.80,1.42,0.12||
2.92,18.48,12.17,4.58,6.16,5.03,2.95||0.00,0.00,0.00,0.04,0.04,0.04||4.56,8.42,1.48,26.03,19.51,13.76||6.37,0.96,1.12,0.25,0.48||14.20,4.06,2.89,8.79,2.60||0.00,0.01,0.50,0.60,0.00||44.21,76.85,382.11,55.33,10.35||5.46,1.97,4.49||0.52,1.50,4.55,3.19,4.72,0.65||
2.92,18.47,12.16,4.58,6.16,5.03,2.95||0.00,0.00,0.00,0.04,0.04,0.04||4.49,8.40,1.45,25.85,19.44,13.61||6.28,0.96,1.10,0.25,0.47||14.14,4.06,2.87,8.77,2.60||0.00,0.01,0.50,0.60,0.00||31.05,18.54,72.09,47.91,4.49||7.38,2.54,5.72||2.11,5.58,23.22,10.41,13.20,2.66||
2.92,18.47,12.16,4.58,6.16,5.03,2.95||0.00,0.00,0.00,0.04,0.04,0.04||4.47,8.39,1.44,25.81,19.42,13.58||6.23,0.95,1.09,0.24,0.47||14.12,4.05,2.86,8.76,2.60||0.00,0.01,0.50,0.60,0.00||50.77,134.06,733.94,58.55,14.36||8.16,2.77,6.21||0.43,1.25,3.61,2.70,4.08,0.53||
2.92,18.47,12.16,4.58,6.16,5.03,2.95||0.00,0.00,0.00,0.04,0.04,0.04||4.47,8.39,1.44,25.81,19.42,13.58||6.13,0.94,1.06,0.24,0.47||14.21,4.06,2.90,8.79,2.60||0.00,0.01,0.50,0.60,0.00||29.26,14.61,54.49,46.76,3.90||4.90,1.79,4.11||0.11,0.35,0.74,0.85,1.50,0.13||
2.92,18.47,12.16,4.58,6.16,5.03,2.95||0.00,0.00,0.00,0.04,0.04,0.04||4.31,8.32,1.36,25.41,19.26,13.25||6.02,0.93,1.03,0.24,0.46||14.22,4.07,2.90,8.80,2.60||0.00,0.01,0.50,0.60,0.00||34.00,26.72,110.68,49.72,5.56||5.17,1.88,4.29||0.24,0.72,1.82,1.64,2.65,0.29||
2.92,18.47,12.16,4.58,6.16,5.03,2.95||0.00,0.00,0.00,0.04,0.04,0.04||4.24,8.30,1.33,25.24,19.19,13.10||5.98,0.93,1.02,0.23,0.46||14.23,4.07,2.91,8.80,2.60||0.00,0.01,0.50,0.60,0.00||31.86,20.56,81.38,48.41,4.77||5.35,1.93,4.42||0.07,0.24,0.47,0.61,1.13,0.09||
2.92,18.47,12.16,4.58,6.16,5.03,2.95||0.00,0.00,0.00,0.04,0.04,0.04||4.23,8.29,1.33,25.21,19.17,13.07||5.90,0.92,1.00,0.23,0.46||14.23,4.07,2.91,8.80,2.60||0.00,0.01,0.50,0.60,0.00||24.70,7.39,24.49,43.64,2.61||4.62,1.71,3.92||0.14,0.43,0.96,1.03,1.77,0.17||
2.92,18.47,12.16,4.58,6.16,5.03,2.95||0.00,0.00,0.00,0.04,0.04,0.04||4.22,8.29,1.32,25.20,19.17,13.07||5.79,0.91,0.97,0.23,0.45||14.14,4.06,2.87,8.77,2.60||0.00,0.01,0.50,0.60,0.00||35.56,32.00,136.75,50.63,6.18||5.72,2.05,4.66||0.23,0.71,1.78,1.62,2.61,0.29||
2.92,18.47,12.16,4.58,6.16,5.03,2.95||0.00,0.00,0.00,0.04,0.04,0.04||4.04,8.21,1.24,24.72,18.97,12.67||5.72,0.91,0.95,0.23,0.45||14.13,4.06,2.86,8.76,2.60||0.00,0.01,0.50,0.60,0.00||34.11,27.08,112.40,49.78,5.61||4.47,1.66,3.82||0.07,0.22,0.43,0.57,1.06,0.08||
2.92,18.47,12.16,4.58,6.16,5.03,2.95||0.00,0.00,0.00,0.04,0.04,0.04||4.00,8.20,1.22,24.63,18.93,12.60||5.67,0.90,0.94,0.22,0.45||14.04,4.04,2.83,8.73,2.59||0.00,0.01,0.50,0.60,0.00||28.38,12.91,47.15,46.18,3.63||4.86,1.78,4.09||0.27,0.82,2.15,1.85,2.94,0.34||
2.91,18.38,12.11,4.56,6.14,5.01,2.94||0.00,0.00,0.00,0.04,0.04,0.04||4.00,8.19,1.22,24.61,18.92,12.58||5.58,0.90,0.91,0.22,0.44||13.94,4.03,2.78,8.69,2.58||0.00,0.01,0.50,0.60,0.00||37.04,37.70,165.69,51.48,6.81||8.12,2.76,6.18||1.30,3.55,13.23,6.93,9.26,1.63||
2.89,18.28,12.06,4.54,6.10,4.99,2.93||0.00,0.00,0.00,0.04,0.04,0.04||3.99,8.19,1.22,24.61,18.92,12.58||5.56,0.89,0.91,0.22,0.44||14.09,4.05,2.85,8.75,2.59||0.00,0.01,0.50,0.60,0.00||34.53,28.43,119.03,50.03,5.77||4.70,1.73,3.98||0.07,0.24,0.47,0.62,1.13,0.09||
2.89,18.21,12.03,4.52,6.08,4.98,2.92||0.00,0.00,0.00,0.04,0.04,0.04||3.89,8.15,1.17,24.32,18.80,12.35||5.47,0.89,0.89,0.22,0.44||13.95,4.03,2.79,8.69,2.58||0.00,0.01,0.50,0.60,0.00||30.78,17.90,69.17,47.74,4.39||5.53,1.99,4.53||0.22,0.66,1.64,1.52,2.48,0.27||
2.89,18.20,12.02,4.52,6.08,4.98,2.92||0.00,0.00,0.00,0.04,0.04,0.04||3.80,8.10,1.13,24.08,18.70,12.15||5.45,0.88,0.88,0.22,0.44||14.01,4.04,2.81,8.72,2.59||0.00,0.01,0.50,0.60,0.00||26.93,10.46,36.84,45.21,3.20||5.44,1.96,4.48||0.31,0.94,2.52,2.08,3.25,0.39||
2.89,18.20,12.02,4.52,6.08,4.98,2.92||0.00,0.00,0.00,0.04,0.04,0.04||3.78,8.10,1.12,24.04,18.68,12.11||5.37,0.88,0.86,0.21,0.44||14.02,4.04,2.82,8.72,2.59||0.00,0.01,0.50,0.60,0.00||21.71,4.39,13.31,41.40,1.92||4.64,1.71,3.94||0.05,0.16,0.27,0.41,0.80,0.06||
2.88,18.20,12.02,4.52,6.08,4.98,2.92||0.00,0.00,0.00,0.04,0.04,0.04||3.78,8.10,1.12,24.03,18.68,12.11||5.35,0.88,0.86,0.21,0.43||13.85,4.02,2.75,8.66,2.58||0.00,0.00,0.50,0.60,0.00||41.79,61.27,292.95,54.08,9.06||5.78,2.07,4.70||0.17,0.52,1.21,1.22,2.05,0.20||
2.88,18.20,12.02,4.52,6.08,4.98,2.92||0.00,0.00,0.00,0.04,0.04,0.04||3.78,8.10,1.12,24.03,18.68,12.10||5.27,0.87,0.84,0.21,0.43||13.74,4.01,2.70,8.61,2.57||0.00,0.00,0.50,0.60,0.00||34.34,27.82,116.00,49.92,5.70||5.39,1.95,4.44||0.92,2.58,8.89,5.19,7.20,1.16||
2.88,18.20,12.02,4.52,6.08,4.98,2.92||0.00,0.00,0.00,0.04,0.04,0.04||3.64,8.03,1.06,23.66,18.52,11.81||5.25,0.87,0.83,0.21,0.43||13.80,4.02,2.72,8.64,2.57||0.00,0.01,0.50,0.60,0.00||27.83,11.94,43.01,45.82,3.46||5.31,1.92,4.39||0.08,0.27,0.55,0.69,1.24,0.10||
2.88,18.20,12.02,4.52,6.08,4.98,2.92||0.00,0.00,0.00,0.04,0.04,0.04||3.58,8.01,1.04,23.50,18.45,11.68||5.17,0.86,0.81,0.21,0.43||13.73,4.01,2.69,8.61,2.57||0.00,0.00,0.50,0.60,0.00||36.33,34.88,151.27,51.08,6.51||5.30,1.92,4.38||0.56,1.61,4.97,3.40,4.99,0.70||
2.88,18.20,12.02,4.52,6.08,4.98,2.92||0.00,0.00,0.00,0.04,0.04,0.04||3.57,8.00,1.03,23.47,18.44,11.66||5.15,0.86,0.81,0.20,0.43||13.55,3.99,2.62,8.54,2.55||0.00,0.00,0.50,0.60,0.00||34.49,28.32,118.45,50.01,5.76||6.51,2.28,5.17||0.08,0.27,0.54,0.68,1.23,0.10||
2.88,18.20,12.02,4.52,6.08,4.98,2.92||0.00,0.00,0.00,0.04,0.04,0.04||3.57,8.00,1.03,23.46,18.44,11.65||5.07,0.85,0.79,0.20,0.42||13.68,4.00,2.67,8.59,2.56||0.00,0.00,0.50,0.60,0.00||24.20,6.81,22.24,43.28,2.49||5.29,1.91,4.37||0.26,0.79,2.05,1.79,2.86,0.32||
2.88,18.15,12.00,4.51,6.07,4.97,2.91||0.00,0.00,0.00,0.04,0.04,0.04||3.57,8.00,1.03,23.46,18.44,11.65||5.06,0.85,0.79,0.20,0.42||13.79,4.01,2.72,8.63,2.57||0.00,0.00,0.50,0.60,0.00||37.85,41.14,183.58,51.94,7.17||8.15,2.76,6.19||0.49,1.44,4.30,3.06,4.55,0.61||
2.88,18.14,11.99,4.51,6.06,4.97,2.91||0.00,0.00,0.00,0.04,0.04,0.04||3.44,7.94,0.98,23.10,18.28,11.37||4.99,0.84,0.77,0.20,0.42||13.81,4.02,2.73,8.64,2.57||0.00,0.00,0.50,0.60,0.00||29.80,15.71,59.35,47.11,4.07||4.35,1.62,3.74||0.11,0.35,0.73,0.85,1.49,0.13||
2.87,18.06,11.95,4.49,6.04,4.95,2.90||0.00,0.00,0.00,0.04,0.04,0.04||3.39,7.91,0.95,22.94,18.21,11.24||4.96,0.84,0.76,0.20,0.42||13.57,3.99,2.63,8.55,2.55||0.00,0.00,0.50,0.60,0.00||47.15,99.56,517.72,56.81,12.06||5.35,1.93,4.41||1.22,3.35,12.30,6.57,8.84,1.53||
2.87,18.08,11.96,4.50,6.05,4.96,2.90||0.00,0.00,0.00,0.04,0.04,0.04||3.38,7.91,0.95,22.91,18.20,11.22||4.96,0.84,0.76,0.20,0.42||13.52,3.98,2.61,8.53,2.55||0.00,0.00,0.50,0.60,0.00||31.58,19.86,78.13,48.24,4.67||4.81,1.77,4.05||0.08,0.27,0.53,0.67,1.22,0.10||
2.86,18.00,11.92,4.48,6.02,4.94,2.89||0.00,0.00,0.00,0.04,0.04,0.04||3.37,7.91,0.95,22.91,18.20,11.21||4.88,0.83,0.74,0.20,0.41||13.59,3.99,2.64,8.56,2.56||0.00,0.00,0.50,0.60,0.00||41.84,61.55,294.48,54.10,9.09||5.89,2.10,4.77||1.01,2.81,9.87,5.60,7.69,1.27||
2.86,17.94,11.89,4.46,6.00,4.93,2.89||0.00,0.00,0.00,0.04,0.04,0.04||3.37,7.90,0.95,22.90,18.20,11.21||4.87,0.83,0.74,0.19,0.41||13.61,3.99,2.64,8.56,2.56||0.00,0.00,0.50,0.60,0.00||24.82,7.53,25.04,43.72,2.64||4.84,1.77,4.07||0.10,0.32,0.67,0.79,1.41,0.12||
2.85,17.93,11.88,4.46,6.00,4.93,2.89||0.00,0.00,0.00,0.04,0.04,0.04||3.22,7.83,0.89,22.47,18.01,10.87||4.79,0.82,0.72,0.19,0.41||13.21,3.94,2.48,8.41,2.53||0.00,0.00,0.50,0.60,0.00||29.95,16.05,60.85,47.21,4.12||5.02,1.83,4.19||0.35,1.03,2.85,2.27,3.51,0.43||
2.85,17.93,11.88,4.46,6.00,4.93,2.89||0.00,0.00,0.00,0.04,0.04,0.04||3.20,7.82,0.87,22.38,17.97,10.81||4.75,0.82,0.71,0.19,0.41||12.90,3.91,2.36,8.28,2.50||0.00,0.00,0.50,0.60,0.00||40.16,52.19,242.70,53.21,8.25||8.03,2.73,6.13||0.50,1.46,4.37,3.10,4.60,0.62||
2.85,17.93,11.88,4.46,6.00,4.93,2.89||0.00,0.00,0.00,0.03,0.04,0.04||3.08,7.75,0.83,22.03,17.81,10.53||4.69,0.81,0.70,0.19,0.41||13.07,3.93,2.43,8.35,2.52||0.00,0.00,0.50,0.60,0.00||37.39,39.15,173.20,51.68,6.96||5.16,1.87,4.29||0.08,0.27,0.53,0.67,1.21,0.10||
2.85,17.93,11.88,4.46,6.00,4.93,2.89||0.00,0.00,0.00,0.03,0.04,0.04||3.03,7.73,0.81,21.87,17.74,10.41||4.68,0.81,0.70,0.19,0.40||13.11,3.93,2.44,8.37,2.52||0.00,0.00,0.50,0.60,0.00||29.25,14.59,54.42,46.76,3.90||5.26,1.91,4.36||0.12,0.38,0.81,0.92,1.59,0.14||
2.85,17.93,11.88,4.46,6.00,4.93,2.89||0.00,0.00,0.00,0.03,0.04,0.04||3.02,7.72,0.80,21.84,17.73,10.39||4.61,0.81,0.68,0.19,0.40||13.04,3.92,2.42,8.34,2.51||0.00,0.00,0.50,0.59,0.00||31.94,20.78,82.40,48.46,4.80||4.99,1.82,4.18||0.06,0.21,0.40,0.55,1.02,0.08||
2.84,17.84,11.83,4.44,5.97,4.91,2.88||0.00,0.00,0.00,0.03,0.04,0.04||3.01,7.72,0.80,21.84,17.73,10.38||4.60,0.80,0.68,0.18,0.40||12.79,3.89,2.32,8.24,2.50||0.00,0.00,0.50,0.59,0.00||33.62,25.54,104.94,49.49,5.42||5.84,2.08,4.74||0.18,0.56,1.33,1.30,2.17,0.22||
2.84,17.82,11.82,4.44,5.97,4.91,2.87||0.00,0.00,0.00,0.03,0.04,0.04||2.99,7.70,0.79,21.75,17.69,10.32||4.57,0.80,0.67,0.18,0.40||12.74,3.89,2.30,8.22,2.49||0.00,0.00,0.50,0.59,0.00||27.47,11.34,40.47,45.58,3.36||4.50,1.67,3.84||0.11,0.34,0.72,0.83,1.47,0.13||
2.85,17.86,11.85,4.45,5.98,4.91,2.88||0.00,0.00,0.00,0.03,0.04,0.04||2.87,7.64,0.75,21.40,17.53,10.06||4.52,0.80,0.66,0.18,0.40||12.81,3.89,2.33,8.25,2.50||0.00,0.00,0.50,0.59,0.00||35.15,30.56,129.54,50.40,6.02||7.07,2.45,5.52||0.60,1.71,5.33,3.58,5.22,0.74||
2.83,17.70,11.76,4.41,5.93,4.88,2.86||0.00,0.00,0.00,0.03,0.04,0.04||2.85,7.63,0.74,21.33,17.50,10.00||4.51,0.80,0.66,0.18,0.40||12.67,3.88,2.27,8.19,2.49||0.00,0.00,0.50,0.59,0.00||29.47,15.02,56.32,46.90,3.96||4.11,1.55,3.57||0.43,1.27,3.68,2.74,4.13,0.54||
2.83,17.75,11.79,4.42,5.95,4.89,2.87||0.00,0.00,0.00,0.03,0.04,0.04||2.85,7.63,0.74,21.32,17.50,9.99||4.44,0.79,0.64,0.18,0.39||12.72,3.88,2.29,8.21,2.49||0.00,0.00,0.50,0.59,0.00||27.43,11.27,40.21,45.55,3.35||4.61,1.70,3.92||0.08,0.27,0.54,0.68,1.22,0.10||
2.83,17.68,11.75,4.41,5.93,4.88,2.86||0.00,0.00,0.00,0.03,0.04,0.04||2.85,7.63,0.74,21.32,17.50,9.99||4.43,0.79,0.64,0.18,0.39||12.58,3.86,2.24,8.16,2.48||0.00,0.00,0.50,0.59,0.00||31.62,19.95,78.53,48.26,4.68||4.58,1.69,3.90||0.16,0.50,1.17,1.19,2.00,0.20||
2.85,17.88,11.85,4.45,5.99,4.92,2.88||0.00,0.00,0.00,0.03,0.04,0.04||2.85,7.63,0.74,21.32,17.50,9.99||4.42,0.79,0.64,0.18,0.39||12.93,3.91,2.37,8.30,2.51||0.00,0.00,0.50,0.60,0.00||47.43,101.99,532.60,56.95,12.23||6.39,2.25,5.10||1.46,3.95,15.11,7.62,10.06,1.83||
2.84,17.79,11.81,4.43,5.96,4.90,2.87||0.00,0.00,0.00,0.03,0.04,0.04||2.85,7.63,0.74,21.32,17.50,9.99||4.42,0.79,0.64,0.18,0.39||13.08,3.93,2.43,8.35,2.52||0.00,0.00,0.50,0.60,0.00||31.08,18.62,72.43,47.93,4.50||4.21,1.57,3.64||0.12,0.37,0.80,0.91,1.58,0.14||
2.83,17.69,11.75,4.41,5.93,4.88,2.86||0.00,0.00,0.00,0.03,0.04,0.04||2.85,7.63,0.74,21.32,17.50,9.99||4.42,0.79,0.64,0.18,0.39||13.11,3.93,2.44,8.37,2.52||0.00,0.00,0.50,0.60,0.00||33.02,23.77,96.46,49.13,5.19||6.62,2.32,5.24||0.10,0.34,0.71,0.83,1.46,0.13||
2.82,17.67,11.74,4.40,5.92,4.88,2.86||0.00,0.00,0.00,0.03,0.04,0.04||2.85,7.63,0.74,21.32,17.50,9.99||4.35,0.78,0.62,0.18,0.39||13.03,3.92,2.41,8.34,2.51||0.00,0.00,0.50,0.60,0.00||22.70,5.26,16.46,42.17,2.14||5.49,1.98,4.51||0.11,0.36,0.77,0.88,1.54,0.14||
2.82,17.66,11.74,4.40,5.92,4.87,2.86||0.00,0.00,0.00,0.03,0.04,0.04||2.85,7.63,0.74,21.32,17.50,9.99||4.34,0.78,0.62,0.18,0.39||12.94,3.91,2.38,8.30,2.51||0.00,0.00,0.50,0.60,0.00||31.74,20.26,79.98,48.34,4.73||6.30,2.22,5.04||1.18,3.25,11.84,6.39,8.63,1.48||
2.82,17.66,11.74,4.40,5.92,4.87,2.86||0.00,0.00,0.00,0.03,0.04,0.04||2.82,7.61,0.73,21.23,17.46,9.93||4.34,0.78,0.62,0.18,0.39||13.00,3.92,2.40,8.32,2.51||0.00,0.00,0.50,0.60,0.00||27.05,10.65,37.60,45.29,3.24||4.46,1.66,3.82||0.10,0.34,0.71,0.83,1.46,0.13||
2.82,17.66,11.74,4.40,5.92,4.87,2.86||0.00,0.00,0.00,0.03,0.04,0.04||2.74,7.57,0.70,20.98,17.34,9.74||4.29,0.77,0.61,0.17,0.39||13.09,3.93,2.44,8.36,2.52||0.00,0.00,0.50,0.60,0.00||32.62,22.63,91.05,48.88,5.04||6.27,2.21,5.02||0.27,0.82,2.14,1.85,2.93,0.33||
2.82,17.66,11.74,4.40,5.92,4.87,2.86||0.00,0.00,0.00,0.03,0.04,0.04||2.70,7.54,0.68,20.84,17.28,9.64||4.26,0.77,0.60,0.17,0.38||12.96,3.91,2.38,8.31,2.51||0.00,0.00,0.50,0.60,0.00||28.24,12.66,46.09,46.09,3.59||5.91,2.10,4.78||0.10,0.32,0.66,0.79,1.40,0.12||
2.82,17.66,11.74,4.40,5.92,4.87,2.86||0.00,0.00,0.00,0.03,0.04,0.04||2.69,7.54,0.68,20.82,17.27,9.62||4.26,0.77,0.60,0.17,0.38||13.01,3.92,2.40,8.33,2.51||0.00,0.00,0.50,0.60,0.00||40.26,52.73,245.61,53.26,8.30||7.35,2.53,5.70||0.08,0.27,0.54,0.68,1.23,0.10||
2.82,17.66,11.74,4.40,5.92,4.87,2.86||0.00,0.00,0.00,0.03,0.04,0.04||2.69,7.54,0.68,20.81,17.27,9.61||4.19,0.76,0.59,0.17,0.38||13.02,3.92,2.41,8.33,2.51||0.00,0.00,0.50,0.60,0.00||28.49,13.11,48.01,46.25,3.66||5.82,2.08,4.73||0.20,0.62,1.50,1.43,2.35,0.25||
2.82,17.66,11.74,4.40,5.92,4.87,2.86||0.00,0.00,0.00,0.03,0.04,0.04||2.69,7.54,0.68,20.81,17.27,9.61||4.18,0.76,0.58,0.17,0.38||12.94,3.91,2.38,8.30,2.51||0.00,0.00,0.50,0.60,0.00||33.57,25.38,104.18,49.46,5.40||8.14,2.76,6.19||0.86,2.41,8.18,4.88,6.83,1.07||
2.82,17.66,11.74,4.40,5.92,4.87,2.86||0.00,0.00,0.00,0.03,0.04,0.04||2.69,7.54,0.68,20.81,17.27,9.61||4.18,0.76,0.58,0.17,0.38||12.77,3.89,2.31,8.23,2.49||0.00,0.00,0.50,0.60,0.00||22.38,4.97,15.38,41.92,2.07||5.38,1.94,4.44||0.13,0.41,0.91,0.99,1.71,0.16||
2.82,17.66,11.74,4.40,5.92,4.87,2.86||0.00,0.00,0.00,0.03,0.04,0.04||2.62,7.49,0.65,20.57,17.16,9.44||4.18,0.76,0.58,0.17,0.38||12.66,3.88,2.27,8.19,2.49||0.00,0.00,0.50,0.60,0.00||39.85,50.63,234.18,53.04,8.10||6.78,2.36,5.34||0.88,2.47,8.44,5.00,6.97,1.11||
2.82,17.66,11.74,4.40,5.92,4.87,2.86||0.00,0.00,0.00,0.03,0.04,0.04||2.56,7.46,0.63,20.37,17.07,9.29||4.11,0.76,0.57,0.17,0.38||12.95,3.91,2.38,8.30,2.51||0.00,0.00,0.50,0.60,0.00||23.35,5.89,18.78,42.65,2.29||6.56,2.30,5.21||0.78,2.19,7.26,4.48,6.34,0.97||
2.82,17.66,11.74,4.40,5.92,4.87,2.86||0.00,0.00,0.00,0.03,0.04,0.04||2.55,7.45,0.62,20.33,17.05,9.26||4.10,0.75,0.57,0.17,0.38||13.00,3.92,2.40,8.32,2.51||0.00,0.00,0.50,0.60,0.00||45.37,85.25,431.57,55.92,11.01||6.01,2.13,4.85||0.08,0.27,0.55,0.68,1.24,0.10||
2.82,17.66,11.74,4.40,5.92,4.87,2.86||0.00,0.00,0.00,0.03,0.04,0.04||2.54,7.45,0.62,20.32,17.04,9.25||4.10,0.75,0.57,0.17,0.38||12.78,3.89,2.32,8.24,2.50||0.00,0.00,0.50,0.60,0.00||31.68,20.10,79.24,48.30,4.70||4.01,1.51,3.50||0.05,0.17,0.31,0.45,0.86,0.06||
2.82,17.66,11.74,4.40,5.92,4.87,2.86||0.00,0.00,0.00,0.03,0.04,0.04||2.54,7.45,0.62,20.32,17.04,9.25||4.10,0.75,0.57,0.17,0.38||12.78,3.89,2.32,8.24,2.50||0.00,0.00,0.50,0.60,0.00||31.68,20.10,79.24,48.30,4.70||4.01,1.51,3.50||0.05,0.17,0.31,0.45,0.86,0.06||
