4.54,34.20,19.73,7.98,10.66,7.81,4.62||0.00,0.00,0.00,0.08,0.07,0.08||58.13,14.41,64.81,76.59,35.18,77.77||12.91,1.43,3.37,0.47,0.70||54.43,7.09,49.64,20.15,4.41||0.02,0.05,0.70,0.81,0.01||18.15,2.14,5.72,38.48,1.26||5.29,1.91,4.37||1.37,3.73,14.09,7.25,9.63,1.72||
3.07,19.85,12.87,4.89,6.57,5.30,3.11||0.00,0.00,0.00,0.04,0.04,0.04||5.03,8.60,1.72,27.13,19.96,14.71||5.50,0.89,0.90,0.22,0.44||17.92,4.48,4.74,10.15,2.85||0.00,0.01,0.53,0.63,0.00||19.00,2.57,7.10,39.21,1.40||2.95,1.16,2.73||0.63,1.81,5.73,3.77,5.46,0.79||
2.86,17.96,11.90,4.47,6.01,4.93,2.89||0.00,0.00,0.00,0.03,0.04,0.04||3.24,7.84,0.89,22.51,18.03,10.91||4.69,0.81,0.70,0.19,0.40||14.92,4.15,3.21,9.06,2.65||0.00,0.01,0.50,0.60,0.00||14.02,0.76,1.69,34.64,0.68||3.21,1.25,2.92||0.58,1.66,5.13,3.48,5.09,0.72||
2.81,17.54,11.67,4.37,5.88,4.85,2.84||0.00,0.00,0.00,0.03,0.04,0.04||2.97,7.70,0.79,21.70,17.67,10.28||4.54,0.80,0.67,0.18,0.40||14.28,4.07,2.93,8.82,2.61||0.00,0.00,0.50,0.59,0.00||13.35,0.62,1.35,33.96,0.61||3.81,1.45,3.36||0.91,2.53,8.69,5.11,7.10,1.13||
2.80,17.49,11.65,4.36,5.87,4.84,2.84||0.00,0.00,0.00,0.03,0.04,0.04||2.92,7.67,0.77,21.55,17.60,10.16||4.52,0.80,0.66,0.18,0.40||14.04,4.04,2.83,8.73,2.59||0.00,0.00,0.50,0.59,0.00||15.35,1.09,2.60,35.95,0.85||4.46,1.66,3.82||1.34,3.64,13.66,7.09,9.44,1.68||
2.80,17.44,11.63,4.35,5.86,4.83,2.83||0.00,0.00,0.00,0.03,0.04,0.04||2.91,7.66,0.76,21.52,17.59,10.14||4.51,0.80,0.66,0.18,0.40||14.11,4.05,2.85,8.75,2.59||0.00,0.00,0.50,0.59,0.00||19.20,2.68,7.47,39.38,1.44||4.72,1.74,3.99||6.59,16.18,87.25,27.21,30.43,8.42||
2.81,17.51,11.66,4.37,5.88,4.84,2.84||0.00,0.00,0.00,0.03,0.04,0.04||2.91,7.66,0.76,21.51,17.58,10.14||4.51,0.80,0.66,0.18,0.40||14.12,4.05,2.86,8.76,2.59||0.00,0.00,0.50,0.59,0.00||17.06,1.67,4.27,37.53,1.09||3.71,1.42,3.29||1.04,2.88,10.20,5.73,7.86,1.30||
2.80,17.45,11.63,4.35,5.86,4.83,2.83||0.00,0.00,0.00,0.03,0.04,0.04||2.91,7.66,0.76,21.51,17.58,10.13||4.51,0.80,0.66,0.18,0.40||14.24,4.07,2.91,8.80,2.60||0.00,0.00,0.50,0.59,0.00||18.45,2.28,6.18,38.74,1.31||6.44,2.26,5.13||4.87,12.20,61.41,21.09,24.38,6.21||
2.80,17.44,11.62,4.35,5.85,4.83,2.83||0.00,0.00,0.00,0.03,0.04,0.04||2.91,7.66,0.76,21.51,17.58,10.13||4.54,0.80,0.66,0.18,0.40||14.03,4.04,2.82,8.72,2.59||0.00,0.00,0.50,0.59,0.00||19.75,3.01,8.53,39.84,1.54||4.26,1.59,3.67||0.81,2.27,7.60,4.63,6.52,1.01||
2.80,17.47,11.64,4.36,5.86,4.84,2.83||0.00,0.00,0.00,0.03,0.04,0.04||2.91,7.66,0.76,21.51,17.58,10.13||4.55,0.80,0.67,0.18,0.40||14.11,4.05,2.85,8.75,2.59||0.00,0.00,0.50,0.59,0.00||17.96,2.05,5.45,38.32,1.23||3.26,1.27,2.96||0.83,2.32,7.81,4.72,6.63,1.03||
2.79,17.40,11.60,4.34,5.84,4.82,2.82||0.00,0.00,0.00,0.03,0.04,0.04||2.91,7.66,0.76,21.51,17.58,10.13||4.59,0.80,0.68,0.18,0.40||14.12,4.05,2.86,8.76,2.59||0.00,0.00,0.50,0.59,0.00||15.11,1.02,2.41,35.71,0.82||5.08,1.85,4.23||4.94,12.37,62.48,21.36,24.65,6.30||
2.79,17.39,11.60,4.34,5.84,4.82,2.82||0.00,0.00,0.00,0.03,0.04,0.04||2.91,7.66,0.76,21.51,17.58,10.13||4.59,0.80,0.68,0.18,0.40||14.01,4.04,2.81,8.72,2.59||0.00,0.00,0.50,0.59,0.00||17.16,1.71,4.39,37.61,1.10||3.60,1.38,3.21||0.61,1.74,5.46,3.64,5.29,0.76||
2.80,17.46,11.64,4.36,5.86,4.83,2.83||0.00,0.00,0.00,0.03,0.04,0.04||2.91,7.66,0.76,21.51,17.58,10.13||4.59,0.80,0.68,0.18,0.40||14.22,4.07,2.90,8.80,2.60||0.00,0.00,0.50,0.60,0.00||18.01,2.07,5.51,38.36,1.24||2.80,1.11,2.62||0.76,2.15,7.08,4.40,6.24,0.95||
2.79,17.40,11.60,4.34,5.84,4.82,2.82||0.00,0.00,0.00,0.03,0.04,0.04||2.91,7.66,0.76,21.51,17.58,10.13||4.59,0.80,0.68,0.18,0.40||14.03,4.04,2.82,8.72,2.59||0.00,0.00,0.50,0.60,0.00||23.17,5.71,18.11,42.51,2.24||3.13,1.23,2.87||0.17,0.53,1.24,1.24,2.07,0.21||
2.79,17.39,11.60,4.34,5.84,4.82,2.82||0.00,0.00,0.00,0.03,0.04,0.04||2.91,7.66,0.76,21.51,17.58,10.13||4.59,0.80,0.68,0.18,0.40||14.10,4.05,2.85,8.75,2.59||0.00,0.00,0.50,0.60,0.00||19.01,2.58,7.12,39.22,1.41||3.74,1.42,3.31||0.28,0.86,2.25,1.92,3.03,0.35||
2.79,17.38,11.60,4.34,5.84,4.82,2.82||0.00,0.00,0.00,0.03,0.04,0.04||2.91,7.66,0.76,21.51,17.58,10.13||4.59,0.80,0.68,0.18,0.40||14.12,4.05,2.86,8.76,2.59||0.00,0.00,0.50,0.59,0.00||10.74,0.26,0.48,31.08,0.36||3.66,1.40,3.25||1.64,4.42,17.37,8.44,10.99,2.07||
2.79,17.35,11.58,4.33,5.83,4.81,2.82||0.00,0.00,0.00,0.03,0.04,0.04||2.91,7.66,0.76,21.51,17.58,10.13||4.59,0.80,0.68,0.18,0.40||14.01,4.04,2.81,8.72,2.59||0.00,0.00,0.50,0.59,0.00||16.99,1.64,4.19,37.46,1.08||3.86,1.47,3.40||1.44,3.90,14.85,7.53,9.95,1.81||
2.79,17.38,11.59,4.34,5.84,4.82,2.82||0.00,0.00,0.00,0.03,0.04,0.04||2.91,7.66,0.76,21.51,17.58,10.13||4.59,0.80,0.68,0.18,0.40||14.10,4.05,2.85,8.75,2.59||0.00,0.00,0.50,0.59,0.00||19.83,3.06,8.70,39.90,1.55||5.87,2.09,4.76||3.79,9.64,45.81,17.05,20.26,4.81||
2.79,17.38,11.59,4.34,5.84,4.82,2.82||0.00,0.00,0.00,0.03,0.04,0.04||2.91,7.66,0.76,21.51,17.58,10.13||4.59,0.80,0.68,0.18,0.40||14.00,4.04,2.81,8.71,2.59||0.00,0.00,0.50,0.59,0.00||16.78,1.56,3.95,37.27,1.05||6.84,2.38,5.38||8.91,21.46,123.92,35.10,37.97,11.43||
2.79,17.35,11.57,4.33,5.83,4.81,2.82||0.00,0.00,0.00,0.03,0.04,0.04||2.91,7.66,0.76,21.51,17.58,10.13||4.59,0.80,0.68,0.18,0.40||14.10,4.05,2.85,8.75,2.59||0.00,0.00,0.50,0.59,0.00||19.48,2.84,7.99,39.61,1.49||5.31,1.92,4.39||2.37,6.23,26.60,11.49,14.38,3.00||
2.79,17.38,11.59,4.34,5.84,4.82,2.82||0.00,0.00,0.00,0.03,0.04,0.04||2.91,7.66,0.76,21.51,17.58,10.13||4.59,0.80,0.68,0.18,0.40||14.12,4.05,2.86,8.76,2.59||0.00,0.00,0.50,0.59,0.00||16.05,1.30,3.20,36.60,0.94||4.05,1.52,3.53||0.86,2.40,8.14,4.87,6.81,1.07||
2.79,17.38,11.59,4.34,5.84,4.82,2.82||0.00,0.00,0.00,0.03,0.04,0.04||2.91,7.66,0.76,21.51,17.58,10.13||4.59,0.80,0.68,0.18,0.40||13.89,4.03,2.76,8.67,2.58||0.00,0.00,0.50,0.59,0.00||21.93,4.58,13.96,41.57,1.97||4.18,1.57,3.62||0.38,1.13,3.18,2.46,3.77,0.47||
2.79,17.35,11.57,4.33,5.83,4.81,2.82||0.00,0.00,0.00,0.03,0.04,0.04||2.91,7.66,0.76,21.51,17.58,10.13||4.59,0.80,0.68,0.18,0.40||14.08,4.05,2.84,8.74,2.59||0.00,0.00,0.50,0.59,0.00||28.17,12.54,45.56,46.04,3.56||3.67,1.40,3.26||0.81,2.27,7.59,4.63,6.52,1.01||
2.79,17.34,11.57,4.33,5.82,4.81,2.82||0.00,0.00,0.00,0.03,0.04,0.04||2.91,7.66,0.76,21.51,17.58,10.13||4.59,0.80,0.68,0.18,0.40||14.11,4.05,2.86,8.76,2.59||0.00,0.00,0.50,0.59,0.00||16.05,1.31,3.21,36.61,0.94||2.90,1.15,2.69||2.15,5.69,23.80,10.60,13.40,2.72||
2.79,17.34,11.57,4.33,5.82,4.81,2.82||0.00,0.00,0.00,0.03,0.04,0.04||2.91,7.66,0.76,21.51,17.58,10.13||4.59,0.80,0.68,0.18,0.40||14.12,4.05,2.86,8.76,2.59||0.00,0.00,0.50,0.59,0.00||19.58,2.90,8.19,39.70,1.51||3.52,1.35,3.15||0.71,2.01,6.51,4.14,5.92,0.88||
2.79,17.34,11.57,4.33,5.82,4.81,2.82||0.00,0.00,0.00,0.03,0.04,0.04||2.91,7.66,0.76,21.51,17.58,10.13||4.59,0.80,0.68,0.18,0.40||13.89,4.03,2.76,8.67,2.58||0.00,0.00,0.50,0.59,0.00||17.03,1.66,4.24,37.50,1.08||3.70,1.41,3.28||0.32,0.96,2.60,2.13,3.31,0.40||
2.79,17.34,11.57,4.33,5.82,4.81,2.82||0.00,0.00,0.00,0.03,0.04,0.04||2.91,7.66,0.76,21.51,17.58,10.13||4.59,0.80,0.68,0.18,0.40||13.96,4.04,2.79,8.70,2.58||0.00,0.00,0.50,0.59,0.00||20.85,3.74,11.01,40.73,1.75||4.00,1.51,3.49||0.24,0.74,1.87,1.68,2.69,0.30||
2.79,17.34,11.57,4.33,5.82,4.81,2.82||0.00,0.00,0.00,0.03,0.04,0.04||2.91,7.66,0.76,21.51,17.58,10.13||4.59,0.80,0.68,0.18,0.40||13.98,4.04,2.80,8.70,2.58||0.00,0.00,0.50,0.59,0.00||23.17,5.71,18.12,42.52,2.24||3.05,1.20,2.81||0.32,0.95,2.56,2.10,3.28,0.39||
2.81,17.53,11.67,4.37,5.88,4.85,2.84||0.00,0.00,0.00,0.03,0.04,0.04||2.91,7.66,0.76,21.51,17.58,10.13||4.59,0.80,0.68,0.18,0.40||13.98,4.04,2.80,8.70,2.58||0.00,0.00,0.50,0.59,0.00||16.88,1.60,4.06,37.36,1.06||3.96,1.50,3.47||0.51,1.47,4.43,3.13,4.64,0.63||
2.81,17.57,11.69,4.38,5.89,4.86,2.84||0.00,0.00,0.00,0.03,0.04,0.04||2.91,7.66,0.76,21.51,17.58,10.13||4.59,0.80,0.68,0.18,0.40||14.09,4.05,2.85,8.75,2.59||0.00,0.01,0.50,0.60,0.00||21.40,4.15,12.46,41.16,1.86||3.16,1.23,2.89||0.19,0.60,1.44,1.38,2.28,0.24||
2.82,17.65,11.73,4.40,5.92,4.87,2.85||0.00,0.00,0.00,0.03,0.04,0.04||2.91,7.66,0.76,21.51,17.58,10.13||4.66,0.81,0.69,0.19,0.40||14.12,4.05,2.86,8.76,2.59||0.00,0.01,0.50,0.60,0.00||16.79,1.57,3.97,37.29,1.05||2.94,1.16,2.73||2.16,5.71,23.87,10.62,13.43,2.73||
2.84,17.79,11.81,4.43,5.96,4.90,2.87||0.00,0.00,0.00,0.03,0.04,0.04||2.91,7.66,0.76,21.51,17.58,10.13||4.73,0.82,0.71,0.19,0.41||14.01,4.04,2.81,8.72,2.59||0.00,0.00,0.50,0.60,0.00||18.92,2.53,6.97,39.15,1.39||5.08,1.85,4.24||102.43,210.29,2117.21,275.18,227.63,134.94||
2.85,17.85,11.84,4.44,5.98,4.91,2.88||0.00,0.00,0.00,0.03,0.04,0.04||2.91,7.66,0.76,21.51,17.58,10.13||4.76,0.82,0.72,0.19,0.41||14.10,4.05,2.85,8.75,2.59||0.00,0.00,0.50,0.60,0.00||16.05,1.30,3.20,36.60,0.94||3.25,1.27,2.96||0.70,2.00,6.48,4.13,5.90,0.88||
2.84,17.83,11.83,4.44,5.97,4.91,2.87||0.00,0.00,0.00,0.03,0.04,0.04||2.93,7.68,0.77,21.59,17.62,10.20||4.84,0.83,0.73,0.19,0.41||14.23,4.07,2.91,8.80,2.60||0.00,0.00,0.50,0.60,0.00||25.73,8.71,29.73,44.38,2.88||4.28,1.60,3.69||0.85,2.40,8.11,4.86,6.80,1.07||
2.86,17.98,11.91,4.47,6.02,4.94,2.89||0.00,0.00,0.00,0.03,0.04,0.04||3.00,7.71,0.79,21.78,17.70,10.34||4.85,0.83,0.74,0.19,0.41||14.49,4.10,3.02,8.90,2.62||0.00,0.00,0.50,0.60,0.00||34.82,29.42,123.91,50.20,5.89||5.20,1.89,4.32||4.57,11.48,56.96,19.97,23.25,5.81||
2.87,18.05,11.94,4.49,6.04,4.95,2.90||0.00,0.00,0.00,0.03,0.04,0.04||3.01,7.72,0.80,21.82,17.72,10.37||4.91,0.83,0.75,0.20,0.42||14.31,4.08,2.94,8.83,2.61||0.00,0.00,0.50,0.60,0.00||27.12,10.77,38.11,45.34,3.26||6.03,2.14,4.86||3.07,7.92,35.87,14.28,17.36,3.89||
2.87,18.06,11.95,4.49,6.04,4.95,2.90||0.00,0.00,0.00,0.03,0.04,0.04||3.07,7.75,0.82,22.00,17.80,10.51||4.94,0.84,0.76,0.20,0.42||14.28,4.07,2.93,8.82,2.61||0.00,0.01,0.50,0.60,0.00||18.58,2.35,6.39,38.85,1.33||3.57,1.37,3.19||0.49,1.43,4.26,3.04,4.53,0.61||
2.87,18.07,11.95,4.49,6.04,4.95,2.90||0.00,0.00,0.00,0.03,0.04,0.04||3.08,7.75,0.83,22.03,17.82,10.54||4.96,0.84,0.76,0.20,0.42||14.74,4.13,3.13,8.99,2.64||0.00,0.01,0.50,0.60,0.00||19.96,3.13,8.96,40.01,1.58||3.15,1.23,2.88||0.63,1.79,5.66,3.74,5.41,0.78||
2.87,18.07,11.95,4.49,6.04,4.95,2.90||0.00,0.00,0.00,0.03,0.04,0.04||3.08,7.76,0.83,22.04,17.82,10.54||5.02,0.84,0.78,0.20,0.42||14.36,4.08,2.96,8.85,2.61||0.00,0.01,0.50,0.60,0.00||13.23,0.60,1.29,33.83,0.60||3.30,1.28,3.00||0.24,0.73,1.86,1.66,2.68,0.30||
2.87,18.07,11.95,4.49,6.04,4.95,2.90||0.00,0.00,0.00,0.03,0.04,0.04||3.08,7.76,0.83,22.04,17.82,10.54||5.04,0.85,0.78,0.20,0.42||14.29,4.07,2.93,8.82,2.61||0.00,0.01,0.50,0.60,0.00||21.68,4.37,13.23,41.38,1.92||4.60,1.70,3.91||0.73,2.06,6.73,4.24,6.04,0.91||
2.87,18.07,11.95,4.49,6.04,4.95,2.90||0.00,0.00,0.00,0.04,0.04,0.04||3.08,7.76,0.83,22.04,17.82,10.54||5.04,0.85,0.78,0.20,0.42||14.39,4.09,2.98,8.86,2.61||0.00,0.01,0.50,0.60,0.00||23.38,5.93,18.91,42.68,2.29||6.10,2.16,4.91||1.09,3.00,10.72,5.94,8.10,1.36||
2.88,18.15,11.99,4.51,6.07,4.97,2.91||0.00,0.00,0.00,0.04,0.04,0.04||3.08,7.76,0.83,22.04,17.82,10.54||5.05,0.85,0.79,0.20,0.42||14.41,4.09,2.98,8.87,2.62||0.00,0.01,0.50,0.60,0.00||20.23,3.31,9.54,40.23,1.63||4.80,1.76,4.05||1.56,4.22,16.39,8.09,10.59,1.97||
2.89,18.24,12.04,4.53,6.09,4.99,2.92||0.00,0.00,0.00,0.04,0.04,0.04||3.08,7.76,0.83,22.04,17.82,10.54||5.12,0.85,0.80,0.20,0.42||14.18,4.06,2.89,8.78,2.60||0.00,0.01,0.50,0.60,0.00||24.67,7.35,24.33,43.62,2.60||4.73,1.74,4.00||0.20,0.63,1.54,1.46,2.38,0.25||
2.90,18.30,12.07,4.55,6.11,5.00,2.93||0.00,0.00,0.00,0.04,0.04,0.04||3.08,7.76,0.83,22.04,17.82,10.54||5.13,0.85,0.80,0.20,0.43||14.25,4.07,2.92,8.81,2.60||0.00,0.01,0.50,0.60,0.00||26.89,10.40,36.58,45.18,3.19||6.00,2.13,4.84||0.50,1.45,4.34,3.08,4.58,0.62||
2.90,18.32,12.08,4.55,6.12,5.00,2.93||0.00,0.00,0.00,0.04,0.04,0.04||3.08,7.76,0.83,22.04,17.82,10.54||5.13,0.86,0.80,0.20,0.43||14.38,4.09,2.97,8.86,2.61||0.00,0.01,0.50,0.60,0.00||20.32,3.37,9.74,40.30,1.64||3.51,1.35,3.14||0.52,1.52,4.60,3.22,4.75,0.65||
2.90,18.32,12.08,4.55,6.12,5.00,2.93||0.00,0.00,0.00,0.04,0.04,0.04||3.08,7.76,0.83,22.04,17.82,10.54||5.13,0.86,0.80,0.20,0.43||14.41,4.09,2.98,8.87,2.62||0.00,0.01,0.50,0.60,0.00||13.40,0.63,1.37,34.00,0.61||4.14,1.55,3.59||0.97,2.71,9.44,5.42,7.48,1.22||
2.90,18.32,12.08,4.55,6.12,5.00,2.93||0.00,0.00,0.00,0.04,0.04,0.04||3.08,7.76,0.83,22.04,17.82,10.54||5.18,0.86,0.82,0.21,0.43||14.53,4.10,3.04,8.91,2.62||0.00,0.01,0.50,0.60,0.00||23.32,5.86,18.68,42.63,2.28||5.57,2.00,4.56||1.07,2.95,10.50,5.85,8.00,1.34||
2.90,18.32,12.08,4.55,6.12,5.00,2.93||0.00,0.00,0.00,0.04,0.04,0.04||3.08,7.76,0.83,22.04,17.82,10.54||5.22,0.86,0.83,0.21,0.43||14.55,4.11,3.05,8.92,2.63||0.00,0.01,0.50,0.60,0.00||22.08,4.71,14.45,41.69,2.00||4.60,1.70,3.91||23.57,53.25,383.77,79.70,77.48,30.55||
2.90,18.32,12.08,4.55,6.12,5.00,2.93||0.00,0.00,0.00,0.04,0.04,0.04||3.08,7.76,0.83,22.04,17.82,10.54||5.23,0.86,0.83,0.21,0.43||14.21,4.06,2.90,8.79,2.60||0.00,0.01,0.51,0.60,0.00||41.67,60.55,288.88,54.01,9.00||5.69,2.04,4.64||0.67,1.91,6.12,3.96,5.69,0.84||
2.90,18.32,12.08,4.55,6.12,5.00,2.93||0.00,0.00,0.00,0.04,0.04,0.04||3.08,7.76,0.83,22.04,17.82,10.54||5.23,0.86,0.83,0.21,0.43||14.49,4.10,3.02,8.90,2.62||0.00,0.01,0.51,0.61,0.00||28.40,12.95,47.30,46.19,3.63||4.80,1.76,4.04||0.32,0.95,2.58,2.11,3.30,0.39||
2.90,18.32,12.08,4.55,6.12,5.00,2.93||0.00,0.00,0.00,0.04,0.04,0.04||3.08,7.76,0.83,22.04,17.82,10.54||5.23,0.86,0.83,0.21,0.43||14.43,4.09,2.99,8.88,2.62||0.00,0.01,0.50,0.60,0.00||16.08,1.31,3.23,36.63,0.95||3.88,1.47,3.41||0.46,1.35,3.98,2.89,4.33,0.57||
2.90,18.32,12.08,4.55,6.12,5.00,2.93||0.00,0.00,0.00,0.04,0.04,0.04||3.08,7.76,0.83,22.04,17.82,10.54||5.23,0.86,0.83,0.21,0.43||14.53,4.10,3.04,8.92,2.62||0.00,0.01,0.50,0.60,0.00||22.22,4.83,14.86,41.80,2.03||3.36,1.30,3.03||0.18,0.55,1.30,1.29,2.14,0.22||
2.90,18.32,12.08,4.55,6.12,5.00,2.93||0.00,0.00,0.00,0.04,0.04,0.04||3.08,7.76,0.83,22.04,17.82,10.54||5.23,0.86,0.83,0.21,0.43||14.56,4.11,3.05,8.92,2.63||0.00,0.01,0.50,0.60,0.00||14.63,0.90,2.07,35.25,0.76||5.51,1.98,4.52||0.24,0.72,1.83,1.65,2.66,0.29||
2.90,18.32,12.08,4.55,6.12,5.00,2.93||0.00,0.00,0.00,0.04,0.04,0.04||3.08,7.76,0.83,22.04,17.82,10.54||5.23,0.86,0.83,0.21,0.43||14.32,4.08,2.95,8.84,2.61||0.00,0.01,0.50,0.60,0.00||15.27,1.07,2.53,35.87,0.84||4.39,1.63,3.77||4.25,10.75,52.45,18.81,22.07,5.41||
2.91,18.40,12.12,4.57,6.14,5.02,2.94||0.00,0.00,0.00,0.04,0.04,0.04||3.08,7.76,0.83,22.04,17.82,10.54||5.28,0.87,0.84,0.21,0.43||14.28,4.07,2.93,8.82,2.61||0.00,0.00,0.50,0.60,0.00||27.19,10.87,38.54,45.38,3.28||5.08,1.85,4.23||0.97,2.70,9.43,5.41,7.47,1.22||
2.91,18.46,12.15,4.58,6.16,5.03,2.95||0.00,0.00,0.00,0.04,0.04,0.04||3.08,7.76,0.83,22.04,17.82,10.54||5.32,0.87,0.85,0.21,0.43||14.27,4.07,2.92,8.82,2.61||0.00,0.00,0.50,0.60,0.00||26.04,9.14,31.45,44.59,2.96||5.68,2.04,4.64||4.14,10.48,50.86,18.39,21.65,5.27||
2.93,18.55,12.20,4.60,6.19,5.05,2.96||0.00,0.00,0.00,0.04,0.04,0.04||3.08,7.76,0.83,22.04,17.82,10.54||5.32,0.87,0.85,0.21,0.43||14.27,4.07,2.92,8.82,2.61||0.00,0.00,0.50,0.60,0.00||15.21,1.05,2.49,35.81,0.83||4.83,1.77,4.07||3.49,8.93,41.67,15.92,19.09,4.43||
2.93,18.57,12.21,4.60,6.19,5.05,2.96||0.00,0.00,0.00,0.04,0.04,0.04||3.08,7.76,0.83,22.04,17.82,10.54||5.33,0.87,0.85,0.21,0.43||14.50,4.10,3.03,8.90,2.62||0.00,0.00,0.50,0.60,0.00||19.63,2.93,8.28,39.74,1.52||4.17,1.56,3.61||8.85,21.31,122.88,34.88,37.77,11.35||
2.93,18.57,12.21,4.61,6.19,5.05,2.96||0.00,0.00,0.00,0.04,0.04,0.04||3.14,7.79,0.85,22.22,17.90,10.68||5.33,0.87,0.85,0.21,0.43||14.43,4.09,2.99,8.88,2.62||0.00,0.00,0.50,0.60,0.00||24.73,7.43,24.64,43.66,2.62||3.73,1.42,3.30||1.26,3.45,12.77,6.75,9.05,1.58||
2.93,18.57,12.21,4.61,6.19,5.05,2.96||0.00,0.00,0.00,0.04,0.04,0.04||3.12,7.78,0.85,22.17,17.87,10.64||5.33,0.87,0.85,0.21,0.43||14.30,4.08,2.94,8.83,2.61||0.00,0.00,0.50,0.60,0.00||20.18,3.27,9.43,40.18,1.62||4.80,1.76,4.05||0.32,0.95,2.57,2.11,3.29,0.39||
2.93,18.57,12.21,4.61,6.19,5.05,2.96||0.00,0.00,0.00,0.04,0.04,0.04||3.12,7.78,0.84,22.15,17.87,10.63||5.33,0.87,0.85,0.21,0.43||14.39,4.09,2.98,8.86,2.61||0.00,0.01,0.50,0.60,0.00||14.03,0.76,1.70,34.65,0.68||4.08,1.53,3.55||3.01,7.79,35.16,14.07,17.15,3.82||
2.93,18.57,12.21,4.61,6.19,5.05,2.96||0.00,0.00,0.00,0.04,0.04,0.04||3.21,7.82,0.88,22.42,17.98,10.83||5.33,0.87,0.85,0.21,0.43||14.64,4.12,3.09,8.96,2.63||0.00,0.00,0.50,0.60,0.00||25.63,8.58,29.17,44.30,2.85||3.29,1.28,2.98||0.45,1.32,3.88,2.84,4.27,0.56||
2.93,18.57,12.21,4.61,6.19,5.05,2.96||0.00,0.00,0.00,0.04,0.04,0.04||3.19,7.81,0.87,22.38,17.97,10.80||5.33,0.87,0.85,0.21,0.43||14.46,4.09,3.01,8.89,2.62||0.00,0.01,0.50,0.60,0.00||24.85,7.57,25.20,43.75,2.65||5.98,2.13,4.83||5.07,12.66,64.27,21.80,25.09,6.46||
2.93,18.57,12.21,4.61,6.19,5.05,2.96||0.00,0.00,0.00,0.04,0.04,0.04||3.19,7.81,0.87,22.37,17.96,10.80||5.33,0.87,0.85,0.21,0.43||14.31,4.08,2.94,8.83,2.61||0.00,0.01,0.50,0.60,0.00||34.84,29.47,124.16,50.21,5.89||5.92,2.11,4.79||0.20,0.63,1.54,1.46,2.38,0.25||
2.93,18.57,12.21,4.61,6.19,5.05,2.96||0.00,0.00,0.00,0.04,0.04,0.04||3.25,7.84,0.90,22.55,18.04,10.93||5.34,0.87,0.86,0.21,0.43||14.39,4.09,2.98,8.86,2.61||0.00,0.01,0.50,0.60,0.00||21.94,4.59,14.01,41.58,1.97||3.53,1.36,3.16||0.46,1.36,4.00,2.91,4.35,0.58||
2.93,18.57,12.21,4.61,6.19,5.05,2.96||0.00,0.00,0.00,0.04,0.04,0.04||3.23,7.83,0.89,22.50,18.02,10.89||5.36,0.88,0.86,0.21,0.44||14.41,4.09,2.98,8.87,2.62||0.00,0.01,0.50,0.60,0.00||15.03,1.00,2.35,35.64,0.81||3.63,1.39,3.23||0.30,0.91,2.43,2.03,3.18,0.37||
2.93,18.57,12.21,4.61,6.19,5.05,2.96||0.00,0.00,0.00,0.04,0.04,0.04||3.26,7.85,0.90,22.57,18.05,10.95||5.37,0.88,0.86,0.21,0.44||14.41,4.09,2.99,8.87,2.62||0.00,0.01,0.50,0.60,0.00||24.16,6.76,22.08,43.25,2.48||2.78,1.11,2.60||0.42,1.24,3.57,2.68,4.05,0.52||
2.93,18.57,12.21,4.61,6.19,5.05,2.96||0.00,0.00,0.00,0.04,0.04,0.04||3.26,7.85,0.90,22.59,18.06,10.96||5.41,0.88,0.87,0.21,0.44||14.41,4.09,2.99,8.87,2.62||0.00,0.01,0.50,0.60,0.00||21.06,3.89,11.54,40.89,1.79||2.47,1.00,2.37||0.69,1.95,6.29,4.04,5.79,0.86||
2.93,18.57,12.21,4.61,6.19,5.05,2.96||0.00,0.00,0.00,0.04,0.04,0.04||3.27,7.85,0.90,22.59,18.06,10.97||5.42,0.88,0.88,0.21,0.44||14.53,4.10,3.04,8.92,2.62||0.00,0.01,0.50,0.60,0.00||15.80,1.23,2.98,36.38,0.91||3.78,1.44,3.34||3.25,8.36,38.36,14.99,18.11,4.12||
2.93,18.57,12.21,4.61,6.19,5.05,2.96||0.00,0.00,0.00,0.04,0.04,0.04||3.27,7.85,0.90,22.59,18.06,10.97||5.43,0.88,0.88,0.21,0.44||14.55,4.11,3.05,8.92,2.63||0.00,0.01,0.50,0.60,0.00||19.81,3.04,8.64,39.88,1.55||3.27,1.27,2.97||0.30,0.89,2.36,1.98,3.12,0.37||
2.93,18.62,12.24,4.61,6.20,5.06,2.97||0.00,0.00,0.00,0.04,0.04,0.04||3.27,7.85,0.90,22.59,18.06,10.97||5.43,0.88,0.88,0.21,0.44||14.68,4.12,3.10,8.97,2.63||0.00,0.01,0.50,0.60,0.00||24.18,6.78,22.15,43.26,2.48||3.17,1.24,2.89||0.36,1.06,2.95,2.33,3.59,0.44||
2.93,18.58,12.22,4.61,6.20,5.05,2.96||0.00,0.00,0.00,0.04,0.04,0.04||3.27,7.85,0.90,22.59,18.06,10.97||5.43,0.88,0.88,0.21,0.44||14.58,4.11,3.06,8.94,2.63||0.00,0.01,0.50,0.60,0.00||15.85,1.24,3.02,36.42,0.91||3.12,1.22,2.86||0.61,1.75,5.50,3.66,5.32,0.76||
2.93,18.62,12.24,4.62,6.21,5.06,2.97||0.00,0.00,0.00,0.04,0.04,0.04||3.27,7.85,0.90,22.59,18.06,10.97||5.43,0.88,0.88,0.21,0.44||14.33,4.08,2.95,8.84,2.61||0.00,0.01,0.50,0.60,0.00||23.42,5.96,19.05,42.70,2.30||4.57,1.69,3.89||0.23,0.71,1.80,1.63,2.63,0.29||
2.93,18.58,12.22,4.61,6.20,5.05,2.96||0.00,0.00,0.00,0.04,0.04,0.04||3.27,7.85,0.90,22.59,18.06,10.97||5.43,0.88,0.88,0.21,0.44||14.16,4.06,2.88,8.78,2.60||0.00,0.01,0.50,0.60,0.00||24.31,6.93,22.73,43.36,2.52||4.37,1.63,3.75||0.36,1.07,2.97,2.34,3.61,0.45||
2.94,18.70,12.28,4.63,6.23,5.08,2.98||0.00,0.00,0.00,0.04,0.04,0.04||3.27,7.85,0.90,22.59,18.06,10.97||5.43,0.88,0.88,0.21,0.44||14.48,4.10,3.02,8.90,2.62||0.00,0.01,0.50,0.60,0.00||22.14,4.76,14.62,41.74,2.02||3.66,1.40,3.25||0.40,1.19,3.39,2.58,3.92,0.50||
2.94,18.68,12.27,4.63,6.22,5.07,2.97||0.00,0.00,0.00,0.04,0.04,0.04||3.27,7.85,0.90,22.59,18.06,10.97||5.43,0.88,0.88,0.21,0.44||14.54,4.10,3.04,8.92,2.62||0.00,0.01,0.50,0.60,0.00||10.55,0.24,0.44,30.85,0.35||4.68,1.72,3.96||0.68,1.95,6.27,4.03,5.78,0.85||
2.94,18.68,12.27,4.63,6.22,5.07,2.97||0.00,0.00,0.00,0.04,0.04,0.04||3.27,7.85,0.90,22.59,18.06,10.97||5.43,0.88,0.88,0.21,0.44||14.68,4.12,3.10,8.97,2.63||0.00,0.01,0.51,0.61,0.00||21.28,4.05,12.11,41.06,1.83||4.29,1.60,3.70||0.40,1.17,3.34,2.55,3.88,0.49||
2.95,18.76,12.31,4.65,6.25,5.09,2.98||0.00,0.00,0.00,0.04,0.04,0.04||3.27,7.85,0.90,22.59,18.06,10.97||5.43,0.88,0.88,0.21,0.44||14.46,4.09,3.01,8.89,2.62||0.00,0.01,0.51,0.61,0.00||25.83,8.85,30.25,44.44,2.90||5.72,2.04,4.66||0.89,2.50,8.54,5.04,7.02,1.12||
2.95,18.78,12.32,4.65,6.25,5.09,2.99||0.00,0.00,0.00,0.04,0.04,0.04||3.27,7.85,0.90,22.59,18.06,10.97||5.43,0.88,0.88,0.21,0.44||14.90,4.15,3.20,9.05,2.65||0.00,0.01,0.51,0.61,0.00||19.35,2.77,7.75,39.51,1.47||3.30,1.28,2.99||1.45,3.92,14.98,7.58,10.01,1.82||
2.95,18.74,12.30,4.64,6.24,5.08,2.98||0.00,0.00,0.00,0.04,0.04,0.04||3.27,7.85,0.90,22.59,18.06,10.97||5.43,0.88,0.88,0.21,0.44||14.75,4.13,3.13,9.00,2.64||0.00,0.01,0.51,0.61,0.00||36.52,35.61,154.99,51.18,6.59||5.30,1.92,4.38||3.06,7.90,35.77,14.25,17.33,3.88||
2.95,18.73,12.29,4.64,6.24,5.08,2.98||0.00,0.00,0.00,0.04,0.04,0.04||3.27,7.85,0.90,22.59,18.06,10.97||5.43,0.88,0.88,0.21,0.44||14.48,4.10,3.02,8.90,2.62||0.00,0.01,0.51,0.61,0.00||32.62,22.62,91.02,48.88,5.04||4.82,1.77,4.06||5.95,14.71,77.47,24.96,28.23,7.60||
2.95,18.81,12.34,4.66,6.26,5.10,2.99||0.00,0.00,0.00,0.04,0.04,0.04||3.27,7.85,0.90,22.59,18.06,10.97||5.46,0.88,0.88,0.22,0.44||14.66,4.12,3.10,8.97,2.63||0.00,0.01,0.51,0.61,0.00||21.62,4.32,13.06,41.33,1.91||4.08,1.54,3.55||2.44,6.38,27.43,11.75,14.66,3.08||
2.96,18.83,12.35,4.66,6.27,5.10,2.99||0.00,0.00,0.00,0.04,0.04,0.05||3.27,7.85,0.90,22.59,18.06,10.97||5.45,0.88,0.88,0.22,0.44||14.70,4.12,3.11,8.98,2.64||0.00,0.01,0.51,0.61,0.00||27.09,10.71,37.85,45.31,3.25||4.93,1.80,4.13||2.79,7.26,32.18,13.20,16.21,3.54||
2.96,18.83,12.35,4.66,6.27,5.10,2.99||0.00,0.00,0.00,0.04,0.04,0.05||3.27,7.85,0.90,22.59,18.06,10.97||5.43,0.88,0.88,0.21,0.44||14.47,4.10,3.01,8.89,2.62||0.00,0.01,0.51,0.61,0.00||25.72,8.69,29.64,44.37,2.87||3.88,1.47,3.41||9.55,22.89,134.33,37.21,39.95,12.26||
2.96,18.83,12.35,4.66,6.27,5.10,2.99||0.00,0.00,0.00,0.04,0.04,0.04||3.27,7.85,0.90,22.59,18.06,10.97||5.43,0.88,0.88,0.21,0.44||14.78,4.13,3.15,9.01,2.64||0.00,0.01,0.51,0.61,0.00||23.68,6.24,20.09,42.90,2.36||3.40,1.31,3.06||0.83,2.33,7.84,4.74,6.65,1.04||
2.94,18.67,12.26,4.63,6.22,5.07,2.97||0.00,0.00,0.00,0.04,0.04,0.04||3.27,7.85,0.90,22.59,18.06,10.97||5.36,0.88,0.86,0.21,0.44||14.60,4.11,3.07,8.94,2.63||0.00,0.01,0.51,0.61,0.00||34.91,29.71,125.33,50.25,5.92||5.36,1.93,4.42||0.52,1.50,4.54,3.19,4.71,0.64||
2.93,18.59,12.22,4.61,6.20,5.06,2.96||0.00,0.00,0.00,0.04,0.04,0.04||3.27,7.85,0.90,22.59,18.06,10.97||5.33,0.87,0.85,0.21,0.43||14.45,4.09,3.00,8.88,2.62||0.00,0.01,0.51,0.61,0.00||24.91,7.65,25.50,43.79,2.66||3.38,1.31,3.05||0.41,1.21,3.45,2.61,3.96,0.51||
2.93,18.58,12.22,4.61,6.19,5.05,2.96||0.00,0.00,0.00,0.04,0.04,0.04||3.27,7.85,0.90,22.59,18.06,10.97||5.25,0.87,0.83,0.21,0.43||14.42,4.09,2.99,8.87,2.62||0.00,0.01,0.51,0.61,0.00||17.97,2.06,5.47,38.33,1.23||4.02,1.52,3.51||0.90,2.51,8.60,5.07,7.05,1.12||
2.93,18.58,12.21,4.61,6.19,5.05,2.96||0.00,0.00,0.00,0.04,0.04,0.04||3.27,7.85,0.90,22.59,18.06,10.97||5.23,0.86,0.83,0.21,0.43||14.89,4.14,3.20,9.05,2.65||0.00,0.01,0.51,0.61,0.00||21.66,4.35,13.17,41.36,1.91||3.31,1.29,3.00||1.62,4.36,17.06,8.33,10.86,2.04||
2.93,18.57,12.21,4.61,6.19,5.05,2.96||0.00,0.00,0.00,0.04,0.04,0.04||3.27,7.85,0.90,22.59,18.06,10.97||5.17,0.86,0.81,0.21,0.43||14.39,4.09,2.98,8.86,2.61||0.00,0.01,0.51,0.60,0.00||15.28,1.07,2.54,35.88,0.84||3.20,1.25,2.92||0.56,1.62,4.97,3.40,4.99,0.70||
2.93,18.57,12.21,4.61,6.19,5.05,2.96||0.00,0.00,0.00,0.04,0.04,0.04||3.27,7.85,0.90,22.59,18.06,10.97||5.14,0.86,0.81,0.20,0.43||14.53,4.10,3.04,8.91,2.62||0.00,0.01,0.51,0.60,0.00||21.16,3.96,11.80,40.97,1.81||3.17,1.24,2.89||0.35,1.04,2.89,2.29,3.54,0.43||
2.93,18.57,12.21,4.61,6.19,5.05,2.96||0.00,0.00,0.00,0.04,0.04,0.04||3.24,7.84,0.89,22.50,18.02,10.90||5.13,0.86,0.80,0.20,0.43||14.55,4.11,3.05,8.92,2.63||0.00,0.01,0.51,0.60,0.00||25.24,8.06,27.14,44.03,2.75||4.20,1.57,3.63||0.32,0.96,2.62,2.14,3.33,0.40||
2.93,18.57,12.21,4.61,6.19,5.05,2.96||0.00,0.00,0.00,0.04,0.04,0.04||3.26,7.85,0.90,22.57,18.05,10.95||5.07,0.85,0.79,0.20,0.42||14.21,4.06,2.90,8.79,2.60||0.00,0.01,0.51,0.60,0.00||40.39,53.40,249.32,53.33,8.36||4.19,1.57,3.63||6.66,16.33,88.26,27.44,30.65,8.51||
2.92,18.53,12.19,4.60,6.18,5.04,2.96||0.00,0.00,0.00,0.04,0.04,0.04||3.17,7.80,0.87,22.32,17.94,10.76||5.05,0.85,0.78,0.20,0.42||14.26,4.07,2.92,8.81,2.60||0.00,0.01,0.51,0.60,0.00||20.47,3.47,10.09,40.42,1.67||4.64,1.71,3.94||5.39,13.40,69.04,22.96,26.25,6.87||
2.90,18.36,12.10,4.56,6.13,5.01,2.94||0.00,0.00,0.00,0.04,0.04,0.04||3.19,7.81,0.87,22.36,17.96,10.79||5.04,0.85,0.78,0.20,0.42||14.27,4.07,2.92,8.81,2.61||0.00,0.01,0.51,0.61,0.00||26.52,9.83,34.25,44.92,3.09||4.79,1.76,4.04||2.69,7.01,30.85,12.80,15.79,3.41||
2.90,18.37,12.11,4.56,6.13,5.01,2.94||0.00,0.00,0.00,0.04,0.04,0.04||3.13,7.78,0.85,22.19,17.89,10.66||4.97,0.84,0.76,0.20,0.42||14.27,4.07,2.92,8.82,2.61||0.00,0.01,0.51,0.61,0.00||15.58,1.16,2.78,36.16,0.88||3.98,1.50,3.48||0.50,1.45,4.33,3.08,4.57,0.62||
2.90,18.33,12.09,4.55,6.12,5.00,2.93||0.00,0.00,0.00,0.04,0.04,0.04||3.12,7.78,0.84,22.16,17.87,10.63||4.95,0.84,0.76,0.20,0.42||14.15,4.06,2.87,8.77,2.60||0.00,0.01,0.51,0.61,0.00||21.31,4.08,12.22,41.09,1.84||4.42,1.64,3.78||0.15,0.47,1.07,1.11,1.89,0.18||
2.90,18.32,12.08,4.55,6.12,5.00,2.93||0.00,0.00,0.00,0.04,0.04,0.04||3.09,7.76,0.83,22.07,17.83,10.56||4.95,0.84,0.76,0.20,0.42||14.24,4.07,2.91,8.81,2.60||0.00,0.01,0.51,0.61,0.00||24.64,7.32,24.24,43.60,2.60||4.82,1.77,4.06||5.51,13.69,70.84,23.39,26.68,7.03||
2.90,18.32,12.08,4.55,6.12,5.00,2.93||0.00,0.00,0.00,0.04,0.04,0.04||3.08,7.76,0.83,22.05,17.82,10.55||4.95,0.84,0.76,0.20,0.42||14.38,4.09,2.97,8.86,2.61||0.00,0.01,0.51,0.61,0.00||35.67,32.42,138.81,50.70,6.23||6.34,2.23,5.06||7.67,18.64,104.05,30.92,34.00,9.82||
2.90,18.32,12.08,4.55,6.12,5.00,2.93||0.00,0.00,0.00,0.04,0.04,0.04||3.08,7.76,0.83,22.04,17.82,10.54||4.89,0.83,0.75,0.20,0.41||14.29,4.07,2.93,8.82,2.61||0.00,0.01,0.51,0.61,0.00||16.58,1.49,3.73,37.09,1.02||4.40,1.64,3.77||0.29,0.88,2.35,1.98,3.11,0.36||
2.90,18.32,12.08,4.55,6.12,5.00,2.93||0.00,0.00,0.00,0.04,0.04,0.04||3.08,7.76,0.83,22.04,17.82,10.54||4.86,0.83,0.74,0.19,0.41||14.27,4.07,2.93,8.82,2.61||0.00,0.01,0.51,0.61,0.00||20.48,3.48,10.12,40.43,1.68||3.32,1.29,3.01||0.25,0.75,1.93,1.71,2.75,0.31||
2.90,18.32,12.08,4.55,6.12,5.00,2.93||0.00,0.00,0.00,0.04,0.04,0.04||3.08,7.76,0.83,22.04,17.82,10.54||4.86,0.83,0.74,0.19,0.41||14.27,4.07,2.92,8.82,2.61||0.00,0.01,0.51,0.61,0.00||26.56,9.90,34.53,44.95,3.10||6.07,2.15,4.89||4.30,10.86,53.15,18.99,22.25,5.47||
2.89,18.24,12.04,4.53,6.09,4.99,2.92||0.00,0.00,0.00,0.04,0.04,0.04||3.08,7.76,0.83,22.04,17.82,10.54||4.86,0.83,0.74,0.19,0.41||14.27,4.07,2.92,8.82,2.61||0.00,0.01,0.51,0.61,0.00||27.35,11.13,39.60,45.49,3.32||6.09,2.16,4.90||14.01,32.74,209.58,51.39,52.89,18.05||
2.89,18.22,12.03,4.53,6.09,4.98,2.92||0.00,0.00,0.00,0.04,0.04,0.04||3.08,7.76,0.83,22.04,17.82,10.54||4.86,0.83,0.74,0.19,0.41||14.38,4.09,2.97,8.86,2.61||0.00,0.01,0.51,0.60,0.00||25.25,8.08,27.19,44.04,2.75||3.82,1.45,3.37||0.77,2.18,7.21,4.46,6.31,0.96||
2.88,18.14,11.99,4.51,6.06,4.97,2.91||0.00,0.00,0.00,0.04,0.04,0.04||3.08,7.76,0.83,22.04,17.82,10.54||4.80,0.82,0.72,0.19,0.41||14.29,4.07,2.93,8.82,2.61||0.00,0.01,0.51,0.60,0.00||22.71,5.27,16.49,42.17,2.14||3.95,1.49,3.46||0.45,1.31,3.83,2.82,4.23,0.56||
2.87,18.08,11.96,4.50,6.05,4.96,2.90||0.00,0.00,0.00,0.04,0.04,0.04||3.08,7.76,0.83,22.04,17.82,10.54||4.77,0.82,0.72,0.19,0.41||14.16,4.06,2.88,8.77,2.60||0.00,0.01,0.51,0.60,0.00||26.00,9.08,31.19,44.56,2.95||4.56,1.69,3.88||0.70,2.00,6.46,4.12,5.89,0.88||
2.87,18.07,11.95,4.49,6.04,4.95,2.90||0.00,0.00,0.00,0.04,0.04,0.04||3.08,7.76,0.83,22.04,17.82,10.54||4.77,0.82,0.72,0.19,0.41||14.02,4.04,2.81,8.72,2.59||0.00,0.01,0.51,0.60,0.00||23.24,5.78,18.36,42.57,2.26||4.01,1.51,3.50||0.11,0.34,0.71,0.83,1.47,0.13||
2.87,18.07,11.95,4.49,6.04,4.95,2.90||0.00,0.00,0.00,0.04,0.04,0.04||3.08,7.76,0.83,22.04,17.82,10.54||4.77,0.82,0.72,0.19,0.41||14.22,4.07,2.90,8.80,2.60||0.00,0.01,0.51,0.60,0.00||31.96,20.82,82.59,48.47,4.80||4.62,1.71,3.92||0.41,1.21,3.48,2.63,3.99,0.51||
2.87,18.07,11.95,4.49,6.04,4.95,2.90||0.00,0.00,0.00,0.04,0.04,0.04||3.08,7.76,0.83,22.04,17.82,10.54||4.77,0.82,0.72,0.19,0.41||14.03,4.04,2.82,8.72,2.59||0.00,0.01,0.51,0.60,0.00||23.93,6.51,21.11,43.08,2.42||3.93,1.49,3.44||0.50,1.46,4.39,3.11,4.61,0.63||
2.87,18.07,11.95,4.49,6.04,4.95,2.90||0.00,0.00,0.00,0.04,0.04,0.04||3.08,7.76,0.83,22.04,17.82,10.54||4.77,0.82,0.72,0.19,0.41||14.22,4.07,2.90,8.80,2.60||0.00,0.01,0.51,0.60,0.00||19.01,2.57,7.11,39.22,1.40||3.73,1.42,3.30||0.97,2.70,9.42,5.41,7.47,1.22||
2.87,18.07,11.95,4.49,6.04,4.95,2.90||0.00,0.00,0.00,0.04,0.04,0.04||3.08,7.76,0.83,22.04,17.82,10.54||4.74,0.82,0.71,0.19,0.41||14.03,4.04,2.82,8.72,2.59||0.00,0.01,0.51,0.60,0.00||27.98,12.19,44.09,45.91,3.51||3.51,1.35,3.14||0.40,1.18,3.38,2.57,3.91,0.50||
2.87,18.07,11.95,4.49,6.04,4.95,2.90||0.00,0.00,0.00,0.04,0.04,0.04||3.08,7.76,0.83,22.04,17.82,10.54||4.72,0.82,0.71,0.19,0.41||13.99,4.04,2.80,8.71,2.59||0.00,0.01,0.50,0.60,0.00||33.43,24.95,102.10,49.37,5.34||5.25,1.90,4.35||0.29,0.87,2.32,1.96,3.08,0.36||
2.87,18.07,11.95,4.49,6.04,4.95,2.90||0.00,0.00,0.00,0.04,0.04,0.04||3.08,7.76,0.83,22.04,17.82,10.54||4.69,0.81,0.70,0.19,0.40||13.98,4.04,2.80,8.71,2.58||0.00,0.01,0.51,0.60,0.00||22.12,4.74,14.57,41.72,2.01||5.41,1.95,4.45||1.37,3.72,14.04,7.23,9.61,1.72||
2.87,18.07,11.95,4.49,6.04,4.95,2.90||0.00,0.00,0.00,0.04,0.04,0.04||3.08,7.76,0.83,22.04,17.82,10.54||4.68,0.81,0.70,0.19,0.40||13.98,4.04,2.80,8.71,2.58||0.00,0.01,0.51,0.60,0.00||22.90,5.45,17.14,42.31,2.18||4.79,1.76,4.04||3.13,8.08,36.78,14.54,17.64,3.97||
2.87,18.07,11.95,4.49,6.04,4.95,2.90||0.00,0.00,0.00,0.04,0.04,0.04||3.08,7.76,0.83,22.04,17.82,10.54||4.68,0.81,0.70,0.19,0.40||14.10,4.05,2.85,8.75,2.59||0.00,0.01,0.51,0.60,0.00||24.94,7.69,25.65,43.81,2.67||4.95,1.81,4.15||8.43,20.38,116.24,33.51,36.47,10.81||
2.87,18.07,11.95,4.49,6.04,4.95,2.90||0.00,0.00,0.00,0.04,0.04,0.04||3.08,7.76,0.83,22.04,17.82,10.54||4.68,0.81,0.70,0.19,0.40||14.12,4.05,2.86,8.76,2.59||0.00,0.01,0.51,0.60,0.00||23.92,6.50,21.07,43.08,2.42||4.71,1.73,3.98||1.21,3.32,12.17,6.52,8.78,1.52||
2.87,18.03,11.93,4.48,6.03,4.95,2.90||0.00,0.00,0.00,0.04,0.04,0.04||3.08,7.76,0.83,22.04,17.82,10.54||4.68,0.81,0.70,0.19,0.40||14.01,4.04,2.81,8.72,2.59||0.00,0.01,0.51,0.61,0.00||17.35,1.78,4.62,37.78,1.13||4.24,1.59,3.66||0.65,1.85,5.90,3.85,5.56,0.81||
2.86,18.02,11.93,4.48,6.03,4.94,2.90||0.00,0.00,0.00,0.04,0.04,0.04||3.02,7.73,0.81,21.87,17.74,10.41||4.68,0.81,0.70,0.19,0.40||14.10,4.05,2.85,8.75,2.59||0.00,0.01,0.51,0.60,0.00||22.64,5.21,16.25,42.12,2.13||6.22,2.20,4.99||0.88,2.45,8.36,4.96,6.92,1.10||
2.86,17.94,11.88,4.46,6.00,4.93,2.89||0.00,0.00,0.00,0.04,0.04,0.04||3.01,7.72,0.80,21.84,17.73,10.38||4.68,0.81,0.70,0.19,0.40||14.23,4.07,2.91,8.80,2.60||0.00,0.01,0.51,0.61,0.00||23.53,6.08,19.49,42.79,2.33||7.23,2.50,5.63||1.53,4.13,15.97,7.94,10.42,1.92||
2.85,17.92,11.88,4.46,6.00,4.93,2.89||0.00,0.00,0.00,0.04,0.04,0.04||2.98,7.70,0.79,21.74,17.69,10.31||4.64,0.81,0.69,0.19,0.40||14.03,4.04,2.82,8.72,2.59||0.00,0.01,0.51,0.61,0.00||31.36,19.29,75.51,48.10,4.59||5.33,1.93,4.40||2.32,6.10,25.93,11.28,14.15,2.93||
2.85,17.88,11.85,4.45,5.99,4.92,2.88||0.00,0.00,0.00,0.04,0.04,0.04||2.98,7.70,0.79,21.72,17.68,10.30||4.60,0.80,0.68,0.19,0.40||14.22,4.07,2.90,8.80,2.60||0.00,0.01,0.51,0.60,0.00||33.34,24.70,100.89,49.32,5.31||5.58,2.00,4.57||18.21,41.84,284.29,64.11,64.12,23.53||
2.85,17.91,11.87,4.46,6.00,4.92,2.88||0.00,0.00,0.00,0.04,0.04,0.04||2.92,7.67,0.77,21.55,17.60,10.17||4.60,0.80,0.68,0.18,0.40||14.14,4.06,2.87,8.77,2.60||0.00,0.01,0.51,0.60,0.00||21.36,4.12,12.34,41.13,1.85||5.29,1.91,4.37||3.80,9.68,46.06,17.12,20.33,4.83||
2.84,17.84,11.83,4.44,5.97,4.91,2.88||0.00,0.00,0.00,0.04,0.04,0.04||2.94,7.68,0.77,21.60,17.62,10.21||4.59,0.80,0.68,0.18,0.40||14.13,4.06,2.86,8.76,2.60||0.00,0.01,0.51,0.60,0.00||30.26,16.72,63.84,47.41,4.22||5.13,1.86,4.27||0.32,0.95,2.56,2.10,3.28,0.39||
2.85,17.86,11.85,4.45,5.98,4.91,2.88||0.00,0.00,0.00,0.04,0.04,0.04||2.91,7.66,0.76,21.53,17.59,10.15||4.59,0.80,0.68,0.18,0.40||14.12,4.05,2.86,8.76,2.60||0.00,0.01,0.50,0.60,0.00||26.50,9.81,34.17,44.91,3.09||4.48,1.66,3.83||1.02,2.83,9.99,5.65,7.75,1.28||
2.84,17.83,11.83,4.44,5.97,4.91,2.87||0.00,0.00,0.00,0.04,0.04,0.04||2.91,7.66,0.76,21.51,17.58,10.14||4.59,0.80,0.68,0.18,0.40||14.01,4.04,2.81,8.72,2.59||0.00,0.01,0.50,0.60,0.00||15.46,1.12,2.68,36.05,0.86||4.26,1.59,3.67||18.61,42.70,291.60,65.30,65.15,24.06||
2.84,17.82,11.82,4.44,5.97,4.91,2.87||0.00,0.00,0.00,0.04,0.04,0.04||2.91,7.66,0.76,21.51,17.58,10.14||4.59,0.80,0.68,0.18,0.40||14.22,4.07,2.90,8.80,2.60||0.00,0.01,0.50,0.60,0.00||13.92,0.74,1.64,34.54,0.67||4.59,1.70,3.90||1.41,3.83,14.54,7.41,9.82,1.77||
2.84,17.82,11.82,4.44,5.97,4.91,2.87||0.00,0.00,0.00,0.04,0.04,0.04||2.91,7.66,0.76,21.51,17.58,10.13||4.59,0.80,0.68,0.18,0.40||14.03,4.04,2.82,8.72,2.59||0.00,0.01,0.50,0.60,0.00||20.32,3.37,9.74,40.30,1.64||6.36,2.24,5.08||6.01,14.85,78.41,25.18,28.44,7.68||
2.84,17.82,11.82,4.44,5.97,4.91,2.87||0.00,0.00,0.00,0.03,0.04,0.04||2.91,7.66,0.76,21.51,17.58,10.13||4.59,0.80,0.68,0.18,0.40||14.10,4.05,2.85,8.75,2.59||0.00,0.01,0.50,0.60,0.00||24.78,7.49,24.88,43.70,2.63||4.18,1.57,3.62||1.47,3.97,15.21,7.66,10.11,1.84||
2.84,17.82,11.82,4.44,5.97,4.91,2.87||0.00,0.00,0.00,0.04,0.04,0.04||2.91,7.66,0.76,21.51,17.58,10.13||4.59,0.80,0.68,0.18,0.40||14.00,4.04,2.81,8.71,2.59||0.00,0.01,0.50,0.60,0.00||18.37,2.25,6.06,38.68,1.30||3.85,1.46,3.39||1.52,4.10,15.83,7.88,10.36,1.91||
2.84,17.82,11.82,4.44,5.97,4.91,2.87||0.00,0.00,0.00,0.04,0.04,0.04||2.91,7.66,0.76,21.51,17.58,10.13||4.59,0.80,0.68,0.18,0.40||14.21,4.07,2.90,8.80,2.60||0.00,0.01,0.50,0.60,0.00||35.16,30.59,129.70,50.40,6.02||5.41,1.95,4.46||5.33,13.27,68.20,22.76,26.05,6.80||
2.84,17.82,11.82,4.44,5.97,4.91,2.87||0.00,0.00,0.00,0.04,0.04,0.04||2.91,7.66,0.76,21.51,17.58,10.13||4.58,0.80,0.67,0.18,0.40||14.14,4.06,2.87,8.77,2.60||0.00,0.01,0.50,0.60,0.00||19.08,2.62,7.24,39.28,1.42||3.98,1.50,3.48||0.25,0.76,1.95,1.72,2.76,0.31||
2.84,17.82,11.82,4.44,5.97,4.91,2.87||0.00,0.00,0.00,0.03,0.04,0.04||2.91,7.66,0.76,21.51,17.58,10.13||4.54,0.80,0.66,0.18,0.40||14.13,4.06,2.86,8.76,2.60||0.00,0.01,0.51,0.60,0.00||29.06,14.21,52.77,46.63,3.84||4.67,1.72,3.96||1.53,4.12,15.93,7.92,10.41,1.92||
2.84,17.82,11.82,4.44,5.97,4.91,2.87||0.00,0.00,0.00,0.04,0.04,0.04||2.93,7.68,0.77,21.59,17.62,10.20||4.53,0.80,0.66,0.18,0.40||14.12,4.05,2.86,8.76,2.60||0.00,0.01,0.51,0.60,0.00||28.17,12.54,45.56,46.04,3.56||4.03,1.52,3.52||0.43,1.26,3.65,2.72,4.11,0.53||
2.84,17.82,11.82,4.44,5.97,4.91,2.87||0.00,0.00,0.00,0.04,0.04,0.04||2.91,7.66,0.76,21.52,17.59,10.15||4.53,0.80,0.66,0.18,0.40||14.12,4.05,2.86,8.76,2.59||0.00,0.01,0.51,0.60,0.00||34.37,27.92,116.52,49.94,5.71||5.03,1.83,4.20||0.92,2.56,8.81,5.15,7.16,1.15||
2.84,17.82,11.82,4.44,5.97,4.91,2.87||0.00,0.00,0.00,0.04,0.04,0.04||2.91,7.66,0.76,21.51,17.58,10.14||4.51,0.80,0.66,0.18,0.40||14.01,4.04,2.81,8.72,2.59||0.00,0.01,0.51,0.60,0.00||22.63,5.20,16.21,42.11,2.12||4.36,1.62,3.74||0.39,1.15,3.27,2.51,3.83,0.48||
2.84,17.82,11.82,4.44,5.97,4.91,2.87||0.00,0.00,0.00,0.04,0.04,0.04||2.91,7.66,0.76,21.51,17.58,10.14||4.51,0.80,0.66,0.18,0.40||14.22,4.07,2.90,8.80,2.60||0.00,0.01,0.51,0.60,0.00||33.00,23.70,96.14,49.11,5.18||3.62,1.39,3.22||0.32,0.95,2.57,2.11,3.29,0.39||
2.84,17.82,11.82,4.44,5.97,4.91,2.87||0.00,0.00,0.00,0.03,0.04,0.04||2.91,7.66,0.76,21.51,17.58,10.13||4.51,0.80,0.66,0.18,0.40||14.26,4.07,2.92,8.81,2.60||0.00,0.01,0.51,0.60,0.00||28.48,13.10,47.97,46.25,3.66||3.35,1.30,3.03||0.41,1.21,3.46,2.62,3.97,0.51||
2.84,17.82,11.82,4.44,5.97,4.91,2.87||0.00,0.00,0.00,0.04,0.04,0.04||2.91,7.66,0.76,21.51,17.58,10.13||4.51,0.80,0.66,0.18,0.40||14.27,4.07,2.92,8.81,2.61||0.00,0.01,0.51,0.60,0.00||22.56,5.13,15.98,42.06,2.11||3.64,1.39,3.24||1.46,3.96,15.13,7.63,10.07,1.84||
2.84,17.82,11.82,4.44,5.97,4.91,2.87||0.00,0.00,0.00,0.04,0.04,0.04||2.91,7.66,0.76,21.51,17.58,10.13||4.51,0.80,0.66,0.18,0.40||14.15,4.06,2.87,8.77,2.60||0.00,0.01,0.51,0.60,0.00||24.24,6.85,22.41,43.31,2.50||4.13,1.55,3.59||1.44,3.90,14.87,7.54,9.96,1.81||
2.84,17.82,11.82,4.44,5.97,4.91,2.87||0.00,0.00,0.00,0.04,0.04,0.04||2.91,7.66,0.76,21.51,17.58,10.13||4.51,0.80,0.66,0.18,0.40||14.13,4.06,2.86,8.76,2.60||0.00,0.01,0.50,0.60,0.00||28.88,13.86,51.22,46.51,3.78||4.67,1.72,3.96||0.13,0.40,0.89,0.97,1.68,0.16||
2.84,17.78,11.80,4.43,5.96,4.90,2.87||0.00,0.00,0.00,0.04,0.04,0.04||2.91,7.66,0.76,21.51,17.58,10.13||4.51,0.80,0.66,0.18,0.40||13.90,4.03,2.76,8.67,2.58||0.00,0.01,0.50,0.60,0.00||23.67,6.23,20.05,42.89,2.36||3.73,1.42,3.30||0.86,2.41,8.18,4.88,6.83,1.07||
2.84,17.81,11.82,4.43,5.97,4.90,2.87||0.00,0.00,0.00,0.04,0.04,0.04||2.91,7.66,0.76,21.51,17.58,10.13||4.51,0.80,0.66,0.18,0.40||14.19,4.06,2.89,8.79,2.60||0.00,0.01,0.50,0.60,0.00||35.74,32.67,140.07,50.74,6.26||5.08,1.85,4.24||1.69,4.54,17.96,8.64,11.22,2.13||
2.83,17.74,11.78,4.42,5.94,4.89,2.86||0.00,0.00,0.00,0.04,0.04,0.04||2.91,7.66,0.76,21.51,17.58,10.13||4.51,0.80,0.66,0.18,0.40||14.02,4.04,2.82,8.72,2.59||0.00,0.00,0.50,0.59,0.00||21.13,3.94,11.72,40.95,1.80||5.55,1.99,4.55||3.96,10.05,48.28,17.71,20.94,5.03||
2.83,17.69,11.75,4.41,5.93,4.88,2.86||0.00,0.00,0.00,0.04,0.04,0.04||2.91,7.66,0.76,21.51,17.58,10.13||4.51,0.80,0.66,0.18,0.40||13.99,4.04,2.80,8.71,2.59||0.00,0.00,0.50,0.59,0.00||21.81,4.48,13.62,41.48,1.95||4.44,1.65,3.80||0.51,1.48,4.47,3.15,4.66,0.64||
2.83,17.72,11.77,4.41,5.94,4.88,2.86||0.00,0.00,0.00,0.03,0.04,0.04||2.91,7.66,0.76,21.51,17.58,10.13||4.51,0.80,0.66,0.18,0.40||14.10,4.05,2.85,8.75,2.59||0.00,0.00,0.50,0.59,0.00||18.53,2.32,6.31,38.81,1.32||3.92,1.48,3.44||21.98,49.89,353.87,75.15,73.62,28.47||
2.83,17.68,11.75,4.41,5.93,4.88,2.86||0.00,0.00,0.00,0.03,0.04,0.04||2.91,7.66,0.76,21.51,17.58,10.13||4.51,0.80,0.66,0.18,0.40||13.89,4.03,2.76,8.67,2.58||0.00,0.00,0.50,0.59,0.00||13.48,0.65,1.41,34.09,0.62||3.39,1.31,3.06||1.35,3.69,13.87,7.16,9.53,1.70||
2.82,17.64,11.73,4.40,5.91,4.87,2.85||0.00,0.00,0.00,0.03,0.04,0.04||2.91,7.66,0.76,21.51,17.58,10.13||4.51,0.80,0.66,0.18,0.40||14.08,4.05,2.84,8.74,2.59||0.00,0.00,0.50,0.59,0.00||14.81,0.94,2.19,35.42,0.78||4.40,1.64,3.77||2.48,6.50,28.06,11.95,14.87,3.14||
2.82,17.59,11.70,4.38,5.90,4.86,2.85||0.00,0.00,0.00,0.03,0.04,0.04||2.91,7.66,0.76,21.51,17.58,10.13||4.50,0.79,0.65,0.18,0.40||14.00,4.04,2.81,8.71,2.59||0.00,0.00,0.50,0.59,0.00||29.34,14.76,55.15,46.81,3.92||5.79,2.07,4.71||0.56,1.62,4.99,3.41,5.00,0.70||
2.82,17.62,11.72,4.39,5.91,4.87,2.85||0.00,0.00,0.00,0.03,0.04,0.04||2.91,7.66,0.76,21.51,17.58,10.13||4.49,0.79,0.65,0.18,0.40||14.10,4.05,2.85,8.75,2.59||0.00,0.00,0.50,0.59,0.00||20.64,3.59,10.50,40.56,1.71||4.99,1.82,4.17||20.19,46.09,320.63,69.96,69.17,26.13||
2.82,17.58,11.70,4.38,5.90,4.86,2.85||0.00,0.00,0.00,0.03,0.04,0.04||2.91,7.66,0.76,21.51,17.58,10.13||4.47,0.79,0.65,0.18,0.39||13.78,4.01,2.71,8.63,2.57||0.00,0.00,0.50,0.59,0.00||28.08,12.39,44.90,45.99,3.54||5.54,1.99,4.54||19.86,45.38,314.54,68.99,68.34,25.70||
2.81,17.58,11.70,4.38,5.90,4.86,2.85||0.00,0.00,0.00,0.03,0.04,0.04||2.91,7.66,0.76,21.51,17.58,10.13||4.46,0.79,0.65,0.18,0.39||14.05,4.05,2.83,8.73,2.59||0.00,0.00,0.50,0.59,0.00||30.58,17.45,67.12,47.61,4.33||4.90,1.79,4.11||1.45,3.93,15.02,7.59,10.02,1.82||
2.81,17.58,11.70,4.38,5.90,4.86,2.85||0.00,0.00,0.00,0.03,0.04,0.04||2.91,7.66,0.76,21.51,17.58,10.13||4.47,0.79,0.65,0.18,0.39||14.22,4.07,2.90,8.80,2.60||0.00,0.00,0.50,0.59,0.00||40.85,55.89,263.01,53.58,8.59||4.96,1.81,4.16||2.35,6.16,26.28,11.39,14.27,2.97||
2.81,17.58,11.70,4.38,5.90,4.86,2.85||0.00,0.00,0.00,0.03,0.04,0.04||2.91,7.66,0.76,21.51,17.58,10.13||4.45,0.79,0.64,0.18,0.39||14.03,4.04,2.82,8.72,2.59||0.00,0.00,0.50,0.60,0.00||24.23,6.84,22.38,43.30,2.50||3.37,1.31,3.05||0.81,2.28,7.63,4.64,6.54,1.01||
2.81,17.58,11.70,4.38,5.90,4.86,2.85||0.00,0.00,0.00,0.03,0.04,0.04||2.88,7.65,0.75,21.42,17.54,10.07||4.44,0.79,0.64,0.18,0.39||14.34,4.08,2.95,8.84,2.61||0.00,0.00,0.50,0.60,0.00||31.57,19.83,78.00,48.23,4.67||3.80,1.44,3.35||1.79,4.78,19.17,9.06,11.69,2.25||
2.81,17.58,11.70,4.38,5.90,4.86,2.85||0.00,0.00,0.00,0.03,0.04,0.04||2.90,7.66,0.76,21.49,17.57,10.12||4.43,0.79,0.64,0.18,0.39||14.05,4.05,2.83,8.73,2.59||0.00,0.00,0.50,0.60,0.00||27.15,10.82,38.30,45.36,3.27||5.07,1.85,4.23||11.34,26.87,163.92,43.00,45.30,14.58||
2.81,17.58,11.70,4.38,5.90,4.86,2.85||0.00,0.00,0.00,0.03,0.04,0.04||2.91,7.66,0.76,21.50,17.58,10.13||4.44,0.79,0.64,0.18,0.39||14.11,4.05,2.85,8.75,2.59||0.00,0.00,0.50,0.60,0.00||25.99,9.07,31.16,44.56,2.95||5.02,1.83,4.20||1.23,3.37,12.39,6.60,8.88,1.54||
