18:26:08.091;4.64;35.28;20.21;8.21;10.96;7.98;4.73;0.00;0.00;0.00;0.09;0.07;0.08;58.03;14.41;64.65;76.53;35.17;77.68;13.92;1.49;3.79;0.50;0.73;52.04;6.96;45.14;19.60;4.33;0.02;0.05;0.70;0.81;0.01;24.47;7.12;23.45;43.48;2.55;5.69;2.04;4.64;0.11;0.35;0.73;0.85;1.49;0.13
18:26:10.401;3.12;20.33;13.11;5.00;6.71;5.39;3.16;0.00;0.00;0.00;0.04;0.04;0.05;5.02;8.60;1.71;27.11;19.95;14.70;5.96;0.93;1.02;0.23;0.46;17.28;4.41;4.39;9.92;2.81;0.00;0.01;0.53;0.63;0.00;21.73;4.42;13.40;41.42;1.93;4.67;1.72;3.96;0.15;0.48;1.09;1.13;1.92;0.19
18:26:12.681;2.91;18.46;12.15;4.58;6.16;5.03;2.95;0.00;0.00;0.00;0.04;0.04;0.04;3.23;7.83;0.89;22.50;18.02;10.89;5.04;0.85;0.78;0.20;0.42;14.26;4.07;2.92;8.81;2.60;0.00;0.01;0.51;0.60;0.00;50.59;132.11;721.45;58.46;14.24;4.40;1.64;3.77;0.13;0.42;0.93;1.01;1.73;0.16
18:26:15.007;2.87;18.03;11.93;4.48;6.03;4.95;2.90;0.00;0.00;0.00;0.04;0.04;0.04;2.83;7.62;0.73;21.25;17.47;9.94;4.80;0.82;0.72;0.19;0.41;13.41;3.97;2.56;8.48;2.54;0.00;0.01;0.50;0.60;0.00;34.12;27.09;112.44;49.78;5.61;3.86;1.46;3.40;0.16;0.51;1.18;1.20;2.01;0.20
18:26:17.314;2.86;17.94;11.89;4.46;6.01;4.93;2.89;0.00;0.00;0.00;0.03;0.04;0.04;2.75;7.57;0.70;21.01;17.36;9.76;4.72;0.82;0.71;0.19;0.41;13.32;3.96;2.53;8.45;2.54;0.00;0.00;0.50;0.60;0.00;32.40;22.00;88.10;48.74;4.96;4.18;1.57;3.62;0.17;0.52;1.21;1.22;2.04;0.20
18:26:19.632;2.86;17.97;11.90;4.47;6.01;4.93;2.89;0.00;0.00;0.00;0.03;0.04;0.04;2.74;7.56;0.70;20.96;17.34;9.73;4.68;0.81;0.70;0.19;0.40;13.63;4.00;2.65;8.57;2.56;0.00;0.00;0.50;0.60;0.00;30.18;16.55;63.08;47.36;4.20;3.96;1.50;3.47;0.15;0.47;1.08;1.12;1.90;0.18
18:26:21.961;2.85;17.93;11.88;4.46;6.00;4.93;2.89;0.00;0.00;0.00;0.03;0.04;0.04;2.71;7.55;0.68;20.87;17.30;9.66;4.63;0.81;0.68;0.19;0.40;13.53;3.98;2.61;8.53;2.55;0.00;0.00;0.50;0.60;0.00;35.57;32.04;136.94;50.64;6.19;4.01;1.51;3.50;0.13;0.40;0.88;0.97;1.67;0.15
18:26:24.268;2.86;17.97;11.90;4.47;6.01;4.93;2.89;0.00;0.00;0.00;0.03;0.04;0.04;2.68;7.53;0.67;20.77;17.25;9.58;4.60;0.80;0.68;0.19;0.40;13.43;3.97;2.57;8.49;2.54;0.00;0.00;0.50;0.60;0.00;35.25;30.91;131.26;50.45;6.06;4.51;1.67;3.85;0.19;0.60;1.44;1.38;2.28;0.24
18:26:26.596;2.85;17.89;11.86;4.45;5.99;4.92;2.88;0.00;0.00;0.00;0.03;0.04;0.04;2.59;7.48;0.64;20.49;17.12;9.38;4.57;0.80;0.67;0.18;0.40;13.41;3.97;2.56;8.48;2.54;0.00;0.00;0.50;0.60;0.00;29.89;15.90;60.21;47.17;4.10;4.88;1.79;4.10;0.19;0.60;1.45;1.39;2.29;0.24
18:26:28.900;2.86;18.00;11.92;4.48;6.02;4.94;2.89;0.00;0.00;0.00;0.03;0.04;0.04;2.65;7.52;0.66;20.69;17.21;9.52;4.53;0.80;0.66;0.18;0.40;13.81;4.02;2.73;8.64;2.57;0.00;0.00;0.50;0.60;0.00;44.87;81.53;409.54;55.67;10.72;4.58;1.69;3.89;0.11;0.34;0.72;0.84;1.48;0.13
18:26:31.223;2.85;17.90;11.86;4.45;5.99;4.92;2.88;0.00;0.00;0.00;0.03;0.04;0.04;2.59;7.48;0.64;20.48;17.12;9.37;4.51;0.80;0.66;0.18;0.40;13.81;4.02;2.73;8.64;2.57;0.00;0.00;0.50;0.60;0.00;30.56;17.40;66.91;47.60;4.32;4.56;1.69;3.88;0.25;0.76;1.95;1.72;2.76;0.31
18:26:33.505;2.85;17.88;11.85;4.45;5.99;4.92;2.88;0.00;0.00;0.00;0.03;0.04;0.04;2.58;7.47;0.64;20.44;17.10;9.34;4.48;0.79;0.65;0.18;0.39;13.98;4.04;2.80;8.70;2.58;0.00;0.00;0.50;0.60;0.00;32.64;22.69;91.33;48.90;5.05;4.59;1.70;3.90;0.14;0.43;0.95;1.03;1.76;0.17
18:26:35.843;2.85;17.91;11.87;4.46;6.00;4.92;2.88;0.00;0.00;0.00;0.03;0.04;0.04;2.63;7.50;0.65;20.60;17.17;9.45;4.47;0.79;0.65;0.18;0.39;14.09;4.05;2.85;8.75;2.59;0.00;0.00;0.50;0.60;0.00;41.13;57.44;271.58;53.73;8.72;5.22;1.89;4.33;0.28;0.83;2.18;1.87;2.97;0.34
18:26:38.149;2.85;17.88;11.85;4.45;5.99;4.92;2.88;0.00;0.00;0.00;0.03;0.04;0.04;2.58;7.47;0.64;20.46;17.11;9.35;4.44;0.79;0.64;0.18;0.39;14.03;4.04;2.82;8.73;2.59;0.00;0.00;0.50;0.59;0.00;51.85;145.90;810.59;59.05;15.10;4.35;1.62;3.74;0.16;0.51;1.18;1.20;2.01;0.20
18:26:40.476;2.85;17.87;11.85;4.45;5.98;4.92;2.88;0.00;0.00;0.00;0.03;0.04;0.04;2.58;7.47;0.64;20.43;17.10;9.33;4.46;0.79;0.65;0.18;0.39;13.77;4.01;2.71;8.62;2.57;0.00;0.00;0.50;0.60;0.00;39.30;47.85;219.17;52.74;7.84;4.27;1.60;3.68;0.31;0.93;2.52;2.08;3.25;0.39
18:26:42.786;2.85;17.87;11.85;4.45;5.98;4.92;2.88;0.00;0.00;0.00;0.03;0.04;0.04;2.58;7.47;0.64;20.43;17.09;9.33;4.41;0.79;0.64;0.18;0.39;13.56;3.99;2.62;8.54;2.55;0.00;0.00;0.50;0.60;0.00;39.98;51.26;237.63;53.11;8.16;3.83;1.46;3.37;0.18;0.57;1.35;1.32;2.19;0.22
18:26:45.099;2.85;17.87;11.85;4.45;5.98;4.92;2.88;0.00;0.00;0.00;0.03;0.04;0.04;2.57;7.47;0.64;20.43;17.09;9.33;4.40;0.78;0.63;0.18;0.39;13.43;3.97;2.57;8.49;2.54;0.00;0.00;0.50;0.60;0.00;39.40;48.36;221.92;52.80;7.88;5.04;1.84;4.21;0.10;0.33;0.69;0.81;1.43;0.12
18:26:47.410;2.85;17.87;11.85;4.45;5.98;4.92;2.88;0.00;0.00;0.00;0.03;0.04;0.04;2.55;7.45;0.63;20.34;17.06;9.27;4.38;0.78;0.63;0.18;0.39;13.33;3.96;2.53;8.45;2.54;0.00;0.00;0.50;0.59;0.00;38.66;44.77;202.74;52.39;7.54;4.96;1.81;4.15;0.10;0.32;0.66;0.79;1.40;0.12
18:26:49.716;2.86;17.95;11.89;4.47;6.01;4.93;2.89;0.00;0.00;0.00;0.03;0.04;0.04;2.57;7.46;0.63;20.41;17.09;9.32;4.38;0.78;0.63;0.18;0.39;13.23;3.95;2.49;8.41;2.53;0.00;0.00;0.50;0.59;0.00;55.11;186.41;1080.52;60.54;17.44;5.46;1.97;4.49;0.53;1.53;4.64;3.24;4.77;0.66
18:26:52.053;2.85;17.89;11.86;4.45;5.99;4.92;2.88;0.00;0.00;0.00;0.03;0.04;0.04;2.57;7.47;0.63;20.42;17.09;9.33;4.38;0.78;0.63;0.18;0.39;13.37;3.96;2.55;8.47;2.54;0.00;0.00;0.50;0.60;0.00;41.38;58.86;279.45;53.86;8.85;4.13;1.55;3.59;0.15;0.48;1.11;1.15;1.94;0.19
18:26:54.342;2.85;17.88;11.85;4.45;5.98;4.92;2.88;0.00;0.00;0.00;0.03;0.04;0.04;2.57;7.47;0.63;20.43;17.09;9.33;4.38;0.78;0.63;0.18;0.39;13.40;3.97;2.56;8.48;2.54;0.00;0.00;0.50;0.60;0.00;44.27;77.27;384.54;55.36;10.39;4.40;1.64;3.77;0.10;0.31;0.64;0.77;1.37;0.12
18:26:56.653;2.84;17.83;11.83;4.44;5.97;4.91;2.88;0.00;0.00;0.00;0.03;0.03;0.04;2.53;7.44;0.62;20.26;17.02;9.21;4.37;0.78;0.63;0.18;0.39;13.24;3.95;2.50;8.42;2.53;0.00;0.00;0.50;0.59;0.00;31.56;19.80;77.85;48.23;4.66;4.05;1.53;3.53;0.12;0.39;0.85;0.95;1.64;0.15
18:26:58.973;2.85;17.86;11.85;4.45;5.98;4.91;2.88;0.00;0.00;0.00;0.03;0.04;0.04;2.56;7.46;0.63;20.39;17.08;9.31;4.35;0.78;0.62;0.18;0.39;13.21;3.94;2.48;8.41;2.53;0.00;0.00;0.50;0.59;0.00;28.63;13.37;49.14;46.35;3.70;4.33;1.62;3.73;0.20;0.60;1.46;1.40;2.30;0.24
18:27:01.307;2.85;17.87;11.85;4.45;5.98;4.92;2.88;0.00;0.00;0.00;0.03;0.03;0.04;2.57;7.47;0.63;20.42;17.09;9.32;4.32;0.78;0.62;0.17;0.39;13.13;3.93;2.45;8.37;2.52;0.00;0.00;0.50;0.59;0.00;46.43;93.54;481.18;56.45;11.62;5.19;1.88;4.31;0.31;0.93;2.49;2.06;3.23;0.38
18:27:03.597;2.85;17.87;11.85;4.45;5.98;4.92;2.88;0.00;0.00;0.00;0.03;0.03;0.04;2.57;7.47;0.63;20.43;17.09;9.33;4.35;0.78;0.62;0.18;0.39;13.19;3.94;2.47;8.40;2.53;0.00;0.00;0.50;0.59;0.00;44.12;76.19;378.26;55.29;10.30;5.51;1.98;4.52;0.36;1.07;2.96;2.34;3.60;0.44
18:27:05.940;2.85;17.87;11.85;4.45;5.98;4.92;2.88;0.00;0.00;0.00;0.03;0.03;0.04;2.55;7.45;0.63;20.34;17.06;9.27;4.36;0.78;0.62;0.18;0.39;13.28;3.95;2.51;8.43;2.53;0.00;0.00;0.50;0.59;0.00;39.77;50.20;231.87;53.00;8.06;4.52;1.67;3.85;0.15;0.47;1.06;1.11;1.88;0.18
18:27:08.245;2.85;17.87;11.85;4.45;5.98;4.92;2.88;0.00;0.00;0.00;0.03;0.03;0.04;2.52;7.43;0.62;20.24;17.01;9.20;4.36;0.78;0.62;0.18;0.39;13.22;3.95;2.49;8.41;2.53;0.00;0.00;0.50;0.59;0.00;29.61;15.31;57.59;46.99;4.01;4.25;1.59;3.67;0.33;1.00;2.73;2.20;3.42;0.41
18:27:10.558;2.86;17.95;11.89;4.47;6.01;4.93;2.89;0.00;0.00;0.00;0.03;0.04;0.04;2.56;7.46;0.63;20.39;17.08;9.30;4.60;0.80;0.68;0.19;0.40;13.69;4.00;2.68;8.59;2.56;0.00;0.00;0.50;0.59;0.00;53.44;164.73;934.60;59.78;16.21;4.81;1.76;4.05;0.16;0.51;1.19;1.20;2.02;0.20
18:27:12.861;2.87;18.10;11.97;4.50;6.05;4.96;2.91;0.00;0.00;0.00;0.03;0.04;0.04;2.78;7.59;0.71;21.09;17.40;9.82;5.33;0.87;0.85;0.21;0.43;14.04;4.04;2.82;8.73;2.59;0.00;0.00;0.50;0.59;0.00;54.83;182.61;1054.72;60.41;17.23;4.67;1.72;3.96;0.09;0.30;0.61;0.74;1.33;0.11
18:27:15.182;2.90;18.33;12.09;4.55;6.12;5.01;2.93;0.00;0.00;0.00;0.03;0.04;0.04;3.08;7.75;0.83;22.03;17.81;10.53;6.10;0.94;1.05;0.24;0.47;14.36;4.08;2.96;8.85;2.61;0.00;0.00;0.50;0.60;0.00;33.73;25.87;106.56;49.55;5.46;4.81;1.77;4.06;0.26;0.80;2.08;1.81;2.88;0.33
18:27:17.509;2.92;18.51;12.18;4.59;6.17;5.04;2.95;0.00;0.00;0.00;0.04;0.04;0.04;3.23;7.83;0.89;22.49;18.02;10.89;6.63;0.99;1.20;0.26;0.49;14.00;4.04;2.81;8.71;2.59;0.00;0.01;0.50;0.60;0.00;48.99;116.14;620.28;57.70;13.20;4.48;1.66;3.83;0.27;0.81;2.10;1.82;2.90;0.33
18:27:19.788;2.93;18.63;12.24;4.62;6.21;5.06;2.97;0.00;0.00;0.00;0.04;0.04;0.04;3.42;7.93;0.97;23.05;18.26;11.32;6.94;1.01;1.28;0.27;0.50;14.02;4.04;2.81;8.72;2.59;0.00;0.00;0.50;0.60;0.00;79.87;829.58;6226.39;70.43;41.96;4.94;1.81;4.14;0.25;0.75;1.93;1.71;2.75;0.31
18:27:22.122;2.95;18.74;12.30;4.64;6.24;5.09;2.98;0.00;0.00;0.00;0.04;0.04;0.04;3.50;7.96;1.00;23.25;18.35;11.49;7.11;1.03;1.33;0.27;0.51;14.19;4.06;2.89;8.78;2.60;0.00;0.01;0.50;0.60;0.00;41.86;61.71;295.39;54.12;9.10;4.40;1.64;3.77;0.20;0.63;1.54;1.45;2.38;0.25
18:27:24.436;2.96;18.85;12.36;4.67;6.27;5.11;2.99;0.00;0.00;0.00;0.04;0.04;0.05;3.54;7.99;1.02;23.39;18.41;11.59;7.26;1.04;1.38;0.28;0.51;14.31;4.08;2.94;8.83;2.61;0.00;0.01;0.50;0.60;0.00;54.28;175.40;1006.05;60.16;16.82;4.32;1.61;3.72;0.14;0.46;1.03;1.08;1.85;0.18
18:27:26.745;2.96;18.87;12.37;4.67;6.28;5.11;3.00;0.00;0.00;0.00;0.04;0.04;0.05;3.52;7.98;1.01;23.32;18.38;11.54;7.29;1.04;1.39;0.28;0.51;13.91;4.03;2.77;8.68;2.58;0.00;0.01;0.50;0.60;0.00;50.23;128.40;697.73;58.29;14.00;4.97;1.81;4.16;0.85;2.38;8.03;4.82;6.75;1.06
18:27:29.076;2.96;18.88;12.37;4.67;6.28;5.11;3.00;0.00;0.00;0.00;0.04;0.04;0.05;3.52;7.97;1.01;23.31;18.37;11.53;7.31;1.04;1.39;0.28;0.52;14.16;4.06;2.88;8.78;2.60;0.00;0.01;0.50;0.60;0.00;60.95;279.63;1738.69;63.08;22.13;4.88;1.79;4.10;0.15;0.47;1.08;1.12;1.90;0.18
18:27:31.380;2.96;18.88;12.37;4.67;6.28;5.11;3.00;0.00;0.00;0.00;0.04;0.04;0.05;3.48;7.96;0.99;23.21;18.33;11.45;7.30;1.04;1.39;0.28;0.51;14.13;4.06;2.86;8.76;2.60;0.00;0.01;0.50;0.60;0.00;32.98;23.63;95.80;49.10;5.17;4.79;1.76;4.04;0.38;1.11;3.13;2.43;3.73;0.47
18:27:33.701;2.97;18.92;12.39;4.68;6.30;5.12;3.00;0.00;0.00;0.00;0.04;0.04;0.05;3.47;7.95;0.99;23.19;18.32;11.44;7.29;1.04;1.39;0.28;0.51;14.21;4.06;2.90;8.79;2.60;0.00;0.01;0.50;0.60;0.00;38.02;41.91;187.60;52.03;7.25;4.95;1.81;4.15;0.82;2.30;7.69;4.67;6.57;1.02
18:27:36.025;2.97;18.93;12.40;4.69;6.30;5.12;3.00;0.00;0.00;0.00;0.04;0.04;0.05;3.47;7.95;0.99;23.19;18.32;11.44;7.32;1.04;1.40;0.28;0.52;14.14;4.06;2.87;8.77;2.60;0.00;0.01;0.50;0.60;0.00;36.91;37.18;163.02;51.41;6.75;5.85;2.09;4.75;0.38;1.12;3.15;2.45;3.74;0.47
18:27:38.333;2.97;18.98;12.42;4.70;6.31;5.13;3.01;0.00;0.00;0.00;0.05;0.05;0.05;3.41;7.92;0.96;23.00;18.24;11.29;7.32;1.04;1.40;0.28;0.52;13.96;4.04;2.79;8.70;2.58;0.00;0.01;0.50;0.60;0.00;39.86;50.65;234.33;53.04;8.10;4.34;1.62;3.73;0.50;1.46;4.37;3.10;4.60;0.62
18:27:40.638;2.99;19.12;12.49;4.73;6.35;5.16;3.03;0.00;0.00;0.00;0.05;0.05;0.05;3.46;7.95;0.98;23.15;18.30;11.41;7.37;1.05;1.41;0.28;0.52;14.78;4.13;3.15;9.01;2.64;0.00;0.01;0.50;0.60;0.00;53.51;165.58;940.28;59.81;16.26;5.44;1.96;4.47;1.39;3.77;14.24;7.30;9.69;1.74
18:27:42.959;2.99;19.10;12.49;4.72;6.35;5.15;3.02;0.00;0.00;0.00;0.05;0.05;0.05;3.40;7.92;0.96;22.99;18.24;11.28;7.42;1.05;1.43;0.28;0.52;14.86;4.14;3.18;9.04;2.65;0.00;0.01;0.50;0.60;0.00;84.89;1059.88;8299.44;72.20;48.46;4.73;1.74;4.00;0.19;0.59;1.43;1.38;2.28;0.24
18:27:45.269;2.99;19.15;12.51;4.73;6.36;5.16;3.03;0.00;0.00;0.00;0.05;0.05;0.05;3.30;7.87;0.92;22.69;18.10;11.04;7.43;1.05;1.43;0.29;0.52;15.05;4.16;3.27;9.11;2.66;0.00;0.01;0.50;0.60;0.00;60.60;273.26;1692.33;62.93;21.84;4.03;1.52;3.52;0.12;0.39;0.85;0.95;1.64;0.15
18:27:47.590;2.99;19.11;12.49;4.73;6.35;5.16;3.02;0.00;0.00;0.00;0.05;0.05;0.05;3.31;7.87;0.92;22.72;18.11;11.06;7.44;1.05;1.43;0.29;0.52;14.74;4.13;3.13;8.99;2.64;0.00;0.01;0.51;0.60;0.00;31.83;20.49;81.06;48.39;4.76;4.06;1.53;3.53;0.15;0.48;1.11;1.15;1.93;0.19
18:27:49.892;3.00;19.19;12.53;4.74;6.38;5.17;3.03;0.00;0.00;0.00;0.05;0.05;0.05;3.28;7.86;0.91;22.63;18.08;11.00;7.44;1.05;1.43;0.29;0.52;14.50;4.10;3.03;8.90;2.62;0.00;0.01;0.51;0.60;0.00;56.39;204.55;1204.88;61.11;18.42;4.60;1.70;3.91;0.37;1.09;3.06;2.39;3.67;0.46
18:27:52.213;3.00;19.21;12.54;4.75;6.38;5.17;3.04;0.00;0.00;0.00;0.05;0.05;0.05;3.21;7.82;0.88;22.43;17.99;10.84;7.44;1.05;1.43;0.29;0.52;14.28;4.07;2.93;8.82;2.61;0.00;0.01;0.51;0.60;0.00;38.95;46.16;210.13;52.55;7.67;4.58;1.69;3.90;0.62;1.78;5.62;3.72;5.39;0.78
18:27:54.515;3.00;19.26;12.56;4.76;6.39;5.18;3.04;0.00;0.00;0.00;0.05;0.05;0.05;3.17;7.80;0.86;22.30;17.93;10.74;7.53;1.06;1.46;0.29;0.52;14.67;4.12;3.10;8.97;2.63;0.00;0.01;0.51;0.60;0.00;58.51;237.15;1433.12;62.03;20.09;4.09;1.54;3.55;0.13;0.42;0.92;1.00;1.73;0.16
18:27:56.829;3.00;19.22;12.55;4.75;6.38;5.18;3.04;0.00;0.00;0.00;0.05;0.05;0.05;3.10;7.76;0.84;22.09;17.84;10.58;7.52;1.06;1.46;0.29;0.52;14.40;4.09;2.98;8.87;2.61;0.00;0.01;0.51;0.60;0.00;30.64;17.59;67.76;47.65;4.35;4.42;1.64;3.79;0.15;0.47;1.08;1.13;1.91;0.18
18:27:59.155;3.01;19.30;12.59;4.77;6.41;5.19;3.05;0.00;0.00;0.00;0.05;0.05;0.05;3.09;7.76;0.83;22.05;17.82;10.55;7.57;1.06;1.47;0.29;0.52;14.43;4.09;3.00;8.88;2.62;0.00;0.01;0.51;0.60;0.00;49.08;116.94;625.28;57.74;13.25;3.68;1.41;3.27;0.08;0.26;0.51;0.65;1.19;0.10
18:28:01.468;3.02;19.41;12.64;4.79;6.44;5.21;3.06;0.00;0.00;0.00;0.05;0.05;0.05;3.08;7.76;0.83;22.05;17.82;10.54;7.58;1.06;1.47;0.29;0.53;14.61;4.11;3.08;8.95;2.63;0.00;0.01;0.51;0.60;0.00;36.99;37.52;164.77;51.45;6.79;4.04;1.52;3.52;0.10;0.32;0.66;0.78;1.39;0.12
18:28:03.777;3.02;19.43;12.65;4.80;6.45;5.22;3.06;0.00;0.00;0.00;0.05;0.05;0.05;3.08;7.76;0.83;22.04;17.82;10.54;7.60;1.06;1.48;0.29;0.53;14.48;4.10;3.01;8.89;2.62;0.00;0.01;0.51;0.60;0.00;28.32;12.82;46.74;46.15;3.61;4.22;1.58;3.65;0.24;0.72;1.83;1.65;2.66;0.29
18:28:06.107;3.02;19.39;12.63;4.79;6.43;5.21;3.06;0.00;0.00;0.00;0.05;0.05;0.05;3.02;7.72;0.81;21.87;17.74;10.41;7.63;1.07;1.49;0.29;0.53;14.54;4.10;3.04;8.92;2.62;0.00;0.01;0.51;0.61;0.00;26.21;9.38;32.39;44.71;3.00;4.40;1.64;3.77;0.11;0.36;0.76;0.87;1.53;0.14
18:28:08.403;3.03;19.47;12.68;4.81;6.46;5.23;3.07;0.00;0.00;0.00;0.05;0.05;0.05;3.01;7.72;0.80;21.83;17.73;10.38;7.69;1.07;1.51;0.29;0.53;14.63;4.11;3.08;8.95;2.63;0.00;0.01;0.51;0.61;0.00;39.27;47.70;218.37;52.72;7.82;4.28;1.60;3.69;0.14;0.44;0.98;1.05;1.79;0.17
18:28:10.741;3.03;19.49;12.68;4.81;6.46;5.23;3.07;0.00;0.00;0.00;0.05;0.05;0.05;2.98;7.70;0.79;21.73;17.68;10.31;7.70;1.07;1.51;0.29;0.53;14.74;4.13;3.13;9.00;2.64;0.00;0.01;0.51;0.61;0.00;63.87;337.50;2167.92;64.29;24.72;3.56;1.37;3.18;0.09;0.31;0.63;0.76;1.35;0.11
18:28:13.036;3.04;19.58;12.73;4.83;6.49;5.25;3.08;0.00;0.00;0.00;0.05;0.05;0.05;2.92;7.67;0.76;21.54;17.60;10.16;7.72;1.07;1.52;0.30;0.53;15.12;4.17;3.30;9.14;2.67;0.00;0.01;0.51;0.61;0.00;37.01;37.59;165.15;51.46;6.80;3.52;1.35;3.15;0.21;0.64;1.58;1.48;2.42;0.26
18:28:15.341;3.04;19.60;12.74;4.83;6.50;5.25;3.08;0.00;0.00;0.00;0.05;0.05;0.05;2.91;7.66;0.76;21.50;17.58;10.13;7.77;1.08;1.53;0.30;0.53;15.28;4.19;3.38;9.20;2.68;0.00;0.01;0.51;0.61;0.00;46.63;95.24;491.46;56.55;11.75;4.69;1.73;3.97;0.23;0.71;1.79;1.62;2.62;0.29
18:28:17.674;3.05;19.70;12.79;4.86;6.52;5.27;3.09;0.00;0.00;0.00;0.05;0.05;0.05;2.90;7.66;0.76;21.49;17.58;10.12;7.74;1.07;1.52;0.30;0.53;15.32;4.19;3.40;9.21;2.68;0.00;0.01;0.51;0.61;0.00;53.02;159.56;900.28;59.59;15.91;4.42;1.64;3.79;0.09;0.30;0.62;0.75;1.34;0.11
18:28:19.967;3.05;19.67;12.78;4.85;6.52;5.26;3.09;0.00;0.00;0.00;0.05;0.05;0.05;2.79;7.60;0.72;21.15;17.42;9.86;7.83;1.08;1.55;0.30;0.53;15.32;4.19;3.40;9.21;2.68;0.00;0.01;0.51;0.61;0.00;47.04;98.58;511.74;56.75;11.99;4.12;1.55;3.58;0.11;0.34;0.71;0.83;1.46;0.13
18:28:22.288;3.05;19.62;12.75;4.84;6.50;5.25;3.08;0.00;0.00;0.00;0.05;0.05;0.05;2.75;7.57;0.70;20.99;17.35;9.75;7.80;1.08;1.54;0.30;0.53;15.24;4.18;3.36;9.18;2.67;0.00;0.01;0.51;0.61;0.00;43.38;71.23;349.52;54.91;9.90;4.71;1.73;3.98;0.28;0.86;2.26;1.92;3.03;0.35
18:28:24.607;3.05;19.70;12.79;4.86;6.53;5.27;3.09;0.00;0.00;0.00;0.05;0.05;0.06;2.76;7.58;0.71;21.05;17.37;9.79;7.84;1.08;1.55;0.30;0.53;14.95;4.15;3.23;9.07;2.65;0.00;0.01;0.51;0.61;0.00;65.11;364.58;2373.38;64.79;25.87;3.34;1.29;3.02;0.09;0.30;0.62;0.75;1.34;0.11
18:28:26.938;3.05;19.67;12.78;4.85;6.52;5.26;3.09;0.00;0.00;0.00;0.05;0.05;0.06;2.71;7.55;0.69;20.89;17.30;9.67;7.85;1.08;1.56;0.30;0.54;14.72;4.12;3.12;8.99;2.64;0.00;0.01;0.51;0.61;0.00;45.55;86.66;439.94;56.01;11.11;3.76;1.43;3.33;0.13;0.40;0.88;0.97;1.67;0.15
18:28:29.226;3.06;19.71;12.80;4.86;6.53;5.27;3.09;0.00;0.00;0.00;0.05;0.05;0.06;2.68;7.53;0.67;20.77;17.25;9.58;7.87;1.09;1.56;0.30;0.54;14.76;4.13;3.14;9.00;2.64;0.00;0.01;0.51;0.61;0.00;44.36;77.87;388.07;55.41;10.43;4.04;1.52;3.52;0.17;0.54;1.27;1.27;2.11;0.21
18:28:31.560;3.07;19.81;12.85;4.88;6.56;5.29;3.10;0.00;0.00;0.00;0.05;0.05;0.06;2.62;7.49;0.65;20.58;17.16;9.44;7.88;1.09;1.56;0.30;0.54;14.68;4.12;3.10;8.97;2.63;0.00;0.01;0.51;0.61;0.00;47.80;105.18;552.17;57.12;12.45;3.91;1.48;3.43;0.31;0.92;2.46;2.04;3.20;0.38
18:28:33.880;3.07;19.83;12.86;4.89;6.56;5.29;3.11;0.00;0.00;0.00;0.05;0.05;0.06;2.61;7.49;0.65;20.54;17.15;9.41;7.85;1.08;1.56;0.30;0.54;14.66;4.12;3.10;8.97;2.63;0.00;0.01;0.51;0.61;0.00;38.25;42.93;192.98;52.16;7.35;4.04;1.52;3.52;0.20;0.61;1.47;1.40;2.31;0.24
18:28:36.175;3.06;19.79;12.84;4.88;6.55;5.29;3.10;0.00;0.00;0.00;0.05;0.05;0.06;2.58;7.47;0.64;20.45;17.10;9.35;7.87;1.09;1.56;0.30;0.54;14.66;4.12;3.10;8.96;2.63;0.00;0.01;0.51;0.61;0.00;40.10;51.90;241.12;53.18;8.22;4.07;1.53;3.54;0.42;1.24;3.59;2.69;4.07;0.53
18:28:38.482;3.08;19.92;12.90;4.91;6.59;5.31;3.12;0.00;0.00;0.00;0.05;0.05;0.06;2.58;7.47;0.64;20.43;17.10;9.33;7.88;1.09;1.56;0.30;0.54;14.83;4.14;3.17;9.03;2.65;0.00;0.01;0.51;0.61;0.00;27.56;11.48;41.06;45.63;3.38;3.76;1.43;3.33;0.26;0.80;2.08;1.81;2.88;0.33
18:28:40.800;3.08;19.95;12.92;4.91;6.60;5.32;3.12;0.00;0.00;0.00;0.05;0.05;0.06;2.58;7.47;0.64;20.43;17.09;9.33;7.90;1.09;1.57;0.30;0.54;14.78;4.13;3.15;9.01;2.64;0.00;0.01;0.51;0.61;0.00;52.57;154.25;865.28;59.38;15.60;5.02;1.83;4.19;0.19;0.60;1.46;1.40;2.30;0.24
18:28:43.139;3.08;19.95;12.92;4.91;6.60;5.32;3.12;0.00;0.00;0.00;0.05;0.05;0.06;2.53;7.44;0.62;20.26;17.02;9.21;7.88;1.09;1.57;0.30;0.54;14.77;4.13;3.15;9.01;2.64;0.00;0.01;0.51;0.61;0.00;38.76;45.27;205.39;52.44;7.58;5.27;1.91;4.36;0.12;0.37;0.79;0.90;1.56;0.14
18:28:45.454;3.09;20.05;12.97;4.93;6.63;5.34;3.13;0.00;0.00;0.00;0.05;0.05;0.06;2.56;7.46;0.63;20.39;17.08;9.31;7.95;1.09;1.59;0.30;0.54;15.03;4.16;3.27;9.10;2.66;0.00;0.01;0.51;0.61;0.00;54.30;175.62;1007.50;60.17;16.84;4.78;1.76;4.03;0.10;0.32;0.67;0.80;1.41;0.12
18:28:47.751;3.09;20.07;12.98;4.94;6.63;5.34;3.13;0.00;0.00;0.00;0.05;0.05;0.06;2.57;7.47;0.63;20.42;17.09;9.32;7.97;1.09;1.59;0.30;0.54;15.18;4.18;3.33;9.16;2.67;0.00;0.01;0.51;0.61;0.00;64.67;354.82;2299.02;64.62;25.46;4.53;1.68;3.86;0.10;0.34;0.71;0.83;1.46;0.13
18:28:50.082;3.10;20.07;12.98;4.94;6.63;5.34;3.13;0.00;0.00;0.00;0.05;0.05;0.06;2.48;7.41;0.60;20.09;16.94;9.09;7.94;1.09;1.59;0.30;0.54;14.76;4.13;3.14;9.00;2.64;0.00;0.01;0.51;0.61;0.00;57.69;224.07;1340.85;61.68;19.43;3.84;1.46;3.38;0.10;0.32;0.66;0.78;1.39;0.12
18:28:52.377;3.10;20.12;13.00;4.95;6.65;5.35;3.14;0.00;0.00;0.00;0.06;0.05;0.06;2.48;7.41;0.60;20.11;16.95;9.10;8.01;1.10;1.61;0.31;0.54;15.12;4.17;3.31;9.14;2.67;0.00;0.01;0.51;0.61;0.00;32.68;22.79;91.82;48.92;5.07;4.72;1.74;3.99;0.27;0.82;2.14;1.85;2.93;0.34
18:28:54.695;3.10;20.08;12.99;4.94;6.64;5.34;3.14;0.00;0.00;0.00;0.06;0.05;0.06;2.44;7.38;0.58;19.95;16.88;8.98;7.98;1.09;1.60;0.30;0.54;15.56;4.22;3.51;9.30;2.70;0.00;0.01;0.51;0.61;0.00;38.40;43.61;196.58;52.25;7.42;5.03;1.83;4.20;0.26;0.79;2.04;1.78;2.85;0.32
18:28:57.028;3.10;20.12;13.01;4.95;6.65;5.35;3.14;0.00;0.00;0.00;0.06;0.05;0.06;2.43;7.37;0.58;19.92;16.86;8.96;8.00;1.09;1.60;0.30;0.54;15.55;4.22;3.51;9.30;2.70;0.00;0.01;0.51;0.61;0.00;30.22;16.64;63.48;47.38;4.21;5.04;1.84;4.21;0.16;0.50;1.16;1.19;2.00;0.20
18:28:59.320;3.11;20.18;13.03;4.96;6.67;5.36;3.15;0.00;0.00;0.00;0.05;0.05;0.06;2.40;7.36;0.57;19.83;16.82;8.90;8.00;1.10;1.60;0.30;0.54;15.46;4.21;3.47;9.26;2.69;0.00;0.01;0.51;0.61;0.00;44.01;75.43;373.82;55.23;10.24;4.64;1.71;3.94;0.32;0.96;2.59;2.12;3.31;0.40
18:29:01.633;3.11;20.23;13.06;4.97;6.68;5.37;3.15;0.00;0.00;0.00;0.06;0.05;0.06;2.40;7.36;0.57;19.82;16.81;8.89;8.03;1.10;1.61;0.31;0.54;15.26;4.19;3.37;9.19;2.68;0.00;0.01;0.51;0.61;0.00;44.72;80.50;403.48;55.60;10.64;5.23;1.90;4.34;0.15;0.48;1.09;1.13;1.92;0.19
18:29:03.976;3.11;20.20;13.04;4.97;6.67;5.36;3.15;0.00;0.00;0.00;0.06;0.05;0.06;2.42;7.37;0.58;19.89;16.85;8.94;8.03;1.10;1.61;0.31;0.54;15.22;4.18;3.35;9.18;2.67;0.00;0.01;0.52;0.61;0.00;40.53;54.18;253.57;53.41;8.43;4.38;1.63;3.76;0.30;0.89;2.37;1.99;3.13;0.37
18:29:06.272;3.12;20.33;13.11;5.00;6.71;5.39;3.16;0.00;0.00;0.00;0.06;0.05;0.06;2.42;7.37;0.58;19.91;16.86;8.95;8.03;1.10;1.61;0.31;0.54;15.22;4.18;3.35;9.17;2.67;0.00;0.01;0.51;0.61;0.00;40.47;53.87;251.87;53.38;8.40;4.63;1.71;3.93;0.11;0.35;0.74;0.85;1.50;0.13
18:29:08.608;3.12;20.31;13.10;4.99;6.71;5.39;3.16;0.00;0.00;0.00;0.06;0.05;0.06;2.36;7.33;0.56;19.67;16.74;8.78;8.06;1.10;1.62;0.31;0.54;15.21;4.18;3.35;9.17;2.67;0.00;0.01;0.51;0.61;0.00;35.41;31.48;134.12;50.55;6.13;4.40;1.64;3.77;0.10;0.33;0.68;0.80;1.42;0.12
18:29:10.911;3.13;20.36;13.12;5.00;6.72;5.39;3.17;0.00;0.00;0.00;0.06;0.05;0.06;2.36;7.33;0.56;19.70;16.76;8.80;8.04;1.10;1.61;0.31;0.54;15.21;4.18;3.35;9.17;2.67;0.00;0.01;0.51;0.61;0.00;30.06;16.28;61.87;47.28;4.16;4.57;1.69;3.89;1.95;5.19;21.20;9.75;12.46;2.46
18:29:13.215;3.12;20.32;13.11;4.99;6.71;5.39;3.16;0.00;0.00;0.00;0.06;0.05;0.06;2.30;7.29;0.54;19.47;16.65;8.64;7.81;1.08;1.54;0.30;0.53;15.12;4.17;3.31;9.14;2.67;0.00;0.01;0.51;0.61;0.00;45.13;83.46;420.97;55.80;10.87;4.46;1.65;3.81;0.48;1.39;4.13;2.97;4.44;0.59
18:29:15.549;3.12;20.31;13.10;4.99;6.70;5.38;3.16;0.00;0.00;0.00;0.05;0.05;0.06;2.26;7.27;0.52;19.34;16.59;8.55;7.60;1.06;1.48;0.29;0.53;15.02;4.16;3.26;9.10;2.66;0.00;0.01;0.51;0.61;0.00;33.33;24.67;100.75;49.31;5.31;4.03;1.52;3.52;0.11;0.36;0.77;0.88;1.54;0.14
18:29:17.841;3.13;20.36;13.12;5.00;6.72;5.39;3.17;0.00;0.00;0.00;0.05;0.05;0.06;2.21;7.23;0.51;19.16;16.51;8.42;7.42;1.05;1.43;0.28;0.52;15.35;4.20;3.41;9.22;2.68;0.00;0.01;0.51;0.61;0.00;37.20;38.37;169.15;51.57;6.88;5.14;1.87;4.28;0.16;0.51;1.18;1.20;2.02;0.20
18:29:20.160;3.12;20.27;13.08;4.98;6.69;5.38;3.16;0.00;0.00;0.00;0.05;0.05;0.05;2.12;7.17;0.48;18.81;16.34;8.18;7.23;1.03;1.37;0.28;0.51;14.97;4.15;3.24;9.08;2.66;0.00;0.01;0.51;0.61;0.00;44.16;76.51;380.13;55.31;10.33;5.10;1.86;4.25;0.32;0.94;2.55;2.10;3.27;0.39
18:29:22.478;3.13;20.35;13.12;5.00;6.72;5.39;3.17;0.00;0.00;0.00;0.05;0.05;0.05;2.06;7.13;0.46;18.59;16.24;8.02;7.06;1.02;1.32;0.27;0.51;14.90;4.15;3.20;9.05;2.65;0.00;0.01;0.51;0.61;0.00;31.09;18.64;72.53;47.93;4.50;4.51;1.67;3.85;0.24;0.74;1.90;1.69;2.72;0.30
18:29:24.793;3.12;20.27;13.08;4.98;6.69;5.38;3.16;0.00;0.00;0.00;0.05;0.05;0.05;2.03;7.10;0.45;18.47;16.18;7.94;6.94;1.01;1.28;0.27;0.50;15.15;4.17;3.32;9.15;2.67;0.00;0.01;0.51;0.61;0.00;24.49;7.14;23.53;43.49;2.56;4.14;1.56;3.59;0.28;0.84;2.19;1.88;2.98;0.34
18:29:27.096;3.11;20.21;13.05;4.97;6.67;5.37;3.15;0.00;0.00;0.00;0.05;0.05;0.05;1.97;7.05;0.43;18.22;16.06;7.77;6.79;1.00;1.24;0.26;0.49;15.56;4.22;3.51;9.30;2.70;0.00;0.01;0.51;0.61;0.00;30.29;16.78;64.10;47.42;4.23;5.29;1.91;4.37;0.47;1.38;4.10;2.96;4.42;0.59
18:29:29.423;3.10;20.10;12.99;4.94;6.64;5.34;3.14;0.00;0.00;0.00;0.05;0.05;0.05;1.95;7.05;0.42;18.17;16.04;7.73;6.63;0.99;1.20;0.26;0.49;15.37;4.20;3.42;9.23;2.68;0.00;0.01;0.51;0.61;0.00;23.59;6.14;19.71;42.83;2.34;5.13;1.86;4.27;0.21;0.63;1.55;1.46;2.39;0.25
18:29:31.744;3.10;20.12;13.01;4.95;6.65;5.35;3.14;0.00;0.00;0.00;0.05;0.05;0.05;1.95;7.04;0.42;18.16;16.03;7.73;6.54;0.98;1.17;0.25;0.48;14.98;4.15;3.24;9.08;2.66;0.00;0.01;0.51;0.61;0.00;33.83;26.20;108.12;49.61;5.50;4.56;1.69;3.89;0.22;0.67;1.67;1.54;2.51;0.27
18:29:34.031;3.09;20.04;12.96;4.93;6.62;5.33;3.13;0.00;0.00;0.00;0.05;0.05;0.05;1.86;6.97;0.39;17.79;15.85;7.48;6.40;0.97;1.13;0.25;0.48;14.81;4.14;3.16;9.02;2.64;0.00;0.01;0.51;0.61;0.00;27.65;11.63;41.70;45.69;3.41;4.76;1.75;4.02;0.12;0.39;0.85;0.94;1.64;0.15
18:29:36.365;3.09;20.02;12.95;4.93;6.62;5.33;3.13;0.00;0.00;0.00;0.05;0.05;0.05;1.86;6.97;0.39;17.79;15.85;7.48;6.35;0.96;1.12;0.25;0.48;14.78;4.13;3.15;9.01;2.64;0.00;0.01;0.51;0.61;0.00;29.68;15.46;58.24;47.03;4.03;4.26;1.59;3.68;0.14;0.45;1.02;1.08;1.84;0.18
18:29:38.690;3.09;20.01;12.95;4.93;6.62;5.33;3.13;0.00;0.00;0.00;0.04;0.05;0.05;1.81;6.93;0.38;17.57;15.75;7.33;6.27;0.96;1.10;0.24;0.47;14.68;4.12;3.11;8.97;2.63;0.00;0.01;0.51;0.61;0.00;30.93;18.25;70.77;47.83;4.45;4.03;1.52;3.51;0.13;0.40;0.87;0.96;1.66;0.15
18:29:40.975;3.09;20.06;12.97;4.94;6.63;5.34;3.13;0.00;0.00;0.00;0.05;0.05;0.05;1.83;6.95;0.38;17.68;15.79;7.40;6.25;0.95;1.09;0.24;0.47;14.84;4.14;3.18;9.03;2.65;0.00;0.01;0.51;0.61;0.00;27.94;12.12;43.80;45.89;3.49;3.97;1.50;3.47;0.34;1.00;2.74;2.21;3.43;0.42
18:29:43.295;3.09;20.02;12.96;4.93;6.62;5.33;3.13;0.00;0.00;0.00;0.04;0.05;0.05;1.82;6.94;0.38;17.62;15.77;7.36;6.15;0.95;1.06;0.24;0.47;14.87;4.14;3.19;9.04;2.65;0.00;0.01;0.51;0.61;0.00;34.65;28.83;120.99;50.10;5.82;4.23;1.58;3.65;0.21;0.65;1.60;1.49;2.44;0.26
18:29:45.638;3.09;20.01;12.95;4.93;6.62;5.33;3.13;0.00;0.00;0.00;0.04;0.05;0.05;1.82;6.94;0.38;17.61;15.76;7.35;6.09;0.94;1.05;0.24;0.47;14.88;4.14;3.19;9.05;2.65;0.00;0.01;0.51;0.61;0.00;25.57;8.50;28.86;44.26;2.84;3.94;1.49;3.45;0.17;0.52;1.23;1.23;2.06;0.21
18:29:47.925;3.08;19.97;12.93;4.92;6.60;5.32;3.12;0.00;0.00;0.00;0.04;0.04;0.05;1.80;6.92;0.37;17.54;15.73;7.31;6.08;0.94;1.05;0.24;0.47;14.88;4.14;3.19;9.05;2.65;0.00;0.01;0.51;0.61;0.00;44.12;76.23;378.53;55.29;10.31;4.35;1.62;3.74;0.14;0.44;0.98;1.05;1.79;0.17
18:29:50.254;3.07;19.86;12.87;4.89;6.57;5.30;3.11;0.00;0.00;0.00;0.04;0.04;0.05;1.71;6.85;0.35;17.17;15.54;7.06;5.93;0.93;1.01;0.23;0.46;14.70;4.12;3.11;8.98;2.64;0.00;0.01;0.51;0.61;0.00;42.11;63.18;303.68;54.25;9.23;4.56;1.69;3.89;0.08;0.28;0.56;0.69;1.25;0.10
18:29:52.568;3.06;19.80;12.84;4.88;6.55;5.29;3.10;0.00;0.00;0.00;0.04;0.04;0.05;1.69;6.83;0.34;17.09;15.51;7.01;5.88;0.92;0.99;0.23;0.46;14.67;4.12;3.10;8.97;2.63;0.00;0.01;0.51;0.61;0.00;24.35;6.98;22.90;43.39;2.52;5.62;2.02;4.59;0.15;0.46;1.04;1.09;1.86;0.18
18:29:54.864;3.06;19.78;12.83;4.87;6.55;5.28;3.10;0.00;0.00;0.00;0.04;0.04;0.05;1.69;6.83;0.34;17.08;15.50;7.00;5.81;0.92;0.98;0.23;0.45;15.01;4.16;3.26;9.10;2.66;0.00;0.01;0.51;0.61;0.00;35.85;33.06;142.07;50.80;6.30;4.62;1.70;3.92;0.22;0.69;1.71;1.57;2.55;0.28
18:29:57.183;3.06;19.78;12.83;4.87;6.55;5.28;3.10;0.00;0.00;0.00;0.04;0.04;0.05;1.69;6.83;0.34;17.08;15.50;7.00;5.78;0.91;0.97;0.23;0.45;14.82;4.14;3.17;9.02;2.64;0.00;0.01;0.51;0.61;0.00;32.80;23.13;93.45;48.99;5.11;5.05;1.84;4.22;0.32;0.96;2.60;2.13;3.32;0.40
18:29:59.492;3.06;19.78;12.83;4.87;6.55;5.28;3.10;0.00;0.00;0.00;0.04;0.04;0.05;1.69;6.83;0.34;17.07;15.50;7.00;5.78;0.91;0.97;0.23;0.45;14.52;4.10;3.03;8.91;2.62;0.00;0.01;0.51;0.61;0.00;44.82;81.20;407.60;55.64;10.69;3.66;1.40;3.25;0.14;0.45;1.02;1.08;1.83;0.18
18:30:01.833;3.06;19.78;12.83;4.87;6.55;5.28;3.10;0.00;0.00;0.00;0.04;0.04;0.05;1.69;6.83;0.34;17.07;15.50;7.00;5.69;0.91;0.94;0.22;0.45;14.54;4.10;3.04;8.92;2.63;0.00;0.01;0.51;0.61;0.00;38.53;44.18;199.60;52.31;7.48;4.77;1.75;4.02;0.08;0.28;0.55;0.69;1.25;0.10
18:30:04.120;3.06;19.78;12.83;4.87;6.55;5.28;3.10;0.00;0.00;0.00;0.04;0.04;0.05;1.65;6.80;0.33;16.93;15.43;6.91;5.67;0.90;0.94;0.22;0.45;14.46;4.09;3.01;8.89;2.62;0.00;0.01;0.51;0.61;0.00;34.83;29.43;123.92;50.20;5.89;5.95;2.12;4.81;0.30;0.91;2.45;2.04;3.19;0.38
18:30:06.434;3.06;19.78;12.83;4.87;6.55;5.28;3.10;0.00;0.00;0.00;0.04;0.04;0.04;1.65;6.80;0.33;16.91;15.42;6.89;5.66;0.90;0.94;0.22;0.45;14.36;4.08;2.96;8.85;2.61;0.00;0.01;0.51;0.61;0.00;22.92;5.46;17.20;42.33;2.19;5.45;1.96;4.48;0.32;0.96;2.60;2.13;3.32;0.40
18:30:08.752;3.06;19.73;12.81;4.86;6.54;5.28;3.10;0.00;0.00;0.00;0.04;0.04;0.04;1.68;6.82;0.34;17.04;15.48;6.98;5.66;0.90;0.94;0.22;0.45;14.51;4.10;3.03;8.91;2.62;0.00;0.01;0.51;0.61;0.00;27.49;11.37;40.60;45.59;3.36;4.58;1.69;3.90;0.43;1.27;3.69;2.74;4.13;0.54
18:30:11.077;3.06;19.77;12.83;4.87;6.55;5.28;3.10;0.00;0.00;0.00;0.04;0.04;0.04;1.64;6.79;0.32;16.86;15.39;6.86;5.59;0.90;0.92;0.22;0.45;14.37;4.08;2.97;8.85;2.61;0.00;0.01;0.51;0.60;0.00;32.54;22.39;89.93;48.83;5.01;4.19;1.57;3.63;0.34;1.02;2.81;2.25;3.48;0.42
18:30:13.385;3.06;19.73;12.81;4.86;6.53;5.28;3.10;0.00;0.00;0.00;0.04;0.04;0.04;1.66;6.81;0.33;16.96;15.44;6.92;5.63;0.90;0.93;0.22;0.45;14.69;4.12;3.11;8.97;2.64;0.00;0.01;0.51;0.61;0.00;28.57;13.27;48.67;46.31;3.68;4.59;1.70;3.90;0.24;0.72;1.83;1.65;2.66;0.29
18:30:15.719;3.05;19.68;12.78;4.85;6.52;5.26;3.09;0.00;0.00;0.00;0.04;0.04;0.04;1.70;6.84;0.34;17.12;15.52;7.03;5.60;0.90;0.92;0.22;0.45;14.84;4.14;3.18;9.03;2.65;0.00;0.01;0.51;0.61;0.00;38.73;45.13;204.63;52.43;7.57;6.11;2.16;4.91;0.11;0.35;0.74;0.85;1.50;0.13
18:30:18.029;3.06;19.71;12.80;4.86;6.53;5.27;3.09;0.00;0.00;0.00;0.04;0.04;0.04;1.67;6.82;0.33;17.01;15.47;6.96;5.56;0.89;0.91;0.22;0.44;15.14;4.17;3.31;9.14;2.67;0.00;0.01;0.51;0.61;0.00;34.68;28.92;121.44;50.12;5.83;4.44;1.65;3.80;0.17;0.54;1.28;1.27;2.12;0.21
18:30:20.334;3.06;19.77;12.83;4.87;6.55;5.28;3.10;0.00;0.00;0.00;0.04;0.04;0.04;1.68;6.83;0.34;17.06;15.49;6.99;5.55;0.89;0.91;0.22;0.44;15.11;4.17;3.30;9.13;2.66;0.00;0.01;0.51;0.61;0.00;30.72;17.77;68.57;47.70;4.38;4.37;1.63;3.75;0.12;0.39;0.86;0.95;1.65;0.15
18:30:22.640;3.05;19.69;12.78;4.85;6.52;5.27;3.09;0.00;0.00;0.00;0.04;0.04;0.04;1.67;6.82;0.33;17.00;15.46;6.95;5.52;0.89;0.90;0.22;0.44;15.10;4.17;3.30;9.13;2.66;0.00;0.01;0.51;0.61;0.00;38.04;41.98;187.99;52.04;7.26;4.33;1.62;3.73;0.20;0.63;1.54;1.45;2.38;0.25
18:30:24.947;3.06;19.72;12.80;4.86;6.53;5.27;3.09;0.00;0.00;0.00;0.04;0.04;0.04;1.68;6.83;0.34;17.06;15.49;6.99;5.49;0.89;0.89;0.22;0.44;14.75;4.13;3.13;9.00;2.64;0.00;0.01;0.51;0.61;0.00;40.07;51.75;240.31;53.16;8.21;3.94;1.49;3.45;0.21;0.64;1.58;1.48;2.42;0.26
18:30:27.278;3.04;19.54;12.71;4.82;6.48;5.24;3.07;0.00;0.00;0.00;0.04;0.04;0.04;1.67;6.82;0.33;17.00;15.46;6.95;5.47;0.89;0.89;0.22;0.44;14.59;4.11;3.06;8.94;2.63;0.00;0.01;0.51;0.61;0.00;33.51;25.19;103.26;49.42;5.37;4.40;1.64;3.78;0.14;0.44;0.98;1.05;1.79;0.17
18:30:29.568;3.03;19.50;12.69;4.81;6.47;5.23;3.07;0.00;0.00;0.00;0.04;0.04;0.04;1.68;6.83;0.34;17.06;15.49;6.99;5.45;0.88;0.88;0.22;0.44;14.56;4.11;3.05;8.93;2.63;0.00;0.01;0.51;0.61;0.00;50.35;129.70;706.01;58.35;14.09;3.90;1.48;3.42;0.13;0.42;0.93;1.01;1.73;0.16
18:30:31.895;3.04;19.54;12.71;4.82;6.48;5.24;3.07;0.00;0.00;0.00;0.04;0.04;0.04;1.67;6.82;0.33;17.00;15.46;6.95;5.45;0.88;0.88;0.22;0.44;14.55;4.11;3.05;8.92;2.63;0.00;0.01;0.51;0.61;0.00;57.63;223.18;1334.58;61.65;19.38;5.88;2.10;4.77;0.18;0.55;1.31;1.29;2.15;0.22
18:30:34.197;3.04;19.55;12.71;4.82;6.48;5.24;3.07;0.00;0.00;0.00;0.04;0.04;0.04;1.67;6.81;0.33;16.99;15.46;6.94;5.44;0.88;0.88;0.22;0.44;14.64;4.12;3.09;8.96;2.63;0.00;0.01;0.51;0.60;0.00;74.21;617.29;4402.01;68.35;35.26;5.34;1.93;4.41;0.18;0.56;1.32;1.30;2.16;0.22
18:30:36.543;3.04;19.55;12.71;4.82;6.48;5.24;3.07;0.00;0.00;0.00;0.04;0.04;0.04;1.68;6.83;0.34;17.06;15.49;6.99;5.44;0.88;0.88;0.22;0.44;14.66;4.12;3.09;8.96;2.63;0.00;0.01;0.51;0.60;0.00;42.14;63.38;304.83;54.26;9.24;5.31;1.92;4.39;0.27;0.81;2.10;1.82;2.89;0.33
18:30:38.827;3.03;19.51;12.69;4.81;6.47;5.23;3.07;0.00;0.00;0.00;0.04;0.04;0.04;1.69;6.83;0.34;17.07;15.50;7.00;5.43;0.88;0.88;0.21;0.44;14.57;4.11;3.06;8.93;2.63;0.00;0.01;0.51;0.60;0.00;52.43;152.58;854.27;59.32;15.50;3.78;1.44;3.34;0.12;0.37;0.80;0.91;1.58;0.14
18:30:41.138;3.03;19.50;12.69;4.81;6.47;5.23;3.07;0.00;0.00;0.00;0.04;0.04;0.04;1.69;6.83;0.34;17.07;15.50;7.00;5.42;0.88;0.88;0.21;0.44;14.55;4.11;3.05;8.92;2.63;0.00;0.01;0.51;0.60;0.00;30.79;17.92;69.26;47.74;4.40;4.60;1.70;3.91;0.23;0.70;1.76;1.60;2.59;0.28
18:30:43.481;3.03;19.49;12.69;4.81;6.46;5.23;3.07;0.00;0.00;0.00;0.04;0.04;0.04;1.69;6.83;0.34;17.07;15.50;7.00;5.44;0.88;0.88;0.22;0.44;14.46;4.10;3.01;8.89;2.62;0.00;0.01;0.51;0.60;0.00;36.14;34.14;147.50;50.96;6.42;3.89;1.47;3.41;0.11;0.35;0.73;0.85;1.49;0.13
18:30:45.789;3.03;19.45;12.66;4.80;6.45;5.22;3.06;0.00;0.00;0.00;0.04;0.04;0.04;1.69;6.83;0.34;17.07;15.50;7.00;5.43;0.88;0.88;0.21;0.44;14.45;4.09;3.00;8.88;2.62;0.00;0.01;0.51;0.60;0.00;30.63;17.55;67.57;47.64;4.34;4.90;1.79;4.11;0.14;0.44;1.00;1.06;1.81;0.17
18:30:48.114;3.03;19.44;12.66;4.80;6.45;5.22;3.06;0.00;0.00;0.00;0.04;0.04;0.04;1.69;6.83;0.34;17.07;15.50;7.00;5.41;0.88;0.87;0.21;0.44;14.97;4.15;3.23;9.08;2.65;0.00;0.01;0.51;0.60;0.00;28.69;13.49;49.63;46.39;3.72;4.70;1.73;3.98;0.25;0.75;1.91;1.70;2.73;0.30
18:30:50.419;3.02;19.44;12.66;4.80;6.45;5.22;3.06;0.00;0.00;0.00;0.04;0.04;0.04;1.70;6.84;0.34;17.15;15.53;7.04;5.42;0.88;0.88;0.21;0.44;14.98;4.16;3.24;9.09;2.66;0.00;0.01;0.51;0.60;0.00;34.35;27.86;116.21;49.93;5.70;4.36;1.62;3.74;0.11;0.35;0.74;0.86;1.51;0.13
18:30:52.713;3.02;19.44;12.66;4.80;6.45;5.22;3.06;0.00;0.00;0.00;0.04;0.04;0.04;1.69;6.83;0.34;17.09;15.51;7.01;5.37;0.88;0.86;0.21;0.44;14.81;4.14;3.16;9.02;2.64;0.00;0.01;0.51;0.60;0.00;33.17;24.20;98.52;49.22;5.25;4.23;1.58;3.65;0.26;0.79;2.04;1.78;2.84;0.32
18:30:55.048;3.02;19.44;12.66;4.80;6.45;5.22;3.06;0.00;0.00;0.00;0.04;0.04;0.04;1.67;6.82;0.33;17.01;15.47;6.95;5.36;0.88;0.86;0.21;0.44;14.69;4.12;3.11;8.98;2.64;0.00;0.01;0.51;0.60;0.00;25.02;7.78;26.04;43.87;2.69;4.79;1.76;4.04;0.54;1.57;4.79;3.31;4.87;0.67
18:30:57.365;3.02;19.44;12.66;4.80;6.45;5.22;3.06;0.00;0.00;0.00;0.04;0.04;0.04;1.68;6.83;0.34;17.06;15.49;6.99;5.38;0.88;0.86;0.21;0.44;14.49;4.10;3.02;8.90;2.62;0.00;0.01;0.51;0.60;0.00;45.85;88.98;453.77;56.16;11.29;4.84;1.78;4.07;0.35;1.03;2.85;2.28;3.52;0.43
18:30:59.659;3.02;19.39;12.63;4.79;6.43;5.21;3.06;0.00;0.00;0.00;0.04;0.04;0.04;1.69;6.83;0.34;17.07;15.50;7.00;5.40;0.88;0.87;0.21;0.44;14.37;4.08;2.97;8.85;2.61;0.00;0.01;0.51;0.60;0.00;38.29;43.08;193.80;52.18;7.37;5.45;1.96;4.48;0.34;1.02;2.82;2.25;3.49;0.43
18:31:01.994;3.02;19.43;12.65;4.80;6.45;5.22;3.06;0.00;0.00;0.00;0.04;0.04;0.04;1.69;6.83;0.34;17.07;15.50;7.00;5.35;0.88;0.86;0.21;0.43;14.26;4.07;2.92;8.81;2.60;0.00;0.01;0.51;0.60;0.00;52.77;156.60;880.73;59.48;15.74;5.06;1.84;4.22;0.29;0.88;2.32;1.96;3.09;0.36
18:31:04.292;3.00;19.26;12.56;4.76;6.39;5.18;3.04;0.00;0.00;0.00;0.04;0.04;0.04;1.69;6.83;0.34;17.07;15.50;7.00;5.34;0.87;0.86;0.21;0.43;14.23;4.07;2.91;8.80;2.60;0.00;0.01;0.51;0.60;0.00;48.50;111.50;591.27;57.46;12.89;4.73;1.74;4.00;0.23;0.71;1.80;1.63;2.63;0.29
18:31:06.603;3.01;19.27;12.57;4.76;6.40;5.19;3.04;0.00;0.00;0.00;0.04;0.04;0.04;1.69;6.83;0.34;17.07;15.50;7.00;5.32;0.87;0.85;0.21;0.43;14.15;4.06;2.87;8.77;2.60;0.00;0.01;0.50;0.60;0.00;38.90;45.90;208.77;52.52;7.65;4.76;1.75;4.02;0.10;0.33;0.69;0.81;1.44;0.13
18:31:08.925;3.00;19.22;12.55;4.75;6.38;5.18;3.04;0.00;0.00;0.00;0.04;0.04;0.04;1.69;6.83;0.34;17.07;15.50;7.00;5.34;0.87;0.85;0.21;0.43;14.21;4.07;2.90;8.79;2.60;0.00;0.01;0.50;0.60;0.00;41.21;57.92;274.22;53.77;8.77;4.87;1.78;4.09;0.18;0.55;1.29;1.28;2.13;0.22
18:31:11.241;3.00;19.26;12.57;4.76;6.40;5.18;3.04;0.00;0.00;0.00;0.04;0.04;0.04;1.75;6.89;0.36;17.36;15.64;7.19;5.34;0.87;0.85;0.21;0.43;14.48;4.10;3.02;8.90;2.62;0.00;0.01;0.51;0.60;0.00;30.84;18.05;69.86;47.78;4.42;4.88;1.79;4.10;0.24;0.72;1.83;1.65;2.66;0.29
18:31:13.577;3.00;19.22;12.55;4.75;6.38;5.18;3.04;0.00;0.00;0.00;0.04;0.04;0.04;1.72;6.86;0.35;17.20;15.56;7.08;5.34;0.87;0.86;0.21;0.43;14.36;4.08;2.97;8.85;2.61;0.00;0.01;0.50;0.60;0.00;33.93;26.49;109.54;49.67;5.53;4.28;1.60;3.69;0.12;0.38;0.83;0.92;1.61;0.15
18:31:15.857;2.99;19.17;12.52;4.74;6.37;5.17;3.03;0.00;0.00;0.00;0.04;0.04;0.04;1.69;6.84;0.34;17.10;15.51;7.01;5.32;0.87;0.85;0.21;0.43;14.17;4.06;2.88;8.78;2.60;0.00;0.01;0.50;0.60;0.00;2.27;0.00;0.00;16.49;0.01;2.80;1.11;2.62;0.06;0.20;0.37;0.52;0.97;0.07
18:31:18.172;3.00;19.20;12.54;4.75;6.38;5.17;3.03;0.00;0.00;0.00;0.04;0.04;0.04;1.72;6.86;0.35;17.22;15.57;7.09;5.34;0.87;0.85;0.21;0.43;14.22;4.07;2.90;8.80;2.60;0.00;0.01;0.50;0.60;0.00;12.15;0.43;0.86;32.68;0.49;5.08;1.85;4.23;0.24;0.72;1.82;1.64;2.65;0.29
18:31:20.494;3.00;19.26;12.56;4.76;6.39;5.18;3.04;0.00;0.00;0.00;0.04;0.04;0.04;1.73;6.86;0.35;17.25;15.58;7.11;5.34;0.87;0.85;0.21;0.43;14.48;4.10;3.02;8.90;2.62;0.00;0.01;0.50;0.60;0.00;28.26;12.70;46.23;46.10;3.59;4.95;1.81;4.15;0.22;0.66;1.65;1.53;2.48;0.27
18:31:22.814;3.00;19.22;12.55;4.75;6.38;5.18;3.04;0.00;0.00;0.00;0.04;0.04;0.04;1.73;6.87;0.35;17.25;15.59;7.11;5.34;0.87;0.86;0.21;0.43;14.80;4.13;3.16;9.02;2.64;0.00;0.01;0.50;0.60;0.00;25.47;8.35;28.29;44.19;2.81;5.44;1.96;4.48;0.25;0.75;1.90;1.70;2.72;0.30
18:31:25.137;2.99;19.17;12.52;4.74;6.37;5.17;3.03;0.00;0.00;0.00;0.04;0.04;0.04;1.73;6.87;0.35;17.25;15.59;7.11;5.34;0.87;0.86;0.21;0.43;14.77;4.13;3.15;9.01;2.64;0.00;0.01;0.50;0.60;0.00;30.27;16.75;63.98;47.42;4.23;4.25;1.59;3.67;0.32;0.97;2.63;2.14;3.34;0.40
18:31:27.430;3.00;19.20;12.54;4.75;6.38;5.17;3.03;0.00;0.00;0.00;0.03;0.04;0.04;1.75;6.88;0.36;17.32;15.62;7.16;5.34;0.87;0.86;0.21;0.43;14.77;4.13;3.14;9.01;2.64;0.00;0.01;0.50;0.60;0.00;37.05;37.76;166.01;51.49;6.82;3.82;1.45;3.37;0.17;0.53;1.25;1.25;2.09;0.21
18:31:29.739;3.00;19.21;12.54;4.75;6.38;5.18;3.04;0.00;0.00;0.00;0.03;0.04;0.04;1.77;6.90;0.36;17.41;15.66;7.22;5.34;0.87;0.86;0.21;0.43;14.68;4.12;3.11;8.97;2.63;0.00;0.01;0.50;0.60;0.00;37.09;37.92;166.83;51.51;6.83;4.54;1.68;3.87;0.12;0.39;0.84;0.94;1.63;0.15
18:31:32.073;2.99;19.17;12.52;4.74;6.37;5.17;3.03;0.00;0.00;0.00;0.03;0.04;0.04;1.77;6.90;0.36;17.43;15.67;7.23;5.34;0.87;0.86;0.21;0.43;14.23;4.07;2.91;8.80;2.60;0.00;0.01;0.50;0.60;0.00;44.23;77.00;382.99;55.35;10.37;5.00;1.83;4.18;0.13;0.42;0.94;1.01;1.74;0.16
18:31:34.359;3.00;19.20;12.54;4.75;6.38;5.17;3.03;0.00;0.00;0.00;0.03;0.04;0.04;1.75;6.89;0.36;17.36;15.64;7.18;5.34;0.87;0.86;0.21;0.43;14.31;4.08;2.94;8.83;2.61;0.00;0.01;0.50;0.60;0.00;27.85;11.98;43.17;45.83;3.47;5.03;1.83;4.20;0.18;0.55;1.30;1.28;2.14;0.22
18:31:36.693;3.00;19.21;12.54;4.75;6.38;5.18;3.04;0.00;0.00;0.00;0.03;0.04;0.04;1.77;6.90;0.36;17.42;15.67;7.22;5.34;0.87;0.86;0.21;0.43;14.25;4.07;2.91;8.81;2.60;0.00;0.01;0.50;0.60;0.00;36.69;36.31;158.58;51.28;6.66;4.83;1.77;4.07;0.45;1.31;3.81;2.81;4.22;0.55
18:31:38.996;2.99;19.17;12.52;4.74;6.37;5.17;3.03;0.00;0.00;0.00;0.03;0.04;0.04;1.77;6.90;0.36;17.43;15.67;7.23;5.34;0.87;0.86;0.21;0.43;14.15;4.06;2.87;8.77;2.60;0.00;0.01;0.50;0.60;0.00;55.52;192.10;1119.29;60.72;17.75;4.65;1.72;3.95;0.26;0.80;2.07;1.81;2.87;0.33
18:31:41.330;2.99;19.16;12.51;4.74;6.37;5.17;3.03;0.00;0.00;0.00;0.03;0.04;0.04;1.77;6.90;0.36;17.43;15.67;7.23;5.34;0.87;0.86;0.21;0.43;14.04;4.05;2.83;8.73;2.59;0.00;0.01;0.50;0.60;0.00;49.30;119.11;638.92;57.85;13.40;3.89;1.47;3.41;0.18;0.55;1.29;1.28;2.13;0.22
18:31:43.650;2.99;19.16;12.51;4.74;6.36;5.16;3.03;0.00;0.00;0.00;0.03;0.04;0.04;1.79;6.91;0.37;17.50;15.71;7.28;5.34;0.87;0.86;0.21;0.43;14.36;4.08;2.96;8.85;2.61;0.00;0.01;0.50;0.60;0.00;49.50;121.09;651.41;57.94;13.53;4.20;1.57;3.63;0.13;0.40;0.89;0.97;1.68;0.16
18:31:45.957;2.99;19.11;12.49;4.73;6.35;5.16;3.02;0.00;0.00;0.00;0.03;0.04;0.04;1.79;6.92;0.37;17.52;15.72;7.29;5.32;0.87;0.85;0.21;0.43;14.17;4.06;2.88;8.78;2.60;0.00;0.01;0.50;0.60;0.00;61.17;283.61;1767.72;63.17;22.32;4.53;1.68;3.86;0.17;0.54;1.28;1.27;2.12;0.21
18:31:48.280;3.00;19.19;12.53;4.74;6.38;5.17;3.03;0.00;0.00;0.00;0.03;0.04;0.04;1.76;6.89;0.36;17.38;15.65;7.20;5.34;0.87;0.85;0.21;0.43;14.13;4.06;2.87;8.76;2.60;0.00;0.01;0.50;0.60;0.00;46.87;97.18;503.22;56.67;11.89;4.39;1.63;3.77;0.22;0.68;1.70;1.56;2.53;0.27
18:31:50.586;2.99;19.12;12.49;4.73;6.35;5.16;3.02;0.00;0.00;0.00;0.03;0.04;0.04;1.77;6.90;0.36;17.42;15.67;7.23;5.34;0.87;0.85;0.21;0.43;14.04;4.04;2.83;8.73;2.59;0.00;0.01;0.50;0.60;0.00;29.21;14.51;54.07;46.73;3.88;5.32;1.92;4.40;0.22;0.68;1.70;1.56;2.53;0.27
18:31:52.883;3.00;19.19;12.53;4.74;6.38;5.17;3.03;0.00;0.00;0.00;0.03;0.04;0.04;1.79;6.91;0.37;17.50;15.71;7.28;5.34;0.87;0.86;0.21;0.43;14.11;4.05;2.85;8.75;2.59;0.00;0.01;0.50;0.60;0.00;35.11;30.40;128.75;50.37;6.00;5.78;2.06;4.70;0.11;0.36;0.78;0.88;1.55;0.14
18:31:55.211;2.98;19.07;12.47;4.72;6.34;5.15;3.02;0.00;0.00;0.00;0.03;0.04;0.04;1.77;6.90;0.37;17.44;15.68;7.24;5.34;0.87;0.86;0.21;0.43;13.95;4.03;2.79;8.69;2.58;0.00;0.01;0.50;0.60;0.00;38.10;42.23;189.33;52.08;7.28;4.33;1.61;3.72;0.25;0.76;1.95;1.73;2.76;0.31
18:31:57.509;2.98;19.01;12.44;4.70;6.32;5.14;3.01;0.00;0.00;0.00;0.03;0.04;0.04;1.79;6.92;0.37;17.50;15.71;7.28;5.34;0.87;0.86;0.21;0.43;14.17;4.06;2.88;8.78;2.60;0.00;0.01;0.50;0.60;0.00;29.60;15.31;57.56;46.98;4.01;4.12;1.55;3.58;0.20;0.62;1.51;1.43;2.35;0.25
18:31:59.821;2.99;19.08;12.47;4.72;6.34;5.15;3.02;0.00;0.00;0.00;0.03;0.04;0.04;1.79;6.92;0.37;17.52;15.72;7.29;5.34;0.87;0.86;0.21;0.43;14.65;4.12;3.09;8.96;2.63;0.00;0.01;0.50;0.60;0.00;68.36;443.53;2987.00;66.10;29.03;4.52;1.67;3.85;0.22;0.66;1.64;1.52;2.47;0.27
18:32:02.160;2.98;19.01;12.44;4.70;6.32;5.14;3.01;0.00;0.00;0.00;0.03;0.04;0.04;1.81;6.93;0.38;17.59;15.75;7.34;5.32;0.87;0.85;0.21;0.43;14.66;4.12;3.09;8.96;2.63;0.00;0.01;0.50;0.60;0.00;37.93;41.49;185.40;51.98;7.20;4.90;1.80;4.12;0.19;0.58;1.39;1.35;2.24;0.23
18:32:04.462;2.98;18.99;12.43;4.70;6.32;5.13;3.01;0.00;0.00;0.00;0.03;0.04;0.04;1.80;6.92;0.37;17.53;15.73;7.30;5.34;0.87;0.85;0.21;0.43;14.57;4.11;3.06;8.93;2.63;0.00;0.01;0.50;0.60;0.00;30.24;16.67;63.62;47.39;4.21;4.37;1.63;3.75;0.24;0.73;1.86;1.66;2.68;0.30
18:32:06.762;2.97;18.99;12.43;4.70;6.32;5.13;3.01;0.00;0.00;0.00;0.03;0.04;0.04;1.83;6.95;0.38;17.67;15.79;7.39;5.34;0.87;0.85;0.21;0.43;14.13;4.06;2.86;8.76;2.60;0.00;0.00;0.50;0.60;0.00;37.33;38.91;171.99;51.65;6.94;4.16;1.56;3.61;0.25;0.77;1.98;1.74;2.79;0.31
