4.11;29.78;17.70;7.05;9.43;7.08;4.18;0.00;0.00;0.00;0.07;0.06;0.07;26.91;12.25;20.67;55.25;29.43;46.05;9.31;1.19;2.03;0.35;0.59;44.04;6.50;31.70;17.68;4.06;0.01;0.04;0.68;0.79;0.01;13.28;0.61;1.31;33.89;0.60;8.29;2.81;6.28;0.05;0.17;0.29;0.44;0.84;0.06;
2.78;17.29;11.54;4.32;5.81;4.80;2.81;0.00;0.00;0.00;0.03;0.04;0.04;2.31;7.30;0.54;19.49;16.66;8.66;4.00;0.74;0.55;0.16;0.37;14.62;4.11;3.08;8.95;2.63;0.00;0.01;0.52;0.61;0.00;14.03;0.76;1.70;34.65;0.69;4.32;1.61;3.72;0.08;0.26;0.51;0.65;1.19;0.10;
2.58;15.61;10.65;3.94;5.31;4.46;2.61;0.00;0.00;0.00;0.03;0.03;0.03;1.48;6.65;0.28;16.17;15.04;6.41;3.44;0.68;0.43;0.14;0.34;12.07;3.80;2.05;7.95;2.44;0.00;0.00;0.49;0.58;0.00;10.14;0.21;0.37;30.35;0.32;3.48;1.34;3.12;0.07;0.23;0.44;0.59;1.08;0.08;
2.56;15.40;10.54;3.89;5.24;4.42;2.58;0.00;0.00;0.00;0.03;0.03;0.03;1.39;6.55;0.25;15.70;14.81;6.12;3.34;0.67;0.41;0.14;0.34;11.71;3.75;1.92;7.80;2.41;0.00;0.00;0.49;0.58;0.00;15.79;1.22;2.97;36.36;0.91;3.39;1.31;3.06;0.02;0.06;0.09;0.18;0.40;0.02;
2.55;15.36;10.52;3.88;5.23;4.41;2.58;0.00;0.00;0.00;0.03;0.03;0.03;1.39;6.56;0.25;15.74;14.82;6.14;3.32;0.67;0.41;0.14;0.34;11.63;3.74;1.90;7.77;2.40;0.00;0.00;0.48;0.58;0.00;22.67;5.23;16.33;42.14;2.13;4.72;1.74;3.99;0.02;0.08;0.12;0.23;0.48;0.03;
2.55;15.35;10.52;3.88;5.23;4.41;2.58;0.00;0.00;0.00;0.03;0.03;0.03;1.39;6.56;0.26;15.74;14.83;6.14;3.31;0.67;0.41;0.14;0.34;11.39;3.71;1.82;7.67;2.38;0.00;0.00;0.48;0.58;0.00;19.76;3.01;8.54;39.84;1.54;5.01;1.83;4.19;0.03;0.09;0.14;0.26;0.53;0.03;
2.55;15.35;10.51;3.88;5.23;4.41;2.58;0.00;0.00;0.00;0.03;0.03;0.03;1.39;6.56;0.26;15.74;14.83;6.14;3.35;0.67;0.42;0.14;0.34;11.42;3.71;1.83;7.68;2.39;0.00;0.00;0.48;0.58;0.00;17.84;1.99;5.27;38.21;1.21;4.16;1.56;3.60;0.03;0.11;0.18;0.31;0.61;0.04;
2.55;15.35;10.51;3.88;5.23;4.41;2.58;0.00;0.00;0.00;0.03;0.03;0.03;1.39;6.56;0.26;15.74;14.83;6.14;3.36;0.68;0.42;0.14;0.34;11.58;3.73;1.88;7.75;2.40;0.00;0.00;0.48;0.58;0.00;32.42;22.06;88.40;48.76;4.97;5.58;2.00;4.57;0.02;0.08;0.13;0.24;0.49;0.03;
2.55;15.35;10.51;3.88;5.23;4.41;2.58;0.00;0.00;0.00;0.03;0.03;0.03;1.39;6.56;0.26;15.74;14.83;6.14;3.37;0.68;0.42;0.14;0.34;11.53;3.73;1.86;7.73;2.40;0.00;0.00;0.48;0.58;0.00;16.38;1.42;3.53;36.91;0.99;3.86;1.46;3.40;0.03;0.12;0.19;0.32;0.64;0.04;
2.55;15.35;10.51;3.88;5.23;4.41;2.58;0.00;0.00;0.00;0.03;0.03;0.03;1.39;6.56;0.26;15.74;14.83;6.14;3.38;0.68;0.42;0.14;0.34;11.60;3.74;1.89;7.76;2.40;0.00;0.00;0.48;0.58;0.00;13.87;0.72;1.61;34.49;0.67;4.40;1.64;3.77;0.07;0.22;0.42;0.56;1.04;0.08;
2.55;15.35;10.51;3.88;5.23;4.41;2.58;0.00;0.00;0.00;0.03;0.03;0.03;1.39;6.56;0.26;15.74;14.83;6.14;3.38;0.68;0.42;0.14;0.34;11.39;3.71;1.81;7.67;2.38;0.00;0.00;0.48;0.58;0.00;23.80;6.37;20.57;42.99;2.39;5.29;1.91;4.37;0.10;0.31;0.64;0.77;1.37;0.12;
2.55;15.35;10.51;3.88;5.23;4.41;2.58;0.00;0.00;0.00;0.03;0.03;0.03;1.39;6.56;0.26;15.74;14.83;6.14;3.38;0.68;0.42;0.14;0.34;11.49;3.72;1.85;7.71;2.39;0.00;0.00;0.48;0.58;0.00;19.59;2.91;8.20;39.70;1.51;3.81;1.45;3.36;0.04;0.13;0.22;0.35;0.69;0.05;
2.55;15.35;10.51;3.88;5.23;4.41;2.58;0.00;0.00;0.00;0.03;0.03;0.03;1.39;6.56;0.26;15.74;14.83;6.14;3.38;0.68;0.42;0.14;0.34;11.52;3.73;1.86;7.72;2.39;0.00;0.00;0.48;0.58;0.00;29.38;14.85;55.55;46.84;3.94;7.34;2.53;5.70;0.14;0.43;0.97;1.04;1.77;0.17;
2.55;15.35;10.51;3.88;5.23;4.41;2.58;0.00;0.00;0.00;0.03;0.03;0.03;1.39;6.56;0.26;15.74;14.83;6.14;3.41;0.68;0.43;0.14;0.34;11.52;3.73;1.86;7.72;2.40;0.00;0.00;0.48;0.58;0.00;39.60;49.32;227.11;52.90;7.98;6.42;2.26;5.12;0.07;0.23;0.45;0.59;1.09;0.09;
2.55;15.35;10.51;3.88;5.23;4.41;2.58;0.00;0.00;0.00;0.03;0.03;0.03;1.39;6.56;0.26;15.74;14.83;6.14;3.41;0.68;0.43;0.14;0.34;11.37;3.71;1.81;7.66;2.38;0.00;0.00;0.48;0.58;0.00;21.55;4.27;12.87;41.28;1.89;4.10;1.54;3.57;0.03;0.11;0.17;0.30;0.60;0.04;
2.55;15.35;10.51;3.88;5.23;4.41;2.58;0.00;0.00;0.00;0.03;0.03;0.03;1.39;6.56;0.26;15.74;14.83;6.14;3.44;0.68;0.43;0.14;0.34;11.41;3.71;1.82;7.68;2.39;0.00;0.00;0.48;0.58;0.00;30.46;17.17;65.86;47.53;4.29;4.75;1.75;4.01;0.09;0.30;0.60;0.74;1.32;0.11;
2.55;15.35;10.51;3.88;5.23;4.41;2.58;0.00;0.00;0.00;0.03;0.03;0.03;1.39;6.56;0.26;15.74;14.83;6.14;3.44;0.68;0.43;0.14;0.34;11.50;3.72;1.85;7.72;2.39;0.00;0.00;0.48;0.58;0.00;39.06;46.69;212.97;52.61;7.72;7.39;2.54;5.73;0.52;1.50;4.52;3.17;4.70;0.64;
2.55;15.35;10.51;3.88;5.23;4.41;2.58;0.00;0.00;0.00;0.03;0.03;0.03;1.39;6.56;0.26;15.74;14.83;6.14;3.44;0.68;0.43;0.14;0.34;11.44;3.72;1.83;7.69;2.39;0.00;0.00;0.48;0.58;0.00;29.23;14.55;54.26;46.75;3.89;4.82;1.77;4.06;0.27;0.82;2.14;1.84;2.93;0.33;
2.56;15.38;10.53;3.89;5.24;4.42;2.58;0.00;0.00;0.00;0.03;0.03;0.03;1.39;6.56;0.26;15.74;14.83;6.14;3.44;0.68;0.43;0.14;0.34;11.66;3.74;1.91;7.78;2.41;0.00;0.00;0.49;0.58;0.00;35.63;32.25;137.98;50.67;6.21;7.20;2.49;5.61;0.86;2.42;8.21;4.90;6.85;1.08;
2.55;15.35;10.52;3.88;5.23;4.41;2.58;0.00;0.00;0.00;0.03;0.03;0.03;1.39;6.56;0.26;15.74;14.83;6.14;3.44;0.68;0.43;0.14;0.34;11.62;3.74;1.90;7.77;2.40;0.00;0.00;0.49;0.58;0.00;26.69;10.09;35.29;45.04;3.14;5.52;1.98;4.53;0.06;0.20;0.37;0.52;0.97;0.07;
2.55;15.35;10.52;3.88;5.23;4.41;2.58;0.00;0.00;0.00;0.03;0.03;0.03;1.39;6.56;0.26;15.74;14.83;6.14;3.44;0.68;0.43;0.14;0.34;11.62;3.74;1.89;7.77;2.40;0.00;0.00;0.49;0.58;0.00;24.39;7.02;23.09;43.42;2.53;3.90;1.48;3.42;0.02;0.07;0.10;0.21;0.43;0.02;
2.55;15.35;10.51;3.88;5.23;4.41;2.58;0.00;0.00;0.00;0.03;0.03;0.03;1.39;6.56;0.26;15.74;14.83;6.14;3.44;0.68;0.43;0.14;0.34;11.62;3.74;1.89;7.76;2.40;0.00;0.00;0.49;0.58;0.00;42.39;64.86;313.17;54.39;9.37;6.06;2.15;4.88;0.28;0.83;2.17;1.87;2.96;0.34;
2.55;15.35;10.51;3.88;5.23;4.41;2.58;0.00;0.00;0.00;0.03;0.03;0.03;1.39;6.56;0.26;15.74;14.83;6.14;3.44;0.68;0.43;0.14;0.34;11.69;3.75;1.92;7.80;2.41;0.00;0.00;0.49;0.58;0.00;24.99;7.74;25.89;43.85;2.68;5.51;1.98;4.52;0.04;0.14;0.23;0.37;0.72;0.05;
2.55;15.35;10.51;3.88;5.23;4.41;2.58;0.00;0.00;0.00;0.03;0.03;0.03;1.39;6.56;0.26;15.74;14.83;6.14;3.45;0.69;0.43;0.14;0.34;11.55;3.73;1.87;7.74;2.40;0.00;0.00;0.49;0.58;0.00;16.48;1.45;3.63;37.01;1.00;4.75;1.75;4.01;0.16;0.51;1.19;1.20;2.02;0.20;
2.56;15.38;10.53;3.89;5.24;4.42;2.58;0.00;0.00;0.00;0.03;0.03;0.03;1.39;6.56;0.26;15.74;14.83;6.14;3.45;0.69;0.43;0.14;0.34;11.60;3.74;1.89;7.76;2.40;0.00;0.00;0.49;0.58;0.00;13.51;0.65;1.42;34.12;0.63;5.86;2.09;4.75;0.62;1.78;5.62;3.72;5.39;0.78;
2.55;15.35;10.52;3.88;5.23;4.41;2.58;0.00;0.00;0.00;0.03;0.03;0.03;1.39;6.56;0.26;15.74;14.83;6.14;3.49;0.69;0.44;0.14;0.34;11.61;3.74;1.89;7.76;2.40;0.00;0.00;0.49;0.58;0.00;29.90;15.93;60.30;47.17;4.10;6.34;2.23;5.06;0.29;0.87;2.32;1.96;3.08;0.36;
2.55;15.35;10.52;3.88;5.23;4.41;2.58;0.00;0.00;0.00;0.03;0.03;0.03;1.39;6.56;0.26;15.74;14.83;6.14;3.50;0.69;0.44;0.14;0.35;11.69;3.75;1.92;7.80;2.41;0.00;0.00;0.49;0.58;0.00;46.23;91.96;471.69;56.35;11.51;6.92;2.40;5.43;0.09;0.29;0.60;0.73;1.31;0.11;
2.55;15.35;10.51;3.88;5.23;4.41;2.58;0.00;0.00;0.00;0.03;0.03;0.03;1.39;6.56;0.26;15.74;14.83;6.14;3.51;0.69;0.45;0.14;0.35;11.63;3.74;1.90;7.77;2.40;0.00;0.00;0.49;0.58;0.00;20.06;3.20;9.17;40.09;1.60;4.46;1.66;3.81;0.03;0.11;0.17;0.30;0.60;0.04;
2.57;15.45;10.57;3.90;5.26;4.43;2.59;0.00;0.00;0.00;0.03;0.03;0.03;1.39;6.56;0.26;15.74;14.83;6.14;3.56;0.70;0.46;0.15;0.35;11.62;3.74;1.89;7.77;2.40;0.00;0.00;0.49;0.58;0.00;20.86;3.74;11.02;40.73;1.75;4.85;1.78;4.08;0.03;0.11;0.18;0.30;0.61;0.04;
2.58;15.53;10.61;3.92;5.28;4.45;2.60;0.00;0.00;0.00;0.03;0.03;0.03;1.46;6.62;0.27;16.05;14.98;6.34;3.74;0.72;0.49;0.15;0.36;11.62;3.74;1.89;7.76;2.40;0.00;0.00;0.49;0.58;0.00;13.97;0.75;1.67;34.59;0.68;4.97;1.81;4.16;0.06;0.22;0.41;0.55;1.03;0.08;
2.58;15.55;10.62;3.92;5.29;4.45;2.60;0.00;0.00;0.00;0.03;0.03;0.03;1.47;6.64;0.28;16.11;15.02;6.38;3.89;0.73;0.52;0.16;0.37;11.77;3.76;1.95;7.83;2.42;0.00;0.00;0.49;0.58;0.00;14.35;0.83;1.89;34.98;0.72;3.92;1.48;3.43;0.04;0.14;0.23;0.37;0.73;0.05;
2.58;15.55;10.63;3.93;5.29;4.45;2.60;0.00;0.00;0.00;0.03;0.03;0.03;1.47;6.64;0.28;16.13;15.02;6.38;4.06;0.75;0.56;0.17;0.37;11.65;3.74;1.90;7.78;2.41;0.00;0.00;0.49;0.58;0.00;19.39;2.79;7.81;39.54;1.47;4.51;1.67;3.85;0.04;0.15;0.25;0.39;0.75;0.05;
2.58;15.56;10.63;3.93;5.29;4.45;2.60;0.00;0.00;0.00;0.03;0.03;0.03;1.49;6.65;0.28;16.19;15.06;6.43;4.21;0.77;0.59;0.17;0.38;11.70;3.75;1.92;7.80;2.41;0.00;0.00;0.49;0.58;0.00;16.38;1.41;3.52;36.91;0.99;4.06;1.53;3.53;0.03;0.09;0.15;0.26;0.54;0.03;
2.59;15.69;10.70;3.96;5.33;4.48;2.62;0.00;0.00;0.00;0.03;0.03;0.03;1.55;6.71;0.30;16.46;15.19;6.60;4.33;0.78;0.62;0.18;0.39;11.86;3.77;1.98;7.87;2.42;0.00;0.00;0.49;0.58;0.00;16.09;1.32;3.24;36.64;0.95;4.16;1.56;3.60;0.04;0.13;0.21;0.34;0.68;0.04;
2.59;15.68;10.69;3.95;5.33;4.48;2.62;0.00;0.00;0.00;0.03;0.03;0.03;1.56;6.72;0.30;16.51;15.22;6.63;4.46;0.79;0.65;0.18;0.39;11.98;3.79;2.02;7.91;2.43;0.00;0.00;0.49;0.58;0.00;14.96;0.98;2.30;35.57;0.80;4.75;1.75;4.01;0.14;0.44;1.00;1.06;1.81;0.17;
2.60;15.75;10.73;3.97;5.35;4.49;2.63;0.00;0.00;0.00;0.03;0.03;0.03;1.56;6.72;0.30;16.52;15.22;6.64;4.54;0.80;0.66;0.18;0.40;11.84;3.77;1.97;7.86;2.42;0.00;0.00;0.49;0.58;0.00;17.25;1.74;4.50;37.70;1.12;4.45;1.65;3.80;0.06;0.21;0.39;0.53;1.00;0.08;
2.60;15.76;10.74;3.97;5.35;4.49;2.63;0.00;0.00;0.00;0.03;0.03;0.03;1.56;6.72;0.30;16.52;15.22;6.64;4.61;0.81;0.68;0.19;0.40;11.89;3.78;1.99;7.88;2.43;0.00;0.00;0.49;0.58;0.00;46.43;93.62;481.65;56.45;11.63;6.90;2.40;5.42;0.09;0.29;0.60;0.73;1.31;0.11;
2.60;15.77;10.74;3.97;5.35;4.49;2.63;0.00;0.00;0.00;0.03;0.03;0.04;1.58;6.73;0.31;16.59;15.26;6.68;4.65;0.81;0.69;0.19;0.40;12.06;3.80;2.05;7.95;2.44;0.00;0.00;0.49;0.58;0.00;33.89;26.38;109.03;49.65;5.52;7.62;2.61;5.87;0.14;0.44;0.99;1.05;1.80;0.17;
2.60;15.77;10.74;3.97;5.35;4.50;2.63;0.00;0.00;0.00;0.03;0.03;0.04;1.61;6.76;0.32;16.73;15.33;6.77;4.73;0.82;0.71;0.19;0.41;12.09;3.80;2.06;7.96;2.44;0.00;0.00;0.49;0.58;0.00;20.37;3.40;9.86;40.34;1.66;4.14;1.55;3.59;0.03;0.12;0.20;0.33;0.65;0.04;
2.60;15.77;10.74;3.97;5.35;4.50;2.63;0.00;0.00;0.00;0.03;0.03;0.04;1.64;6.79;0.33;16.89;15.41;6.88;4.82;0.83;0.73;0.19;0.41;12.18;3.81;2.09;8.00;2.45;0.00;0.00;0.49;0.58;0.00;26.09;9.21;31.70;44.62;2.97;7.14;2.47;5.57;0.71;2.00;6.50;4.13;5.91;0.88;
2.61;15.80;10.76;3.98;5.36;4.50;2.63;0.00;0.00;0.00;0.03;0.03;0.04;1.65;6.80;0.33;16.92;15.42;6.90;4.84;0.83;0.73;0.19;0.41;12.20;3.82;2.10;8.00;2.45;0.00;0.00;0.49;0.58;0.00;46.74;96.09;496.60;56.60;11.81;7.33;2.53;5.69;0.08;0.25;0.49;0.63;1.15;0.09;
2.60;15.77;10.74;3.97;5.35;4.50;2.63;0.00;0.00;0.00;0.03;0.03;0.04;1.65;6.80;0.33;16.93;15.43;6.90;4.92;0.83;0.75;0.20;0.42;12.20;3.82;2.10;8.00;2.45;0.00;0.00;0.49;0.58;0.00;23.21;5.75;18.25;42.54;2.25;4.42;1.64;3.78;0.04;0.15;0.25;0.39;0.76;0.05;
2.60;15.77;10.74;3.97;5.35;4.50;2.63;0.00;0.00;0.00;0.03;0.03;0.04;1.65;6.80;0.33;16.93;15.43;6.90;4.95;0.84;0.76;0.20;0.42;12.12;3.81;2.07;7.97;2.44;0.00;0.00;0.49;0.58;0.00;17.23;1.73;4.48;37.68;1.11;4.43;1.65;3.79;0.03;0.09;0.14;0.25;0.52;0.03;
2.61;15.84;10.78;3.99;5.37;4.51;2.64;0.00;0.00;0.00;0.03;0.03;0.04;1.65;6.80;0.33;16.93;15.43;6.90;5.01;0.84;0.78;0.20;0.42;12.11;3.80;2.07;7.97;2.44;0.00;0.00;0.49;0.58;0.00;14.44;0.85;1.94;35.06;0.73;6.60;2.31;5.23;0.34;1.01;2.76;2.22;3.44;0.42;
2.62;15.88;10.80;4.00;5.39;4.52;2.64;0.00;0.00;0.00;0.03;0.03;0.04;1.65;6.80;0.33;16.93;15.43;6.90;5.03;0.85;0.78;0.20;0.42;12.18;3.81;2.09;8.00;2.45;0.00;0.00;0.49;0.58;0.00;20.34;3.38;9.80;40.32;1.65;6.00;2.13;4.85;0.14;0.44;0.98;1.05;1.79;0.17;
2.62;15.89;10.81;4.00;5.39;4.52;2.64;0.00;0.00;0.00;0.03;0.03;0.04;1.70;6.84;0.34;17.13;15.52;7.03;5.10;0.85;0.80;0.20;0.42;12.12;3.81;2.07;7.97;2.44;0.00;0.00;0.49;0.58;0.00;19.12;2.64;7.33;39.32;1.43;3.51;1.35;3.14;0.02;0.07;0.10;0.20;0.42;0.02;
2.63;15.96;10.84;4.02;5.41;4.54;2.65;0.00;0.00;0.00;0.03;0.03;0.04;1.74;6.87;0.35;17.30;15.61;7.15;5.12;0.85;0.80;0.20;0.42;12.19;3.81;2.09;8.00;2.45;0.00;0.00;0.49;0.58;0.00;41.98;62.37;299.11;54.18;9.16;6.74;2.35;5.32;0.14;0.43;0.96;1.04;1.77;0.17;
2.63;15.98;10.85;4.02;5.42;4.54;2.65;0.00;0.00;0.00;0.03;0.03;0.04;1.75;6.88;0.36;17.33;15.63;7.17;5.20;0.86;0.82;0.21;0.43;12.20;3.82;2.10;8.00;2.45;0.00;0.00;0.49;0.58;0.00;27.05;10.65;37.62;45.29;3.24;4.84;1.78;4.08;0.02;0.08;0.11;0.22;0.46;0.03;
2.63;15.98;10.85;4.02;5.42;4.54;2.65;0.00;0.00;0.00;0.03;0.04;0.04;1.75;6.88;0.36;17.34;15.63;7.17;5.22;0.86;0.83;0.21;0.43;12.20;3.82;2.10;8.00;2.45;0.00;0.00;0.49;0.58;0.00;43.27;70.45;345.05;54.85;9.84;7.80;2.66;5.98;0.42;1.23;3.54;2.66;4.03;0.52;
2.63;15.98;10.85;4.02;5.42;4.54;2.65;0.00;0.00;0.00;0.03;0.03;0.04;1.75;6.88;0.36;17.34;15.63;7.17;5.22;0.86;0.83;0.21;0.43;12.12;3.81;2.07;7.97;2.44;0.00;0.00;0.49;0.58;0.00;28.95;13.99;51.81;46.56;3.80;4.18;1.57;3.62;0.11;0.36;0.76;0.87;1.53;0.14;
2.63;15.98;10.85;4.02;5.42;4.54;2.65;0.00;0.00;0.00;0.03;0.03;0.04;1.75;6.88;0.36;17.34;15.63;7.17;5.30;0.87;0.85;0.21;0.43;12.11;3.80;2.07;7.97;2.44;0.00;0.00;0.49;0.58;0.00;47.64;103.75;543.36;57.04;12.35;8.26;2.80;6.26;0.17;0.53;1.24;1.24;2.08;0.21;
2.63;15.98;10.85;4.02;5.42;4.54;2.65;0.00;0.00;0.00;0.03;0.03;0.04;1.75;6.88;0.36;17.34;15.63;7.17;5.32;0.87;0.85;0.21;0.43;12.18;3.81;2.09;8.00;2.45;0.00;0.00;0.49;0.58;0.00;23.70;6.26;20.16;42.91;2.37;5.38;1.94;4.44;0.03;0.12;0.19;0.32;0.64;0.04;
2.63;15.98;10.85;4.02;5.42;4.54;2.65;0.00;0.00;0.00;0.03;0.03;0.04;1.75;6.88;0.36;17.34;15.63;7.17;5.32;0.87;0.85;0.21;0.43;12.12;3.81;2.07;7.97;2.44;0.00;0.00;0.49;0.58;0.00;33.54;25.29;103.75;49.44;5.39;7.90;2.69;6.05;0.14;0.44;0.98;1.05;1.79;0.17;
2.63;15.98;10.85;4.02;5.42;4.54;2.65;0.00;0.00;0.00;0.03;0.03;0.04;1.75;6.88;0.36;17.34;15.63;7.17;5.37;0.88;0.86;0.21;0.44;11.95;3.78;2.01;7.90;2.43;0.00;0.00;0.49;0.58;0.00;58.33;234.24;1412.50;61.95;19.94;7.75;2.65;5.95;0.13;0.43;0.95;1.02;1.75;0.16;
2.63;15.98;10.85;4.02;5.42;4.54;2.65;0.00;0.00;0.00;0.03;0.03;0.04;1.75;6.88;0.36;17.34;15.63;7.17;5.41;0.88;0.87;0.21;0.44;12.07;3.80;2.05;7.95;2.44;0.00;0.00;0.49;0.58;0.00;15.73;1.20;2.91;36.30;0.90;4.49;1.66;3.83;0.10;0.31;0.64;0.77;1.37;0.12;
2.63;15.98;10.85;4.02;5.42;4.54;2.65;0.00;0.00;0.00;0.03;0.03;0.04;1.82;6.94;0.38;17.61;15.76;7.35;5.42;0.88;0.88;0.21;0.44;12.10;3.80;2.06;7.96;2.44;0.00;0.00;0.49;0.58;0.00;21.05;3.89;11.53;40.89;1.79;3.37;1.30;3.04;0.09;0.28;0.56;0.70;1.26;0.10;
2.63;15.98;10.85;4.02;5.42;4.54;2.65;0.00;0.00;0.00;0.03;0.03;0.04;1.85;6.96;0.39;17.73;15.82;7.44;5.50;0.89;0.90;0.22;0.44;12.18;3.81;2.09;8.00;2.45;0.00;0.00;0.49;0.58;0.00;39.18;47.25;215.97;52.67;7.78;7.30;2.52;5.67;0.21;0.66;1.62;1.51;2.46;0.26;
2.63;15.98;10.85;4.02;5.42;4.54;2.65;0.00;0.00;0.00;0.03;0.03;0.04;1.85;6.97;0.39;17.76;15.84;7.45;5.52;0.89;0.90;0.22;0.44;12.12;3.81;2.07;7.97;2.44;0.00;0.00;0.49;0.58;0.00;20.71;3.64;10.68;40.62;1.72;5.11;1.86;4.26;0.15;0.47;1.08;1.12;1.90;0.18;
2.63;16.02;10.87;4.03;5.43;4.55;2.66;0.00;0.00;0.00;0.03;0.04;0.04;1.85;6.97;0.39;17.76;15.84;7.46;5.59;0.90;0.92;0.22;0.45;12.19;3.81;2.09;8.00;2.45;0.00;0.00;0.49;0.58;0.00;29.65;15.41;58.02;47.02;4.02;7.97;2.71;6.09;0.65;1.86;5.93;3.87;5.58;0.81;
2.63;16.02;10.88;4.03;5.43;4.55;2.66;0.00;0.00;0.00;0.03;0.04;0.04;1.85;6.97;0.39;17.77;15.84;7.46;5.62;0.90;0.93;0.22;0.45;12.28;3.83;2.13;8.04;2.46;0.00;0.00;0.49;0.58;0.00;25.82;8.83;30.21;44.44;2.90;4.03;1.52;3.52;0.04;0.13;0.22;0.35;0.70;0.05;
2.64;16.09;10.91;4.05;5.45;4.56;2.67;0.00;0.00;0.00;0.03;0.04;0.04;1.89;6.99;0.40;17.90;15.91;7.55;5.63;0.90;0.93;0.22;0.45;12.22;3.82;2.11;8.01;2.45;0.00;0.00;0.49;0.58;0.00;21.18;3.98;11.86;40.99;1.82;3.81;1.45;3.36;0.03;0.12;0.20;0.33;0.65;0.04;
2.65;16.14;10.94;4.06;5.47;4.57;2.67;0.00;0.00;0.00;0.03;0.04;0.04;1.95;7.04;0.42;18.14;16.02;7.71;5.70;0.91;0.95;0.22;0.45;12.29;3.83;2.13;8.04;2.46;0.00;0.00;0.49;0.58;0.00;30.51;17.27;66.33;47.56;4.30;5.72;2.05;4.66;0.20;0.62;1.53;1.44;2.37;0.25;
2.65;16.15;10.94;4.06;5.47;4.57;2.68;0.00;0.00;0.00;0.03;0.04;0.04;1.96;7.05;0.42;18.19;16.04;7.74;5.73;0.91;0.95;0.23;0.45;12.38;3.84;2.17;8.08;2.46;0.00;0.00;0.49;0.58;0.00;28.23;12.65;46.03;46.08;3.58;6.35;2.24;5.07;0.04;0.15;0.26;0.40;0.78;0.05;
2.65;16.19;10.96;4.07;5.48;4.58;2.68;0.00;0.00;0.00;0.03;0.04;0.04;1.96;7.05;0.42;18.20;16.05;7.75;5.73;0.91;0.96;0.23;0.45;12.48;3.85;2.20;8.12;2.47;0.00;0.00;0.49;0.58;0.00;21.88;4.53;13.81;41.53;1.96;7.35;2.53;5.70;0.54;1.57;4.80;3.32;4.88;0.68;
2.65;16.20;10.97;4.07;5.48;4.58;2.68;0.00;0.00;0.00;0.03;0.04;0.04;1.96;7.05;0.42;18.20;16.05;7.75;5.82;0.92;0.98;0.23;0.46;12.50;3.85;2.21;8.12;2.47;0.00;0.00;0.49;0.58;0.00;14.43;0.85;1.94;35.05;0.73;3.88;1.47;3.41;0.09;0.28;0.57;0.71;1.27;0.11;
2.65;16.20;10.97;4.07;5.48;4.58;2.68;0.00;0.00;0.00;0.03;0.04;0.04;1.96;7.05;0.42;18.20;16.05;7.75;5.84;0.92;0.98;0.23;0.46;12.59;3.87;2.24;8.16;2.48;0.00;0.00;0.49;0.59;0.00;32.96;23.57;95.53;49.09;5.17;6.77;2.36;5.33;0.27;0.81;2.12;1.83;2.91;0.33;
2.65;16.20;10.97;4.07;5.48;4.58;2.68;0.00;0.00;0.00;0.03;0.04;0.04;1.98;7.06;0.43;18.27;16.08;7.80;5.93;0.93;1.01;0.23;0.46;12.52;3.86;2.22;8.13;2.47;0.00;0.00;0.49;0.58;0.00;26.78;10.24;35.90;45.11;3.16;5.41;1.95;4.46;0.19;0.58;1.38;1.34;2.22;0.23;
2.65;16.20;10.97;4.07;5.48;4.58;2.68;0.00;0.00;0.00;0.03;0.04;0.04;2.06;7.12;0.45;18.57;16.22;8.00;5.98;0.93;1.02;0.23;0.46;12.59;3.87;2.24;8.16;2.48;0.00;0.00;0.49;0.58;0.00;41.24;58.08;275.15;53.79;8.78;5.33;1.93;4.40;0.09;0.28;0.57;0.71;1.27;0.11;
2.65;16.20;10.97;4.07;5.48;4.58;2.68;0.00;0.00;0.00;0.03;0.04;0.04;2.07;7.13;0.46;18.63;16.25;8.05;6.05;0.94;1.04;0.24;0.46;12.69;3.88;2.28;8.20;2.49;0.00;0.00;0.49;0.59;0.00;49.15;117.69;629.95;57.78;13.30;8.12;2.76;6.18;0.50;1.46;4.37;3.10;4.60;0.62;
2.65;16.20;10.97;4.07;5.48;4.58;2.68;0.00;0.00;0.00;0.03;0.04;0.04;2.07;7.13;0.46;18.64;16.26;8.05;6.12;0.94;1.06;0.24;0.47;12.71;3.88;2.29;8.21;2.49;0.00;0.00;0.49;0.59;0.00;21.55;4.27;12.88;41.28;1.89;4.38;1.63;3.76;0.05;0.17;0.31;0.46;0.87;0.06;
2.65;16.20;10.97;4.07;5.48;4.58;2.68;0.00;0.00;0.00;0.03;0.04;0.04;2.08;7.14;0.46;18.64;16.26;8.06;6.17;0.95;1.07;0.24;0.47;12.63;3.87;2.26;8.18;2.48;0.00;0.00;0.49;0.59;0.00;24.08;6.67;21.73;43.19;2.46;3.40;1.31;3.07;0.06;0.19;0.35;0.49;0.93;0.07;
2.65;16.20;10.97;4.07;5.48;4.58;2.68;0.00;0.00;0.00;0.03;0.04;0.04;2.08;7.14;0.46;18.64;16.26;8.06;6.27;0.96;1.10;0.24;0.47;12.70;3.88;2.28;8.20;2.49;0.00;0.00;0.49;0.59;0.00;30.40;17.04;65.30;47.50;4.27;6.35;2.24;5.07;0.37;1.09;3.06;2.39;3.67;0.46;
2.66;16.23;10.99;4.08;5.49;4.59;2.69;0.00;0.00;0.00;0.03;0.04;0.04;2.17;7.20;0.49;19.00;16.43;8.31;6.29;0.96;1.10;0.25;0.47;12.79;3.89;2.32;8.24;2.50;0.00;0.00;0.49;0.59;0.00;25.59;8.52;28.94;44.27;2.84;5.73;2.05;4.67;0.09;0.28;0.56;0.70;1.25;0.10;
2.67;16.31;11.03;4.10;5.52;4.61;2.69;0.00;0.00;0.00;0.03;0.04;0.04;2.19;7.22;0.50;19.08;16.47;8.36;6.29;0.96;1.10;0.25;0.47;12.73;3.88;2.30;8.22;2.49;0.00;0.00;0.49;0.59;0.00;25.77;8.76;29.92;44.40;2.89;6.05;2.15;4.88;0.36;1.07;2.99;2.35;3.62;0.45;
2.68;16.40;11.08;4.12;5.54;4.62;2.70;0.00;0.00;0.00;0.03;0.04;0.04;2.20;7.22;0.50;19.09;16.47;8.37;6.39;0.97;1.13;0.25;0.48;12.80;3.89;2.32;8.24;2.50;0.00;0.00;0.49;0.59;0.00;20.13;3.25;9.34;40.15;1.61;4.35;1.62;3.74;0.03;0.11;0.18;0.31;0.62;0.04;
2.68;16.42;11.08;4.12;5.55;4.63;2.71;0.00;0.00;0.00;0.03;0.04;0.04;2.20;7.22;0.50;19.09;16.48;8.37;6.41;0.97;1.14;0.25;0.48;12.81;3.89;2.33;8.25;2.50;0.00;0.00;0.49;0.59;0.00;33.32;24.63;100.58;49.31;5.30;7.78;2.66;5.97;0.95;2.64;9.18;5.31;7.35;1.19;
2.68;16.42;11.09;4.12;5.55;4.63;2.71;0.00;0.00;0.00;0.03;0.04;0.04;2.20;7.22;0.50;19.09;16.48;8.37;6.51;0.98;1.16;0.25;0.48;12.73;3.88;2.30;8.22;2.49;0.00;0.00;0.49;0.59;0.00;27.51;11.39;40.70;45.60;3.37;4.71;1.73;3.99;0.09;0.30;0.61;0.74;1.32;0.11;
2.68;16.42;11.09;4.12;5.55;4.63;2.71;0.00;0.00;0.00;0.03;0.04;0.04;2.20;7.22;0.50;19.09;16.48;8.37;6.53;0.98;1.17;0.25;0.48;12.88;3.90;2.36;8.28;2.50;0.00;0.00;0.49;0.59;0.00;45.58;86.84;441.03;56.02;11.13;6.97;2.42;5.47;0.70;2.00;6.46;4.12;5.89;0.88;
2.68;16.42;11.09;4.12;5.55;4.63;2.71;0.00;0.00;0.00;0.03;0.04;0.04;2.28;7.28;0.53;19.39;16.61;8.58;6.63;0.99;1.20;0.26;0.49;13.00;3.92;2.40;8.32;2.51;0.00;0.00;0.49;0.59;0.00;40.49;53.94;252.29;53.38;8.41;9.12;3.04;6.79;0.21;0.64;1.57;1.48;2.41;0.26;
2.68;16.42;11.09;4.12;5.55;4.63;2.71;0.00;0.00;0.00;0.03;0.04;0.04;2.31;7.30;0.54;19.52;16.68;8.68;6.65;0.99;1.20;0.26;0.49;13.02;3.92;2.41;8.33;2.51;0.00;0.00;0.49;0.59;0.00;22.92;5.47;17.21;42.33;2.19;5.04;1.84;4.21;0.05;0.18;0.32;0.47;0.89;0.06;
2.68;16.42;11.09;4.12;5.55;4.63;2.71;0.00;0.00;0.00;0.03;0.04;0.04;2.32;7.31;0.54;19.55;16.69;8.70;6.56;0.98;1.18;0.25;0.49;13.02;3.92;2.41;8.33;2.51;0.00;0.00;0.49;0.59;0.00;36.57;35.82;156.08;51.21;6.61;6.17;2.18;4.95;0.14;0.43;0.97;1.04;1.77;0.17;
2.68;16.42;11.09;4.12;5.55;4.63;2.71;0.00;0.00;0.00;0.03;0.04;0.04;2.30;7.29;0.54;19.48;16.66;8.65;6.44;0.97;1.14;0.25;0.48;12.86;3.90;2.35;8.27;2.50;0.00;0.00;0.49;0.59;0.00;36.29;34.73;150.48;51.05;6.49;6.14;2.17;4.93;0.35;1.03;2.83;2.26;3.50;0.43;
2.68;16.42;11.09;4.12;5.55;4.63;2.71;0.00;0.00;0.00;0.03;0.04;0.04;2.30;7.29;0.54;19.47;16.65;8.64;6.27;0.96;1.10;0.24;0.47;12.82;3.90;2.33;8.25;2.50;0.00;0.00;0.49;0.59;0.00;22.58;5.15;16.02;42.07;2.11;4.03;1.52;3.52;0.05;0.17;0.29;0.43;0.83;0.06;
2.68;16.42;11.09;4.12;5.55;4.63;2.71;0.00;0.00;0.00;0.03;0.04;0.04;2.24;7.25;0.52;19.24;16.55;8.48;6.10;0.94;1.05;0.24;0.47;12.73;3.88;2.30;8.22;2.49;0.00;0.00;0.49;0.59;0.00;13.64;0.68;1.49;34.26;0.64;4.43;1.65;3.79;0.22;0.66;1.63;1.52;2.47;0.26;
2.68;16.42;11.09;4.12;5.55;4.63;2.71;0.00;0.00;0.00;0.03;0.04;0.04;2.20;7.23;0.50;19.12;16.49;8.39;5.98;0.93;1.02;0.23;0.46;12.80;3.89;2.32;8.24;2.50;0.00;0.00;0.49;0.59;0.00;29.65;15.40;57.99;47.01;4.02;7.34;2.53;5.70;0.39;1.15;3.24;2.50;3.81;0.48;
2.68;16.42;11.09;4.12;5.55;4.63;2.71;0.00;0.00;0.00;0.03;0.04;0.04;2.22;7.24;0.51;19.17;16.51;8.43;5.87;0.92;0.99;0.23;0.46;12.81;3.89;2.33;8.25;2.50;0.00;0.00;0.49;0.59;0.00;44.29;77.37;385.15;55.37;10.40;8.61;2.90;6.47;0.49;1.42;4.23;3.03;4.51;0.61;
2.68;16.38;11.07;4.11;5.54;4.62;2.70;0.00;0.00;0.00;0.03;0.04;0.04;2.20;7.22;0.50;19.11;16.48;8.38;5.76;0.91;0.96;0.23;0.45;12.73;3.88;2.30;8.22;2.49;0.00;0.00;0.49;0.59;0.00;23.74;6.30;20.31;42.94;2.38;3.97;1.50;3.47;0.02;0.09;0.13;0.24;0.50;0.03;
2.67;16.34;11.05;4.10;5.53;4.61;2.70;0.00;0.00;0.00;0.03;0.04;0.04;2.20;7.22;0.50;19.10;16.48;8.38;5.67;0.90;0.94;0.22;0.45;12.97;3.91;2.39;8.31;2.51;0.00;0.00;0.49;0.59;0.00;34.98;29.96;126.54;50.29;5.95;5.73;2.05;4.66;0.05;0.18;0.33;0.48;0.90;0.07;
2.66;16.23;10.98;4.08;5.49;4.59;2.68;0.00;0.00;0.00;0.03;0.04;0.04;2.20;7.22;0.50;19.10;16.48;8.37;5.64;0.90;0.93;0.22;0.45;12.76;3.89;2.31;8.23;2.49;0.00;0.00;0.49;0.59;0.00;30.86;18.09;70.04;47.79;4.42;6.87;2.39;5.40;0.08;0.27;0.54;0.68;1.22;0.10;
2.65;16.20;10.97;4.07;5.48;4.58;2.68;0.00;0.00;0.00;0.03;0.04;0.04;2.20;7.22;0.50;19.10;16.48;8.37;5.55;0.89;0.91;0.22;0.44;12.72;3.88;2.29;8.21;2.49;0.00;0.00;0.49;0.59;0.00;19.15;2.66;7.38;39.34;1.43;4.19;1.57;3.63;0.10;0.32;0.66;0.79;1.40;0.12;
2.65;16.20;10.97;4.07;5.48;4.58;2.68;0.00;0.00;0.00;0.03;0.04;0.04;2.20;7.22;0.50;19.10;16.48;8.37;5.45;0.88;0.88;0.22;0.44;12.63;3.87;2.26;8.18;2.48;0.00;0.00;0.49;0.59;0.00;41.15;57.56;272.21;53.74;8.73;6.87;2.39;5.40;0.26;0.78;2.01;1.77;2.82;0.32;
2.65;16.20;10.97;4.07;5.48;4.58;2.68;0.00;0.00;0.00;0.03;0.04;0.04;2.20;7.22;0.50;19.09;16.48;8.37;5.34;0.87;0.86;0.21;0.43;12.70;3.88;2.28;8.20;2.49;0.00;0.00;0.49;0.59;0.00;25.09;7.87;26.38;43.92;2.71;4.21;1.58;3.64;0.05;0.18;0.32;0.46;0.88;0.06;
2.65;16.20;10.97;4.07;5.48;4.58;2.68;0.00;0.00;0.00;0.03;0.04;0.04;2.20;7.22;0.50;19.09;16.48;8.37;5.28;0.87;0.84;0.21;0.43;12.71;3.88;2.29;8.21;2.49;0.00;0.00;0.49;0.59;0.00;44.74;80.58;403.99;55.60;10.65;5.61;2.01;4.59;0.53;1.54;4.69;3.26;4.81;0.66;
2.65;16.20;10.97;4.07;5.48;4.58;2.68;0.00;0.00;0.00;0.03;0.04;0.04;2.20;7.22;0.50;19.09;16.48;8.37;5.23;0.86;0.83;0.21;0.43;12.55;3.86;2.23;8.14;2.48;0.00;0.00;0.49;0.59;0.00;42.05;62.84;301.76;54.22;9.20;5.32;1.92;4.39;0.07;0.24;0.46;0.60;1.11;0.09;
2.65;16.20;10.97;4.07;5.48;4.58;2.68;0.00;0.00;0.00;0.03;0.03;0.04;2.10;7.15;0.47;18.73;16.30;8.12;5.15;0.86;0.81;0.20;0.43;12.27;3.83;2.12;8.03;2.46;0.00;0.00;0.49;0.59;0.00;22.74;5.30;16.59;42.20;2.15;4.62;1.71;3.92;0.57;1.63;5.03;3.43;5.03;0.70;
2.65;16.16;10.95;4.06;5.47;4.58;2.68;0.00;0.00;0.00;0.03;0.03;0.04;2.08;7.14;0.46;18.66;16.27;8.07;5.05;0.85;0.78;0.20;0.42;12.06;3.80;2.05;7.95;2.44;0.00;0.00;0.49;0.59;0.00;44.80;81.04;406.66;55.63;10.68;7.31;2.52;5.68;1.32;3.61;13.49;7.02;9.37;1.66;
2.65;16.12;10.93;4.05;5.46;4.57;2.67;0.00;0.00;0.00;0.03;0.03;0.04;2.08;7.14;0.46;18.65;16.26;8.06;4.97;0.84;0.77;0.20;0.42;12.09;3.80;2.06;7.96;2.44;0.00;0.00;0.49;0.58;0.00;37.03;37.65;165.47;51.47;6.81;8.67;2.91;6.51;0.93;2.59;8.96;5.22;7.23;1.16;
2.65;16.15;10.94;4.06;5.47;4.57;2.67;0.00;0.00;0.00;0.03;0.03;0.04;2.08;7.14;0.46;18.64;16.26;8.06;4.94;0.84;0.76;0.20;0.42;12.02;3.79;2.03;7.93;2.44;0.00;0.00;0.49;0.58;0.00;28.77;13.65;50.32;46.44;3.75;6.47;2.27;5.15;0.27;0.83;2.17;1.87;2.96;0.34;
2.63;16.01;10.87;4.03;5.43;4.55;2.66;0.00;0.00;0.00;0.03;0.03;0.04;2.08;7.14;0.46;18.64;16.26;8.06;4.88;0.83;0.74;0.20;0.41;12.09;3.80;2.06;7.96;2.44;0.00;0.00;0.49;0.59;0.00;22.47;5.05;15.67;41.99;2.09;3.43;1.32;3.09;0.03;0.12;0.19;0.32;0.64;0.04;
2.64;16.06;10.89;4.04;5.44;4.55;2.66;0.00;0.00;0.00;0.03;0.03;0.04;2.08;7.14;0.46;18.64;16.26;8.06;4.85;0.83;0.74;0.19;0.41;12.10;3.80;2.06;7.96;2.44;0.00;0.00;0.49;0.59;0.00;27.89;12.04;43.42;45.85;3.48;6.54;2.29;5.19;0.27;0.82;2.15;1.85;2.94;0.34;
2.63;16.03;10.88;4.03;5.43;4.55;2.66;0.00;0.00;0.00;0.03;0.03;0.04;2.08;7.14;0.46;18.64;16.26;8.06;4.83;0.83;0.73;0.19;0.41;12.18;3.81;2.09;8.00;2.45;0.00;0.00;0.49;0.59;0.00;34.69;28.96;121.60;50.12;5.83;5.59;2.01;4.57;0.06;0.19;0.34;0.48;0.92;0.07;
2.64;16.06;10.90;4.04;5.44;4.55;2.66;0.00;0.00;0.00;0.03;0.03;0.04;2.08;7.14;0.46;18.64;16.26;8.06;4.77;0.82;0.72;0.19;0.41;12.28;3.83;2.13;8.03;2.46;0.00;0.00;0.49;0.59;0.00;35.13;30.47;129.10;50.38;6.01;8.03;2.73;6.13;0.53;1.53;4.64;3.24;4.78;0.66;
2.63;16.03;10.88;4.03;5.43;4.55;2.66;0.00;0.00;0.00;0.03;0.03;0.04;2.08;7.14;0.46;18.64;16.26;8.06;4.76;0.82;0.71;0.19;0.41;12.30;3.83;2.13;8.04;2.46;0.00;0.00;0.49;0.59;0.00;24.01;6.60;21.45;43.14;2.44;4.31;1.61;3.71;0.03;0.09;0.14;0.26;0.53;0.03;
2.65;16.13;10.93;4.06;5.46;4.57;2.67;0.00;0.00;0.00;0.03;0.03;0.04;2.08;7.14;0.46;18.64;16.26;8.06;4.68;0.81;0.70;0.19;0.40;12.22;3.82;2.11;8.01;2.45;0.00;0.00;0.49;0.59;0.00;41.94;62.13;297.77;54.15;9.14;7.72;2.64;5.93;0.14;0.43;0.97;1.04;1.78;0.17;
2.64;16.05;10.89;4.04;5.44;4.55;2.66;0.00;0.00;0.00;0.03;0.03;0.04;2.08;7.14;0.46;18.64;16.26;8.06;4.67;0.81;0.69;0.19;0.40;12.29;3.83;2.13;8.04;2.46;0.00;0.00;0.49;0.59;0.00;21.77;4.44;13.49;41.45;1.94;5.43;1.96;4.47;0.02;0.09;0.13;0.24;0.51;0.03;
2.63;15.99;10.86;4.02;5.42;4.54;2.66;0.00;0.00;0.00;0.03;0.03;0.04;2.08;7.14;0.46;18.64;16.26;8.06;4.61;0.81;0.68;0.19;0.40;12.06;3.80;2.05;7.95;2.44;0.00;0.00;0.49;0.59;0.00;31.25;19.03;74.33;48.03;4.56;6.30;2.22;5.04;0.29;0.86;2.29;1.94;3.06;0.35;
2.63;15.98;10.86;4.02;5.42;4.54;2.65;0.00;0.00;0.00;0.03;0.03;0.04;2.08;7.14;0.46;18.64;16.26;8.06;4.58;0.80;0.67;0.18;0.40;12.25;3.82;2.12;8.02;2.45;0.00;0.00;0.49;0.59;0.00;17.05;1.66;4.26;37.52;1.09;4.82;1.77;4.06;0.19;0.59;1.42;1.37;2.26;0.23;
2.63;16.02;10.87;4.03;5.43;4.55;2.66;0.00;0.00;0.00;0.03;0.03;0.04;2.08;7.14;0.46;18.64;16.26;8.06;4.56;0.80;0.67;0.18;0.40;12.29;3.83;2.13;8.04;2.46;0.00;0.00;0.49;0.59;0.00;27.51;11.39;40.70;45.60;3.37;6.15;2.18;4.94;0.13;0.40;0.87;0.96;1.66;0.15;
2.63;15.99;10.86;4.02;5.42;4.54;2.66;0.00;0.00;0.00;0.03;0.03;0.04;2.08;7.14;0.46;18.64;16.26;8.06;4.51;0.80;0.66;0.18;0.40;12.22;3.82;2.11;8.01;2.45;0.00;0.00;0.49;0.59;0.00;18.74;2.43;6.66;39.00;1.36;3.69;1.41;3.28;0.04;0.14;0.25;0.39;0.75;0.05;
2.63;15.98;10.85;4.02;5.42;4.54;2.65;0.00;0.00;0.00;0.03;0.03;0.04;2.08;7.14;0.46;18.64;16.26;8.06;4.49;0.79;0.65;0.18;0.40;12.21;3.82;2.10;8.01;2.45;0.00;0.00;0.49;0.59;0.00;38.17;42.57;191.11;52.12;7.32;7.03;2.44;5.50;0.52;1.51;4.59;3.21;4.74;0.65;
2.63;15.98;10.85;4.02;5.42;4.54;2.65;0.00;0.00;0.00;0.03;0.03;0.04;2.08;7.14;0.46;18.64;16.26;8.06;4.42;0.79;0.64;0.18;0.39;12.28;3.83;2.13;8.04;2.46;0.00;0.00;0.49;0.59;0.00;35.86;33.09;142.19;50.80;6.31;4.62;1.71;3.92;0.06;0.21;0.39;0.54;1.00;0.08;
2.63;15.98;10.85;4.02;5.42;4.54;2.65;0.00;0.00;0.00;0.03;0.03;0.04;2.08;7.14;0.46;18.64;16.26;8.06;4.41;0.79;0.64;0.18;0.39;12.38;3.84;2.17;8.08;2.46;0.00;0.00;0.49;0.59;0.00;38.69;44.95;203.69;52.41;7.55;8.58;2.89;6.46;0.26;0.78;2.02;1.77;2.83;0.32;
2.63;15.98;10.85;4.02;5.42;4.54;2.65;0.00;0.00;0.00;0.03;0.03;0.04;2.08;7.14;0.46;18.64;16.26;8.06;4.41;0.79;0.63;0.18;0.39;12.40;3.84;2.17;8.08;2.47;0.00;0.00;0.49;0.59;0.00;24.79;7.50;24.93;43.71;2.63;3.85;1.46;3.39;0.07;0.22;0.42;0.56;1.04;0.08;
2.63;15.98;10.85;4.02;5.42;4.54;2.65;0.00;0.00;0.00;0.03;0.03;0.04;2.08;7.14;0.46;18.64;16.26;8.06;4.35;0.78;0.62;0.18;0.39;12.40;3.84;2.17;8.09;2.47;0.00;0.00;0.49;0.59;0.00;38.36;43.41;195.50;52.22;7.40;8.19;2.78;6.22;0.52;1.52;4.59;3.21;4.74;0.65;
2.63;15.98;10.85;4.02;5.42;4.54;2.65;0.00;0.00;0.00;0.03;0.03;0.04;2.08;7.14;0.46;18.64;16.26;8.06;4.33;0.78;0.62;0.18;0.39;12.40;3.84;2.17;8.09;2.47;0.00;0.00;0.49;0.59;0.00;15.05;1.01;2.37;35.66;0.81;5.04;1.84;4.21;0.06;0.19;0.35;0.50;0.93;0.07;
2.63;15.98;10.85;4.02;5.42;4.54;2.65;0.00;0.00;0.00;0.03;0.03;0.04;2.06;7.12;0.45;18.57;16.23;8.01;4.33;0.78;0.62;0.18;0.39;12.32;3.83;2.14;8.05;2.46;0.00;0.00;0.49;0.59;0.00;25.19;8.00;26.89;43.99;2.74;5.04;1.84;4.21;0.56;1.61;4.96;3.40;4.98;0.70;
2.63;15.98;10.85;4.02;5.42;4.54;2.65;0.00;0.00;0.00;0.03;0.03;0.04;2.07;7.13;0.46;18.63;16.25;8.05;4.32;0.78;0.62;0.18;0.39;12.47;3.85;2.20;8.11;2.47;0.00;0.00;0.49;0.59;0.00;29.64;15.37;57.86;47.01;4.02;5.54;1.99;4.54;0.10;0.32;0.66;0.78;1.39;0.12;
2.63;15.98;10.85;4.02;5.42;4.54;2.65;0.00;0.00;0.00;0.03;0.03;0.04;2.06;7.12;0.45;18.57;16.23;8.00;4.26;0.77;0.60;0.17;0.38;12.50;3.85;2.21;8.12;2.47;0.00;0.00;0.49;0.59;0.00;24.99;7.75;25.90;43.85;2.69;4.99;1.82;4.18;0.69;1.96;6.30;4.04;5.80;0.86;
2.63;15.98;10.85;4.02;5.42;4.54;2.65;0.00;0.00;0.00;0.03;0.03;0.04;2.05;7.12;0.45;18.56;16.22;8.00;4.25;0.77;0.60;0.17;0.38;12.59;3.87;2.24;8.16;2.48;0.00;0.00;0.49;0.59;0.00;45.34;85.08;430.56;55.91;10.99;4.62;1.71;3.93;0.04;0.14;0.24;0.37;0.73;0.05;
2.63;15.98;10.85;4.02;5.42;4.54;2.65;0.00;0.00;0.00;0.03;0.03;0.04;2.05;7.12;0.45;18.55;16.22;7.99;4.24;0.77;0.60;0.17;0.38;12.44;3.85;2.19;8.10;2.47;0.00;0.00;0.49;0.59;0.00;34.92;29.75;125.49;50.26;5.92;4.81;1.77;4.06;0.38;1.12;3.14;2.44;3.73;0.47;
2.63;15.98;10.85;4.02;5.42;4.54;2.65;0.00;0.00;0.00;0.03;0.03;0.04;2.00;7.08;0.44;18.34;16.12;7.85;4.22;0.77;0.59;0.17;0.38;12.41;3.84;2.18;8.09;2.47;0.00;0.00;0.49;0.59;0.00;33.14;24.10;98.04;49.20;5.23;5.98;2.13;4.83;0.09;0.29;0.60;0.73;1.31;0.11;
2.63;15.98;10.85;4.02;5.42;4.54;2.65;0.00;0.00;0.00;0.03;0.03;0.04;2.06;7.12;0.46;18.58;16.23;8.01;4.19;0.76;0.59;0.17;0.38;12.57;3.86;2.24;8.15;2.48;0.00;0.00;0.49;0.59;0.00;17.15;1.70;4.37;37.60;1.10;5.61;2.01;4.59;0.32;0.96;2.60;2.13;3.31;0.40;
2.63;15.98;10.85;4.02;5.42;4.54;2.65;0.00;0.00;0.00;0.03;0.03;0.04;2.05;7.12;0.45;18.56;16.22;8.00;4.17;0.76;0.58;0.17;0.38;12.52;3.86;2.22;8.13;2.47;0.00;0.00;0.49;0.59;0.00;27.38;11.19;39.84;45.51;3.33;8.33;2.82;6.31;0.27;0.81;2.09;1.82;2.89;0.33;
2.63;15.98;10.85;4.02;5.42;4.54;2.65;0.00;0.00;0.00;0.03;0.03;0.04;2.02;7.09;0.44;18.41;16.15;7.90;4.16;0.76;0.58;0.17;0.38;12.51;3.86;2.21;8.13;2.47;0.00;0.00;0.49;0.59;0.00;22.08;4.70;14.42;41.69;2.00;3.78;1.44;3.34;0.05;0.17;0.29;0.44;0.84;0.06;
2.63;15.98;10.85;4.02;5.42;4.54;2.65;0.00;0.00;0.00;0.03;0.03;0.04;1.97;7.06;0.43;18.24;16.07;7.78;4.14;0.76;0.58;0.17;0.38;12.59;3.87;2.24;8.16;2.48;0.00;0.00;0.49;0.59;0.00;40.00;51.38;238.30;53.12;8.17;7.71;2.64;5.92;0.07;0.22;0.41;0.56;1.04;0.08;
2.63;15.98;10.85;4.02;5.42;4.54;2.65;0.00;0.00;0.00;0.03;0.03;0.04;1.98;7.07;0.43;18.28;16.09;7.81;4.10;0.75;0.57;0.17;0.38;12.60;3.87;2.25;8.17;2.48;0.00;0.00;0.49;0.59;0.00;23.73;6.28;20.26;42.93;2.37;4.50;1.67;3.84;0.10;0.31;0.64;0.77;1.37;0.12;
2.63;15.98;10.85;4.02;5.42;4.54;2.65;0.00;0.00;0.00;0.03;0.03;0.04;1.96;7.05;0.43;18.21;16.06;7.76;4.09;0.75;0.56;0.17;0.38;12.36;3.84;2.16;8.07;2.46;0.00;0.00;0.49;0.59;0.00;18.85;2.49;6.84;39.09;1.38;4.59;1.70;3.90;0.66;1.89;6.06;3.93;5.65;0.83;
2.63;15.98;10.85;4.02;5.42;4.54;2.65;0.00;0.00;0.00;0.03;0.03;0.04;1.96;7.05;0.42;18.20;16.05;7.75;4.09;0.75;0.56;0.17;0.38;12.40;3.84;2.17;8.08;2.47;0.00;0.00;0.49;0.59;0.00;46.18;91.53;469.10;56.32;11.48;4.14;1.55;3.59;0.06;0.20;0.37;0.52;0.97;0.07;
2.63;15.98;10.85;4.02;5.42;4.54;2.65;0.00;0.00;0.00;0.03;0.03;0.04;1.96;7.05;0.42;18.20;16.05;7.75;4.02;0.75;0.55;0.16;0.37;12.32;3.83;2.14;8.05;2.46;0.00;0.00;0.49;0.59;0.00;55.36;189.91;1104.35;60.65;17.63;5.81;2.07;4.72;0.16;0.49;1.13;1.16;1.96;0.19;
2.62;15.95;10.84;4.01;5.41;4.53;2.65;0.00;0.00;0.00;0.03;0.03;0.04;1.96;7.05;0.42;18.20;16.05;7.75;4.01;0.75;0.55;0.16;0.37;12.55;3.86;2.23;8.14;2.48;0.00;0.00;0.49;0.59;0.00;23.28;5.82;18.51;42.60;2.27;6.40;2.25;5.10;0.10;0.31;0.65;0.77;1.38;0.12;
2.62;15.87;10.79;4.00;5.38;4.52;2.64;0.00;0.00;0.00;0.03;0.03;0.04;1.96;7.05;0.42;18.20;16.05;7.75;4.01;0.75;0.55;0.16;0.37;12.19;3.81;2.10;8.00;2.45;0.00;0.00;0.49;0.59;0.00;22.29;4.89;15.09;41.85;2.05;5.21;1.89;4.32;0.20;0.62;1.53;1.44;2.37;0.25;
2.62;15.92;10.82;4.01;5.40;4.53;2.65;0.00;0.00;0.00;0.03;0.03;0.04;1.96;7.05;0.42;18.20;16.05;7.75;4.01;0.74;0.55;0.16;0.37;12.28;3.83;2.13;8.04;2.46;0.00;0.00;0.49;0.59;0.00;30.02;16.19;61.46;47.25;4.14;10.12;3.33;7.38;0.11;0.35;0.74;0.85;1.49;0.13;
2.62;15.94;10.83;4.01;5.40;4.53;2.65;0.00;0.00;0.00;0.03;0.03;0.04;1.96;7.05;0.42;18.20;16.05;7.75;3.97;0.74;0.54;0.16;0.37;12.22;3.82;2.11;8.01;2.45;0.00;0.00;0.49;0.59;0.00;35.74;32.68;140.12;50.74;6.26;8.72;2.93;6.54;0.72;2.04;6.64;4.20;5.99;0.90;
2.61;15.80;10.76;3.98;5.36;4.50;2.63;0.00;0.00;0.00;0.03;0.03;0.04;1.96;7.05;0.42;18.20;16.05;7.75;3.94;0.74;0.53;0.16;0.37;12.37;3.84;2.16;8.07;2.46;0.00;0.00;0.49;0.59;0.00;23.10;5.64;17.84;42.46;2.23;4.69;1.73;3.97;0.05;0.16;0.28;0.42;0.81;0.06;
2.61;15.84;10.78;3.99;5.38;4.51;2.64;0.00;0.00;0.00;0.03;0.03;0.04;1.96;7.05;0.42;18.20;16.05;7.75;3.93;0.74;0.53;0.16;0.37;12.32;3.83;2.14;8.05;2.46;0.00;0.00;0.49;0.59;0.00;37.03;37.65;165.47;51.47;6.81;5.51;1.98;4.52;0.18;0.56;1.32;1.30;2.16;0.22;
2.61;15.82;10.77;3.98;5.37;4.51;2.63;0.00;0.00;0.00;0.03;0.03;0.04;1.96;7.05;0.42;18.20;16.05;7.75;3.93;0.74;0.53;0.16;0.37;12.47;3.85;2.20;8.11;2.47;0.00;0.00;0.49;0.59;0.00;26.36;9.60;33.31;44.81;3.05;5.46;1.97;4.49;0.03;0.12;0.19;0.32;0.64;0.04;
2.60;15.78;10.74;3.98;5.36;4.50;2.63;0.00;0.00;0.00;0.03;0.03;0.04;1.96;7.05;0.42;18.20;16.05;7.75;3.93;0.74;0.53;0.16;0.37;12.34;3.83;2.15;8.06;2.46;0.00;0.00;0.49;0.59;0.00;53.43;164.65;934.10;59.78;16.21;7.57;2.60;5.84;0.32;0.96;2.59;2.12;3.31;0.40;
2.60;15.77;10.74;3.97;5.35;4.50;2.63;0.00;0.00;0.00;0.03;0.03;0.04;1.96;7.05;0.42;18.20;16.05;7.75;3.93;0.74;0.53;0.16;0.37;12.23;3.82;2.11;8.02;2.45;0.00;0.00;0.49;0.59;0.00;23.16;5.70;18.07;42.51;2.24;3.59;1.38;3.21;0.08;0.25;0.50;0.64;1.17;0.09;
2.60;15.77;10.74;3.97;5.35;4.50;2.63;0.00;0.00;0.00;0.03;0.03;0.04;1.96;7.05;0.42;18.20;16.05;7.75;3.87;0.73;0.52;0.16;0.36;12.21;3.82;2.10;8.01;2.45;0.00;0.00;0.49;0.59;0.00;36.73;36.46;159.35;51.31;6.68;8.04;2.73;6.13;0.38;1.11;3.12;2.43;3.72;0.46;
2.61;15.80;10.76;3.98;5.36;4.50;2.63;0.00;0.00;0.00;0.03;0.03;0.04;1.96;7.05;0.42;18.20;16.05;7.75;3.86;0.73;0.52;0.16;0.36;12.28;3.83;2.13;8.04;2.46;0.00;0.00;0.49;0.59;0.00;22.64;5.21;16.26;42.12;2.13;4.22;1.58;3.65;0.08;0.25;0.49;0.63;1.16;0.09;
2.60;15.77;10.74;3.97;5.35;4.50;2.63;0.00;0.00;0.00;0.03;0.03;0.04;1.93;7.02;0.41;18.06;15.98;7.66;3.86;0.73;0.52;0.16;0.36;12.14;3.81;2.08;7.98;2.44;0.00;0.00;0.49;0.59;0.00;18.12;2.12;5.67;38.46;1.25;5.89;2.10;4.77;0.08;0.26;0.52;0.66;1.21;0.10;
2.60;15.77;10.74;3.97;5.35;4.50;2.63;0.00;0.00;0.00;0.03;0.03;0.04;1.90;7.00;0.40;17.96;15.93;7.59;3.86;0.73;0.52;0.16;0.36;12.19;3.81;2.10;8.00;2.45;0.00;0.00;0.49;0.59;0.00;45.84;88.87;453.15;56.16;11.28;7.89;2.69;6.04;0.53;1.52;4.62;3.23;4.77;0.65;
2.60;15.77;10.74;3.97;5.35;4.50;2.63;0.00;0.00;0.00;0.03;0.03;0.04;1.86;6.97;0.39;17.80;15.86;7.48;3.85;0.73;0.51;0.16;0.36;12.28;3.83;2.13;8.04;2.46;0.00;0.00;0.49;0.59;0.00;18.79;2.46;6.75;39.04;1.37;4.02;1.52;3.51;0.03;0.11;0.17;0.29;0.59;0.04;
2.60;15.77;10.74;3.97;5.35;4.50;2.63;0.00;0.00;0.00;0.03;0.03;0.04;1.87;6.98;0.40;17.84;15.88;7.51;3.81;0.72;0.51;0.16;0.36;12.14;3.81;2.08;7.98;2.44;0.00;0.00;0.49;0.59;0.00;39.69;49.79;229.66;52.95;8.02;8.00;2.72;6.11;0.58;1.66;5.13;3.48;5.09;0.72;
2.60;15.77;10.74;3.97;5.35;4.50;2.63;0.00;0.00;0.00;0.03;0.03;0.04;1.86;6.97;0.39;17.78;15.85;7.47;3.80;0.72;0.50;0.16;0.36;12.19;3.81;2.10;8.00;2.45;0.00;0.00;0.49;0.59;0.00;20.03;3.18;9.11;40.06;1.59;5.54;1.99;4.54;0.11;0.35;0.73;0.85;1.49;0.13;
2.60;15.77;10.74;3.97;5.35;4.50;2.63;0.00;0.00;0.00;0.03;0.03;0.04;1.85;6.97;0.39;17.77;15.84;7.46;3.79;0.72;0.50;0.16;0.36;12.20;3.82;2.10;8.00;2.45;0.00;0.00;0.49;0.59;0.00;22.40;4.99;15.44;41.93;2.07;3.77;1.44;3.33;0.33;1.00;2.73;2.20;3.42;0.41;
2.60;15.77;10.74;3.97;5.35;4.50;2.63;0.00;0.00;0.00;0.03;0.03;0.04;1.85;6.97;0.39;17.77;15.84;7.46;3.79;0.72;0.50;0.16;0.36;12.04;3.80;2.04;7.94;2.44;0.00;0.00;0.49;0.59;0.00;34.21;27.41;114.00;49.84;5.65;6.54;2.29;5.19;0.06;0.20;0.36;0.51;0.96;0.07;
2.60;15.77;10.74;3.97;5.35;4.50;2.63;0.00;0.00;0.00;0.03;0.03;0.04;1.85;6.97;0.39;17.77;15.84;7.46;3.79;0.72;0.50;0.16;0.36;12.01;3.79;2.03;7.93;2.43;0.00;0.00;0.49;0.59;0.00;18.58;2.35;6.40;38.86;1.33;5.28;1.91;4.37;0.17;0.52;1.22;1.23;2.06;0.21;
2.60;15.77;10.74;3.97;5.35;4.50;2.63;0.00;0.00;0.00;0.03;0.03;0.04;1.85;6.97;0.39;17.77;15.84;7.46;3.75;0.72;0.49;0.15;0.36;12.16;3.81;2.09;7.99;2.45;0.00;0.00;0.49;0.59;0.00;25.71;8.68;29.57;44.36;2.87;4.52;1.68;3.86;0.12;0.37;0.81;0.91;1.58;0.14;
2.60;15.77;10.74;3.97;5.35;4.50;2.63;0.00;0.00;0.00;0.03;0.03;0.04;1.85;6.97;0.39;17.77;15.84;7.46;3.73;0.72;0.49;0.15;0.36;12.20;3.82;2.10;8.00;2.45;0.00;0.00;0.49;0.59;0.00;40.12;51.98;241.55;53.18;8.23;7.14;2.47;5.57;0.86;2.41;8.17;4.88;6.83;1.07;
2.60;15.77;10.74;3.97;5.35;4.50;2.63;0.00;0.00;0.00;0.03;0.03;0.04;1.85;6.97;0.39;17.77;15.84;7.46;3.72;0.71;0.49;0.15;0.36;12.04;3.80;2.04;7.94;2.44;0.00;0.00;0.49;0.59;0.00;25.83;8.85;30.27;44.45;2.90;4.46;1.65;3.81;0.07;0.23;0.44;0.58;1.08;0.08;
2.60;15.77;10.74;3.97;5.35;4.50;2.63;0.00;0.00;0.00;0.03;0.03;0.04;1.85;6.97;0.39;17.77;15.84;7.46;3.72;0.71;0.49;0.15;0.36;12.09;3.80;2.06;7.96;2.44;0.00;0.00;0.49;0.59;0.00;37.29;38.73;171.02;51.62;6.92;6.26;2.21;5.01;0.06;0.19;0.34;0.48;0.91;0.07;
2.60;15.77;10.74;3.97;5.35;4.50;2.63;0.00;0.00;0.00;0.03;0.03;0.04;1.85;6.97;0.39;17.77;15.84;7.46;3.71;0.71;0.49;0.15;0.36;12.18;3.81;2.09;8.00;2.45;0.00;0.00;0.49;0.59;0.00;58.19;232.10;1397.39;61.90;19.84;8.41;2.84;6.35;0.08;0.25;0.49;0.63;1.15;0.09;
2.60;15.77;10.74;3.97;5.35;4.50;2.63;0.00;0.00;0.00;0.03;0.03;0.04;1.85;6.97;0.39;17.77;15.84;7.46;3.71;0.71;0.49;0.15;0.36;12.12;3.81;2.07;7.97;2.44;0.00;0.00;0.49;0.59;0.00;16.97;1.63;4.16;37.44;1.07;3.99;1.51;3.49;0.08;0.28;0.56;0.69;1.25;0.10;
2.60;15.77;10.74;3.97;5.35;4.50;2.63;0.00;0.00;0.00;0.03;0.03;0.04;1.85;6.97;0.39;17.77;15.84;7.46;3.71;0.71;0.49;0.15;0.36;12.19;3.81;2.09;8.00;2.45;0.00;0.00;0.49;0.59;0.00;20.43;3.44;10.00;40.39;1.67;4.35;1.62;3.74;0.12;0.39;0.84;0.94;1.63;0.15;
2.60;15.77;10.74;3.97;5.35;4.50;2.63;0.00;0.00;0.00;0.03;0.03;0.04;1.85;6.97;0.39;17.77;15.84;7.46;3.71;0.71;0.49;0.15;0.36;12.20;3.82;2.10;8.00;2.45;0.00;0.00;0.49;0.59;0.00;44.05;75.70;375.40;55.25;10.26;6.06;2.15;4.88;0.06;0.19;0.35;0.49;0.93;0.07;
