4.55;34.36;19.80;8.02;10.70;7.84;4.64;0.00;0.00;0.00;0.08;0.07;0.08;59.47;14.48;67.05;77.33;35.37;78.99;12.91;1.43;3.37;0.47;0.70;53.95;7.07;48.71;20.04;4.40;0.02;0.05;0.69;0.80;0.01;57.05;214.37;1272.97;61.40;18.93;8.10;2.75;6.16;2.29;6.03;25.59;11.17;14.03;2.90;
3.09;20.05;12.97;4.93;6.63;5.34;3.13;0.00;0.00;0.00;0.04;0.04;0.04;5.20;8.66;1.80;27.51;20.11;15.04;5.53;0.89;0.90;0.22;0.44;17.91;4.47;4.73;10.15;2.85;0.00;0.01;0.53;0.63;0.00;24.87;7.59;25.29;43.76;2.65;5.44;1.96;4.47;0.64;1.84;5.85;3.83;5.53;0.80;
2.87;18.11;11.97;4.50;6.05;4.96;2.91;0.00;0.00;0.00;0.04;0.04;0.04;3.32;7.88;0.93;22.75;18.13;11.09;4.72;0.82;0.71;0.19;0.41;14.91;4.15;3.21;9.06;2.65;0.00;0.01;0.50;0.60;0.00;30.87;18.13;70.20;47.80;4.43;7.15;2.47;5.58;2.23;5.87;24.72;10.90;13.73;2.81;
2.83;17.71;11.76;4.41;5.93;4.88;2.86;0.00;0.00;0.00;0.03;0.04;0.04;3.07;7.75;0.82;22.01;17.80;10.51;4.58;0.80;0.67;0.18;0.40;14.28;4.07;2.93;8.82;2.61;0.00;0.00;0.49;0.59;0.00;21.95;4.60;14.04;41.59;1.98;5.38;1.94;4.43;1.32;3.60;13.46;7.01;9.35;1.66;
2.82;17.67;11.74;4.40;5.92;4.88;2.86;0.00;0.00;0.00;0.03;0.04;0.04;2.99;7.71;0.79;21.77;17.70;10.34;4.53;0.80;0.66;0.18;0.40;14.26;4.07;2.92;8.81;2.60;0.00;0.00;0.49;0.59;0.00;18.00;2.07;5.51;38.36;1.24;5.70;2.04;4.65;0.27;0.82;2.14;1.85;2.93;0.34;
2.82;17.62;11.72;4.39;5.91;4.87;2.85;0.00;0.00;0.00;0.03;0.04;0.04;2.98;7.70;0.79;21.73;17.68;10.30;4.55;0.80;0.67;0.18;0.40;14.15;4.06;2.87;8.77;2.60;0.00;0.00;0.50;0.59;0.00;16.18;1.35;3.32;36.72;0.96;3.71;1.42;3.29;6.46;15.88;85.21;26.75;29.98;8.25;
2.82;17.61;11.71;4.39;5.91;4.86;2.85;0.00;0.00;0.00;0.03;0.04;0.04;2.98;7.70;0.79;21.72;17.68;10.29;4.56;0.80;0.67;0.18;0.40;14.13;4.06;2.86;8.76;2.60;0.00;0.00;0.50;0.59;0.00;34.93;29.79;125.72;50.27;5.93;5.40;1.95;4.45;2.39;6.27;26.82;11.56;14.45;3.02;
2.82;17.61;11.71;4.39;5.91;4.86;2.85;0.00;0.00;0.00;0.03;0.04;0.04;3.00;7.71;0.80;21.80;17.71;10.36;4.54;0.80;0.67;0.18;0.40;14.23;4.07;2.91;8.80;2.60;0.00;0.00;0.49;0.59;0.00;41.64;60.41;288.10;54.00;8.99;5.94;2.11;4.80;0.73;2.08;6.79;4.27;6.08;0.91;
2.83;17.69;11.76;4.41;5.93;4.88;2.86;0.00;0.00;0.00;0.03;0.04;0.04;2.98;7.70;0.79;21.73;17.68;10.31;4.56;0.80;0.67;0.18;0.40;14.04;4.05;2.83;8.73;2.59;0.00;0.00;0.50;0.59;0.00;31.33;19.22;75.17;48.08;4.58;6.06;2.15;4.88;1.37;3.73;14.07;7.24;9.62;1.72;
2.82;17.67;11.74;4.40;5.92;4.88;2.86;0.00;0.00;0.00;0.03;0.04;0.04;2.98;7.70;0.79;21.72;17.68;10.30;4.57;0.80;0.67;0.18;0.40;14.11;4.05;2.85;8.75;2.59;0.00;0.00;0.49;0.59;0.00;18.31;2.22;5.96;38.62;1.29;5.44;1.96;4.47;1.30;3.56;13.28;6.94;9.27;1.64;
2.82;17.62;11.72;4.39;5.91;4.87;2.85;0.00;0.00;0.00;0.03;0.04;0.04;2.98;7.70;0.79;21.72;17.68;10.29;4.52;0.80;0.66;0.18;0.40;14.12;4.05;2.86;8.76;2.59;0.00;0.00;0.49;0.59;0.00;22.02;4.66;14.25;41.65;1.99;4.98;1.82;4.17;0.62;1.78;5.62;3.72;5.39;0.78;
2.82;17.61;11.71;4.39;5.91;4.86;2.85;0.00;0.00;0.00;0.03;0.04;0.04;2.97;7.70;0.79;21.72;17.67;10.29;4.51;0.80;0.66;0.18;0.40;14.12;4.05;2.86;8.76;2.59;0.00;0.00;0.49;0.59;0.00;19.79;3.03;8.61;39.87;1.55;7.42;2.55;5.75;8.15;19.73;111.67;32.55;35.55;10.44;
2.82;17.61;11.71;4.39;5.91;4.86;2.85;0.00;0.00;0.00;0.03;0.04;0.04;2.97;7.70;0.79;21.72;17.67;10.29;4.51;0.80;0.66;0.18;0.40;14.23;4.07;2.90;8.80;2.60;0.00;0.00;0.49;0.59;0.00;18.32;2.22;5.99;38.64;1.29;6.26;2.21;5.01;4.27;10.78;52.64;18.86;22.12;5.43;
2.82;17.61;11.71;4.39;5.90;4.86;2.85;0.00;0.00;0.00;0.03;0.04;0.04;2.97;7.70;0.79;21.72;17.67;10.29;4.51;0.80;0.66;0.18;0.40;14.04;4.05;2.83;8.73;2.59;0.00;0.00;0.49;0.59;0.00;19.15;2.65;7.37;39.34;1.43;4.33;1.61;3.72;0.83;2.32;7.80;4.72;6.63;1.03;
2.82;17.61;11.71;4.39;5.90;4.86;2.85;0.00;0.00;0.00;0.03;0.04;0.04;2.97;7.70;0.79;21.72;17.67;10.29;4.51;0.80;0.66;0.18;0.40;14.11;4.05;2.85;8.75;2.59;0.00;0.00;0.49;0.59;0.00;17.71;1.94;5.10;38.10;1.19;5.48;1.97;4.50;4.90;12.28;61.90;21.21;24.50;6.25;
2.82;17.61;11.71;4.39;5.90;4.86;2.85;0.00;0.00;0.00;0.03;0.04;0.04;2.97;7.70;0.79;21.72;17.67;10.29;4.51;0.80;0.66;0.18;0.40;14.02;4.04;2.82;8.72;2.59;0.00;0.00;0.49;0.59;0.00;15.61;1.17;2.81;36.19;0.88;4.84;1.77;4.07;1.44;3.91;14.91;7.55;9.98;1.81;
2.82;17.61;11.71;4.39;5.90;4.86;2.85;0.00;0.00;0.00;0.03;0.04;0.04;2.97;7.70;0.79;21.72;17.67;10.29;4.51;0.80;0.66;0.18;0.40;14.20;4.06;2.90;8.79;2.60;0.00;0.00;0.49;0.59;0.00;19.49;2.85;8.01;39.62;1.49;4.73;1.74;4.00;0.50;1.46;4.36;3.10;4.60;0.62;
2.82;17.61;11.71;4.39;5.90;4.86;2.85;0.00;0.00;0.00;0.03;0.04;0.04;2.97;7.70;0.79;21.72;17.67;10.29;4.51;0.80;0.66;0.18;0.40;14.14;4.06;2.87;8.77;2.60;0.00;0.00;0.49;0.59;0.00;21.30;4.07;12.18;41.08;1.84;4.41;1.64;3.78;0.83;2.33;7.82;4.73;6.64;1.03;
2.82;17.61;11.71;4.39;5.90;4.86;2.85;0.00;0.00;0.00;0.03;0.04;0.04;2.97;7.70;0.79;21.72;17.67;10.29;4.51;0.80;0.66;0.18;0.40;14.03;4.04;2.82;8.72;2.59;0.00;0.00;0.49;0.59;0.00;17.50;1.85;4.82;37.92;1.16;4.64;1.71;3.94;0.85;2.40;8.12;4.86;6.80;1.07;
2.82;17.61;11.71;4.39;5.90;4.86;2.85;0.00;0.00;0.00;0.03;0.04;0.04;2.97;7.70;0.79;21.72;17.67;10.29;4.51;0.80;0.66;0.18;0.40;14.20;4.06;2.90;8.79;2.60;0.00;0.00;0.49;0.59;0.00;27.06;10.66;37.66;45.29;3.24;4.04;1.52;3.52;0.94;2.63;9.12;5.29;7.32;1.18;
2.82;17.61;11.71;4.39;5.90;4.86;2.85;0.00;0.00;0.00;0.03;0.04;0.04;2.97;7.70;0.79;21.72;17.67;10.29;4.51;0.80;0.66;0.18;0.40;13.94;4.03;2.78;8.69;2.58;0.00;0.00;0.49;0.59;0.00;20.75;3.67;10.77;40.65;1.73;6.81;2.37;5.36;0.61;1.74;5.44;3.63;5.28;0.75;
2.82;17.61;11.71;4.39;5.90;4.86;2.85;0.00;0.00;0.00;0.03;0.04;0.04;2.97;7.70;0.79;21.72;17.67;10.29;4.52;0.80;0.66;0.18;0.40;13.99;4.04;2.80;8.71;2.58;0.00;0.00;0.49;0.59;0.00;17.88;2.02;5.34;38.25;1.22;4.58;1.69;3.90;1.60;4.30;16.79;8.23;10.75;2.01;
2.82;17.61;11.71;4.39;5.90;4.86;2.85;0.00;0.00;0.00;0.03;0.04;0.04;2.97;7.70;0.79;21.72;17.67;10.29;4.51;0.80;0.66;0.18;0.40;13.89;4.03;2.76;8.67;2.58;0.00;0.00;0.49;0.59;0.00;29.73;15.57;58.73;47.07;4.05;5.02;1.83;4.19;0.18;0.56;1.34;1.31;2.18;0.22;
2.81;17.57;11.69;4.38;5.89;4.86;2.84;0.00;0.00;0.00;0.03;0.04;0.04;2.97;7.70;0.79;21.72;17.67;10.29;4.51;0.80;0.66;0.18;0.40;13.98;4.04;2.80;8.70;2.58;0.00;0.00;0.49;0.59;0.00;41.60;60.17;286.78;53.98;8.97;5.41;1.95;4.46;1.01;2.81;9.89;5.61;7.70;1.27;
2.81;17.51;11.66;4.37;5.88;4.85;2.84;0.00;0.00;0.00;0.03;0.04;0.04;2.97;7.70;0.79;21.72;17.67;10.29;4.51;0.80;0.66;0.18;0.40;14.09;4.05;2.85;8.75;2.59;0.00;0.00;0.49;0.59;0.00;28.78;13.66;50.36;46.44;3.75;5.14;1.87;4.28;1.32;3.60;13.45;7.01;9.35;1.66;
2.81;17.55;11.68;4.38;5.89;4.85;2.84;0.00;0.00;0.00;0.03;0.04;0.04;2.97;7.70;0.79;21.72;17.67;10.29;4.51;0.80;0.66;0.18;0.40;13.92;4.03;2.77;8.68;2.58;0.00;0.00;0.49;0.59;0.00;27.61;11.56;41.41;45.67;3.40;5.24;1.90;4.34;0.64;1.84;5.85;3.83;5.53;0.80;
2.81;17.51;11.66;4.37;5.88;4.84;2.84;0.00;0.00;0.00;0.03;0.04;0.04;2.97;7.70;0.79;21.72;17.67;10.29;4.51;0.80;0.66;0.18;0.40;13.88;4.03;2.76;8.67;2.58;0.00;0.00;0.49;0.59;0.00;25.19;8.00;26.88;43.99;2.74;5.07;1.85;4.23;7.17;17.50;96.20;29.21;32.36;9.17;
2.81;17.50;11.66;4.37;5.87;4.84;2.84;0.00;0.00;0.00;0.03;0.04;0.04;2.97;7.70;0.79;21.72;17.67;10.29;4.51;0.80;0.66;0.18;0.40;14.07;4.05;2.84;8.74;2.59;0.00;0.00;0.49;0.59;0.00;44.18;76.62;380.78;55.32;10.34;5.94;2.11;4.80;1.75;4.68;18.64;8.88;11.49;2.20;
2.82;17.59;11.70;4.38;5.90;4.86;2.85;0.00;0.00;0.00;0.03;0.04;0.04;2.97;7.70;0.79;21.72;17.67;10.29;4.52;0.80;0.66;0.18;0.40;14.01;4.04;2.81;8.72;2.59;0.00;0.00;0.49;0.59;0.00;37.27;38.67;170.75;51.61;6.91;5.77;2.06;4.69;5.44;13.53;69.86;23.16;26.44;6.94;
2.82;17.60;11.71;4.39;5.90;4.86;2.85;0.00;0.00;0.00;0.03;0.04;0.04;2.97;7.70;0.79;21.72;17.67;10.29;4.58;0.80;0.67;0.18;0.40;14.00;4.04;2.81;8.71;2.59;0.00;0.00;0.49;0.59;0.00;19.13;2.64;7.34;39.32;1.43;5.81;2.07;4.72;213.70;418.15;4977.10;511.63;390.37;283.81;
2.83;17.69;11.76;4.41;5.93;4.88;2.86;0.00;0.00;0.00;0.03;0.04;0.04;2.97;7.70;0.79;21.72;17.67;10.29;4.69;0.81;0.70;0.19;0.40;14.30;4.08;2.94;8.83;2.61;0.00;0.00;0.49;0.59;0.00;29.82;15.76;59.55;47.12;4.08;6.68;2.33;5.28;0.62;1.79;5.63;3.73;5.40;0.78;
2.84;17.84;11.83;4.44;5.97;4.91;2.88;0.00;0.00;0.00;0.03;0.04;0.04;3.06;7.74;0.82;21.98;17.79;10.49;4.77;0.82;0.72;0.19;0.41;14.16;4.06;2.88;8.77;2.60;0.00;0.00;0.49;0.59;0.00;31.88;20.62;81.66;48.43;4.78;7.80;2.66;5.98;0.80;2.25;7.50;4.58;6.47;1.00;
2.85;17.87;11.85;4.45;5.98;4.91;2.88;0.00;0.00;0.00;0.03;0.04;0.04;3.14;7.78;0.85;22.21;17.89;10.67;4.85;0.83;0.74;0.19;0.41;14.13;4.06;2.86;8.76;2.60;0.00;0.00;0.49;0.59;0.00;42.99;68.66;334.82;54.71;9.69;6.95;2.42;5.45;1.55;4.17;16.18;8.01;10.51;1.95;
2.85;17.87;11.85;4.45;5.98;4.92;2.88;0.00;0.00;0.00;0.03;0.04;0.04;3.15;7.79;0.86;22.25;17.91;10.70;4.94;0.84;0.76;0.20;0.42;14.13;4.05;2.86;8.76;2.60;0.00;0.00;0.49;0.59;0.00;22.21;4.82;14.85;41.79;2.03;5.67;2.03;4.63;15.22;35.38;230.78;55.11;56.21;19.63;
2.85;17.87;11.85;4.45;5.98;4.92;2.88;0.00;0.00;0.00;0.04;0.04;0.04;3.15;7.79;0.86;22.26;17.92;10.71;4.97;0.84;0.77;0.20;0.42;14.23;4.07;2.91;8.80;2.60;0.00;0.00;0.49;0.59;0.00;36.57;35.84;156.16;51.22;6.61;8.08;2.74;6.15;0.92;2.56;8.82;5.16;7.17;1.15;
2.85;17.87;11.85;4.45;5.98;4.92;2.88;0.00;0.00;0.00;0.03;0.04;0.04;3.16;7.79;0.86;22.26;17.92;10.71;5.04;0.85;0.78;0.20;0.42;14.25;4.07;2.91;8.81;2.60;0.00;0.00;0.49;0.59;0.00;31.69;20.13;79.37;48.31;4.71;5.26;1.90;4.35;3.49;8.94;41.74;15.94;19.11;4.44;
2.85;17.92;11.87;4.46;6.00;4.92;2.89;0.00;0.00;0.00;0.03;0.04;0.04;3.16;7.79;0.86;22.27;17.92;10.71;5.05;0.85;0.78;0.20;0.42;14.25;4.07;2.92;8.81;2.60;0.00;0.00;0.49;0.59;0.00;35.79;32.83;140.88;50.76;6.28;6.15;2.18;4.94;1.07;2.97;10.59;5.89;8.04;1.35;
2.85;17.88;11.86;4.45;5.99;4.92;2.88;0.00;0.00;0.00;0.03;0.04;0.04;3.16;7.79;0.86;22.27;17.92;10.71;5.10;0.85;0.80;0.20;0.42;14.25;4.07;2.92;8.81;2.60;0.00;0.00;0.49;0.59;0.00;31.48;19.60;76.95;48.18;4.64;5.03;1.83;4.20;1.23;3.36;12.35;6.59;8.86;1.54;
2.85;17.88;11.85;4.45;5.98;4.92;2.88;0.00;0.00;0.00;0.04;0.04;0.04;3.16;7.79;0.86;22.27;17.92;10.71;5.14;0.86;0.81;0.20;0.43;14.15;4.06;2.87;8.77;2.60;0.00;0.00;0.49;0.59;0.00;32.08;21.15;84.10;48.55;4.85;5.79;2.07;4.70;0.83;2.34;7.88;4.75;6.67;1.04;
2.85;17.87;11.85;4.45;5.98;4.92;2.88;0.00;0.00;0.00;0.03;0.04;0.04;3.16;7.79;0.86;22.27;17.92;10.71;5.15;0.86;0.81;0.20;0.43;14.23;4.07;2.91;8.80;2.60;0.00;0.00;0.49;0.59;0.00;29.28;14.65;54.67;46.78;3.91;4.25;1.59;3.67;0.68;1.94;6.23;4.01;5.75;0.85;
2.85;17.87;11.85;4.45;5.98;4.92;2.88;0.00;0.00;0.00;0.03;0.04;0.04;3.16;7.79;0.86;22.27;17.92;10.71;5.15;0.86;0.81;0.20;0.43;14.56;4.11;3.05;8.93;2.63;0.00;0.00;0.49;0.59;0.00;31.15;18.79;73.22;47.97;4.52;4.73;1.74;4.00;0.28;0.85;2.25;1.91;3.02;0.35;
2.85;17.87;11.85;4.45;5.98;4.92;2.88;0.00;0.00;0.00;0.04;0.04;0.04;3.18;7.81;0.87;22.35;17.96;10.78;5.22;0.86;0.82;0.21;0.43;14.21;4.06;2.90;8.79;2.60;0.00;0.00;0.49;0.59;0.00;24.66;7.34;24.31;43.61;2.60;5.41;1.95;4.46;1.43;3.87;14.73;7.48;9.90;1.79;
2.85;17.87;11.85;4.45;5.98;4.92;2.88;0.00;0.00;0.00;0.04;0.04;0.04;3.19;7.81;0.87;22.37;17.96;10.80;5.25;0.87;0.83;0.21;0.43;14.35;4.08;2.96;8.84;2.61;0.00;0.00;0.49;0.59;0.00;31.39;19.38;75.92;48.12;4.60;5.83;2.08;4.73;0.15;0.46;1.05;1.10;1.87;0.18;
2.85;17.87;11.85;4.45;5.98;4.92;2.88;0.00;0.00;0.00;0.03;0.04;0.04;3.16;7.80;0.86;22.29;17.93;10.73;5.25;0.87;0.83;0.21;0.43;14.27;4.07;2.92;8.82;2.61;0.00;0.00;0.49;0.59;0.00;23.20;5.74;18.22;42.54;2.25;5.07;1.85;4.23;0.28;0.85;2.24;1.91;3.02;0.35;
2.85;17.92;11.87;4.46;6.00;4.92;2.89;0.00;0.00;0.00;0.03;0.04;0.04;3.19;7.81;0.87;22.36;17.96;10.79;5.25;0.87;0.83;0.21;0.43;14.25;4.07;2.92;8.81;2.60;0.00;0.00;0.49;0.59;0.00;32.18;21.42;85.39;48.61;4.88;5.70;2.04;4.65;0.65;1.87;5.96;3.88;5.59;0.82;
2.85;17.88;11.86;4.45;5.99;4.92;2.88;0.00;0.00;0.00;0.03;0.04;0.04;3.19;7.81;0.87;22.37;17.96;10.80;5.25;0.87;0.83;0.21;0.43;14.46;4.09;3.01;8.89;2.62;0.00;0.00;0.49;0.59;0.00;22.91;5.46;17.18;42.32;2.19;6.66;2.33;5.27;1.86;4.97;20.12;9.38;12.05;2.35;
2.85;17.88;11.85;4.45;5.98;4.92;2.88;0.00;0.00;0.00;0.03;0.04;0.04;3.19;7.81;0.87;22.38;17.97;10.80;5.25;0.87;0.83;0.21;0.43;14.40;4.09;2.98;8.86;2.61;0.00;0.00;0.49;0.59;0.00;24.93;7.68;25.62;43.81;2.67;7.08;2.45;5.53;7.47;18.20;100.98;30.25;33.37;9.57;
2.85;17.87;11.85;4.45;5.98;4.92;2.88;0.00;0.00;0.00;0.03;0.04;0.04;3.22;7.83;0.89;22.47;18.01;10.87;5.25;0.87;0.83;0.21;0.43;14.38;4.09;2.97;8.86;2.61;0.00;0.00;0.49;0.59;0.00;20.60;3.56;10.41;40.53;1.70;4.95;1.81;4.15;0.98;2.71;9.48;5.43;7.50;1.22;
2.85;17.87;11.85;4.45;5.98;4.92;2.88;0.00;0.00;0.00;0.03;0.04;0.04;3.32;7.88;0.93;22.75;18.13;11.09;5.33;0.87;0.85;0.21;0.43;14.28;4.07;2.93;8.82;2.61;0.00;0.00;0.49;0.59;0.00;18.18;2.15;5.77;38.51;1.26;4.99;1.82;4.17;1.92;5.10;20.76;9.60;12.30;2.42;
2.85;17.92;11.87;4.46;6.00;4.92;2.89;0.00;0.00;0.00;0.03;0.04;0.04;3.34;7.89;0.93;22.81;18.16;11.14;5.35;0.88;0.86;0.21;0.43;14.26;4.07;2.92;8.81;2.60;0.00;0.00;0.49;0.59;0.00;24.66;7.34;24.32;43.61;2.60;4.61;1.70;3.92;2.23;5.88;24.75;10.91;13.74;2.82;
2.85;17.88;11.86;4.45;5.99;4.92;2.88;0.00;0.00;0.00;0.04;0.04;0.04;3.35;7.89;0.94;22.82;18.16;11.15;5.35;0.88;0.86;0.21;0.43;14.25;4.07;2.92;8.81;2.60;0.00;0.00;0.49;0.59;0.00;21.37;4.13;12.36;41.14;1.85;4.21;1.58;3.64;1.56;4.21;16.33;8.07;10.57;1.96;
2.85;17.92;11.87;4.46;6.00;4.92;2.89;0.00;0.00;0.00;0.03;0.04;0.04;3.35;7.89;0.94;22.83;18.16;11.15;5.35;0.88;0.86;0.21;0.43;14.25;4.07;2.92;8.81;2.60;0.00;0.00;0.49;0.59;0.00;23.23;5.77;18.34;42.56;2.26;6.18;2.18;4.96;0.44;1.28;3.73;2.76;4.16;0.54;
2.85;17.88;11.86;4.45;5.99;4.92;2.88;0.00;0.00;0.00;0.03;0.04;0.04;3.35;7.89;0.94;22.83;18.16;11.15;5.35;0.88;0.86;0.21;0.43;14.25;4.07;2.92;8.81;2.60;0.00;0.00;0.49;0.59;0.00;34.38;27.95;116.65;49.94;5.71;6.87;2.39;5.40;1.52;4.11;15.89;7.91;10.39;1.92;
2.85;17.88;11.85;4.45;5.98;4.92;2.88;0.00;0.00;0.00;0.04;0.04;0.04;3.35;7.89;0.94;22.83;18.16;11.15;5.35;0.88;0.86;0.21;0.43;14.25;4.07;2.92;8.81;2.60;0.00;0.00;0.49;0.59;0.00;22.68;5.24;16.36;42.14;2.13;5.69;2.04;4.64;0.56;1.63;5.01;3.42;5.01;0.70;
2.85;17.92;11.87;4.46;6.00;4.92;2.89;0.00;0.00;0.00;0.03;0.04;0.04;3.35;7.89;0.94;22.83;18.16;11.15;5.35;0.88;0.86;0.21;0.43;14.46;4.09;3.01;8.89;2.62;0.00;0.00;0.49;0.59;0.00;22.87;5.42;17.03;42.29;2.18;5.02;1.83;4.19;5.85;14.48;76.02;24.62;27.89;7.47;
2.85;17.88;11.86;4.45;5.99;4.92;2.88;0.00;0.00;0.00;0.03;0.04;0.04;3.35;7.89;0.94;22.83;18.16;11.15;5.35;0.88;0.86;0.21;0.43;14.40;4.09;2.98;8.86;2.61;0.00;0.00;0.49;0.59;0.00;26.10;9.22;31.77;44.63;2.97;5.85;2.08;4.74;2.26;5.95;25.12;11.03;13.87;2.85;
2.85;17.88;11.85;4.45;5.98;4.92;2.88;0.00;0.00;0.00;0.03;0.04;0.04;3.35;7.89;0.94;22.83;18.16;11.15;5.37;0.88;0.86;0.21;0.44;14.38;4.09;2.97;8.86;2.61;0.00;0.00;0.49;0.59;0.00;21.69;4.38;13.28;41.39;1.92;5.62;2.02;4.60;1.93;5.14;20.97;9.67;12.37;2.44;
2.85;17.87;11.85;4.45;5.98;4.92;2.88;0.00;0.00;0.00;0.03;0.04;0.04;3.35;7.89;0.94;22.83;18.16;11.15;5.37;0.88;0.86;0.21;0.44;14.28;4.07;2.93;8.82;2.61;0.00;0.00;0.49;0.59;0.00;24.51;7.17;23.64;43.51;2.57;5.58;2.00;4.57;1.74;4.67;18.59;8.86;11.47;2.19;
2.85;17.87;11.85;4.45;5.98;4.92;2.88;0.00;0.00;0.00;0.03;0.04;0.04;3.35;7.89;0.94;22.83;18.16;11.15;5.37;0.88;0.86;0.21;0.44;14.36;4.08;2.96;8.85;2.61;0.00;0.00;0.49;0.59;0.00;20.76;3.67;10.80;40.66;1.73;5.04;1.84;4.21;2.55;6.67;28.98;12.23;15.18;3.23;
2.85;17.87;11.85;4.45;5.98;4.92;2.88;0.00;0.00;0.00;0.03;0.04;0.04;3.35;7.89;0.94;22.83;18.16;11.15;5.39;0.88;0.87;0.21;0.44;14.38;4.08;2.97;8.86;2.61;0.00;0.00;0.49;0.59;0.00;28.27;12.71;46.30;46.11;3.59;5.05;1.84;4.22;4.31;10.87;53.20;19.00;22.27;5.48;
2.85;17.87;11.85;4.45;5.98;4.92;2.88;0.00;0.00;0.00;0.03;0.04;0.04;3.35;7.89;0.94;22.83;18.16;11.15;5.38;0.88;0.86;0.21;0.44;14.48;4.10;3.02;8.90;2.62;0.00;0.00;0.49;0.59;0.00;23.20;5.75;18.24;42.54;2.25;5.77;2.06;4.69;4.97;12.43;62.84;21.44;24.74;6.33;
2.85;17.87;11.85;4.45;5.98;4.92;2.88;0.00;0.00;0.00;0.04;0.04;0.04;3.35;7.89;0.94;22.83;18.16;11.15;5.37;0.88;0.86;0.21;0.44;14.30;4.08;2.94;8.83;2.61;0.00;0.00;0.49;0.58;0.00;20.12;3.24;9.30;40.14;1.61;4.78;1.76;4.03;1.43;3.87;14.75;7.49;9.91;1.79;
2.85;17.87;11.85;4.45;5.98;4.92;2.88;0.00;0.00;0.00;0.03;0.04;0.04;3.35;7.89;0.94;22.83;18.16;11.15;5.37;0.88;0.86;0.21;0.44;14.36;4.08;2.96;8.85;2.61;0.00;0.00;0.49;0.59;0.00;18.68;2.40;6.55;38.94;1.35;4.98;1.82;4.17;2.00;5.30;21.78;9.94;12.68;2.52;
2.85;17.87;11.85;4.45;5.98;4.92;2.88;0.00;0.00;0.00;0.03;0.04;0.04;3.35;7.89;0.94;22.83;18.16;11.15;5.39;0.88;0.87;0.21;0.44;14.17;4.06;2.88;8.78;2.60;0.00;0.00;0.49;0.59;0.00;29.58;15.26;57.36;46.97;4.00;5.15;1.87;4.28;0.49;1.44;4.30;3.06;4.55;0.61;
2.85;17.87;11.85;4.45;5.98;4.92;2.88;0.00;0.00;0.00;0.03;0.04;0.04;3.35;7.89;0.94;22.83;18.16;11.15;5.39;0.88;0.87;0.21;0.44;14.34;4.08;2.95;8.84;2.61;0.00;0.00;0.49;0.59;0.00;29.47;15.03;56.35;46.90;3.97;6.34;2.23;5.06;0.66;1.88;6.02;3.91;5.63;0.82;
2.85;17.87;11.85;4.45;5.98;4.92;2.88;0.00;0.00;0.00;0.03;0.04;0.04;3.35;7.89;0.94;22.83;18.16;11.15;5.43;0.88;0.88;0.21;0.44;14.58;4.11;3.06;8.93;2.63;0.00;0.00;0.49;0.59;0.00;40.15;52.16;242.54;53.20;8.24;5.84;2.08;4.74;1.45;3.94;15.06;7.61;10.04;1.83;
2.85;17.87;11.85;4.45;5.98;4.92;2.88;0.00;0.00;0.00;0.03;0.04;0.04;3.35;7.89;0.94;22.83;18.16;11.15;5.45;0.88;0.88;0.22;0.44;14.42;4.09;2.99;8.87;2.62;0.00;0.00;0.49;0.59;0.00;28.41;12.97;47.38;46.20;3.64;5.52;1.99;4.53;9.30;22.33;130.23;36.38;39.18;11.93;
2.85;17.87;11.85;4.45;5.98;4.92;2.88;0.00;0.00;0.00;0.03;0.04;0.04;3.35;7.89;0.94;22.83;18.16;11.15;5.46;0.88;0.88;0.22;0.44;14.49;4.10;3.02;8.90;2.62;0.00;0.00;0.49;0.59;0.00;17.71;1.94;5.10;38.11;1.19;5.61;2.01;4.59;1.61;4.33;16.93;8.28;10.81;2.02;
2.85;17.87;11.85;4.45;5.98;4.92;2.88;0.00;0.00;0.00;0.03;0.04;0.04;3.35;7.89;0.94;22.83;18.16;11.15;5.46;0.88;0.88;0.22;0.44;14.40;4.09;2.98;8.87;2.61;0.00;0.00;0.49;0.59;0.00;33.00;23.70;96.11;49.11;5.18;4.44;1.65;3.80;2.03;5.39;22.26;10.10;12.85;2.57;
2.85;17.87;11.85;4.45;5.98;4.92;2.88;0.00;0.00;0.00;0.03;0.04;0.04;3.35;7.89;0.94;22.83;18.16;11.15;5.46;0.88;0.88;0.22;0.44;14.38;4.09;2.97;8.86;2.61;0.00;0.00;0.49;0.59;0.00;20.89;3.77;11.11;40.76;1.76;3.92;1.48;3.44;1.34;3.65;13.72;7.11;9.47;1.69;
2.85;17.87;11.85;4.45;5.98;4.92;2.88;0.00;0.00;0.00;0.03;0.04;0.04;3.35;7.89;0.94;22.83;18.16;11.15;5.46;0.88;0.88;0.22;0.44;14.18;4.06;2.88;8.78;2.60;0.00;0.00;0.49;0.59;0.00;22.82;5.37;16.86;42.25;2.17;5.81;2.07;4.72;4.90;12.26;61.77;21.18;24.47;6.24;
2.85;17.87;11.85;4.45;5.98;4.92;2.88;0.00;0.00;0.00;0.03;0.04;0.04;3.35;7.89;0.94;22.83;18.16;11.15;5.46;0.88;0.88;0.22;0.44;14.13;4.06;2.87;8.76;2.60;0.00;0.00;0.49;0.59;0.00;20.35;3.39;9.81;40.32;1.65;5.46;1.97;4.49;12.27;28.94;179.76;45.97;48.01;15.80;
2.85;17.87;11.85;4.45;5.98;4.92;2.88;0.00;0.00;0.00;0.03;0.04;0.04;3.35;7.89;0.94;22.83;18.16;11.15;5.46;0.88;0.88;0.22;0.44;14.13;4.06;2.86;8.76;2.60;0.00;0.00;0.49;0.58;0.00;30.15;16.48;62.77;47.34;4.19;6.13;2.17;4.93;0.27;0.81;2.10;1.82;2.89;0.33;
2.85;17.87;11.85;4.45;5.98;4.92;2.88;0.00;0.00;0.00;0.03;0.04;0.04;3.35;7.89;0.94;22.83;18.16;11.15;5.46;0.88;0.88;0.22;0.44;14.43;4.09;2.99;8.88;2.62;0.00;0.00;0.49;0.58;0.00;29.61;15.32;57.61;46.99;4.01;5.33;1.93;4.41;0.53;1.53;4.65;3.24;4.78;0.66;
2.85;17.87;11.85;4.45;5.98;4.92;2.88;0.00;0.00;0.00;0.03;0.04;0.04;3.35;7.89;0.94;22.83;18.16;11.15;5.46;0.88;0.88;0.22;0.44;14.29;4.07;2.93;8.82;2.61;0.00;0.00;0.49;0.58;0.00;24.38;7.01;23.02;43.41;2.53;6.21;2.19;4.98;2.05;5.43;22.45;10.16;12.92;2.59;
2.85;17.87;11.85;4.45;5.98;4.92;2.88;0.00;0.00;0.00;0.03;0.04;0.04;3.35;7.89;0.94;22.83;18.16;11.15;5.46;0.88;0.88;0.22;0.44;14.16;4.06;2.88;8.77;2.60;0.00;0.00;0.49;0.58;0.00;18.09;2.11;5.63;38.43;1.25;5.29;1.92;4.38;1.91;5.09;20.69;9.58;12.27;2.41;
2.85;17.87;11.85;4.45;5.98;4.92;2.88;0.00;0.00;0.00;0.03;0.04;0.04;3.35;7.89;0.94;22.83;18.16;11.15;5.46;0.88;0.88;0.22;0.44;14.13;4.06;2.86;8.76;2.60;0.00;0.00;0.49;0.58;0.00;18.90;2.52;6.92;39.12;1.39;4.01;1.51;3.50;18.25;41.93;285.08;64.24;64.23;23.59;
2.85;17.87;11.85;4.45;5.98;4.92;2.88;0.00;0.00;0.00;0.03;0.04;0.04;3.35;7.89;0.94;22.83;18.16;11.15;5.46;0.88;0.88;0.22;0.44;14.43;4.09;3.00;8.88;2.62;0.00;0.00;0.49;0.58;0.00;16.14;1.33;3.29;36.68;0.95;5.59;2.01;4.57;10.57;25.18;151.18;40.54;43.04;13.59;
2.85;17.87;11.85;4.45;5.98;4.92;2.88;0.00;0.00;0.00;0.03;0.04;0.04;3.35;7.89;0.94;22.83;18.16;11.15;5.46;0.88;0.88;0.22;0.44;14.49;4.10;3.02;8.90;2.62;0.00;0.00;0.49;0.59;0.00;28.92;13.93;51.53;46.54;3.79;6.16;2.18;4.95;106.59;218.26;2217.53;284.58;234.38;140.49;
2.85;17.87;11.85;4.45;5.98;4.92;2.88;0.00;0.00;0.00;0.03;0.04;0.04;3.35;7.89;0.94;22.83;18.16;11.15;5.46;0.88;0.88;0.22;0.44;14.51;4.10;3.03;8.91;2.62;0.00;0.00;0.49;0.58;0.00;22.19;4.80;14.76;41.77;2.03;4.88;1.79;4.10;3.41;8.73;40.50;15.59;18.75;4.32;
2.85;17.87;11.85;4.45;5.98;4.92;2.88;0.00;0.00;0.00;0.03;0.04;0.04;3.35;7.89;0.94;22.83;18.16;11.15;5.46;0.88;0.88;0.22;0.44;14.10;4.05;2.85;8.75;2.59;0.00;0.00;0.49;0.58;0.00;24.65;7.33;24.28;43.61;2.60;4.47;1.66;3.82;0.56;1.62;4.99;3.41;5.00;0.70;
2.85;17.87;11.85;4.45;5.98;4.92;2.88;0.00;0.00;0.00;0.03;0.04;0.04;3.35;7.89;0.94;22.83;18.16;11.15;5.46;0.88;0.88;0.22;0.44;14.12;4.05;2.86;8.76;2.59;0.00;0.00;0.49;0.58;0.00;30.07;16.30;61.97;47.28;4.16;4.70;1.73;3.98;2.12;5.62;23.40;10.47;13.26;2.68;
2.84;17.83;11.83;4.44;5.97;4.91;2.88;0.00;0.00;0.00;0.03;0.04;0.04;3.35;7.89;0.94;22.83;18.16;11.15;5.37;0.88;0.86;0.21;0.44;14.33;4.08;2.95;8.84;2.61;0.00;0.00;0.49;0.58;0.00;19.81;3.04;8.65;39.88;1.55;4.89;1.79;4.11;1.48;4.00;15.35;7.71;10.16;1.86;
2.83;17.74;11.78;4.42;5.94;4.89;2.86;0.00;0.00;0.00;0.03;0.04;0.04;3.35;7.89;0.94;22.83;18.16;11.15;5.29;0.87;0.84;0.21;0.43;14.47;4.10;3.01;8.89;2.62;0.00;0.00;0.49;0.58;0.00;17.10;1.68;4.31;37.56;1.09;5.20;1.89;4.32;2.79;7.24;32.08;13.17;16.18;3.53;
2.83;17.72;11.77;4.41;5.94;4.89;2.86;0.00;0.00;0.00;0.03;0.04;0.04;3.35;7.89;0.94;22.83;18.16;11.15;5.26;0.87;0.84;0.21;0.43;14.29;4.08;2.93;8.83;2.61;0.00;0.00;0.49;0.58;0.00;21.61;4.32;13.05;41.33;1.90;5.52;1.99;4.53;1.15;3.16;11.46;6.24;8.45;1.44;
2.82;17.63;11.72;4.39;5.91;4.87;2.85;0.00;0.00;0.00;0.03;0.04;0.04;3.31;7.88;0.92;22.74;18.12;11.08;5.19;0.86;0.82;0.21;0.43;14.26;4.07;2.92;8.81;2.60;0.00;0.00;0.49;0.58;0.00;30.73;17.79;68.68;47.71;4.38;4.13;1.55;3.59;1.15;3.17;11.48;6.25;8.46;1.44;
2.82;17.61;11.71;4.39;5.91;4.86;2.85;0.00;0.00;0.00;0.03;0.04;0.04;3.31;7.87;0.92;22.72;18.12;11.07;5.16;0.86;0.81;0.21;0.43;14.05;4.05;2.83;8.73;2.59;0.00;0.00;0.49;0.58;0.00;27.79;11.87;42.70;45.79;3.45;4.11;1.55;3.57;0.95;2.64;9.16;5.30;7.34;1.19;
2.82;17.61;11.71;4.39;5.91;4.86;2.85;0.00;0.00;0.00;0.03;0.04;0.04;3.22;7.83;0.88;22.44;18.00;10.85;5.15;0.86;0.81;0.21;0.43;14.21;4.07;2.90;8.79;2.60;0.00;0.00;0.49;0.58;0.00;22.63;5.20;16.22;42.11;2.12;5.09;1.85;4.24;0.69;1.97;6.38;4.08;5.84;0.87;
2.82;17.61;11.71;4.39;5.90;4.86;2.85;0.00;0.00;0.00;0.03;0.04;0.04;3.17;7.80;0.86;22.30;17.93;10.74;5.08;0.85;0.79;0.20;0.42;14.04;4.04;2.83;8.73;2.59;0.00;0.00;0.49;0.58;0.00;19.49;2.85;8.00;39.62;1.49;5.29;1.91;4.38;1.88;5.01;20.31;9.45;12.13;2.37;
2.82;17.61;11.71;4.39;5.90;4.86;2.85;0.00;0.00;0.00;0.03;0.04;0.04;3.16;7.80;0.86;22.27;17.92;10.72;5.06;0.85;0.79;0.20;0.42;14.01;4.04;2.81;8.72;2.59;0.00;0.00;0.49;0.58;0.00;17.79;1.97;5.21;38.18;1.20;6.27;2.21;5.02;7.40;18.04;99.90;30.02;33.14;9.48;
2.82;17.61;11.71;4.39;5.90;4.86;2.85;0.00;0.00;0.00;0.03;0.04;0.04;3.16;7.79;0.86;22.27;17.92;10.71;5.04;0.85;0.78;0.20;0.42;14.00;4.04;2.81;8.71;2.59;0.00;0.00;0.49;0.58;0.00;20.15;3.26;9.37;40.16;1.61;5.26;1.91;4.36;49.22;105.99;903.16;148.31;132.97;64.32;
2.82;17.61;11.71;4.39;5.90;4.86;2.85;0.00;0.00;0.00;0.03;0.04;0.04;3.16;7.79;0.86;22.27;17.92;10.71;4.98;0.84;0.77;0.20;0.42;13.80;4.02;2.72;8.63;2.57;0.00;0.00;0.49;0.58;0.00;26.69;10.09;35.32;45.04;3.14;5.14;1.87;4.28;3.53;9.03;42.22;16.07;19.25;4.48;
2.82;17.61;11.71;4.39;5.90;4.86;2.85;0.00;0.00;0.00;0.03;0.04;0.04;3.16;7.79;0.86;22.27;17.92;10.71;4.96;0.84;0.76;0.20;0.42;13.96;4.03;2.79;8.70;2.58;0.00;0.00;0.49;0.58;0.00;27.00;10.57;37.29;45.25;3.22;6.52;2.29;5.18;2.48;6.50;28.08;11.95;14.88;3.14;
2.82;17.61;11.71;4.39;5.90;4.86;2.85;0.00;0.00;0.00;0.03;0.04;0.04;3.16;7.79;0.86;22.27;17.92;10.71;4.96;0.84;0.76;0.20;0.42;13.99;4.04;2.80;8.71;2.59;0.00;0.00;0.49;0.58;0.00;41.98;62.39;299.21;54.18;9.16;5.63;2.02;4.60;1.26;3.45;12.77;6.75;9.05;1.58;
2.82;17.61;11.71;4.39;5.90;4.86;2.85;0.00;0.00;0.00;0.03;0.04;0.04;3.16;7.79;0.86;22.27;17.92;10.71;4.96;0.84;0.76;0.20;0.42;14.00;4.04;2.81;8.71;2.59;0.00;0.00;0.49;0.58;0.00;35.15;30.53;129.39;50.39;6.02;5.71;2.04;4.66;0.38;1.12;3.17;2.46;3.76;0.47;
2.82;17.61;11.71;4.39;5.90;4.86;2.85;0.00;0.00;0.00;0.03;0.04;0.04;3.16;7.79;0.86;22.27;17.92;10.71;4.88;0.83;0.74;0.20;0.41;14.10;4.05;2.85;8.75;2.59;0.00;0.00;0.49;0.58;0.00;39.65;49.58;228.52;52.93;8.00;5.96;2.12;4.82;0.24;0.73;1.84;1.65;2.66;0.29;
2.82;17.61;11.71;4.39;5.90;4.86;2.85;0.00;0.00;0.00;0.03;0.04;0.04;3.16;7.79;0.86;22.27;17.92;10.71;4.87;0.83;0.74;0.19;0.41;13.92;4.03;2.77;8.68;2.58;0.00;0.00;0.49;0.58;0.00;32.87;23.32;94.33;49.03;5.13;4.24;1.59;3.66;0.80;2.24;7.48;4.58;6.46;0.99;
2.82;17.61;11.71;4.39;5.90;4.86;2.85;0.00;0.00;0.00;0.03;0.04;0.04;3.16;7.79;0.86;22.27;17.92;10.71;4.87;0.83;0.74;0.19;0.41;14.08;4.05;2.84;8.74;2.59;0.00;0.00;0.49;0.58;0.00;28.73;13.56;49.94;46.41;3.73;6.14;2.17;4.93;1.32;3.60;13.46;7.01;9.35;1.66;
2.81;17.52;11.67;4.37;5.88;4.85;2.84;0.00;0.00;0.00;0.03;0.04;0.04;3.16;7.79;0.86;22.27;17.92;10.71;4.87;0.83;0.74;0.19;0.41;13.91;4.03;2.77;8.68;2.58;0.00;0.00;0.49;0.58;0.00;26.45;9.73;33.82;44.87;3.07;4.06;1.53;3.54;0.79;2.23;7.41;4.55;6.42;0.99;
2.80;17.42;11.61;4.35;5.85;4.83;2.83;0.00;0.00;0.00;0.03;0.04;0.04;3.16;7.79;0.86;22.27;17.92;10.71;4.87;0.83;0.74;0.19;0.41;13.98;4.04;2.80;8.71;2.58;0.00;0.00;0.49;0.58;0.00;24.55;7.21;23.78;43.53;2.57;4.51;1.67;3.85;1.02;2.84;10.02;5.66;7.76;1.28;
2.80;17.44;11.63;4.35;5.86;4.83;2.83;0.00;0.00;0.00;0.03;0.04;0.04;3.13;7.78;0.85;22.18;17.88;10.64;4.82;0.83;0.73;0.19;0.41;13.89;4.03;2.76;8.67;2.58;0.00;0.00;0.49;0.58;0.00;28.44;13.03;47.67;46.22;3.65;4.92;1.80;4.13;0.34;1.02;2.80;2.24;3.47;0.42;
2.79;17.37;11.58;4.33;5.83;4.82;2.82;0.00;0.00;0.00;0.03;0.04;0.04;3.09;7.76;0.83;22.07;17.83;10.56;4.80;0.82;0.72;0.19;0.41;13.98;4.04;2.80;8.70;2.58;0.00;0.00;0.49;0.58;0.00;23.28;5.82;18.52;42.60;2.27;4.19;1.57;3.63;1.30;3.55;13.22;6.92;9.25;1.63;
2.79;17.35;11.58;4.33;5.83;4.81;2.82;0.00;0.00;0.00;0.03;0.04;0.04;3.08;7.76;0.83;22.05;17.82;10.55;4.78;0.82;0.72;0.19;0.41;13.79;4.02;2.72;8.63;2.57;0.00;0.00;0.49;0.58;0.00;30.41;17.05;65.31;47.50;4.27;3.51;1.35;3.14;1.18;3.25;11.85;6.39;8.63;1.48;
2.79;17.35;11.57;4.33;5.83;4.81;2.82;0.00;0.00;0.00;0.03;0.04;0.04;3.08;7.76;0.83;22.04;17.82;10.54;4.77;0.82;0.72;0.19;0.41;13.86;4.02;2.75;8.66;2.58;0.00;0.00;0.49;0.58;0.00;31.48;19.59;76.89;48.17;4.63;4.29;1.60;3.70;0.54;1.57;4.81;3.32;4.88;0.68;
2.79;17.35;11.57;4.33;5.83;4.81;2.82;0.00;0.00;0.00;0.03;0.04;0.04;3.00;7.71;0.80;21.78;17.70;10.34;4.77;0.82;0.72;0.19;0.41;13.87;4.02;2.75;8.66;2.58;0.00;0.00;0.49;0.58;0.00;41.15;57.58;272.34;53.74;8.74;5.91;2.10;4.79;0.87;2.43;8.26;4.92;6.87;1.08;
2.79;17.35;11.57;4.33;5.83;4.81;2.82;0.00;0.00;0.00;0.03;0.04;0.04;2.98;7.70;0.79;21.73;17.68;10.30;4.77;0.82;0.72;0.19;0.41;13.77;4.01;2.71;8.62;2.57;0.00;0.00;0.49;0.58;0.00;35.50;31.80;135.70;50.60;6.16;6.86;2.39;5.39;0.33;0.99;2.72;2.20;3.41;0.41;
2.79;17.35;11.57;4.33;5.83;4.81;2.82;0.00;0.00;0.00;0.03;0.04;0.04;2.98;7.70;0.79;21.72;17.68;10.30;4.77;0.82;0.72;0.19;0.41;13.85;4.02;2.75;8.66;2.58;0.00;0.00;0.49;0.58;0.00;13.73;0.70;1.53;34.34;0.65;5.90;2.10;4.78;0.70;2.00;6.47;4.12;5.89;0.88;
2.79;17.35;11.57;4.33;5.83;4.81;2.82;0.00;0.00;0.00;0.03;0.04;0.04;2.98;7.70;0.79;21.72;17.68;10.29;4.77;0.82;0.72;0.19;0.41;13.57;3.99;2.63;8.55;2.55;0.00;0.00;0.49;0.58;0.00;20.03;3.18;9.11;40.06;1.59;5.30;1.92;4.38;3.18;8.19;37.43;14.72;17.84;4.03;
2.79;17.35;11.57;4.33;5.83;4.81;2.82;0.00;0.00;0.00;0.03;0.04;0.04;2.97;7.70;0.79;21.72;17.67;10.29;4.73;0.82;0.71;0.19;0.41;13.71;4.01;2.69;8.60;2.56;0.00;0.00;0.49;0.58;0.00;24.17;6.77;22.12;43.26;2.48;4.80;1.76;4.05;2.95;7.62;34.22;13.80;16.86;3.73;
2.79;17.35;11.57;4.33;5.83;4.81;2.82;0.00;0.00;0.00;0.03;0.04;0.04;2.97;7.70;0.79;21.72;17.67;10.29;4.71;0.81;0.70;0.19;0.41;13.64;4.00;2.66;8.57;2.56;0.00;0.00;0.49;0.58;0.00;27.97;12.19;44.05;45.91;3.50;5.31;1.92;4.39;0.58;1.66;5.14;3.49;5.10;0.72;
2.79;17.35;11.57;4.33;5.83;4.81;2.82;0.00;0.00;0.00;0.03;0.04;0.04;2.97;7.70;0.79;21.72;17.67;10.29;4.70;0.81;0.70;0.19;0.41;13.83;4.02;2.73;8.65;2.57;0.00;0.00;0.49;0.58;0.00;33.00;23.71;96.17;49.11;5.18;5.62;2.02;4.59;0.97;2.70;9.42;5.41;7.47;1.22;
2.79;17.35;11.57;4.33;5.83;4.81;2.82;0.00;0.00;0.00;0.03;0.04;0.04;2.97;7.70;0.79;21.72;17.67;10.29;4.69;0.81;0.70;0.19;0.40;13.86;4.02;2.75;8.66;2.58;0.00;0.00;0.49;0.58;0.00;38.50;44.07;199.01;52.30;7.47;5.98;2.12;4.83;0.40;1.19;3.40;2.58;3.93;0.50;
2.79;17.35;11.57;4.33;5.83;4.81;2.82;0.00;0.00;0.00;0.03;0.04;0.04;2.97;7.70;0.79;21.72;17.67;10.29;4.68;0.81;0.70;0.19;0.40;13.77;4.01;2.71;8.62;2.57;0.00;0.00;0.49;0.58;0.00;20.97;3.82;11.30;40.82;1.77;5.42;1.96;4.46;2.66;6.92;30.36;12.65;15.63;3.36;
2.76;17.14;11.47;4.28;5.76;4.77;2.79;0.00;0.00;0.00;0.03;0.04;0.04;2.97;7.70;0.79;21.72;17.67;10.29;4.68;0.81;0.70;0.19;0.40;13.75;4.01;2.70;8.62;2.57;0.00;0.00;0.49;0.58;0.00;23.97;6.55;21.28;43.11;2.43;5.15;1.87;4.28;8.86;21.35;123.13;34.93;37.81;11.37;
2.76;17.10;11.44;4.27;5.75;4.76;2.79;0.00;0.00;0.00;0.03;0.04;0.04;2.97;7.70;0.79;21.72;17.67;10.29;4.68;0.81;0.70;0.19;0.40;13.75;4.01;2.70;8.62;2.57;0.00;0.00;0.49;0.58;0.00;26.92;10.44;36.75;45.20;3.20;4.52;1.67;3.85;2.27;5.98;25.31;11.08;13.93;2.87;
2.76;17.09;11.44;4.27;5.75;4.76;2.79;0.00;0.00;0.00;0.03;0.04;0.04;2.97;7.70;0.79;21.72;17.67;10.29;4.68;0.81;0.70;0.19;0.40;13.75;4.01;2.70;8.61;2.57;0.00;0.00;0.49;0.58;0.00;27.08;10.70;37.82;45.31;3.25;4.80;1.76;4.04;0.47;1.38;4.10;2.96;4.42;0.59;
2.76;17.09;11.44;4.27;5.75;4.76;2.79;0.00;0.00;0.00;0.03;0.04;0.04;2.97;7.70;0.79;21.72;17.67;10.29;4.68;0.81;0.70;0.19;0.40;13.75;4.01;2.70;8.62;2.57;0.00;0.00;0.49;0.58;0.00;27.39;11.20;39.91;45.52;3.34;4.84;1.78;4.08;0.35;1.03;2.84;2.27;3.51;0.43;
2.78;17.29;11.55;4.32;5.81;4.80;2.81;0.00;0.00;0.00;0.03;0.04;0.04;2.97;7.70;0.79;21.72;17.67;10.29;4.68;0.81;0.70;0.19;0.40;13.45;3.97;2.58;8.50;2.55;0.00;0.00;0.49;0.58;0.00;19.73;2.99;8.48;39.82;1.53;4.82;1.77;4.06;0.58;1.68;5.23;3.53;5.15;0.73;
2.79;17.34;11.57;4.33;5.82;4.81;2.82;0.00;0.00;0.00;0.03;0.04;0.04;2.97;7.70;0.79;21.72;17.67;10.29;4.67;0.81;0.69;0.19;0.40;13.30;3.95;2.52;8.44;2.53;0.00;0.00;0.49;0.58;0.00;26.39;9.64;33.48;44.83;3.05;5.65;2.02;4.61;0.54;1.55;4.73;3.28;4.84;0.67;
2.79;17.34;11.57;4.33;5.83;4.81;2.82;0.00;0.00;0.00;0.03;0.04;0.04;2.97;7.70;0.79;21.72;17.67;10.29;4.67;0.81;0.69;0.19;0.40;13.66;4.00;2.66;8.58;2.56;0.00;0.00;0.49;0.58;0.00;23.54;6.09;19.52;42.79;2.33;5.71;2.04;4.66;0.24;0.74;1.87;1.67;2.69;0.30;
2.78;17.30;11.55;4.32;5.81;4.80;2.81;0.00;0.00;0.00;0.03;0.03;0.04;2.97;7.70;0.79;21.72;17.67;10.29;4.64;0.81;0.69;0.19;0.40;13.73;4.01;2.69;8.61;2.57;0.00;0.00;0.49;0.58;0.00;33.70;25.78;106.11;49.53;5.45;5.99;2.13;4.84;0.32;0.95;2.57;2.11;3.29;0.39;
2.78;17.25;11.53;4.31;5.80;4.79;2.81;0.00;0.00;0.00;0.03;0.03;0.04;2.97;7.70;0.79;21.72;17.67;10.29;4.60;0.80;0.68;0.19;0.40;13.45;3.97;2.58;8.50;2.55;0.00;0.00;0.49;0.58;0.00;23.06;5.61;17.73;42.44;2.22;4.05;1.53;3.53;1.24;3.39;12.50;6.64;8.93;1.55;
2.77;17.20;11.50;4.30;5.78;4.78;2.80;0.00;0.00;0.00;0.03;0.03;0.04;2.97;7.70;0.79;21.72;17.67;10.29;4.60;0.80;0.68;0.18;0.40;13.49;3.98;2.60;8.52;2.55;0.00;0.00;0.49;0.58;0.00;22.33;4.92;15.21;41.88;2.06;4.21;1.58;3.64;2.50;6.54;28.26;12.01;14.94;3.16;
2.77;17.19;11.49;4.30;5.78;4.78;2.80;0.00;0.00;0.00;0.03;0.03;0.04;2.97;7.70;0.79;21.72;17.67;10.29;4.59;0.80;0.68;0.18;0.40;13.40;3.97;2.56;8.48;2.54;0.00;0.00;0.48;0.58;0.00;30.19;16.57;63.18;47.36;4.20;4.72;1.74;3.99;1.98;5.25;21.51;9.85;12.58;2.49;
2.76;17.11;11.45;4.28;5.76;4.76;2.79;0.00;0.00;0.00;0.03;0.03;0.04;2.97;7.70;0.79;21.72;17.67;10.29;4.59;0.80;0.68;0.18;0.40;13.58;3.99;2.63;8.55;2.56;0.00;0.00;0.48;0.58;0.00;29.82;15.77;59.60;47.13;4.08;4.68;1.73;3.97;0.94;2.62;9.06;5.26;7.28;1.17;
2.76;17.09;11.44;4.27;5.75;4.76;2.79;0.00;0.00;0.00;0.03;0.03;0.04;2.92;7.67;0.77;21.54;17.60;10.16;4.59;0.80;0.68;0.18;0.40;13.52;3.98;2.61;8.53;2.55;0.00;0.00;0.48;0.58;0.00;27.71;11.73;42.11;45.73;3.43;5.50;1.98;4.52;1.47;3.98;15.24;7.67;10.12;1.85;
2.76;17.09;11.44;4.27;5.75;4.76;2.79;0.00;0.00;0.00;0.03;0.03;0.04;2.96;7.69;0.78;21.68;17.66;10.27;4.59;0.80;0.68;0.18;0.40;13.41;3.97;2.56;8.48;2.54;0.00;0.00;0.48;0.58;0.00;26.51;9.82;34.22;44.92;3.09;4.64;1.71;3.93;1.24;3.40;12.54;6.66;8.95;1.56;
2.76;17.09;11.44;4.27;5.75;4.76;2.79;0.00;0.00;0.00;0.03;0.03;0.04;2.89;7.65;0.75;21.45;17.56;10.09;4.59;0.80;0.68;0.18;0.40;13.48;3.98;2.59;8.51;2.55;0.00;0.00;0.48;0.58;0.00;22.44;5.03;15.58;41.97;2.08;5.41;1.95;4.46;0.50;1.46;4.37;3.10;4.60;0.62;
2.76;17.13;11.46;4.28;5.76;4.77;2.79;0.00;0.00;0.00;0.03;0.03;0.04;2.82;7.61;0.73;21.23;17.46;9.93;4.59;0.80;0.68;0.18;0.40;13.50;3.98;2.60;8.52;2.55;0.00;0.00;0.48;0.58;0.00;26.64;10.02;35.00;45.01;3.12;5.04;1.84;4.21;0.52;1.50;4.54;3.19;4.71;0.64;
2.76;17.10;11.44;4.27;5.75;4.76;2.79;0.00;0.00;0.00;0.03;0.03;0.04;2.81;7.61;0.72;21.19;17.44;9.90;4.59;0.80;0.68;0.18;0.40;13.60;3.99;2.64;8.56;2.56;0.00;0.00;0.48;0.58;0.00;27.05;10.65;37.62;45.29;3.24;5.51;1.98;4.52;0.98;2.74;9.58;5.48;7.55;1.23;
2.76;17.09;11.44;4.27;5.75;4.76;2.79;0.00;0.00;0.00;0.03;0.03;0.04;2.81;7.60;0.72;21.18;17.44;9.89;4.59;0.80;0.68;0.18;0.40;13.42;3.97;2.57;8.49;2.54;0.00;0.00;0.48;0.58;0.00;29.81;15.74;59.47;47.12;4.07;3.99;1.51;3.49;5.32;13.25;68.03;22.71;26.01;6.78;
2.76;17.09;11.44;4.27;5.75;4.76;2.79;0.00;0.00;0.00;0.03;0.03;0.04;2.83;7.62;0.73;21.27;17.47;9.95;4.59;0.80;0.68;0.18;0.40;13.29;3.95;2.52;8.44;2.53;0.00;0.00;0.48;0.58;0.00;35.28;31.00;131.71;50.47;6.07;5.16;1.88;4.29;0.42;1.23;3.54;2.66;4.03;0.52;
2.76;17.09;11.44;4.27;5.75;4.76;2.79;0.00;0.00;0.00;0.03;0.03;0.04;2.81;7.61;0.72;21.20;17.44;9.90;4.59;0.80;0.68;0.18;0.40;13.36;3.96;2.54;8.47;2.54;0.00;0.00;0.48;0.58;0.00;22.68;5.24;16.38;42.15;2.13;5.99;2.13;4.84;1.20;3.31;12.11;6.49;8.75;1.51;
2.76;17.09;11.44;4.27;5.75;4.76;2.79;0.00;0.00;0.00;0.03;0.03;0.04;2.81;7.60;0.72;21.18;17.44;9.89;4.59;0.80;0.68;0.18;0.40;13.28;3.95;2.51;8.43;2.53;0.00;0.00;0.48;0.58;0.00;25.00;7.76;25.93;43.86;2.69;4.78;1.76;4.03;2.49;6.51;28.10;11.96;14.88;3.14;
2.76;17.09;11.44;4.27;5.75;4.76;2.79;0.00;0.00;0.00;0.03;0.03;0.04;2.80;7.60;0.72;21.18;17.44;9.89;4.58;0.80;0.67;0.18;0.40;13.46;3.97;2.58;8.50;2.55;0.00;0.00;0.48;0.58;0.00;23.97;6.54;21.24;43.11;2.43;5.56;2.00;4.56;1.78;4.75;19.02;9.01;11.64;2.24;
2.76;17.09;11.44;4.27;5.75;4.76;2.79;0.00;0.00;0.00;0.03;0.03;0.04;2.83;7.62;0.73;21.27;17.47;9.95;4.59;0.80;0.68;0.18;0.40;13.40;3.97;2.56;8.48;2.54;0.00;0.00;0.48;0.58;0.00;30.97;18.36;71.25;47.86;4.46;5.99;2.13;4.84;1.14;3.13;11.31;6.18;8.38;1.43;
2.76;17.09;11.44;4.27;5.75;4.76;2.79;0.00;0.00;0.00;0.03;0.03;0.04;2.81;7.61;0.72;21.20;17.44;9.90;4.56;0.80;0.67;0.18;0.40;13.19;3.94;2.48;8.40;2.53;0.00;0.00;0.48;0.58;0.00;33.86;26.27;108.46;49.63;5.51;4.98;1.82;4.17;0.46;1.34;3.95;2.88;4.31;0.57;
2.76;17.09;11.44;4.27;5.75;4.76;2.79;0.00;0.00;0.00;0.03;0.03;0.04;2.81;7.60;0.72;21.18;17.44;9.89;4.52;0.80;0.66;0.18;0.40;13.44;3.97;2.57;8.49;2.54;0.00;0.00;0.48;0.58;0.00;22.27;4.87;15.03;41.84;2.04;6.48;2.27;5.15;0.55;1.58;4.84;3.34;4.91;0.68;
2.76;17.09;11.44;4.27;5.75;4.76;2.79;0.00;0.00;0.00;0.03;0.03;0.04;2.80;7.60;0.72;21.18;17.44;9.89;4.51;0.80;0.66;0.18;0.40;13.49;3.98;2.60;8.51;2.55;0.00;0.00;0.48;0.58;0.00;30.95;18.31;71.01;47.84;4.45;5.67;2.03;4.63;0.20;0.63;1.54;1.45;2.38;0.25;
2.76;17.09;11.44;4.27;5.75;4.76;2.79;0.00;0.00;0.00;0.03;0.03;0.04;2.80;7.60;0.72;21.18;17.44;9.89;4.51;0.80;0.66;0.18;0.40;13.40;3.97;2.56;8.48;2.54;0.00;0.00;0.48;0.58;0.00;45.15;83.65;422.07;55.81;10.88;4.63;1.71;3.93;0.76;2.14;7.04;4.38;6.21;0.94;
2.76;17.09;11.44;4.27;5.75;4.76;2.79;0.00;0.00;0.00;0.03;0.03;0.04;2.80;7.60;0.72;21.18;17.44;9.89;4.53;0.80;0.66;0.18;0.40;13.38;3.97;2.55;8.47;2.54;0.00;0.00;0.48;0.58;0.00;29.07;14.23;52.85;46.64;3.84;5.86;2.09;4.75;1.37;3.72;14.05;7.23;9.61;1.72;
2.76;17.09;11.44;4.27;5.75;4.76;2.79;0.00;0.00;0.00;0.03;0.03;0.04;2.80;7.60;0.72;21.18;17.44;9.89;4.51;0.80;0.66;0.18;0.40;13.48;3.98;2.59;8.51;2.55;0.00;0.00;0.48;0.58;0.00;32.98;23.65;95.88;49.10;5.18;5.82;2.08;4.73;2.34;6.15;26.20;11.37;14.24;2.96;
2.76;17.09;11.44;4.27;5.75;4.76;2.79;0.00;0.00;0.00;0.03;0.03;0.04;2.80;7.60;0.72;21.18;17.44;9.89;4.51;0.80;0.66;0.18;0.40;13.30;3.96;2.52;8.44;2.53;0.00;0.00;0.48;0.58;0.00;29.80;15.72;59.39;47.11;4.07;5.78;2.06;4.70;0.46;1.35;3.96;2.89;4.33;0.57;
2.76;17.09;11.44;4.27;5.75;4.76;2.79;0.00;0.00;0.00;0.03;0.03;0.04;2.80;7.60;0.72;21.18;17.44;9.89;4.52;0.80;0.66;0.18;0.40;13.27;3.95;2.51;8.43;2.53;0.00;0.00;0.48;0.58;0.00;19.77;3.02;8.56;39.85;1.54;6.37;2.24;5.08;2.51;6.57;28.47;12.07;15.01;3.18;
2.76;17.09;11.44;4.27;5.75;4.76;2.79;0.00;0.00;0.00;0.03;0.03;0.04;2.80;7.60;0.72;21.18;17.44;9.89;4.51;0.80;0.66;0.18;0.40;13.26;3.95;2.50;8.43;2.53;0.00;0.00;0.48;0.58;0.00;23.48;6.03;19.28;42.75;2.32;7.54;2.59;5.82;2.71;7.04;31.00;12.84;15.84;3.43;
2.76;17.09;11.44;4.27;5.75;4.76;2.79;0.00;0.00;0.00;0.03;0.03;0.04;2.80;7.60;0.72;21.18;17.44;9.89;4.51;0.80;0.66;0.18;0.40;13.45;3.97;2.58;8.50;2.55;0.00;0.00;0.48;0.58;0.00;22.81;5.36;16.82;42.25;2.16;4.60;1.70;3.91;0.81;2.27;7.60;4.63;6.52;1.01;
2.76;17.09;11.44;4.27;5.75;4.76;2.79;0.00;0.00;0.00;0.03;0.03;0.04;2.80;7.60;0.72;21.18;17.44;9.89;4.51;0.80;0.66;0.18;0.40;13.39;3.97;2.56;8.48;2.54;0.00;0.00;0.48;0.58;0.00;26.85;10.34;36.34;45.15;3.18;6.70;2.34;5.29;0.81;2.28;7.61;4.63;6.53;1.01;
2.76;17.09;11.44;4.27;5.75;4.76;2.79;0.00;0.00;0.00;0.03;0.03;0.04;2.80;7.60;0.72;21.18;17.44;9.89;4.51;0.80;0.66;0.18;0.40;13.29;3.95;2.51;8.44;2.53;0.00;0.00;0.48;0.58;0.00;24.82;7.53;25.05;43.72;2.64;5.18;1.88;4.30;9.10;21.88;126.96;35.72;38.55;11.67;
2.76;17.09;11.44;4.27;5.75;4.76;2.79;0.00;0.00;0.00;0.03;0.03;0.04;2.80;7.60;0.72;21.18;17.44;9.89;4.51;0.80;0.66;0.18;0.40;13.36;3.96;2.54;8.47;2.54;0.00;0.00;0.48;0.58;0.00;27.40;11.22;39.99;45.53;3.34;5.71;2.04;4.65;1.92;5.10;20.75;9.60;12.29;2.42;
2.75;17.01;11.40;4.25;5.73;4.74;2.78;0.00;0.00;0.00;0.03;0.03;0.04;2.80;7.60;0.72;21.18;17.44;9.89;4.51;0.80;0.66;0.18;0.40;13.28;3.95;2.51;8.43;2.53;0.00;0.00;0.48;0.58;0.00;29.28;14.65;54.69;46.78;3.91;4.81;1.77;4.05;1.29;3.54;13.16;6.90;9.22;1.63;
2.75;16.99;11.39;4.25;5.72;4.74;2.78;0.00;0.00;0.00;0.03;0.03;0.04;2.80;7.60;0.72;21.18;17.44;9.89;4.51;0.80;0.66;0.18;0.40;13.26;3.95;2.50;8.43;2.53;0.00;0.00;0.48;0.58;0.00;24.31;6.93;22.73;43.36;2.52;4.03;1.52;3.51;2.88;7.46;33.33;13.54;16.58;3.65;
2.75;17.03;11.41;4.26;5.73;4.75;2.78;0.00;0.00;0.00;0.03;0.03;0.04;2.80;7.60;0.72;21.18;17.44;9.89;4.51;0.80;0.66;0.18;0.40;13.36;3.96;2.54;8.46;2.54;0.00;0.00;0.48;0.58;0.00;25.40;8.27;27.95;44.14;2.79;4.24;1.59;3.66;1.08;2.99;10.69;5.93;8.09;1.36;
2.76;17.08;11.43;4.27;5.75;4.76;2.79;0.00;0.00;0.00;0.03;0.03;0.03;2.80;7.60;0.72;21.18;17.44;9.89;4.51;0.80;0.66;0.18;0.40;13.38;3.96;2.55;8.47;2.54;0.00;0.00;0.48;0.58;0.00;22.93;5.48;17.26;42.34;2.19;5.17;1.88;4.30;1.15;3.16;11.45;6.23;8.45;1.44;
2.75;17.04;11.42;4.26;5.74;4.75;2.78;0.00;0.00;0.00;0.03;0.03;0.04;2.80;7.60;0.72;21.18;17.44;9.89;4.51;0.80;0.66;0.18;0.40;13.38;3.96;2.55;8.47;2.54;0.00;0.00;0.48;0.58;0.00;31.14;18.76;73.07;47.96;4.52;4.90;1.79;4.11;1.37;3.73;14.06;7.24;9.62;1.72;
2.74;16.96;11.37;4.24;5.71;4.73;2.77;0.00;0.00;0.00;0.03;0.03;0.03;2.80;7.60;0.72;21.18;17.44;9.89;4.51;0.80;0.66;0.18;0.40;13.57;3.99;2.63;8.55;2.55;0.00;0.00;0.48;0.58;0.00;23.77;6.33;20.45;42.96;2.39;4.94;1.80;4.14;0.82;2.31;7.75;4.70;6.60;1.03;
2.75;16.98;11.38;4.25;5.72;4.74;2.77;0.00;0.00;0.00;0.03;0.03;0.03;2.78;7.59;0.71;21.10;17.40;9.83;4.51;0.80;0.66;0.18;0.40;13.42;3.97;2.57;8.49;2.54;0.00;0.00;0.48;0.58;0.00;37.98;41.71;186.59;52.01;7.23;5.88;2.10;4.77;1.49;4.04;15.53;7.78;10.24;1.88;
