4.58;34.68;19.94;8.08;10.79;7.89;4.67;0.00;0.00;0.00;0.08;0.07;0.08;61.60;14.59;70.65;78.50;35.66;80.91;12.91;1.43;3.37;0.47;0.70;52.84;7.00;46.62;19.78;4.36;0.02;0.05;0.70;0.81;0.01;9.35;0.15;0.25;29.37;0.26;14.18;4.43;9.68;44.71;96.88;807.71;136.76;123.92;58.36;
3.10;20.13;13.01;4.95;6.65;5.35;3.14;0.00;0.00;0.00;0.04;0.04;0.04;5.33;8.71;1.87;27.81;20.23;15.31;5.55;0.89;0.91;0.22;0.44;17.55;4.44;4.53;10.02;2.83;0.00;0.01;0.53;0.63;0.00;24.46;7.11;23.40;43.47;2.55;11.56;3.72;8.21;2.82;7.31;32.49;13.29;16.31;3.57;
2.90;18.29;12.07;4.54;6.11;5.00;2.93;0.00;0.00;0.00;0.04;0.04;0.04;3.37;7.90;0.95;22.89;18.19;11.20;4.77;0.82;0.72;0.19;0.41;14.62;4.11;3.08;8.95;2.63;0.00;0.01;0.50;0.60;0.00;16.88;1.60;4.06;37.36;1.06;12.04;3.85;8.49;1.00;2.78;9.75;5.55;7.63;1.25;
2.85;17.91;11.87;4.46;6.00;4.92;2.88;0.00;0.00;0.00;0.03;0.04;0.04;3.14;7.78;0.85;22.21;17.89;10.67;4.63;0.81;0.68;0.19;0.40;14.11;4.05;2.86;8.76;2.59;0.00;0.00;0.50;0.60;0.00;19.99;3.15;9.02;40.03;1.58;11.00;3.57;7.89;0.55;1.59;4.87;3.35;4.93;0.68;
2.84;17.84;11.83;4.44;5.97;4.91;2.88;0.00;0.00;0.00;0.03;0.04;0.04;3.09;7.76;0.83;22.08;17.83;10.57;4.60;0.80;0.68;0.19;0.40;13.90;4.03;2.77;8.67;2.58;0.00;0.00;0.50;0.59;0.00;19.50;2.86;8.04;39.63;1.49;6.63;2.32;5.25;0.34;1.00;2.75;2.22;3.43;0.42;
2.84;17.82;11.82;4.44;5.97;4.91;2.87;0.00;0.00;0.00;0.03;0.04;0.04;3.05;7.74;0.82;21.96;17.78;10.48;4.60;0.80;0.68;0.18;0.40;14.08;4.05;2.84;8.74;2.59;0.00;0.00;0.50;0.59;0.00;25.72;8.70;29.67;44.37;2.87;5.94;2.11;4.80;1.25;3.41;12.59;6.68;8.97;1.56;
2.84;17.82;11.82;4.44;5.97;4.91;2.87;0.00;0.00;0.00;0.03;0.04;0.04;3.08;7.75;0.83;22.03;17.81;10.53;4.59;0.80;0.68;0.18;0.40;13.89;4.03;2.76;8.67;2.58;0.00;0.00;0.50;0.59;0.00;19.20;2.68;7.47;39.38;1.44;7.72;2.64;5.93;3.36;8.62;39.89;15.42;18.57;4.26;
2.85;17.86;11.84;4.45;5.98;4.91;2.88;0.00;0.00;0.00;0.03;0.04;0.04;3.08;7.76;0.83;22.04;17.82;10.54;4.59;0.80;0.68;0.18;0.40;13.97;4.04;2.79;8.70;2.58;0.00;0.00;0.50;0.59;0.00;21.82;4.49;13.64;41.49;1.95;8.25;2.79;6.26;0.96;2.67;9.31;5.36;7.41;1.20;
2.85;17.87;11.85;4.45;5.98;4.91;2.88;0.00;0.00;0.00;0.03;0.04;0.04;3.05;7.74;0.82;21.95;17.78;10.47;4.59;0.80;0.68;0.18;0.40;14.09;4.05;2.85;8.75;2.59;0.00;0.00;0.50;0.59;0.00;29.41;14.91;55.83;46.86;3.95;8.56;2.88;6.45;1.07;2.95;10.49;5.85;7.99;1.33;
2.85;17.87;11.85;4.45;5.98;4.91;2.88;0.00;0.00;0.00;0.03;0.04;0.04;3.05;7.74;0.82;21.94;17.77;10.46;4.59;0.80;0.68;0.18;0.40;14.01;4.04;2.81;8.72;2.59;0.00;0.00;0.50;0.59;0.00;10.37;0.22;0.41;30.63;0.33;7.56;2.59;5.83;1.67;4.50;17.76;8.57;11.14;2.11;
2.85;17.87;11.85;4.45;5.98;4.92;2.88;0.00;0.00;0.00;0.03;0.04;0.04;3.02;7.72;0.80;21.85;17.73;10.39;4.58;0.80;0.67;0.18;0.40;13.99;4.04;2.80;8.71;2.59;0.00;0.00;0.50;0.59;0.00;20.06;3.20;9.17;40.09;1.60;6.09;2.16;4.90;5.83;14.43;75.66;24.54;27.81;7.44;
2.85;17.87;11.85;4.45;5.98;4.92;2.88;0.00;0.00;0.00;0.03;0.04;0.04;2.98;7.70;0.79;21.74;17.69;10.31;4.58;0.80;0.67;0.18;0.40;13.99;4.04;2.80;8.71;2.58;0.00;0.00;0.50;0.59;0.00;18.77;2.45;6.70;39.02;1.36;6.28;2.22;5.02;1.64;4.41;17.33;8.42;10.97;2.07;
2.85;17.87;11.85;4.45;5.98;4.92;2.88;0.00;0.00;0.00;0.03;0.04;0.04;3.03;7.73;0.81;21.89;17.75;10.43;4.58;0.80;0.67;0.18;0.40;13.99;4.04;2.80;8.71;2.58;0.00;0.00;0.50;0.59;0.00;25.20;8.01;26.93;44.00;2.74;7.68;2.63;5.91;4.47;11.26;55.59;19.62;22.89;5.69;
2.85;17.87;11.85;4.45;5.98;4.92;2.88;0.00;0.00;0.00;0.03;0.04;0.04;3.01;7.72;0.80;21.84;17.73;10.39;4.56;0.80;0.67;0.18;0.40;14.10;4.05;2.85;8.75;2.59;0.00;0.00;0.50;0.59;0.00;13.43;0.64;1.38;34.04;0.62;9.60;3.18;7.07;2.55;6.66;28.95;12.22;15.17;3.23;
2.85;17.87;11.85;4.45;5.98;4.92;2.88;0.00;0.00;0.00;0.03;0.04;0.04;2.93;7.67;0.77;21.57;17.61;10.18;4.56;0.80;0.67;0.18;0.40;14.01;4.04;2.81;8.72;2.59;0.00;0.00;0.50;0.59;0.00;19.39;2.79;7.82;39.54;1.47;10.23;3.35;7.44;3.65;9.31;43.88;16.52;19.72;4.63;
2.85;17.87;11.85;4.45;5.98;4.92;2.88;0.00;0.00;0.00;0.03;0.04;0.04;2.94;7.68;0.77;21.60;17.62;10.20;4.56;0.80;0.67;0.18;0.40;14.10;4.05;2.85;8.75;2.59;0.00;0.00;0.50;0.59;0.00;19.68;2.96;8.38;39.78;1.53;9.02;3.01;6.72;5.32;13.25;68.06;22.72;26.01;6.79;
2.85;17.87;11.85;4.45;5.98;4.92;2.88;0.00;0.00;0.00;0.03;0.04;0.04;2.97;7.69;0.78;21.69;17.66;10.27;4.56;0.80;0.67;0.18;0.40;13.79;4.01;2.72;8.63;2.57;0.00;0.00;0.50;0.59;0.00;17.30;1.77;4.57;37.74;1.13;8.90;2.98;6.65;0.87;2.44;8.29;4.93;6.89;1.09;
2.85;17.87;11.85;4.45;5.98;4.92;2.88;0.00;0.00;0.00;0.03;0.04;0.04;2.92;7.67;0.76;21.54;17.59;10.16;4.59;0.80;0.68;0.18;0.40;14.06;4.05;2.83;8.73;2.59;0.00;0.00;0.50;0.59;0.00;18.02;2.08;5.53;38.37;1.24;7.69;2.63;5.91;1.91;5.09;20.70;9.58;12.27;2.41;
2.85;17.87;11.85;4.45;5.98;4.92;2.88;0.00;0.00;0.00;0.03;0.04;0.04;2.93;7.68;0.77;21.59;17.62;10.20;4.55;0.80;0.67;0.18;0.40;14.11;4.05;2.86;8.76;2.59;0.00;0.00;0.50;0.59;0.00;32.31;21.77;87.04;48.69;4.93;9.04;3.02;6.74;2.86;7.42;33.06;13.46;16.49;3.62;
2.85;17.87;11.85;4.45;5.98;4.92;2.88;0.00;0.00;0.00;0.03;0.04;0.04;2.91;7.66;0.76;21.52;17.59;10.14;4.54;0.80;0.67;0.18;0.40;14.12;4.05;2.86;8.76;2.59;0.00;0.00;0.50;0.59;0.00;25.66;8.62;29.34;44.33;2.86;8.68;2.92;6.52;0.89;2.49;8.52;5.03;7.01;1.11;
2.85;17.87;11.85;4.45;5.98;4.92;2.88;0.00;0.00;0.00;0.03;0.04;0.04;2.91;7.66;0.76;21.50;17.58;10.13;4.53;0.80;0.66;0.18;0.40;13.68;4.00;2.68;8.59;2.56;0.00;0.00;0.50;0.59;0.00;18.31;2.22;5.96;38.62;1.29;6.44;2.26;5.13;26.53;59.48;440.31;88.06;84.50;34.43;
2.84;17.83;11.83;4.44;5.97;4.91;2.87;0.00;0.00;0.00;0.03;0.04;0.04;2.91;7.66;0.76;21.50;17.58;10.13;4.51;0.80;0.66;0.18;0.40;14.03;4.04;2.82;8.73;2.59;0.00;0.00;0.50;0.59;0.00;14.10;0.77;1.74;34.72;0.69;7.06;2.45;5.52;2.78;7.23;32.02;13.15;16.16;3.52;
2.85;17.86;11.84;4.45;5.98;4.91;2.88;0.00;0.00;0.00;0.03;0.04;0.04;2.96;7.69;0.78;21.67;17.65;10.26;4.51;0.80;0.66;0.18;0.40;13.99;4.04;2.81;8.71;2.59;0.00;0.00;0.50;0.59;0.00;18.86;2.50;6.86;39.10;1.38;6.57;2.30;5.21;10.59;25.21;151.45;40.60;43.09;13.61;
2.85;17.87;11.85;4.45;5.98;4.91;2.88;0.00;0.00;0.00;0.03;0.04;0.04;2.92;7.67;0.76;21.53;17.59;10.15;4.51;0.80;0.66;0.18;0.40;13.88;4.03;2.76;8.67;2.58;0.00;0.00;0.50;0.59;0.00;15.13;1.03;2.43;35.74;0.82;9.39;3.12;6.95;10.19;24.31;144.74;39.28;41.88;13.08;
2.85;17.87;11.85;4.45;5.98;4.92;2.88;0.00;0.00;0.00;0.03;0.04;0.04;2.96;7.69;0.78;21.68;17.66;10.26;4.51;0.80;0.66;0.18;0.40;13.85;4.02;2.75;8.66;2.58;0.00;0.00;0.50;0.59;0.00;17.35;1.79;4.63;37.79;1.13;9.65;3.19;7.10;53.83;115.25;1002.35;159.96;142.01;70.42;
2.84;17.83;11.83;4.44;5.97;4.91;2.87;0.00;0.00;0.00;0.03;0.04;0.04;2.92;7.67;0.76;21.53;17.59;10.15;4.51;0.80;0.66;0.18;0.40;14.18;4.06;2.89;8.78;2.60;0.00;0.00;0.50;0.59;0.00;12.31;0.45;0.91;32.85;0.50;7.80;2.66;5.98;0.73;2.07;6.76;4.25;6.06;0.91;
2.85;17.86;11.84;4.45;5.98;4.91;2.88;0.00;0.00;0.00;0.03;0.04;0.04;2.91;7.66;0.76;21.51;17.58;10.13;4.51;0.80;0.66;0.18;0.40;13.80;4.02;2.73;8.64;2.57;0.00;0.00;0.50;0.59;0.00;17.10;1.68;4.32;37.57;1.09;5.87;2.09;4.76;7.81;18.96;106.28;31.40;34.46;10.00;
2.84;17.83;11.83;4.44;5.97;4.91;2.87;0.00;0.00;0.00;0.03;0.04;0.04;2.91;7.66;0.76;21.50;17.58;10.13;4.51;0.80;0.66;0.18;0.40;13.84;4.02;2.74;8.65;2.57;0.00;0.00;0.50;0.59;0.00;18.67;2.40;6.54;38.93;1.35;8.77;2.94;6.57;0.69;1.96;6.31;4.04;5.80;0.86;
2.85;17.86;11.84;4.45;5.98;4.91;2.88;0.00;0.00;0.00;0.03;0.04;0.04;2.90;7.66;0.76;21.50;17.58;10.13;4.58;0.80;0.67;0.18;0.40;13.84;4.02;2.74;8.65;2.57;0.00;0.00;0.50;0.59;0.00;29.78;15.67;59.18;47.10;4.06;7.45;2.56;5.76;5.76;14.26;74.55;24.27;27.55;7.35;
2.86;17.99;11.91;4.47;6.02;4.94;2.89;0.00;0.00;0.00;0.03;0.04;0.04;3.05;7.74;0.81;21.93;17.77;10.46;4.80;0.82;0.73;0.19;0.41;14.07;4.05;2.84;8.74;2.59;0.00;0.00;0.50;0.59;0.00;32.69;22.81;91.89;48.92;5.07;7.83;2.67;6.00;1.57;4.23;16.46;8.11;10.62;1.97;
2.87;18.10;11.97;4.50;6.05;4.96;2.91;0.00;0.00;0.00;0.03;0.04;0.04;3.07;7.75;0.83;22.02;17.81;10.53;5.00;0.84;0.77;0.20;0.42;14.00;4.04;2.81;8.71;2.59;0.00;0.00;0.50;0.59;0.00;17.68;1.93;5.06;38.08;1.18;9.31;3.10;6.90;4.00;10.15;48.82;17.86;21.09;5.08;
2.88;18.12;11.98;4.50;6.06;4.96;2.91;0.00;0.00;0.00;0.04;0.04;0.04;3.08;7.75;0.83;22.04;17.82;10.54;5.20;0.86;0.82;0.21;0.43;14.10;4.05;2.85;8.75;2.59;0.00;0.00;0.50;0.60;0.00;21.27;4.05;12.09;41.06;1.83;8.71;2.93;6.54;59.53;126.62;1126.73;174.12;152.89;77.96;
2.89;18.28;12.06;4.54;6.11;5.00;2.93;0.00;0.00;0.00;0.04;0.04;0.04;3.23;7.83;0.89;22.49;18.02;10.89;5.40;0.88;0.87;0.21;0.44;14.12;4.05;2.86;8.76;2.59;0.00;0.01;0.50;0.60;0.00;25.50;8.40;28.46;44.21;2.82;10.25;3.36;7.45;8.34;20.18;114.80;33.20;36.18;10.70;
2.90;18.36;12.10;4.56;6.13;5.01;2.94;0.00;0.00;0.00;0.04;0.04;0.04;3.26;7.85;0.90;22.58;18.06;10.96;5.52;0.89;0.90;0.22;0.44;13.90;4.03;2.77;8.67;2.58;0.00;0.01;0.50;0.60;0.00;25.07;7.84;26.26;43.90;2.70;5.77;2.06;4.69;2.83;7.35;32.72;13.36;16.39;3.59;
2.91;18.46;12.15;4.58;6.16;5.03;2.95;0.00;0.00;0.00;0.04;0.04;0.04;3.27;7.85;0.90;22.60;18.06;10.97;5.70;0.91;0.95;0.22;0.45;14.19;4.06;2.89;8.78;2.60;0.00;0.01;0.50;0.60;0.00;21.73;4.41;13.37;41.42;1.93;8.67;2.91;6.51;10.68;25.42;153.01;40.90;43.37;13.73;
2.93;18.56;12.21;4.60;6.19;5.05;2.96;0.00;0.00;0.00;0.04;0.04;0.04;3.43;7.93;0.97;23.06;18.26;11.33;5.84;0.92;0.98;0.23;0.46;14.14;4.06;2.87;8.76;2.60;0.00;0.01;0.50;0.60;0.00;14.14;0.78;1.76;34.76;0.70;7.52;2.58;5.81;4.06;10.28;49.62;18.07;21.31;5.16;
2.93;18.62;12.24;4.62;6.21;5.06;2.97;0.00;0.00;0.00;0.04;0.04;0.04;3.46;7.95;0.98;23.15;18.30;11.41;5.96;0.93;1.01;0.23;0.46;14.24;4.07;2.91;8.80;2.60;0.00;0.01;0.50;0.60;0.00;17.11;1.69;4.33;37.57;1.10;6.29;2.22;5.03;1.14;3.15;11.40;6.22;8.42;1.43;
2.93;18.63;12.24;4.62;6.21;5.06;2.97;0.00;0.00;0.00;0.04;0.04;0.04;3.47;7.95;0.99;23.17;18.31;11.42;6.02;0.93;1.03;0.24;0.46;14.26;4.07;2.92;8.81;2.60;0.00;0.01;0.50;0.60;0.00;23.17;5.72;18.13;42.52;2.25;8.62;2.90;6.48;0.43;1.27;3.67;2.73;4.12;0.53;
2.93;18.64;12.25;4.62;6.21;5.06;2.97;0.00;0.00;0.00;0.04;0.04;0.04;3.47;7.95;0.99;23.17;18.31;11.42;6.08;0.94;1.05;0.24;0.47;14.26;4.07;2.92;8.81;2.60;0.00;0.01;0.50;0.60;0.00;23.73;6.29;20.29;42.94;2.38;8.92;2.99;6.66;1.00;2.77;9.71;5.53;7.61;1.25;
2.94;18.72;12.29;4.64;6.24;5.08;2.98;0.00;0.00;0.00;0.04;0.04;0.04;3.57;8.00;1.03;23.45;18.43;11.65;6.19;0.95;1.08;0.24;0.47;14.37;4.08;2.97;8.86;2.61;0.00;0.01;0.50;0.60;0.00;24.67;7.35;24.34;43.62;2.60;10.63;3.47;7.68;2.39;6.28;26.89;11.58;14.48;3.03;
2.96;18.82;12.34;4.66;6.27;5.10;2.99;0.00;0.00;0.00;0.04;0.04;0.04;3.62;8.02;1.05;23.60;18.50;11.77;6.25;0.95;1.09;0.24;0.47;14.28;4.07;2.93;8.82;2.61;0.00;0.01;0.50;0.60;0.00;15.24;1.06;2.51;35.84;0.83;7.67;2.62;5.90;58.82;125.21;1111.09;172.37;151.54;77.02;
2.96;18.89;12.37;4.67;6.28;5.11;3.00;0.00;0.00;0.00;0.04;0.04;0.04;3.67;8.05;1.07;23.73;18.55;11.87;6.32;0.96;1.11;0.25;0.48;14.38;4.09;2.97;8.86;2.61;0.00;0.01;0.50;0.60;0.00;31.53;19.74;77.56;48.21;4.65;8.85;2.97;6.62;5.71;14.14;73.80;24.10;27.38;7.28;
2.96;18.90;12.38;4.68;6.29;5.12;3.00;0.00;0.00;0.00;0.04;0.04;0.04;3.68;8.05;1.08;23.75;18.56;11.89;6.33;0.96;1.11;0.25;0.48;14.51;4.10;3.03;8.91;2.62;0.00;0.01;0.50;0.60;0.00;32.51;22.32;89.60;48.82;5.00;8.88;2.98;6.64;2.26;5.96;25.20;11.05;13.90;2.86;
2.96;18.90;12.38;4.68;6.29;5.12;3.00;0.00;0.00;0.00;0.04;0.04;0.04;3.68;8.05;1.08;23.76;18.56;11.89;6.39;0.97;1.13;0.25;0.48;14.42;4.09;2.99;8.88;2.62;0.00;0.01;0.50;0.60;0.00;35.41;31.46;134.00;50.54;6.12;9.52;3.15;7.02;1.75;4.68;18.66;8.89;11.50;2.20;
2.96;18.90;12.38;4.68;6.29;5.12;3.00;0.00;0.00;0.00;0.04;0.04;0.04;3.68;8.05;1.08;23.76;18.56;11.89;6.44;0.97;1.15;0.25;0.48;14.41;4.09;2.98;8.87;2.62;0.00;0.01;0.50;0.60;0.00;26.22;9.39;32.46;44.71;3.01;8.96;3.00;6.69;14.79;34.45;223.28;53.80;55.05;19.07;
2.96;18.90;12.38;4.68;6.29;5.12;3.00;0.00;0.00;0.00;0.04;0.04;0.04;3.68;8.05;1.08;23.76;18.56;11.89;6.45;0.97;1.15;0.25;0.48;14.40;4.09;2.98;8.87;2.62;0.00;0.01;0.50;0.60;0.00;20.96;3.81;11.28;40.81;1.77;9.62;3.18;7.08;2.58;6.73;29.30;12.33;15.28;3.26;
2.96;18.90;12.38;4.68;6.29;5.12;3.00;0.00;0.00;0.00;0.04;0.04;0.04;3.68;8.05;1.08;23.76;18.56;11.89;6.45;0.97;1.15;0.25;0.48;14.18;4.06;2.88;8.78;2.60;0.00;0.01;0.50;0.60;0.00;28.04;12.30;44.56;45.96;3.52;9.67;3.20;7.11;2.79;7.25;32.14;13.18;16.20;3.53;
2.98;19.03;12.45;4.71;6.33;5.14;3.01;0.00;0.00;0.00;0.04;0.04;0.04;3.71;8.07;1.09;23.85;18.60;11.97;6.47;0.97;1.15;0.25;0.48;14.14;4.06;2.87;8.76;2.60;0.00;0.01;0.50;0.60;0.00;42.08;63.01;302.74;54.23;9.21;9.49;3.15;7.00;15.59;36.20;237.47;56.26;57.23;20.12;
2.99;19.10;12.48;4.72;6.35;5.15;3.02;0.00;0.00;0.00;0.04;0.04;0.04;3.75;8.09;1.11;23.97;18.65;12.06;6.56;0.98;1.18;0.25;0.49;14.35;4.08;2.96;8.85;2.61;0.00;0.01;0.50;0.60;0.00;19.23;2.70;7.52;39.41;1.44;9.22;3.07;6.85;6.60;16.20;87.34;27.23;30.45;8.43;
2.99;19.15;12.51;4.74;6.36;5.16;3.03;0.00;0.00;0.00;0.04;0.04;0.04;3.87;8.14;1.16;24.28;18.79;12.31;6.57;0.98;1.18;0.26;0.49;14.39;4.09;2.98;8.86;2.61;0.00;0.01;0.50;0.60;0.00;21.17;3.98;11.84;40.98;1.81;9.45;3.13;6.98;1.56;4.20;16.30;8.06;10.56;1.96;
2.99;19.12;12.50;4.73;6.35;5.16;3.03;0.00;0.00;0.00;0.04;0.04;0.04;3.89;8.15;1.17;24.34;18.81;12.36;6.58;0.98;1.18;0.26;0.49;14.18;4.06;2.88;8.78;2.60;0.00;0.01;0.50;0.60;0.00;28.73;13.56;49.95;46.41;3.73;8.61;2.90;6.48;2.04;5.41;22.33;10.12;12.88;2.57;
2.99;19.16;12.51;4.74;6.37;5.17;3.03;0.00;0.00;0.00;0.04;0.04;0.04;3.90;8.15;1.18;24.36;18.82;12.37;6.58;0.98;1.18;0.26;0.49;14.25;4.07;2.91;8.81;2.60;0.00;0.01;0.50;0.60;0.00;26.26;9.45;32.69;44.74;3.02;6.42;2.26;5.11;3.40;8.71;40.38;15.56;18.71;4.31;
2.99;19.17;12.52;4.74;6.37;5.17;3.03;0.00;0.00;0.00;0.04;0.04;0.04;3.90;8.15;1.18;24.36;18.82;12.37;6.58;0.98;1.18;0.26;0.49;14.26;4.07;2.92;8.81;2.60;0.00;0.01;0.50;0.60;0.00;19.16;2.66;7.39;39.34;1.43;9.17;3.06;6.81;20.50;46.75;326.34;70.86;69.95;26.54;
2.99;19.17;12.52;4.74;6.37;5.17;3.03;0.00;0.00;0.00;0.04;0.04;0.04;3.90;8.15;1.18;24.36;18.82;12.38;6.58;0.98;1.18;0.26;0.49;14.49;4.10;3.02;8.90;2.62;0.00;0.01;0.50;0.60;0.00;18.90;2.52;6.93;39.13;1.39;7.33;2.53;5.69;5.96;14.73;77.64;25.00;28.27;7.61;
2.99;19.17;12.52;4.74;6.37;5.17;3.03;0.00;0.00;0.00;0.04;0.04;0.04;3.90;8.15;1.18;24.36;18.82;12.38;6.58;0.98;1.18;0.26;0.49;14.42;4.09;2.99;8.87;2.62;0.00;0.01;0.50;0.60;0.00;26.55;9.88;34.46;44.95;3.10;5.94;2.11;4.81;1.19;3.26;11.89;6.41;8.65;1.49;
2.99;19.17;12.52;4.74;6.37;5.17;3.03;0.00;0.00;0.00;0.04;0.04;0.04;3.90;8.15;1.18;24.36;18.82;12.38;6.58;0.98;1.18;0.26;0.49;14.41;4.09;2.98;8.87;2.62;0.00;0.01;0.50;0.60;0.00;23.12;5.66;17.92;42.48;2.23;8.10;2.75;6.16;1.02;2.84;10.03;5.66;7.77;1.28;
2.99;19.17;12.52;4.74;6.37;5.17;3.03;0.00;0.00;0.00;0.04;0.04;0.04;3.90;8.15;1.18;24.36;18.82;12.38;6.58;0.98;1.18;0.26;0.49;14.29;4.07;2.93;8.82;2.61;0.00;0.01;0.50;0.60;0.00;20.12;3.24;9.31;40.14;1.61;8.88;2.97;6.64;1.69;4.53;17.94;8.63;11.21;2.13;
2.99;19.17;12.52;4.74;6.37;5.17;3.03;0.00;0.00;0.00;0.04;0.04;0.04;3.90;8.15;1.18;24.36;18.82;12.38;6.58;0.98;1.18;0.26;0.49;14.16;4.06;2.87;8.77;2.60;0.00;0.01;0.50;0.60;0.00;31.55;19.78;77.76;48.22;4.66;9.73;3.21;7.15;15.91;36.88;243.00;57.21;58.07;20.53;
2.99;19.17;12.52;4.74;6.37;5.17;3.03;0.00;0.00;0.00;0.04;0.04;0.04;3.90;8.15;1.18;24.36;18.82;12.38;6.58;0.98;1.18;0.26;0.49;14.35;4.08;2.96;8.85;2.61;0.00;0.01;0.50;0.60;0.00;16.31;1.39;3.46;36.85;0.98;7.10;2.46;5.55;5.38;13.38;68.87;22.92;26.21;6.86;
2.99;19.17;12.52;4.74;6.37;5.17;3.03;0.00;0.00;0.00;0.04;0.04;0.04;3.90;8.15;1.18;24.36;18.82;12.38;6.58;0.98;1.18;0.26;0.49;14.39;4.09;2.98;8.86;2.61;0.00;0.01;0.50;0.60;0.00;25.62;8.56;29.10;44.29;2.85;7.05;2.44;5.51;1.52;4.10;15.82;7.88;10.36;1.91;
2.99;19.17;12.52;4.74;6.37;5.17;3.03;0.00;0.00;0.00;0.04;0.04;0.04;4.09;8.23;1.26;24.85;19.02;12.78;6.68;0.99;1.21;0.26;0.49;14.18;4.06;2.88;8.78;2.60;0.00;0.01;0.50;0.60;0.00;18.85;2.49;6.84;39.08;1.38;7.90;2.69;6.04;43.16;93.75;775.39;132.77;120.77;56.33;
3.00;19.26;12.56;4.76;6.39;5.18;3.04;0.00;0.00;0.00;0.04;0.04;0.04;4.13;8.25;1.28;24.95;19.07;12.86;6.80;1.00;1.24;0.26;0.50;14.36;4.08;2.96;8.85;2.61;0.00;0.01;0.51;0.60;0.00;16.66;1.52;3.82;37.17;1.03;9.06;3.03;6.75;1.67;4.49;17.70;8.55;11.12;2.10;
3.02;19.36;12.62;4.78;6.43;5.20;3.05;0.00;0.00;0.00;0.04;0.04;0.04;4.13;8.25;1.28;24.97;19.07;12.88;6.82;1.00;1.25;0.26;0.50;14.74;4.13;3.13;8.99;2.64;0.00;0.01;0.51;0.60;0.00;21.56;4.28;12.89;41.29;1.89;7.33;2.53;5.69;13.93;32.58;208.34;51.17;52.70;17.96;
3.02;19.43;12.65;4.80;6.44;5.22;3.06;0.00;0.00;0.00;0.04;0.04;0.04;4.14;8.25;1.28;24.97;19.08;12.88;6.83;1.00;1.25;0.26;0.50;14.81;4.14;3.16;9.02;2.64;0.00;0.01;0.51;0.60;0.00;25.41;8.28;27.98;44.14;2.79;9.29;3.09;6.88;14.41;33.63;216.70;52.65;54.02;18.59;
3.02;19.44;12.66;4.80;6.45;5.22;3.06;0.00;0.00;0.00;0.04;0.04;0.04;4.14;8.25;1.28;24.97;19.08;12.88;6.83;1.00;1.25;0.26;0.50;14.71;4.12;3.12;8.98;2.64;0.00;0.01;0.51;0.60;0.00;28.42;12.99;47.46;46.21;3.64;9.28;3.09;6.88;22.46;50.92;362.92;76.54;74.80;29.10;
3.03;19.44;12.66;4.80;6.45;5.22;3.06;0.00;0.00;0.00;0.04;0.04;0.04;4.14;8.25;1.28;24.97;19.08;12.88;6.83;1.00;1.25;0.26;0.50;14.69;4.12;3.11;8.98;2.64;0.00;0.01;0.51;0.60;0.00;18.72;2.43;6.63;38.98;1.36;9.82;3.24;7.20;5.13;12.79;65.15;22.01;25.30;6.53;
3.03;19.44;12.66;4.80;6.45;5.22;3.06;0.00;0.00;0.00;0.04;0.04;0.04;4.14;8.25;1.28;24.97;19.08;12.88;6.73;0.99;1.22;0.26;0.49;14.57;4.11;3.06;8.93;2.63;0.00;0.01;0.51;0.61;0.00;30.24;16.67;63.64;47.39;4.21;7.98;2.72;6.09;3.58;9.16;42.99;16.28;19.47;4.55;
3.03;19.44;12.66;4.80;6.45;5.22;3.06;0.00;0.00;0.00;0.04;0.04;0.04;4.14;8.25;1.28;24.97;19.08;12.88;6.71;0.99;1.22;0.26;0.49;14.78;4.13;3.15;9.01;2.64;0.00;0.01;0.51;0.61;0.00;26.65;10.03;35.04;45.01;3.13;8.00;2.72;6.10;9.19;22.08;128.39;36.01;38.83;11.79;
3.03;19.44;12.66;4.80;6.45;5.22;3.06;0.00;0.00;0.00;0.04;0.04;0.04;4.14;8.25;1.28;24.97;19.08;12.88;6.70;0.99;1.22;0.26;0.49;14.59;4.11;3.07;8.94;2.63;0.00;0.01;0.51;0.61;0.00;18.97;2.55;7.05;39.19;1.40;9.22;3.07;6.84;3.23;8.32;38.15;14.93;18.05;4.10;
3.03;19.44;12.66;4.80;6.45;5.22;3.06;0.00;0.00;0.00;0.04;0.04;0.04;4.14;8.25;1.28;24.97;19.08;12.88;6.70;0.99;1.22;0.26;0.49;14.67;4.12;3.10;8.97;2.63;0.00;0.01;0.51;0.61;0.00;27.18;10.86;38.48;45.38;3.28;10.70;3.48;7.71;1.48;4.00;15.36;7.72;10.17;1.86;
3.03;19.44;12.66;4.80;6.45;5.22;3.06;0.00;0.00;0.00;0.04;0.04;0.04;4.14;8.25;1.28;24.97;19.08;12.88;6.70;0.99;1.22;0.26;0.49;14.57;4.11;3.06;8.93;2.63;0.00;0.01;0.51;0.61;0.00;24.38;7.01;23.02;43.41;2.53;8.34;2.82;6.31;4.60;11.57;57.46;20.10;23.38;5.86;
3.03;19.44;12.66;4.80;6.45;5.22;3.06;0.00;0.00;0.00;0.04;0.04;0.04;4.14;8.25;1.28;24.97;19.08;12.88;6.62;0.99;1.19;0.26;0.49;14.55;4.11;3.05;8.92;2.63;0.00;0.01;0.51;0.61;0.00;18.87;2.50;6.88;39.11;1.38;8.21;2.78;6.23;1.57;4.23;16.47;8.12;10.63;1.98;
3.03;19.44;12.66;4.80;6.45;5.22;3.06;0.00;0.00;0.00;0.04;0.04;0.04;4.14;8.25;1.28;24.97;19.08;12.88;6.59;0.98;1.19;0.26;0.49;14.78;4.13;3.15;9.01;2.64;0.00;0.01;0.51;0.61;0.00;29.70;15.52;58.49;47.05;4.04;9.33;3.10;6.91;5.19;12.94;66.06;22.24;25.53;6.61;
3.03;19.44;12.66;4.80;6.45;5.22;3.06;0.00;0.00;0.00;0.04;0.04;0.04;4.14;8.25;1.28;24.97;19.08;12.88;6.58;0.98;1.18;0.26;0.49;14.71;4.12;3.12;8.98;2.64;0.00;0.01;0.51;0.61;0.00;16.13;1.33;3.28;36.67;0.95;11.24;3.64;8.03;9.34;22.42;130.90;36.52;39.30;11.99;
3.03;19.44;12.66;4.80;6.45;5.22;3.06;0.00;0.00;0.00;0.04;0.04;0.04;4.14;8.25;1.28;24.97;19.08;12.88;6.58;0.98;1.18;0.26;0.49;14.81;4.14;3.16;9.02;2.64;0.00;0.01;0.51;0.61;0.00;17.24;1.74;4.49;37.69;1.12;9.67;3.20;7.11;13.95;32.62;208.64;51.22;52.75;17.98;
3.03;19.44;12.66;4.80;6.45;5.22;3.06;0.00;0.00;0.00;0.04;0.04;0.04;4.14;8.25;1.28;24.97;19.08;12.88;6.58;0.98;1.18;0.26;0.49;14.83;4.14;3.17;9.03;2.65;0.00;0.01;0.51;0.61;0.00;17.55;1.87;4.88;37.96;1.16;8.10;2.75;6.17;22.68;51.38;367.07;77.17;75.34;29.39;
3.03;19.44;12.66;4.80;6.45;5.22;3.06;0.00;0.00;0.00;0.04;0.04;0.04;4.14;8.25;1.28;24.97;19.08;12.88;6.56;0.98;1.18;0.25;0.49;14.83;4.14;3.17;9.03;2.65;0.00;0.01;0.51;0.61;0.00;18.19;2.16;5.78;38.52;1.27;8.76;2.94;6.57;0.94;2.61;9.02;5.24;7.27;1.17;
3.03;19.44;12.66;4.80;6.45;5.22;3.06;0.00;0.00;0.00;0.04;0.04;0.04;4.14;8.25;1.28;24.97;19.08;12.88;6.50;0.97;1.16;0.25;0.48;14.72;4.12;3.12;8.99;2.64;0.00;0.01;0.51;0.61;0.00;26.05;9.15;31.50;44.60;2.96;8.91;2.98;6.66;1.06;2.93;10.41;5.82;7.95;1.33;
3.03;19.44;12.66;4.80;6.45;5.22;3.06;0.00;0.00;0.00;0.04;0.04;0.04;4.14;8.25;1.28;24.97;19.08;12.88;6.46;0.97;1.15;0.25;0.48;14.69;4.12;3.11;8.98;2.64;0.00;0.01;0.51;0.61;0.00;25.75;8.74;29.81;44.39;2.88;9.56;3.17;7.05;7.18;17.54;96.44;29.26;32.41;9.19;
3.03;19.44;12.66;4.80;6.45;5.22;3.06;0.00;0.00;0.00;0.04;0.04;0.04;4.14;8.25;1.28;24.97;19.08;12.88;6.46;0.97;1.15;0.25;0.48;14.69;4.12;3.11;8.98;2.64;0.00;0.01;0.51;0.61;0.00;34.40;28.01;116.97;49.95;5.72;8.30;2.81;6.29;1.12;3.08;11.10;6.09;8.28;1.40;
3.03;19.44;12.66;4.80;6.45;5.22;3.06;0.00;0.00;0.00;0.04;0.04;0.04;4.14;8.25;1.28;24.97;19.08;12.88;6.42;0.97;1.14;0.25;0.48;14.57;4.11;3.06;8.93;2.63;0.00;0.01;0.51;0.61;0.00;21.73;4.42;13.40;41.42;1.93;9.73;3.22;7.15;8.95;21.54;124.51;35.22;38.08;11.48;
3.03;19.44;12.66;4.80;6.45;5.22;3.06;0.00;0.00;0.00;0.04;0.04;0.04;4.14;8.25;1.28;24.97;19.08;12.88;6.26;0.95;1.09;0.24;0.47;14.78;4.13;3.15;9.01;2.64;0.00;0.01;0.51;0.61;0.00;27.41;11.23;40.02;45.53;3.34;7.83;2.67;6.00;0.63;1.81;5.73;3.77;5.46;0.79;
3.03;19.44;12.66;4.80;6.45;5.22;3.06;0.00;0.00;0.00;0.04;0.04;0.04;4.06;8.22;1.25;24.77;18.99;12.72;6.08;0.94;1.05;0.24;0.47;14.48;4.10;3.01;8.90;2.62;0.00;0.01;0.51;0.61;0.00;29.51;15.12;56.74;46.93;3.98;8.68;2.92;6.52;1.38;3.74;14.12;7.26;9.64;1.73;
3.02;19.40;12.64;4.79;6.44;5.21;3.06;0.00;0.00;0.00;0.04;0.04;0.04;3.93;8.16;1.19;24.44;18.85;12.44;5.92;0.93;1.00;0.23;0.46;14.53;4.10;3.04;8.92;2.62;0.00;0.01;0.51;0.60;0.00;16.26;1.37;3.41;36.80;0.97;9.37;3.11;6.93;6.84;16.75;91.05;28.07;31.26;8.74;
3.01;19.30;12.59;4.77;6.41;5.19;3.05;0.00;0.00;0.00;0.04;0.04;0.04;3.91;8.15;1.18;24.38;18.83;12.39;5.80;0.91;0.97;0.23;0.45;14.32;4.08;2.94;8.83;2.61;0.00;0.01;0.51;0.60;0.00;23.86;6.43;20.80;43.03;2.41;11.04;3.58;7.91;1.11;3.05;10.97;6.04;8.22;1.39;
3.00;19.20;12.53;4.74;6.38;5.17;3.03;0.00;0.00;0.00;0.04;0.04;0.04;3.90;8.15;1.18;24.36;18.82;12.38;5.69;0.91;0.94;0.22;0.45;14.61;4.11;3.07;8.95;2.63;0.00;0.01;0.51;0.60;0.00;26.39;9.65;33.49;44.84;3.05;11.72;3.77;8.30;2.31;6.07;25.77;11.23;14.09;2.92;
3.00;19.17;12.52;4.74;6.37;5.17;3.03;0.00;0.00;0.00;0.04;0.04;0.04;3.90;8.15;1.18;24.36;18.82;12.38;5.58;0.90;0.92;0.22;0.44;14.44;4.09;3.00;8.88;2.62;0.00;0.01;0.51;0.60;0.00;26.92;10.45;36.79;45.20;3.20;7.63;2.62;5.88;1.64;4.41;17.33;8.42;10.97;2.07;
2.99;19.17;12.52;4.74;6.37;5.17;3.03;0.00;0.00;0.00;0.04;0.04;0.04;3.79;8.10;1.13;24.07;18.70;12.14;5.49;0.89;0.89;0.22;0.44;14.41;4.09;2.99;8.87;2.62;0.00;0.01;0.51;0.60;0.00;25.11;7.90;26.49;43.94;2.72;9.37;3.11;6.93;3.08;7.95;36.06;14.33;17.42;3.91;
2.99;19.17;12.52;4.74;6.37;5.17;3.03;0.00;0.00;0.00;0.04;0.04;0.04;3.70;8.06;1.09;23.82;18.59;11.94;5.42;0.88;0.88;0.21;0.44;14.29;4.07;2.93;8.82;2.61;0.00;0.01;0.51;0.60;0.00;24.99;7.75;25.90;43.85;2.69;7.95;2.71;6.07;3.57;9.13;42.80;16.23;19.41;4.53;
2.99;19.17;12.52;4.74;6.37;5.17;3.03;0.00;0.00;0.00;0.04;0.04;0.04;3.68;8.05;1.08;23.77;18.57;11.90;5.36;0.88;0.86;0.21;0.44;14.49;4.10;3.02;8.90;2.62;0.00;0.01;0.51;0.60;0.00;32.83;23.21;93.81;49.01;5.12;7.19;2.48;5.60;1.60;4.32;16.86;8.26;10.79;2.02;
2.97;18.95;12.41;4.69;6.30;5.13;3.01;0.00;0.00;0.00;0.04;0.04;0.04;3.68;8.05;1.08;23.76;18.57;11.89;5.27;0.87;0.84;0.21;0.43;14.31;4.08;2.94;8.83;2.61;0.00;0.01;0.51;0.60;0.00;20.49;3.48;10.14;40.44;1.68;10.19;3.34;7.42;2.77;7.20;31.87;13.10;16.12;3.51;
2.97;18.91;12.39;4.68;6.29;5.12;3.00;0.00;0.00;0.00;0.04;0.04;0.04;3.68;8.05;1.08;23.76;18.56;11.89;5.25;0.87;0.83;0.21;0.43;14.27;4.07;2.92;8.82;2.61;0.00;0.01;0.51;0.60;0.00;20.46;3.47;10.08;40.42;1.67;7.13;2.47;5.57;0.83;2.32;7.81;4.72;6.64;1.03;
2.96;18.90;12.38;4.68;6.29;5.12;3.00;0.00;0.00;0.00;0.04;0.04;0.04;3.68;8.05;1.08;23.76;18.56;11.89;5.17;0.86;0.81;0.21;0.43;14.26;4.07;2.92;8.81;2.61;0.00;0.01;0.51;0.60;0.00;25.25;8.07;27.18;44.03;2.75;9.38;3.12;6.94;1.23;3.37;12.39;6.60;8.88;1.54;
2.96;18.90;12.38;4.68;6.29;5.12;3.00;0.00;0.00;0.00;0.04;0.04;0.04;3.68;8.05;1.08;23.76;18.56;11.89;5.14;0.86;0.81;0.20;0.43;14.38;4.08;2.97;8.86;2.61;0.00;0.01;0.51;0.60;0.00;34.27;27.59;114.91;49.88;5.67;10.61;3.46;7.66;0.32;0.95;2.58;2.11;3.30;0.39;
2.96;18.90;12.38;4.68;6.29;5.12;3.00;0.00;0.00;0.00;0.04;0.04;0.04;3.61;8.02;1.05;23.57;18.48;11.74;5.07;0.85;0.79;0.20;0.42;14.17;4.06;2.88;8.78;2.60;0.00;0.01;0.51;0.60;0.00;25.95;9.01;30.91;44.53;2.93;11.00;3.57;7.89;1.71;4.59;18.23;8.74;11.33;2.16;
2.96;18.90;12.38;4.68;6.29;5.12;3.00;0.00;0.00;0.00;0.04;0.04;0.04;3.53;7.98;1.01;23.35;18.39;11.56;5.06;0.85;0.79;0.20;0.42;14.36;4.08;2.96;8.85;2.61;0.00;0.01;0.51;0.60;0.00;31.06;18.58;72.25;47.92;4.49;7.22;2.49;5.62;3.42;8.76;40.67;15.64;18.80;4.34;
2.96;18.90;12.38;4.68;6.29;5.12;3.00;0.00;0.00;0.00;0.04;0.04;0.04;3.48;7.96;0.99;23.21;18.33;11.45;4.99;0.84;0.77;0.20;0.42;14.28;4.07;2.93;8.82;2.61;0.00;0.01;0.50;0.60;0.00;16.22;1.36;3.37;36.76;0.97;7.30;2.52;5.67;21.00;47.81;335.57;72.31;71.19;27.19;
2.96;18.90;12.38;4.68;6.29;5.12;3.00;0.00;0.00;0.00;0.04;0.04;0.04;3.47;7.95;0.99;23.18;18.32;11.43;4.96;0.84;0.76;0.20;0.42;14.16;4.06;2.87;8.77;2.60;0.00;0.01;0.50;0.60;0.00;22.46;5.04;15.63;41.98;2.08;10.44;3.41;7.57;0.82;2.31;7.75;4.70;6.60;1.03;
2.95;18.77;12.32;4.65;6.25;5.09;2.99;0.00;0.00;0.00;0.04;0.04;0.04;3.47;7.95;0.99;23.18;18.31;11.42;4.90;0.83;0.75;0.20;0.41;14.13;4.06;2.86;8.76;2.60;0.00;0.01;0.50;0.60;0.00;25.51;8.41;28.51;44.22;2.82;9.86;3.25;7.22;0.85;2.38;8.05;4.83;6.76;1.06;
2.94;18.66;12.26;4.63;6.22;5.07;2.97;0.00;0.00;0.00;0.04;0.04;0.04;3.47;7.95;0.99;23.17;18.31;11.42;4.87;0.83;0.74;0.19;0.41;14.35;4.08;2.96;8.85;2.61;0.00;0.01;0.50;0.60;0.00;13.58;0.67;1.46;34.20;0.63;9.92;3.27;7.26;3.27;8.40;38.62;15.06;18.19;4.15;
2.94;18.64;12.25;4.62;6.21;5.07;2.97;0.00;0.00;0.00;0.04;0.04;0.04;3.47;7.95;0.99;23.17;18.31;11.42;4.84;0.83;0.73;0.19;0.41;14.28;4.07;2.93;8.82;2.61;0.00;0.01;0.50;0.60;0.00;16.00;1.29;3.15;36.56;0.93;9.64;3.19;7.09;0.49;1.42;4.22;3.02;4.50;0.60;
2.94;18.64;12.25;4.62;6.21;5.06;2.97;0.00;0.00;0.00;0.04;0.04;0.04;3.47;7.95;0.99;23.17;18.31;11.42;4.78;0.82;0.72;0.19;0.41;14.27;4.07;2.92;8.81;2.61;0.00;0.01;0.50;0.60;0.00;21.54;4.26;12.83;41.27;1.89;11.48;3.70;8.17;0.60;1.71;5.33;3.58;5.22;0.74;
2.94;18.64;12.25;4.62;6.21;5.06;2.97;0.00;0.00;0.00;0.04;0.04;0.04;3.47;7.95;0.99;23.17;18.31;11.42;4.77;0.82;0.72;0.19;0.41;14.15;4.06;2.87;8.77;2.60;0.00;0.01;0.50;0.60;0.00;27.97;12.18;44.02;45.91;3.50;8.35;2.82;6.32;2.55;6.65;28.89;12.20;15.15;3.22;
2.93;18.64;12.25;4.62;6.21;5.06;2.97;0.00;0.00;0.00;0.04;0.04;0.04;3.47;7.95;0.99;23.17;18.31;11.42;4.77;0.82;0.72;0.19;0.41;14.24;4.07;2.91;8.80;2.60;0.00;0.01;0.50;0.60;0.00;16.78;1.56;3.95;37.27;1.05;8.90;2.98;6.65;1.12;3.09;11.14;6.11;8.30;1.41;
2.93;18.64;12.25;4.62;6.21;5.06;2.97;0.00;0.00;0.00;0.04;0.04;0.04;3.43;7.94;0.97;23.08;18.27;11.35;4.71;0.82;0.70;0.19;0.41;14.15;4.06;2.87;8.77;2.60;0.00;0.01;0.50;0.60;0.00;14.77;0.93;2.17;35.39;0.77;9.92;3.27;7.26;0.48;1.41;4.19;3.01;4.48;0.60;
2.93;18.64;12.25;4.62;6.21;5.06;2.97;0.00;0.00;0.00;0.04;0.04;0.04;3.33;7.88;0.93;22.79;18.15;11.12;4.69;0.81;0.70;0.19;0.40;14.02;4.04;2.82;8.72;2.59;0.00;0.01;0.50;0.60;0.00;24.41;7.05;23.18;43.43;2.54;8.52;2.87;6.42;0.47;1.36;4.01;2.91;4.36;0.58;
2.93;18.64;12.25;4.62;6.21;5.06;2.97;0.00;0.00;0.00;0.04;0.04;0.04;3.31;7.87;0.92;22.73;18.12;11.07;4.68;0.81;0.70;0.19;0.40;14.43;4.09;3.00;8.88;2.62;0.00;0.01;0.50;0.60;0.00;23.29;5.83;18.55;42.60;2.27;9.34;3.10;6.92;1.19;3.28;11.98;6.44;8.69;1.50;
2.93;18.64;12.25;4.62;6.21;5.06;2.97;0.00;0.00;0.00;0.04;0.04;0.04;3.28;7.86;0.91;22.63;18.08;10.99;4.67;0.81;0.69;0.19;0.40;14.19;4.06;2.89;8.78;2.60;0.00;0.01;0.50;0.60;0.00;23.32;5.87;18.69;42.63;2.28;10.38;3.40;7.53;3.48;8.90;41.48;15.87;19.03;4.41;
2.93;18.64;12.25;4.62;6.21;5.06;2.97;0.00;0.00;0.00;0.04;0.04;0.04;3.27;7.85;0.91;22.61;18.07;10.98;4.61;0.81;0.68;0.19;0.40;14.13;4.06;2.87;8.76;2.60;0.00;0.01;0.50;0.60;0.00;20.69;3.62;10.61;40.60;1.72;9.23;3.08;6.85;3.25;8.35;38.34;14.98;18.11;4.12;
2.93;18.60;12.22;4.61;6.20;5.06;2.96;0.00;0.00;0.00;0.04;0.04;0.04;3.27;7.85;0.91;22.60;18.07;10.98;4.60;0.80;0.68;0.18;0.40;14.13;4.06;2.86;8.76;2.60;0.00;0.01;0.50;0.60;0.00;20.22;3.31;9.53;40.22;1.63;13.16;4.16;9.11;3.59;9.16;43.02;16.29;19.47;4.55;
2.92;18.50;12.18;4.59;6.17;5.04;2.95;0.00;0.00;0.00;0.04;0.04;0.04;3.27;7.85;0.91;22.60;18.07;10.98;4.59;0.80;0.68;0.18;0.40;14.24;4.07;2.91;8.80;2.60;0.00;0.01;0.50;0.60;0.00;34.96;29.89;126.20;50.28;5.94;14.89;4.62;10.07;0.37;1.09;3.06;2.39;3.67;0.46;
2.92;18.49;12.17;4.59;6.17;5.04;2.95;0.00;0.00;0.00;0.04;0.04;0.04;3.27;7.85;0.91;22.60;18.07;10.98;4.59;0.80;0.68;0.18;0.40;14.03;4.04;2.82;8.73;2.59;0.00;0.01;0.50;0.60;0.00;38.78;45.36;205.87;52.45;7.59;11.04;3.58;7.91;0.36;1.07;2.98;2.35;3.61;0.45;
2.91;18.40;12.12;4.57;6.14;5.02;2.94;0.00;0.00;0.00;0.04;0.04;0.04;3.27;7.85;0.91;22.60;18.07;10.97;4.54;0.80;0.66;0.18;0.40;13.99;4.04;2.81;8.71;2.59;0.00;0.01;0.50;0.60;0.00;16.34;1.40;3.48;36.87;0.98;10.06;3.31;7.34;1.80;4.80;19.25;9.09;11.72;2.26;
2.91;18.38;12.11;4.56;6.14;5.01;2.94;0.00;0.00;0.00;0.04;0.04;0.04;3.27;7.85;0.91;22.60;18.07;10.97;4.51;0.80;0.66;0.18;0.40;14.21;4.06;2.90;8.79;2.60;0.00;0.01;0.50;0.60;0.00;27.51;11.40;40.75;45.60;3.37;7.26;2.51;5.64;1.19;3.27;11.94;6.43;8.67;1.49;
2.91;18.38;12.11;4.56;6.13;5.01;2.94;0.00;0.00;0.00;0.04;0.04;0.04;3.27;7.85;0.91;22.60;18.07;10.97;4.51;0.80;0.66;0.18;0.40;14.03;4.04;2.82;8.72;2.59;0.00;0.01;0.50;0.60;0.00;22.48;5.06;15.72;42.00;2.09;6.62;2.32;5.24;3.31;8.50;39.21;15.23;18.37;4.20;
2.91;18.38;12.11;4.56;6.13;5.01;2.94;0.00;0.00;0.00;0.04;0.04;0.04;3.24;7.84;0.89;22.51;18.03;10.90;4.51;0.80;0.66;0.18;0.40;13.99;4.04;2.81;8.71;2.59;0.00;0.01;0.50;0.60;0.00;11.78;0.38;0.74;32.27;0.45;8.49;2.86;6.40;14.72;34.30;222.07;53.59;54.86;18.99;
2.91;18.38;12.11;4.56;6.13;5.01;2.94;0.00;0.00;0.00;0.04;0.04;0.04;3.23;7.83;0.89;22.49;18.02;10.89;4.51;0.80;0.66;0.18;0.40;13.88;4.03;2.76;8.67;2.58;0.00;0.01;0.50;0.60;0.00;26.65;10.04;35.08;45.02;3.13;8.67;2.91;6.51;2.68;6.97;30.60;12.72;15.71;3.39;
2.91;18.38;12.11;4.56;6.13;5.01;2.94;0.00;0.00;0.00;0.04;0.04;0.04;3.20;7.82;0.88;22.40;17.98;10.82;4.48;0.79;0.65;0.18;0.39;13.96;4.04;2.79;8.70;2.58;0.00;0.01;0.50;0.60;0.00;23.08;5.63;17.80;42.45;2.23;10.44;3.41;7.56;22.38;50.74;361.40;76.31;74.60;29.00;
2.91;18.38;12.11;4.56;6.13;5.01;2.94;0.00;0.00;0.00;0.04;0.04;0.04;3.16;7.80;0.86;22.29;17.93;10.73;4.43;0.79;0.64;0.18;0.39;13.98;4.04;2.80;8.71;2.58;0.00;0.01;0.50;0.60;0.00;30.11;16.39;62.36;47.31;4.17;8.75;2.94;6.56;142.79;286.85;3114.94;364.15;290.43;188.80;
2.91;18.38;12.11;4.56;6.13;5.01;2.94;0.00;0.00;0.00;0.04;0.04;0.04;3.10;7.76;0.84;22.09;17.84;10.58;4.42;0.79;0.64;0.18;0.39;13.87;4.02;2.76;8.66;2.58;0.00;0.01;0.50;0.60;0.00;27.75;11.80;42.44;45.76;3.44;8.15;2.77;6.20;1.09;3.01;10.78;5.97;8.13;1.37;
2.91;18.38;12.11;4.56;6.13;5.01;2.94;0.00;0.00;0.00;0.04;0.04;0.04;3.08;7.76;0.83;22.05;17.82;10.55;4.42;0.79;0.64;0.18;0.39;13.85;4.02;2.75;8.66;2.58;0.00;0.01;0.50;0.60;0.00;21.48;4.21;12.66;41.22;1.88;7.34;2.53;5.70;2.64;6.87;30.08;12.57;15.54;3.34;
2.91;18.38;12.11;4.56;6.13;5.01;2.94;0.00;0.00;0.00;0.04;0.04;0.04;3.08;7.76;0.83;22.05;17.82;10.54;4.42;0.79;0.64;0.18;0.39;14.07;4.05;2.84;8.74;2.59;0.00;0.01;0.50;0.60;0.00;18.99;2.57;7.09;39.21;1.40;6.96;2.42;5.45;5.30;13.20;67.70;22.64;25.93;6.76;
2.91;18.38;12.11;4.56;6.13;5.01;2.94;0.00;0.00;0.00;0.04;0.04;0.04;3.08;7.76;0.83;22.04;17.82;10.54;4.42;0.79;0.64;0.18;0.39;14.11;4.05;2.86;8.76;2.59;0.00;0.01;0.50;0.60;0.00;13.00;0.56;1.18;33.59;0.57;7.85;2.68;6.01;3.91;9.93;47.53;17.51;20.74;4.97;
2.91;18.38;12.11;4.56;6.13;5.01;2.94;0.00;0.00;0.00;0.04;0.04;0.04;3.08;7.76;0.83;22.04;17.82;10.54;4.42;0.79;0.64;0.18;0.39;14.01;4.04;2.81;8.72;2.59;0.00;0.01;0.50;0.60;0.00;34.49;28.29;118.33;50.00;5.75;8.30;2.81;6.29;4.71;11.82;59.05;20.50;23.78;6.00;
2.90;18.29;12.07;4.54;6.11;5.00;2.93;0.00;0.00;0.00;0.04;0.04;0.04;3.08;7.76;0.83;22.04;17.82;10.54;4.42;0.79;0.64;0.18;0.39;13.99;4.04;2.80;8.71;2.59;0.00;0.01;0.50;0.60;0.00;24.77;7.48;24.84;43.69;2.63;6.75;2.36;5.33;0.47;1.38;4.08;2.95;4.41;0.59;
2.89;18.28;12.06;4.54;6.10;4.99;2.93;0.00;0.00;0.00;0.04;0.04;0.04;3.08;7.76;0.83;22.04;17.82;10.54;4.38;0.78;0.63;0.18;0.39;13.99;4.04;2.80;8.71;2.58;0.00;0.01;0.50;0.60;0.00;23.52;6.07;19.44;42.78;2.33;7.72;2.64;5.93;3.42;8.76;40.67;15.64;18.80;4.34;
2.89;18.23;12.04;4.53;6.09;4.99;2.92;0.00;0.00;0.00;0.04;0.04;0.04;3.08;7.76;0.83;22.04;17.82;10.54;4.37;0.78;0.63;0.18;0.39;14.32;4.08;2.95;8.83;2.61;0.00;0.01;0.50;0.60;0.00;27.43;11.26;40.16;45.55;3.35;6.81;2.37;5.36;1.70;4.57;18.11;8.69;11.28;2.15;
2.89;18.23;12.03;4.53;6.09;4.98;2.92;0.00;0.00;0.00;0.04;0.04;0.04;3.08;7.76;0.83;22.04;17.82;10.54;4.36;0.78;0.62;0.18;0.39;14.05;4.05;2.83;8.73;2.59;0.00;0.01;0.50;0.60;0.00;15.76;1.21;2.94;36.33;0.90;8.36;2.82;6.32;23.68;53.49;385.88;80.02;77.75;30.70;
2.88;18.14;11.99;4.51;6.06;4.97;2.91;0.00;0.00;0.00;0.04;0.04;0.04;3.08;7.76;0.83;22.04;17.82;10.54;4.34;0.78;0.62;0.18;0.39;14.00;4.04;2.81;8.71;2.59;0.00;0.01;0.50;0.60;0.00;26.79;10.24;35.91;45.11;3.16;9.61;3.18;7.07;1.63;4.39;17.21;8.38;10.92;2.05;
2.88;18.13;11.98;4.51;6.06;4.97;2.91;0.00;0.00;0.00;0.04;0.04;0.04;3.08;7.76;0.83;22.04;17.82;10.54;4.34;0.78;0.62;0.18;0.39;13.99;4.04;2.80;8.71;2.59;0.00;0.01;0.50;0.60;0.00;23.51;6.06;19.41;42.77;2.32;11.87;3.81;8.39;1.82;4.86;19.56;9.19;11.84;2.29;
2.88;18.12;11.98;4.50;6.06;4.96;2.91;0.00;0.00;0.00;0.04;0.04;0.04;3.08;7.76;0.83;22.04;17.82;10.54;4.34;0.78;0.62;0.18;0.39;13.99;4.04;2.80;8.71;2.58;0.00;0.00;0.50;0.60;0.00;22.80;5.35;16.79;42.24;2.16;10.64;3.47;7.68;3.99;10.13;48.72;17.83;21.07;5.08;
2.88;18.12;11.98;4.50;6.06;4.96;2.91;0.00;0.00;0.00;0.04;0.04;0.04;3.08;7.76;0.83;22.04;17.82;10.54;4.32;0.78;0.62;0.18;0.39;13.77;4.01;2.71;8.62;2.57;0.00;0.00;0.50;0.59;0.00;16.06;1.31;3.22;36.62;0.94;7.53;2.59;5.82;14.03;32.80;210.02;51.47;52.97;18.09;
2.88;18.12;11.98;4.50;6.06;4.96;2.91;0.00;0.00;0.00;0.04;0.04;0.04;3.08;7.76;0.83;22.04;17.82;10.54;4.28;0.77;0.61;0.17;0.39;13.72;4.01;2.69;8.61;2.57;0.00;0.00;0.50;0.59;0.00;17.89;2.02;5.35;38.26;1.22;6.01;2.14;4.85;3.37;8.65;40.05;15.47;18.62;4.28;
2.88;18.12;11.98;4.50;6.06;4.96;2.91;0.00;0.00;0.00;0.04;0.04;0.04;3.00;7.71;0.79;21.78;17.70;10.34;4.30;0.77;0.61;0.17;0.39;13.93;4.03;2.78;8.69;2.58;0.00;0.00;0.50;0.59;0.00;25.48;8.38;28.37;44.20;2.81;8.10;2.75;6.16;8.85;21.33;122.99;34.91;37.79;11.36;
2.88;18.12;11.98;4.50;6.06;4.96;2.91;0.00;0.00;0.00;0.04;0.04;0.04;3.01;7.72;0.80;21.81;17.72;10.37;4.26;0.77;0.60;0.17;0.38;13.97;4.04;2.80;8.70;2.58;0.00;0.00;0.50;0.59;0.00;23.68;6.24;20.08;42.90;2.36;8.35;2.82;6.32;1.16;3.19;11.60;6.30;8.52;1.46;
2.88;18.12;11.98;4.50;6.06;4.96;2.91;0.00;0.00;0.00;0.04;0.04;0.04;2.98;7.70;0.79;21.73;17.68;10.31;4.27;0.77;0.60;0.17;0.38;13.76;4.01;2.71;8.62;2.57;0.00;0.00;0.50;0.59;0.00;20.34;3.39;9.81;40.32;1.65;6.55;2.30;5.20;1.00;2.79;9.79;5.57;7.65;1.26;
2.88;18.12;11.98;4.50;6.06;4.96;2.91;0.00;0.00;0.00;0.04;0.04;0.04;2.95;7.68;0.78;21.63;17.64;10.23;4.26;0.77;0.60;0.17;0.38;14.16;4.06;2.88;8.77;2.60;0.00;0.00;0.50;0.59;0.00;22.00;4.64;14.19;41.63;1.99;8.05;2.74;6.13;1.09;3.01;10.75;5.96;8.12;1.36;
2.88;18.12;11.98;4.50;6.06;4.96;2.91;0.00;0.00;0.00;0.04;0.04;0.04;2.91;7.66;0.76;21.52;17.59;10.15;4.26;0.77;0.60;0.17;0.38;13.91;4.03;2.77;8.68;2.58;0.00;0.00;0.50;0.59;0.00;21.78;4.45;13.53;41.46;1.94;8.31;2.81;6.29;0.93;2.60;8.98;5.23;7.25;1.17;
2.88;18.12;11.98;4.50;6.06;4.96;2.91;0.00;0.00;0.00;0.04;0.04;0.04;2.91;7.66;0.76;21.50;17.58;10.13;4.26;0.77;0.60;0.17;0.38;13.75;4.01;2.70;8.62;2.57;0.00;0.00;0.50;0.59;0.00;23.79;6.35;20.51;42.98;2.39;9.59;3.17;7.06;4.33;10.93;53.55;19.09;22.36;5.51;
2.88;18.12;11.98;4.50;6.06;4.96;2.91;0.00;0.00;0.00;0.04;0.04;0.04;2.93;7.68;0.77;21.59;17.62;10.19;4.26;0.77;0.60;0.17;0.38;13.83;4.02;2.74;8.65;2.57;0.00;0.00;0.50;0.59;0.00;17.08;1.68;4.30;37.55;1.09;8.33;2.82;6.30;11.65;27.56;169.21;44.00;46.21;14.99;
2.88;18.12;11.98;4.50;6.06;4.96;2.91;0.00;0.00;0.00;0.04;0.04;0.04;2.91;7.66;0.76;21.52;17.59;10.14;4.26;0.77;0.60;0.17;0.38;14.06;4.05;2.83;8.74;2.59;0.00;0.00;0.50;0.59;0.00;19.62;2.92;8.26;39.73;1.51;8.39;2.83;6.34;0.58;1.66;5.15;3.49;5.10;0.72;
2.88;18.12;11.98;4.50;6.06;4.96;2.91;0.00;0.00;0.00;0.04;0.04;0.04;2.91;7.66;0.76;21.50;17.58;10.13;4.26;0.77;0.60;0.17;0.38;13.78;4.01;2.72;8.63;2.57;0.00;0.00;0.50;0.59;0.00;21.62;4.32;13.06;41.33;1.91;9.61;3.18;7.08;0.44;1.29;3.77;2.78;4.19;0.55;
2.88;18.12;11.98;4.50;6.06;4.96;2.91;0.00;0.00;0.00;0.04;0.04;0.04;2.91;7.66;0.76;21.50;17.58;10.13;4.24;0.77;0.60;0.17;0.38;13.94;4.03;2.78;8.69;2.58;0.00;0.00;0.50;0.59;0.00;22.29;4.89;15.08;41.85;2.05;8.28;2.80;6.28;3.01;7.79;35.13;14.06;17.14;3.82;
2.88;18.12;11.98;4.50;6.06;4.96;2.91;0.00;0.00;0.00;0.03;0.04;0.04;2.90;7.66;0.76;21.50;17.58;10.13;4.21;0.77;0.59;0.17;0.38;13.76;4.01;2.71;8.62;2.57;0.00;0.00;0.50;0.59;0.00;15.23;1.06;2.51;35.84;0.83;7.53;2.58;5.81;7.77;18.88;105.68;31.27;34.34;9.95;
2.88;18.12;11.98;4.50;6.06;4.96;2.91;0.00;0.00;0.00;0.04;0.04;0.04;2.90;7.66;0.76;21.50;17.58;10.13;4.20;0.76;0.59;0.17;0.38;13.94;4.03;2.78;8.69;2.58;0.00;0.00;0.50;0.59;0.00;22.14;4.75;14.60;41.73;2.01;7.93;2.70;6.06;9.60;23.00;135.13;37.37;40.10;12.32;
2.88;18.12;11.98;4.50;6.06;4.96;2.91;0.00;0.00;0.00;0.04;0.04;0.04;2.90;7.66;0.76;21.50;17.58;10.13;4.18;0.76;0.58;0.17;0.38;13.87;4.02;2.75;8.66;2.58;0.00;0.00;0.50;0.59;0.00;27.61;11.57;41.44;45.67;3.40;8.33;2.82;6.31;3.52;9.02;42.16;16.05;19.23;4.47;
2.88;18.12;11.98;4.50;6.06;4.96;2.91;0.00;0.00;0.00;0.04;0.04;0.04;2.90;7.66;0.76;21.50;17.58;10.13;4.18;0.76;0.58;0.17;0.38;13.96;4.04;2.79;8.70;2.58;0.00;0.00;0.50;0.59;0.00;21.05;3.88;11.51;40.88;1.79;5.68;2.04;4.64;2.19;5.77;24.23;10.74;13.55;2.76;
2.87;18.08;11.96;4.50;6.05;4.96;2.90;0.00;0.00;0.00;0.04;0.04;0.04;2.90;7.66;0.76;21.50;17.58;10.13;4.18;0.76;0.58;0.17;0.38;13.76;4.01;2.71;8.62;2.57;0.00;0.00;0.50;0.59;0.00;22.77;5.33;16.70;42.22;2.15;6.72;2.35;5.31;7.91;19.20;107.95;31.75;34.80;10.14;
2.87;18.07;11.95;4.49;6.04;4.95;2.90;0.00;0.00;0.00;0.04;0.04;0.04;2.90;7.66;0.76;21.50;17.58;10.13;4.18;0.76;0.58;0.17;0.38;13.94;4.03;2.78;8.69;2.58;0.00;0.00;0.50;0.59;0.00;20.92;3.79;11.20;40.78;1.76;8.63;2.90;6.49;0.91;2.55;8.77;5.14;7.14;1.14;
2.87;18.07;11.95;4.49;6.04;4.95;2.90;0.00;0.00;0.00;0.04;0.04;0.04;2.90;7.66;0.76;21.50;17.58;10.13;4.18;0.76;0.58;0.17;0.38;13.98;4.04;2.80;8.70;2.58;0.00;0.00;0.50;0.59;0.00;19.52;2.87;8.07;39.65;1.50;7.54;2.59;5.82;4.44;11.18;55.11;19.50;22.77;5.65;
2.88;18.11;11.97;4.50;6.06;4.96;2.91;0.00;0.00;0.00;0.03;0.04;0.04;2.90;7.66;0.76;21.50;17.58;10.13;4.18;0.76;0.58;0.17;0.38;13.76;4.01;2.71;8.62;2.57;0.00;0.00;0.50;0.59;0.00;21.56;4.28;12.90;41.29;1.89;7.73;2.64;5.94;1.58;4.25;16.54;8.14;10.65;1.98;
2.87;18.08;11.96;4.49;6.05;4.96;2.90;0.00;0.00;0.00;0.04;0.04;0.04;2.90;7.66;0.76;21.50;17.58;10.13;4.18;0.76;0.58;0.17;0.38;13.72;4.01;2.69;8.61;2.57;0.00;0.00;0.50;0.59;0.00;22.05;4.68;14.34;41.67;2.00;6.73;2.35;5.31;3.35;8.59;39.69;15.37;18.51;4.25;
2.87;18.07;11.95;4.49;6.04;4.95;2.90;0.00;0.00;0.00;0.04;0.04;0.04;2.90;7.66;0.76;21.50;17.58;10.13;4.18;0.76;0.58;0.17;0.38;13.71;4.01;2.69;8.60;2.57;0.00;0.00;0.50;0.59;0.00;17.24;1.74;4.49;37.69;1.12;10.84;3.52;7.80;5.50;13.67;70.72;23.36;26.65;7.02;
2.88;18.11;11.97;4.50;6.06;4.96;2.91;0.00;0.00;0.00;0.04;0.04;0.04;2.90;7.66;0.76;21.50;17.58;10.13;4.18;0.76;0.58;0.17;0.38;13.71;4.01;2.69;8.60;2.56;0.00;0.00;0.50;0.59;0.00;25.21;8.02;26.97;44.00;2.74;9.89;3.26;7.24;1.53;4.13;15.97;7.94;10.42;1.92;
2.87;18.04;11.94;4.49;6.03;4.95;2.90;0.00;0.00;0.00;0.04;0.04;0.04;2.90;7.66;0.76;21.50;17.58;10.13;4.18;0.76;0.58;0.17;0.38;13.71;4.01;2.69;8.60;2.56;0.00;0.00;0.50;0.59;0.00;19.06;2.61;7.22;39.27;1.42;9.79;3.23;7.18;1.18;3.24;11.83;6.38;8.62;1.48;
2.87;18.06;11.95;4.49;6.04;4.95;2.90;0.00;0.00;0.00;0.03;0.04;0.04;2.90;7.66;0.76;21.50;17.58;10.13;4.18;0.76;0.58;0.17;0.38;13.71;4.01;2.69;8.60;2.56;0.00;0.00;0.50;0.59;0.00;33.13;24.07;97.90;49.19;5.23;8.97;3.00;6.70;1.16;3.18;11.53;6.27;8.49;1.45;
